Alias,SubmissionTime,LapCount,AvgLapTime,BestLapTime,TotalLapTime,AvgResets,CollisionCount,OffTrackCount,ResetCount,SubmissionCount,Rank,LeaderboardSubmissionStatusType,RankingScore,RacingDivision,UserId
Benny-LBS,1647435521779,3,14018,13602,42056,0.0,0,0,0,635,1,SUCCESS,42056,OPEN,t0Bng-o8Q5GGmOkCK3l3ag
ADA,1647399471937,3,14153,13867,42461,0.0,0,0,0,99,2,SUCCESS,42461,OPEN,KiqOhQPjTamuBXicXnKGEA
AIDeepRacer,1646278837285,3,14328,13792,42986,0.0,0,0,0,1,3,SUCCESS,42986,OPEN,pIRbdCx6QYatgVXm2p5GbA
NickL,1647077252304,3,14441,14011,43324,0.0,0,0,0,397,4,SUCCESS,43324,OPEN,O0GALYAoRfGA0kUV6ftgqQ
TestableArchitect#8892,1646828277513,3,14887,14608,44662,0.0,0,0,0,25,5,SUCCESS,44662,OPEN,jFi_DcpPTEOf6oQ9V4t2tQ
Duckworth,1646294467960,3,15440,15065,46320,0.0,0,0,0,16,6,SUCCESS,46320,OPEN,VIu9BQ4-Th6gUqu60ztwUQ
leo-DNPds,1647601131618,3,15763,15274,47291,0.0,0,0,0,19,7,SUCCESS,47291,OPEN,5306ba34dbe645ed8e2bfQ
Bandwidth-RnD,1647529837821,3,15773,15411,47320,0.0,0,0,0,10,8,SUCCESS,47320,OPEN,77V1kp1kRJCO5D4zgSrqxA
sneaky-snake,1647108655952,3,16040,15860,48122,0.0,0,0,0,36,9,SUCCESS,48122,OPEN,CNriUfosSoimLGIas6Zglw
IcePandaBoom,1647444205626,3,16420,15867,49261,0.0,0,0,0,18,10,SUCCESS,49261,OPEN,BTPWujqqTBOWGAFvEKyRaA
JJ,1646271580886,3,16552,14937,49657,0.3333333333333333,0,1,1,1,11,SUCCESS,49657,OPEN,afdcX_4vRH6Ussd0mbg5LQ
Velocity-Theta,1647591893268,3,16863,16136,50589,0.0,0,0,0,85,12,SUCCESS,50589,OPEN,xQnDRDyJQpaGykBcyDfbiw
Jianlong,1647085644887,3,16929,16739,50787,0.0,0,0,0,87,13,SUCCESS,50787,OPEN,vpsHYdBtSIq__1M9j1R21Q
Velocity-Eta,1647009478298,3,17129,16864,51387,0.0,0,0,0,19,14,SUCCESS,51387,OPEN,vlZ8rKOMTemoqZs551SI5A
ParametricNumber#5530,1646550563241,3,17263,16730,51790,0.0,0,0,0,140,15,SUCCESS,51790,OPEN,C-CrMbPeRxaRWMjDIHC3uA
Gan,1647270161750,3,17315,16930,51945,0.0,0,0,0,20,16,SUCCESS,51945,OPEN,2CWDfJG2Rp2spT8ENKG33A
tranvietdung-DBS,1647037899756,3,17325,16659,51977,0.0,0,0,0,13,17,SUCCESS,51977,OPEN,3OwVWi6tQDCpBzKpWfHj7Q
atnmn,1646156556010,3,17410,16937,52231,0.0,0,0,0,198,18,SUCCESS,52231,OPEN,b3960b6c6f58458880ceew
scudz,1646739137958,3,17416,17331,52250,0.0,0,0,0,19,19,SUCCESS,52250,OPEN,468fq_k9SRmDBogJCe5cGw
Velocity-Delta,1646550792566,3,17507,17330,52523,0.0,0,0,0,16,20,SUCCESS,52523,OPEN,_bE9PQ8sQlmk7KED8qZAkg
Ash-DNPds,1646297602627,3,17553,17472,52659,0.0,0,0,0,2,21,SUCCESS,52659,OPEN,9aced9109a634d11a3134w
technopro#sakamakikazumi,1647262672404,3,17639,17196,52917,0.0,0,0,0,19,22,SUCCESS,52917,OPEN,iKSelDP9RaKIcpm5KVQ_EA
Fumiaki,1646095308282,3,17659,15660,52977,0.3333333333333333,0,1,1,1,23,SUCCESS,52977,OPEN,5RzBNYRAQoWVausi3eyhRg
BlockchainNotation#3678,1646881838001,3,17705,17198,53117,0.0,0,0,0,21,24,SUCCESS,53117,OPEN,yHzu_MC7S9-U84sRS5J7ag
ZOOM,1647658984508,3,17775,16467,53326,0.3333333333333333,0,1,1,60,25,SUCCESS,53326,OPEN,CyqjETEUTvGDCkEBGsDskg
Shreyasi,1647417964762,3,18065,17398,54195,0.0,0,0,0,11,26,SUCCESS,54195,OPEN,bCy_5iYESeGwCbF5orExPw
AccessibleScript#1486,1647438430371,3,18153,17800,54459,0.0,0,0,0,58,27,SUCCESS,54459,OPEN,M9pIf5qlQh-iUjGJpiNaHg
PaloAlto#1095,1646979806480,3,18219,17997,54657,0.0,0,0,0,12,28,SUCCESS,54657,OPEN,67QRyD_OTAG-4sD2l7rdmA
IVECloud-2,1646813701147,3,18344,14998,55032,0.6666666666666666,0,1,2,15,29,SUCCESS,55032,OPEN,y8h1WKVwRBeIp-FduqbxUA
asache3,1647262182268,3,18441,18134,55324,0.0,0,0,0,1,30,SUCCESS,55324,OPEN,izLQOoErQOuXC1ZQJA6voQ
DaVinciDriver,1646154381977,3,18507,18201,55522,0.0,0,0,0,5,31,SUCCESS,55522,OPEN,XtzXYz2pRByDnXz90XNGSw
DoomBuggy,1646278964438,3,18798,18531,56394,0.0,0,0,0,2,32,SUCCESS,56394,OPEN,QakV_nzOTm2q_NhqUMwIJw
DannyS,1647074344395,3,18861,18594,56584,0.0,0,0,0,2,33,SUCCESS,56584,OPEN,bdSV6SxWQC6tit-RYNvjyA
livDaliberti,1647470919337,3,18864,17664,56594,0.0,0,0,0,140,34,SUCCESS,56594,OPEN,vcy3kp2SQVOVFpFeCqptzA
ferrite,1646106175024,3,18876,17804,56628,0.3333333333333333,0,1,1,8,35,SUCCESS,56628,OPEN,SRAgn9lMTCmIjaBREP7hxA
Aurora-DNPds,1646099781165,3,18882,16471,56646,0.6666666666666666,0,2,2,2,36,SUCCESS,56646,OPEN,26fba66bedca4aa3bca47w
MachineExpression#2135,1646684250032,3,19039,18728,57118,0.0,0,0,0,9,37,SUCCESS,57118,OPEN,A9Crw8m-QwackgWUlWV44w
Zelenskyy,1646763625401,3,19150,18931,57452,0.0,0,0,0,14,38,SUCCESS,57452,OPEN,-OXryNGIRC-nJsNjqbblfw
F1-DevelopersIO,1646618442008,3,19151,18654,57453,0.0,0,0,0,232,39,SUCCESS,57453,OPEN,UzQrKbzfSKyZCEf6eD2PBA
arcat,1647109904021,3,19243,18929,57729,0.0,0,0,0,44,40,SUCCESS,57729,OPEN,KMCc7wV6TuuSY96-BqHD6w
kimmizian,1647004547025,3,19268,16529,57806,0.6666666666666666,0,2,2,6,41,SUCCESS,57806,OPEN,t6NwFsqgS4mYnFeR3KVxsg
JRF,1646837323573,3,19595,19459,58785,0.0,0,0,0,10,42,SUCCESS,58785,OPEN,ah2hyOG4TyCUQ6WscCtwlw
FuturisticAttention#6067,1646337582486,3,19625,19065,58877,0.0,0,0,0,13,43,SUCCESS,58877,OPEN,CInXZ9CcSYa6tF9cboVGWA
KORJJM,1646383075316,3,19641,19322,58923,0.0,0,0,0,13,44,SUCCESS,58923,OPEN,4tVaH3rXSRWad4ttWOi-LQ
TheSecondBit,1646689248670,3,19709,19278,59128,0.0,0,0,0,13,45,SUCCESS,59128,OPEN,29dc8irrThmJ3KqNGtuG2Q
IVECLoud,1646300029173,3,19733,19667,59200,0.0,0,0,0,13,46,SUCCESS,59200,OPEN,5U_OdmXbQIGnQQAiSvzleg
NumericTheory#2766,1647228741121,3,19887,17670,59662,0.3333333333333333,0,1,1,16,47,SUCCESS,59662,OPEN,mC_trIhLRuO9PUPeYlwGIw
Mukundan-AMPS-04,1646980247864,3,19974,19667,59922,0.0,0,0,0,6,48,SUCCESS,59922,OPEN,-ju8O71OTnyH8aboJ2bjzQ
Pyrenees,1646532334358,3,20176,19949,60529,0.0,0,0,0,7,49,SUCCESS,60529,OPEN,QsdAd2KLSj2GYVHS0P6ZQA
Boltronic,1647228896769,3,20218,19325,60654,0.3333333333333333,0,1,1,4,50,SUCCESS,60654,OPEN,Q7ydX-9KS3O0Py0QoqqNEA
Cinderpelt,1647651664597,3,20333,18668,61000,0.3333333333333333,0,1,1,17,51,SUCCESS,61000,OPEN,1UgtHyGoRa-lnh8JgVEtuw
UberAllen,1646112475928,3,20376,17983,61130,0.6666666666666666,0,2,2,189,52,SUCCESS,61130,OPEN,ASI6Udz9QCewwoQHEyDbpw
GT-DevelopersIO,1646094989328,3,20396,18265,61188,0.6666666666666666,0,2,2,1,53,SUCCESS,61188,OPEN,8WSp4P7ZRn-jJgZLnugwkA
BlockchainComment#8433,1646570439107,3,20419,20134,61257,0.0,0,0,0,9,54,SUCCESS,61257,OPEN,xojLvCD_Sp6RdDtK7B2pNA
Ashiq,1646737112546,3,20572,19798,61718,0.0,0,0,0,15,55,SUCCESS,61718,OPEN,afEastFHR7maoIMhMnROJw
GenerativePackage#9224,1646718226421,3,20618,20337,61854,0.0,0,0,0,2,56,SUCCESS,61854,OPEN,i66LxCnhQQa_sYc2bY5bXA
Skyline,1647427289455,3,20841,18657,62525,0.6666666666666666,0,2,2,14,57,SUCCESS,62525,OPEN,Cx2mKru6STK283yFcFr-gg
Heath,1646661129275,3,20885,20332,62655,0.0,0,0,0,4,58,SUCCESS,62655,OPEN,TwMyhq-1R76l1vqHB6aUUQ
NFS-DevelopersIO,1646303935937,3,20908,20597,62725,0.0,0,0,0,5,59,SUCCESS,62725,OPEN,GK7UAsIgT-GSTRiXQi_cLQ
SlowAndUnsteady,1646843860959,3,20909,20596,62727,1.0,0,3,3,16,60,SUCCESS,62727,OPEN,j2Wi9JDtTlW5ZyVqcHT52g
QUICK-DeepRacer,1647599839297,3,20953,20597,62859,0.0,0,0,0,5,61,SUCCESS,62859,OPEN,a4aqLCXVS4GF5GFQr0gruQ
Deployment-Sydney,1646356585115,3,21084,19528,63254,1.3333333333333333,0,4,4,1,62,SUCCESS,63254,OPEN,FTuUAD4DSdKIES1kL5MZpg
ocroucher,1646834563537,3,21133,19805,63399,0.3333333333333333,0,1,1,43,63,SUCCESS,63399,OPEN,u92WL690Q7GW_NuoMp7RZQ
ssm-DevelopersIO,1646292930055,3,21196,20870,63590,0.0,0,0,0,3,64,SUCCESS,63590,OPEN,XWuPseyZQLOMJ31jSvdfog
nine9,1646755208249,3,21210,20666,63630,0.0,0,0,0,11,65,SUCCESS,63630,OPEN,nh20eR6wSW2uOCJ_nRnUvg
Langley,1647567821262,3,21237,20387,63713,0.0,0,0,0,33,66,SUCCESS,63713,OPEN,8JXLSKkhQVin2JwAVdbPzw
TestableNumber#6303,1646465977062,3,21352,20998,64058,0.0,0,0,0,8,67,SUCCESS,64058,OPEN,rROLMbZ5Qh2N9Z8mT5ZIaQ
ProteusXplorer,1647611686721,3,21419,21066,64259,0.0,0,0,0,37,68,SUCCESS,64259,OPEN,iRqwbBoKQY-tP2tGpIMlxA
Ethan-weber,1646796653289,3,21774,18734,65324,0.6666666666666666,0,2,2,9,69,SUCCESS,65324,OPEN,nxLM8SbeT2OlbF1XfIkUpA
NeilSimon,1647670405997,3,21796,18131,65388,1.0,0,3,3,31,70,SUCCESS,65388,OPEN,caj3LxcuQz297jcW58Y--Q
PassingSwitch#4702,1646908057565,3,21865,21734,65595,0.0,0,0,0,9,71,SUCCESS,65595,OPEN,sSCOWRcCTuW3ktcf83uo4g
KDE,1646299924670,3,21932,21668,65796,0.0,0,0,0,4,72,SUCCESS,65796,OPEN,a6bbb717b5ee40bfaede7w
iliu,1647220994902,3,21952,19465,65856,1.6666666666666667,0,5,5,35,73,SUCCESS,65856,OPEN,878c0778e5244d8d99e1aw
BetaNetwork#7830,1647542045851,3,22024,20265,66072,1.3333333333333333,0,4,4,2,74,SUCCESS,66072,OPEN,Ad1voZf0QFexqTPA_nIB6w
oldmon,1646279538284,3,22153,21660,66460,1.0,0,3,3,3,75,SUCCESS,66460,OPEN,62e6fa9116494c5b836cbQ
DRD-1812,1647649723565,3,22240,20459,66721,0.6666666666666666,0,2,2,11,76,SUCCESS,66721,OPEN,I_u2-CuCSXCccuT0yCFJmA
babu#3364,1646376636998,3,22242,22005,66726,0.0,0,0,0,90,77,SUCCESS,66726,OPEN,J6KPhMy2RtSTUAPG-fE8HQ
INFOXNET-KMS-DeepRacer-042454,1647011564316,3,22314,19397,66943,0.6666666666666666,0,2,2,4,78,SUCCESS,66943,OPEN,xkRjwgRvSY60trU7KhAlOw
onepau,1647002601456,3,22417,20871,67252,0.3333333333333333,0,1,1,12,79,SUCCESS,67252,OPEN,4bC4CaDzTL29JrcNYnFyZw
TabletConsole#7624,1646889601999,3,22438,20050,67314,0.6666666666666666,0,2,2,17,80,SUCCESS,67314,OPEN,gu2xgLV3S7m2ARuSVTGJyA
EnBW-Flitzer,1646113891252,3,22443,21797,67331,1.0,0,3,3,1,81,SUCCESS,67331,OPEN,je1HIMgRQtibB3H9325TRw
UnicodeCircuit#3662,1646718089984,3,22598,19796,67794,0.6666666666666666,0,2,2,15,82,SUCCESS,67794,OPEN,nqK_YARQRYmFnTGQo6rxDw
NumericLambda#6670,1647031844853,3,22660,19131,67980,1.6666666666666667,0,5,5,2,83,SUCCESS,67980,OPEN,kfzt6jLCR3eIm1r0qZ8QrQ
DeepPackage#1978,1646844511409,3,22797,22601,68392,0.0,0,0,0,8,84,SUCCESS,68392,OPEN,QepGZw-bQau5pjqjwU0R_Q
Xuying-LemonFlower,1647267111148,3,22819,22466,68458,0.0,0,0,0,40,85,SUCCESS,68458,OPEN,1Xm3xztcSvGm3S7VFyti7Q
FunctionalNetwork#7479,1647505799394,3,22905,20052,68715,0.6666666666666666,0,2,2,2,86,SUCCESS,68715,OPEN,eT18yXkETXSD7aeujYylBQ
NumericClass#3077,1647040038120,3,23020,22137,69060,0.0,0,0,0,1,87,SUCCESS,69060,OPEN,kPo7qqfYR2mpI1Rr09EQzg
InfiniteBottleneck#1906,1646120665017,3,23045,19204,69137,1.0,0,3,3,3,88,SUCCESS,69137,OPEN,4OQUMA9qSqaS0tiZIWG6pA
StructuredNumber#6297,1646509013631,3,23086,20992,69259,1.6666666666666667,0,5,5,5,89,SUCCESS,69259,OPEN,gFL58m2ITaO2oOJ_QGiAFw
Groovy-DNPds,1646103433056,3,23086,22862,69259,0.0,0,0,0,7,90,SUCCESS,69259,OPEN,a4fb0e167d0e4112942c1Q
HigherDeadline#5447,1646466014300,3,23108,21469,69324,0.3333333333333333,0,1,1,7,91,SUCCESS,69324,OPEN,nJmI5k2VT06nECo6TkKyAQ
WarHokieagle,1647120097149,3,23132,20925,69396,0.6666666666666666,0,2,2,12,92,SUCCESS,69396,OPEN,1ZWlD3BfT562CsOBtNbZAQ
BooleanValue#9852,1647261844608,3,23217,22862,69652,0.0,0,0,0,4,93,SUCCESS,69652,OPEN,-P7I_We3Rt-H1HcttO3o7A
CyberneticBreaker#1422,1646409954363,3,23310,23133,69930,0.0,0,0,0,21,94,SUCCESS,69930,OPEN,Hrjrx1JGSyydrSisQPANIg
AM730,1646116125081,3,23441,23197,70324,0.0,0,0,0,10,95,SUCCESS,70324,OPEN,BVyCq7XIT-ObuDsJfFVtDA
Xavier,1646102021373,3,23468,23203,70406,0.0,0,0,0,1,96,SUCCESS,70406,OPEN,pPhTbPBRSg-L3tYPKcCjcA
ProcessingGlyph#2525,1646235366494,3,23537,20539,70612,0.6666666666666666,0,2,2,4,97,SUCCESS,70612,OPEN,08HmrYkBRYudRNqeUBdOnQ
Raaka-Arska,1646630319509,3,23584,22059,70753,0.3333333333333333,0,1,1,2,98,SUCCESS,70753,OPEN,a8e08f70fa0043eea85efQ
Ebok,1646462866166,3,23660,22468,70982,0.3333333333333333,0,1,1,52,99,SUCCESS,70982,OPEN,EQ7onqsLToeP9tNpCIUGvw
U8ntVerstappen-1,1647365839908,3,23696,23461,71090,1.0,0,3,3,3,100,SUCCESS,71090,OPEN,4UdALu6KQuGMCPSCwb-mpw
Suzy,1647648418179,3,23731,22402,71194,0.3333333333333333,0,1,1,1,101,SUCCESS,71194,OPEN,XzRBgF6QTGmPXhtwHUg7rg
arno67,1646148746721,3,23750,22912,71250,0.0,0,0,0,9,102,SUCCESS,71250,OPEN,LtKsOyKKRJq5WqrIFGx3hg
RiyadhUddin,1646129305871,3,23752,23475,71257,0.0,0,0,0,1,103,SUCCESS,71257,OPEN,XEDnTwq3S1Kz0rVPu0hfrA
ZCars,1647542741889,3,23842,21668,71527,0.3333333333333333,0,1,1,15,104,SUCCESS,71527,OPEN,NmMwiAEXQUexutOdWOkkeA
PassingBuster#9332,1647220702831,3,23843,23659,71530,0.0,0,0,0,3,105,SUCCESS,71530,OPEN,6f_hYkyyQDOQyMBpZ0-17Q
DeepPointer#1514,1646400960301,3,23866,23665,71600,1.0,0,3,3,6,106,SUCCESS,71600,OPEN,5_VwGMNvR_yhDFP7glMnIg
RBR-1,1647578592985,3,23905,21206,71717,0.6666666666666666,0,2,2,16,107,SUCCESS,71717,OPEN,GUAX-Wm0SS6GUjZBhPNrjg
idiotlabs,1646129778442,3,23930,23664,71791,0.0,0,0,0,1,108,SUCCESS,71791,OPEN,JVfUcseeSj6WWmPGlo2S8g
FuturisticExpert#1604,1647385437155,3,23952,23662,71857,0.0,0,0,0,1,109,SUCCESS,71857,OPEN,s8uKkOn5ToyylGviKt7VRw
QQKK-Guangzhou,1646095437147,3,23999,22469,71997,2.3333333333333335,0,7,7,3,110,SUCCESS,71997,OPEN,wD3fjDFZTJaZd9AU7WRDlA
PathingBreaker#8749,1646144728282,3,24175,23868,72527,0.0,0,0,0,1,111,SUCCESS,72527,OPEN,mVHZuh39SVuCDCvjc2lqtw
yanweicui,1647575266578,3,24176,24002,72528,0.0,0,0,0,1,112,SUCCESS,72528,OPEN,kkpGidWgRVqG-S7oJSyVvg
RecursiveNetwork#4564,1647504728579,3,24311,24135,72934,0.0,0,0,0,1,113,SUCCESS,72934,OPEN,vNNtvXt1QAeO5wn_T6056g
ThisArithmetic#1394,1646760277294,3,24420,24004,73262,0.0,0,0,0,10,114,SUCCESS,73262,OPEN,Vhutwtr-TgWY3adsKK8X8A
IterativeAnalyst#5861,1647645868596,3,24465,22195,73395,0.6666666666666666,0,2,2,4,115,SUCCESS,73395,OPEN,gfnIAu9gR220dttqkQX3Nw
ImportantCommand#2402,1646537562076,3,24489,23063,73467,0.3333333333333333,0,1,1,6,116,SUCCESS,73467,OPEN,Ea3R9IkJR1ahOmhdRjtRIQ
qnet1,1646812436917,3,24530,24265,73592,0.0,0,0,0,48,117,SUCCESS,73592,OPEN,ndHmswy4RUa6R8LcyvrxOA
EmmaT,1646161640009,3,24620,24405,73860,0.0,0,0,0,9,118,SUCCESS,73860,OPEN,OP_NlJh3RP-LtGiemdJgBA
GlobalHypothesis#8751,1646722362314,3,24644,24269,73933,0.0,0,0,0,4,119,SUCCESS,73933,OPEN,PhojPX45ShuB8plfJ_a1vg
ProcessingArgument#0952,1646339789075,3,24685,24263,74057,0.0,0,0,0,9,120,SUCCESS,74057,OPEN,1wiLj-BfRNOCZRHB7CnpIw
KevinCheung,1647578446164,3,24731,24406,74195,0.0,0,0,0,3,121,SUCCESS,74195,OPEN,KhUUmrICSi-KkKYATcVxpw
Jasper,1646818150032,3,24775,23402,74326,0.3333333333333333,0,1,1,4,122,SUCCESS,74326,OPEN,eRHXmTKfSJG5eSxaNYhjNw
ContinuousDocumentation#3530,1646922706380,3,24798,23933,74395,0.0,0,0,0,25,123,SUCCESS,74395,OPEN,VK3dBBdTSwOMrmu7KKhxFA
Arun-Viru-Team-India,1646756364796,3,24840,24588,74522,0.0,0,0,0,8,124,SUCCESS,74522,OPEN,hQIy1TW8QRCZSRGiviYAtw
MK47,1647389221038,3,25237,24866,75711,1.0,0,3,3,21,125,SUCCESS,75711,OPEN,CH63rDPwQgip_ET2YICGLg
Mr-Johnathan,1646468208643,3,25312,21601,75936,1.0,0,2,3,14,126,SUCCESS,75936,OPEN,hSyptuMLRRWOa_LmlWBJ8Q
MechanicalModel#9921,1647273869899,3,25355,25279,76065,0.0,0,0,0,3,127,SUCCESS,76065,OPEN,O9zuxib4QzO8jBjpGWKq1g
HashableClass#2670,1646316239045,3,25375,24067,76126,1.3333333333333333,0,4,4,1,128,SUCCESS,76126,OPEN,m7IjZxH0TTiceIG_qPjusw
DynamicRacing,1646200835040,3,25399,25203,76199,0.0,0,0,0,33,129,SUCCESS,76199,OPEN,4VWteXpBTQePbAKgQCbTjw
CreativeLine#1580,1647285293153,3,25419,24064,76257,0.3333333333333333,0,1,1,6,130,SUCCESS,76257,OPEN,7vG9VYYUQN-EosWv2zAqrg
BooleanObject#3176,1647660345152,3,25440,25067,76322,0.0,0,0,0,7,131,SUCCESS,76322,OPEN,f5W_S1tJSvKL0aU81bpmrQ
awskrug-team,1646119525613,3,25442,24603,76326,0.0,0,0,0,81,132,SUCCESS,76326,OPEN,PA_rSZ4sR06bVOwmyibxJg
RocketArchitect#9133,1647273242906,3,25483,24071,76449,0.3333333333333333,0,1,1,10,133,SUCCESS,76449,OPEN,nXn0LKC3QkmOY482iXFKCw
HashableValue#1734,1646833422668,3,25483,21659,76451,2.0,0,6,6,4,134,SUCCESS,76451,OPEN,GSSaGMavSw2ggT7GhXl-Kg
SacParker,1646099949079,3,25486,24532,76459,0.3333333333333333,0,1,1,7,135,SUCCESS,76459,OPEN,-t2pzM8xRpyQv68_FyG9zQ
moto-racer,1646703422909,3,25551,25338,76653,0.0,0,0,0,27,136,SUCCESS,76653,OPEN,jNRUBxvxSRi2PrCSUPBJAA
ChenXingYu-LiuHaoCheng,1647527407767,3,25618,25266,76856,0.0,0,0,0,14,137,SUCCESS,76856,OPEN,L5SehNBuRi2u6fKQ2fiB9g
Madhana-Bala-S-K,1646516620113,3,25650,23284,76950,1.6666666666666667,0,5,5,6,138,SUCCESS,76950,OPEN,J8YMPgPkQV-GrYYj5XfQtg
S3LL-IT,1646867694480,3,25730,21997,77191,1.0,0,3,3,3,139,SUCCESS,77191,OPEN,618_qV8zQ2OparsZqaptGg
TechnicalSystem#1006,1647260438556,3,25776,25605,77328,0.0,0,0,0,5,140,SUCCESS,77328,OPEN,di_wP-m6QWWLTbOAJydD-w
ZH-Driver-No1,1647628068691,3,25840,25146,77521,0.0,0,0,0,4,141,SUCCESS,77521,OPEN,9YbzMYY-SO2AX-2ej2dQhA
ImportantFormula#7599,1647245842810,3,25841,25683,77524,2.0,0,6,6,4,142,SUCCESS,77524,OPEN,UaNbkFmNRNmKwHfR3fRbMg
AnlyticConverters,1646370655919,3,25866,24139,77599,1.3333333333333333,0,4,4,10,143,SUCCESS,77599,OPEN,5mENFzphQeSDCpfVqjferQ
hyk,1647257514177,3,25932,20859,77798,2.6666666666666665,0,8,8,22,144,SUCCESS,77798,OPEN,RlfzrR7kTaO-cPtZnC--NQ
MazellanKo,1646709491696,3,25951,25730,77853,0.0,0,0,0,10,145,SUCCESS,77853,OPEN,-5Ayc5lTR9O0IdGsBSi1Ng
ContinuousDataset#2678,1646224163331,3,26422,26070,79267,1.0,0,3,3,6,146,SUCCESS,79267,OPEN,xnYD4zR2S2ioF6qyqA1v1w
Red-Cow-Rally-Team,1646138582814,3,26485,22389,79457,1.0,0,3,3,1,147,SUCCESS,79457,OPEN,8a9d334630f147e3938c7w
Sarx10,1647294670196,3,26530,22122,79592,2.3333333333333335,0,7,7,4,148,SUCCESS,79592,OPEN,EVV5WU-iTYaoi21aE9jTrA
FunctionalPackage#0663,1647566388865,3,26686,23934,80059,0.6666666666666666,0,2,2,8,149,SUCCESS,80059,OPEN,DlYtfg9IQjax8cdJdynjow
Piriyadharshini-D,1646974626173,3,26754,26599,80262,0.0,0,0,0,14,150,SUCCESS,80262,OPEN,X3PtPSqxTYGViI0DW2SWVA
VirtualPoint#7288,1646368450507,3,26867,25937,80602,0.0,0,0,0,3,151,SUCCESS,80602,OPEN,Xh7FZSWFSr2U9ZBZ00G2-A
Yuliya,1646285336707,3,26867,23579,80602,2.0,0,6,6,2,152,SUCCESS,80602,OPEN,JWJgkv8bSKeMIGYZ9roR-A
MemoryInterface#0334,1646326425441,3,26887,26329,80661,0.0,0,0,0,5,153,SUCCESS,80661,OPEN,LSiBmQn2R722NN1Zh6-d5Q
Xuying-2021,1647446193769,3,26890,22535,80672,2.0,0,6,6,8,154,SUCCESS,80672,OPEN,7swf876RQXOJ24QIMKhzgw
AtomicEvaluation#6334,1647391366482,3,26895,25002,80686,0.6666666666666666,0,2,2,1,155,SUCCESS,80686,OPEN,-0AIEQFOSq-D0tzjuSsf7Q
Sila-T-2-2022#Absa,1646255529181,3,27129,25396,81388,0.3333333333333333,0,1,1,8,156,SUCCESS,81388,OPEN,TGbNxWJBQL2jwMivkzX3Cw
VirtualDigit#9865,1646116439364,3,27129,26799,81389,0.0,0,0,0,2,157,SUCCESS,81389,OPEN,cRO6PeafRvSnQZbR1YwPbw
BooleanDataset#7800,1647261853994,3,27154,27067,81463,0.0,0,0,0,1,158,SUCCESS,81463,OPEN,H1c0zvBaT3Cec6Rqt16dbw
TheTrackBoss,1646115055861,3,27242,26861,81728,0.0,0,0,0,2,159,SUCCESS,81728,OPEN,hbVXmPNNTAGt_ndmy0JCtg
YaguangHu,1647349844621,3,27289,24864,81868,0.6666666666666666,0,2,2,13,160,SUCCESS,81868,OPEN,jJ3m7evlT8y-IEvBORcEqg
Dhivakar,1646906548936,3,27375,26326,82126,0.3333333333333333,0,1,1,11,161,SUCCESS,82126,OPEN,rVxSLiMVTbWh95XdNtnmNw
RaceyMcRaceboi,1646760114816,3,27413,23927,82241,1.0,0,3,3,11,162,SUCCESS,82241,OPEN,etZgyr4QSAKxp9rRf7FAmw
Aiden-car-00001,1647318437159,3,27419,27061,82258,0.0,0,0,0,5,163,SUCCESS,82258,OPEN,RI6vKYBBRFuJB4tTvSI0Mg
SolvablePresentation#0705,1646501477283,3,27576,27397,82729,0.0,0,0,0,15,164,SUCCESS,82729,OPEN,CRUnbHBkQZSuJOABP9v0sA
onlythree,1646292035978,3,27619,26066,82858,0.3333333333333333,0,1,1,2,165,SUCCESS,82858,OPEN,23e254b25ea0443389ed6w
AtomicExpert#4093,1647442058856,3,27774,26062,83322,0.0,0,0,0,2,166,SUCCESS,83322,OPEN,35SW8989RzOsPyBMsQ8G4g
JPMC-Singapore-Chetak,1646286346081,3,27798,26672,83394,2.3333333333333335,0,7,7,3,167,SUCCESS,83394,OPEN,LJzDpiNuTFeHu9dsqp1APw
CurlyLog#8590,1646266172748,3,27930,27394,83790,0.0,0,0,0,1,168,SUCCESS,83790,OPEN,fxRkqMfwRTKGQU6BaT-Erw
SolvableSequence#2199,1646640352366,3,27952,23723,83857,1.3333333333333333,0,4,4,3,169,SUCCESS,83857,OPEN,zU3j6TtKQEOeyuUIBAfSaw
nalbam-me,1646126125984,3,27974,27330,83923,3.0,0,9,9,105,170,SUCCESS,83923,OPEN,PnRru4vBRkeyT4xX6LOCtw
ImmutableResource#0186,1646194058933,3,27977,25995,83932,0.6666666666666666,0,2,2,1,171,SUCCESS,83932,OPEN,TpgAgSI7TuSPijKc55UR_Q
Green-hive,1646291953978,3,28107,27391,84322,0.0,0,0,0,1,172,SUCCESS,84322,OPEN,bHj4ARa2QxaqpIhff1Xf_Q
Liv,1646827234718,3,28174,27872,84522,0.0,0,0,0,3,173,SUCCESS,84522,OPEN,4TGvyomTStqcVGCBq0_siw
poleLap,1646407887212,3,28193,24518,84580,2.0,0,6,6,7,174,SUCCESS,84580,OPEN,09CHVsFwTCy-TQN4ct6hXA
CodeGrid#3263,1646358608038,3,28194,27521,84583,0.0,0,0,0,1,175,SUCCESS,84583,OPEN,qgoAEn6bSo6FOALMX6MYbg
czjaws,1647536746957,3,28219,28067,84659,0.0,0,0,0,6,176,SUCCESS,84659,OPEN,DtcnGIcyQlefncZS-Hmh3g
mumoody,1647520304383,3,28440,28191,85320,0.0,0,0,0,3,177,SUCCESS,85320,OPEN,Vu6_Q6uoSkWs1on19XqbXg
TBIT,1647495964624,3,28484,25260,85454,1.0,0,3,3,6,178,SUCCESS,85454,OPEN,YYMVTpNgRKuqlGw_J3qrhQ
CromulentCruiser,1647625397845,3,28487,26538,85462,2.6666666666666665,0,8,8,3,179,SUCCESS,85462,OPEN,qvH1Rj4-RDKRejRnIWB-7A
ComplexComment#8747,1647213676847,3,28508,28198,85525,0.0,0,0,0,2,180,SUCCESS,85525,OPEN,yNehahdhQPeK16kKVuNSdA
MemoryByte#2698,1647608113801,3,28597,27001,85791,0.3333333333333333,0,1,1,5,181,SUCCESS,85791,OPEN,_nwv29m5RY6CIMdiEO_R8w
IntelligentAnalyst#9895,1647601239661,3,28685,24669,86057,1.0,0,3,3,3,182,SUCCESS,86057,OPEN,D3ifOvHXRTelYKlp2C6X_Q
Kyndryl-Solution-Engineering-Team1,1647572869903,3,28914,25064,86744,1.0,0,3,3,9,183,SUCCESS,86744,OPEN,nDktanfIQI2sd2G2b2J-sQ
PrimeZone#7235,1647265879658,3,29218,29002,87654,0.0,0,0,0,5,184,SUCCESS,87654,OPEN,BeCOrps1RxSeJOHUkI312g
StructuredParameter#8828,1647548349592,3,29285,27735,87857,0.3333333333333333,0,1,1,2,185,SUCCESS,87857,OPEN,o3GhqNl2ShKaJML817dFyw
SequentialTest#5141,1646363897723,3,29287,29132,87863,0.0,0,0,0,48,186,SUCCESS,87863,OPEN,gDBEvsQ3SBmc-BBx2_mn9g
ComplicatedMachine#1436,1646267812039,3,29419,27462,88259,0.3333333333333333,0,1,1,4,187,SUCCESS,88259,OPEN,hWSsUOcERMy3LIY2pgH9og
TabletDebugger#4835,1647266506412,3,29482,26928,88447,2.6666666666666665,0,8,8,1,188,SUCCESS,88447,OPEN,ADvarXG9SuOV5ztoGAtQHw
MachineBreaker#7764,1646772737677,3,29485,28263,88457,2.3333333333333335,0,7,7,1,189,SUCCESS,88457,OPEN,38xH7EvSTsKmhrlbXD-fvQ
EsteemedState#5532,1646757168581,3,29530,29196,88590,0.0,0,0,0,5,190,SUCCESS,88590,OPEN,FteLOqgqS4SBPw_ZCM8pYA
nicholes#6944,1647456676355,3,29530,27729,88590,0.6666666666666666,0,2,2,8,191,SUCCESS,88590,OPEN,ZF7H0kFUSEaW65fZUeUXpg
Neural486#6576,1646509210819,3,29554,25194,88662,3.3333333333333335,0,10,10,7,192,SUCCESS,88662,OPEN,NT2FmyIyRECudqY9WJ0kSw
xh,1647586320814,3,29598,27998,88794,0.3333333333333333,0,1,1,10,193,SUCCESS,88794,OPEN,beHkUVABTliM2d9TqY5dkg
xingyuanliu,1647572906270,3,29640,26468,88920,2.0,0,6,6,6,194,SUCCESS,88920,OPEN,5kSMlMimQzye87hX7vGoNQ
Wasabi-DevelopersIO,1646297337848,3,29663,28867,88989,0.0,0,0,0,2,195,SUCCESS,88989,OPEN,Fmb5j9UgQ_2xkleK0vwXOg
HarryXiao,1647597714647,3,29755,26941,89267,0.6666666666666666,0,2,2,1,196,SUCCESS,89267,OPEN,p0dIXuzwTM2SCISYhRaTWg
LunkyMonk54M,1646558512053,3,29797,29607,89393,0.0,0,0,0,16,197,SUCCESS,89393,OPEN,X_9ffl97SpiNgDD6otBD6A
kelvin-ps,1647599614843,3,29864,27269,89594,0.6666666666666666,0,2,2,29,198,SUCCESS,89594,OPEN,0PZDnaFKQxqToqx_ghNOaA
gcjordi-eH,1647012207407,3,29973,28332,89920,0.3333333333333333,0,1,1,5,199,SUCCESS,89920,OPEN,hxnXJKpMRKSykoLhfHojdg
derekng,1647574360353,3,30042,29465,90127,0.0,0,0,0,2,200,SUCCESS,90127,OPEN,1667835cef7747d5aaf2ew
TS22-hans,1646937779428,3,30087,29062,90262,0.0,0,0,0,37,201,SUCCESS,90262,OPEN,lZv7D_-VROiXcxMy8TsRvA
technopro#SHIBAZAKI-Tetsuya,1646137771774,3,30131,29932,90393,0.0,0,0,0,3,202,SUCCESS,90393,OPEN,zGkD2T4QSY26nKoy_pOsbA
drunken-monkey,1646124832651,3,30217,29927,90651,0.3333333333333333,0,1,1,2,203,SUCCESS,90651,OPEN,c7a82cb998e44f9abd469Q
TameRacer,1647320998726,3,30287,29936,90861,0.0,0,0,0,2,204,SUCCESS,90861,OPEN,CThkSPLERtyRM5OptykzEQ
QuKai,1647325419266,3,30355,30262,91067,0.0,0,0,0,4,205,SUCCESS,91067,OPEN,Xot769rjRLqWQY1_L-vJsg
XuLI,1647476734795,3,30423,27593,91270,0.6666666666666666,0,2,2,2,206,SUCCESS,91270,OPEN,ME46fI96RReQPD6t0QlxFg
Mata-Maria,1646835167971,3,30466,30271,91399,0.0,0,0,0,5,207,SUCCESS,91399,OPEN,QxC6IYTnTbOQZvYcL92qnw
RaceVentura-NettDefective,1646935506931,3,30487,24594,91461,3.0,0,8,9,45,208,SUCCESS,91461,OPEN,-fEpnbmIQyGLaHd49lPNiw
UsableObject#0326,1646404981876,3,30487,30265,91463,0.0,0,0,0,16,209,SUCCESS,91463,OPEN,tlW8Z7cWSyq4w4ZhfgDldQ
FocusedTest#8195,1646789376048,3,30601,28274,91804,1.6666666666666667,0,5,5,18,210,SUCCESS,91804,OPEN,AyeCbp3VSya5-yZowaKQKQ
PauloLosse,1646597015486,3,30750,29400,92251,0.0,0,0,0,3,211,SUCCESS,92251,OPEN,_HWsEjILTaWle9Px3hq6VQ
ParametricNode#5804,1646545016553,3,30775,26665,92327,2.0,0,6,6,30,212,SUCCESS,92327,OPEN,X8Nrr3KpQzWItpizm2BxOw
WarHokieagle-2,1647463095761,3,30797,25666,92392,3.3333333333333335,0,10,10,11,213,SUCCESS,92392,OPEN,lYrB3TWqQJyF_ytsPeqFWw
Mentaiko-DevelopersIO,1646586756125,3,30908,29534,92724,0.0,0,0,0,1559,214,SUCCESS,92724,OPEN,Wt5C8BPAS0OPlzY3-txb-w
AgileDiff#5447,1646157489259,3,31044,29318,93133,0.3333333333333333,0,1,1,3,215,SUCCESS,93133,OPEN,SbMwuzQpTAmNL8SIFnftsA
Sahithya-srinivasan,1646414130394,3,31131,30938,93393,0.0,0,0,0,13,216,SUCCESS,93393,OPEN,OiyoOCvZQm6bsXc_j88Xgg
BooleanTester#5326,1646243673421,3,31153,30133,93460,0.0,0,0,0,1,217,SUCCESS,93460,OPEN,cI9kHhWDTEiz6FGVpVU2UA
JPMC-GreenT4,1646305655033,3,31216,28803,93648,0.6666666666666666,0,2,2,18,218,SUCCESS,93648,OPEN,eCmvKyWkSxSnGIKozvg20Q
jkting,1647232341845,3,31265,31002,93797,0.0,0,0,0,5,219,SUCCESS,93797,OPEN,HPFksM9fRA256aAOheoxgg
Vincent-GSI,1647581830829,3,31308,29397,93924,0.0,0,0,0,31,220,SUCCESS,93924,OPEN,X7GXPvvGTWyodbbO9b53yA
ProgrammingShell#6408,1647579972769,3,31313,29060,93940,0.3333333333333333,0,1,1,2,221,SUCCESS,93940,OPEN,Metea5SZT0q0oj83y0dvLQ
AbstractNode#0260,1647014316776,3,31422,30066,94267,4.333333333333333,0,13,13,2,222,SUCCESS,94267,OPEN,HnX8nWV1RjqaQulKaGQ-TQ
KasztP,1646130416214,3,31508,27785,94525,2.6666666666666665,0,8,8,14,223,SUCCESS,94525,OPEN,B_NHhZzIT7yLboMZHKC3Qw
BigToken#1605,1647031671965,3,31530,30070,94591,0.0,0,0,0,3,224,SUCCESS,94591,OPEN,zVz0DWm8Ts6RS2458lm4VQ
PrijeshDevanandPro,1646650413874,3,31671,29665,95014,0.6666666666666666,0,2,2,15,225,SUCCESS,95014,OPEN,QAWHhREnQripvaS3Y--WMQ
BoogieTimeProductions,1646132582326,3,31691,28801,95074,1.6666666666666667,0,5,5,8,226,SUCCESS,95074,OPEN,MUyQlFafT0yFhQr1sApn9Q
ParametricSwitch#9525,1647270231245,3,31711,30534,95133,2.3333333333333335,0,7,7,5,227,SUCCESS,95133,OPEN,3Bgf4s-YQnKZ2So4Kh70_w
QuickContext#7541,1646413808335,3,31754,31600,95262,0.0,0,0,0,44,228,SUCCESS,95262,OPEN,J9PdtQOGRgOdDT7nMvfuyw
CompleteBooster#2584,1647247395927,3,31773,30333,95319,0.3333333333333333,0,1,1,6,229,SUCCESS,95319,OPEN,q5JE1jfwSzO4ajTItK-CBA
FungibleToken#4067,1647581537057,3,31820,28260,95461,3.6666666666666665,0,10,11,1,230,SUCCESS,95461,OPEN,5kdbQ1ENS7quLZmMGkqY5g
EsteemedNotation#4825,1646475624240,3,31828,29331,95486,1.6666666666666667,0,5,5,1,231,SUCCESS,95486,OPEN,ic82e4z6SiCBkKvMivv9wQ
Kyndryl-Solution-Racer,1647580609859,3,31865,26598,95597,3.6666666666666665,0,11,11,6,232,SUCCESS,95597,OPEN,1i7qONZYSX-cC1LnV-Q-Ww
SPDSTR-Aiden,1646120740689,3,31926,31464,95778,3.0,0,9,9,5,233,SUCCESS,95778,OPEN,6rVVb7HXQzigAsVTVyLg0Q
RL-y-Fast,1646108021011,3,32042,29331,96127,0.6666666666666666,0,2,2,1,234,SUCCESS,96127,OPEN,AhxoXkedQYG58-HgMQM9Ag
jeromee,1646359370678,3,32069,30801,96208,0.3333333333333333,0,1,1,3,235,SUCCESS,96208,OPEN,UYMQMfBYRYSVxURj7cbAzA
IF-C,1647385402431,3,32130,31990,96391,0.0,0,0,0,3,236,SUCCESS,96391,OPEN,gR2vmiZSSkutxwXmMpP_Tg
ZhangHuaijin,1647430863568,3,32131,28597,96394,0.6666666666666666,0,1,2,15,237,SUCCESS,96394,OPEN,JYzSEWNETBGuudH_UDQx7Q
yuyao,1647493658045,3,32174,30924,96524,0.3333333333333333,0,1,1,3,238,SUCCESS,96524,OPEN,rYEURjrqSUKA3qoJiKe-Hg
AccessibleShell#7184,1646964957402,3,32420,31858,97261,0.0,0,0,0,4,239,SUCCESS,97261,OPEN,PWcrJsfaRvqOG42AjeRTGA
funny,1647278238597,3,32488,27738,97464,4.333333333333333,0,13,13,1,240,SUCCESS,97464,OPEN,272054021dac4ddf95cf0w
Holedsock-DNPds,1646177688840,3,32510,26135,97531,4.666666666666667,0,14,14,8,241,SUCCESS,97531,OPEN,xlM6SEf7QyCrZbXRXLEUaQ
MING-CHUN,1646634110445,3,32572,30933,97718,0.6666666666666666,0,2,2,1,242,SUCCESS,97718,OPEN,qoQoafc4RhGMzWx_fwBp4w
spidey,1646981252898,3,32620,30543,97860,0.6666666666666666,0,2,2,2,243,SUCCESS,97860,OPEN,9ce954d4cb9d43bc9bd9cQ
WebClass#5606,1646698972286,3,32731,31191,98193,0.3333333333333333,0,1,1,4,244,SUCCESS,98193,OPEN,zFoa46nXT-CmlTIkp0mviQ
LeetBuster#2204,1646570974717,3,32810,30730,98430,1.6666666666666667,0,5,5,6,245,SUCCESS,98430,OPEN,vwHSeCxpQ8KwZ0RQp_uevw
AgileOrder#0480,1647635861514,3,32838,24461,98516,3.6666666666666665,0,11,11,4,246,SUCCESS,98516,OPEN,LyRpGkdUTy6XjnY4cO5NUg
MonkeyDGarp,1646579236805,3,32888,31665,98664,0.3333333333333333,0,1,1,2,247,SUCCESS,98664,OPEN,NG-wGsuHTdSxiUB7Tx5ksw
PathingDescriptor#9412,1647244664401,3,32929,32665,98787,0.0,0,0,0,7,248,SUCCESS,98787,OPEN,cHVCvPr7S_OzrYlVcfS6RQ
AsynchronousSwitch#3322,1646459440863,3,32951,32668,98853,0.0,0,0,0,7,249,SUCCESS,98853,OPEN,7MX9DHkbQFi_iDtMv1FDeg
Chai-Yuhong,1646380920569,3,32976,32199,98929,3.0,0,9,9,4,250,SUCCESS,98929,OPEN,z8RLjpW7SV6dl-dJEq9YRg
ParametricAbstraction#8971,1647266511599,3,32997,31931,98992,0.0,0,0,0,1,251,SUCCESS,98992,OPEN,SmI3GMB-Tk6qGHh_-U3weg
GammaSlice#9112,1646199692419,3,33160,32067,99480,3.3333333333333335,0,10,10,6,252,SUCCESS,99480,OPEN,wDpNglUbS7yGY9NEMvvQNA
TeamNasim,1646284528401,3,33174,32666,99522,0.0,0,0,0,10,253,SUCCESS,99522,OPEN,x62uV9MXS9OW5YV5fiJKvg
ComplexCallback#6430,1646930002753,3,33264,32998,99792,0.0,0,0,0,6,254,SUCCESS,99792,OPEN,aEIrtsxAQx--hyGIIn2v-Q
MrShalot,1646384535477,3,33375,30403,100125,0.6666666666666666,0,2,2,14,255,SUCCESS,100125,OPEN,Et8co2fOQhq6FvbUuvYEXQ
StAhma,1646358957529,3,33509,32733,100527,0.0,0,0,0,3,256,SUCCESS,100527,OPEN,hxjz4PPxTi6Bj1aNr3h_GQ
Debug,1646353782399,3,33554,29806,100664,2.0,0,6,6,3,257,SUCCESS,100664,OPEN,1lCq_jnFTp2iHOOPxm96QQ
Onkgopotse-L-2-2022#Absa,1646289995981,3,33619,33468,100858,0.0,0,0,0,5,258,SUCCESS,100858,OPEN,H8yFdcs_SLOUc-9MKoUvwA
pana-mera23,1647403967973,3,33712,32398,101137,0.3333333333333333,0,1,1,1,259,SUCCESS,101137,OPEN,nkBtNywESO25ebFILf-aMw
Yupa-DNPds,1646111542434,3,33774,24996,101322,3.6666666666666665,0,11,11,8,260,SUCCESS,101322,OPEN,jgRyYla-RkS2kr2rVBdEZA
tnt1234567,1647501107653,3,33776,31331,101328,0.6666666666666666,0,2,2,9,261,SUCCESS,101328,OPEN,60J_yfu0RTKaFbGtA5QUfw
AtomicPresentation#8048,1646360529847,3,34420,31940,103262,0.6666666666666666,0,2,2,3,262,SUCCESS,103262,OPEN,biTb6x89QLuvJnOeR4O5Wg
CriticalAttention#5845,1646717033233,3,34450,27866,103350,2.6666666666666665,0,8,8,6,263,SUCCESS,103350,OPEN,a_0AfAM8RSW1W_OaCI3LKg
Plopy,1646369636732,3,34576,31804,103728,1.6666666666666667,0,5,5,5,264,SUCCESS,103728,OPEN,YFm6auzqQISPaTsZWj9HKg
Zero-dayMetaclass#6206,1646677982695,3,34606,30930,103820,5.0,0,15,15,1,265,SUCCESS,103820,OPEN,x-kFnqDUQ8aBCjibkl_Ozw
HelpfulTest#3701,1646836152205,3,34663,34533,103989,0.0,0,0,0,9,266,SUCCESS,103989,OPEN,qIY8UHLGRsykZR_W6N6mTA
Zero-dayState#8650,1646905702603,3,34774,29188,104322,1.6666666666666667,0,5,5,4,267,SUCCESS,104322,OPEN,_BBczrxMQCWZdQy4J16lag
BagueteDM,1646329004047,3,34844,31796,104532,4.666666666666667,0,13,14,6,268,SUCCESS,104532,OPEN,rtOPb-jAR3KRNGuZaKwPVA
PythonSchematic#5566,1646897744162,3,34864,30062,104593,0.6666666666666666,0,2,2,2,269,SUCCESS,104593,OPEN,l8JRA7BQSPexOf2jxz6GUg
SPS-2P-1,1646440305947,3,35052,33800,105156,0.3333333333333333,0,1,1,2,270,SUCCESS,105156,OPEN,we1dr6fBRyOGnKQWQCXkDg
DongWei,1647593659536,3,35174,32458,105523,0.0,0,0,0,3,271,SUCCESS,105523,OPEN,Mlg_g9udTYaf3X28PTilEA
NeuralFunction#9365,1647391467621,3,35309,35000,105929,0.0,0,0,0,2,272,SUCCESS,105929,OPEN,km88JYTRRgqyIaejeGgV8g
ASCIINotation#4542,1647494227133,3,35399,35263,106197,0.0,0,0,0,1,273,SUCCESS,106197,OPEN,m6ftQXBdTweogs-bQrGKcw
NeuralDiff#8298,1646921121162,3,35486,34533,106460,0.0,0,0,0,2,274,SUCCESS,106460,OPEN,ikgh1qNkSZyIUMCaYV7lSQ
technopro#shimizutsuneaki,1646146491169,3,35684,34541,107053,0.3333333333333333,0,1,1,2,275,SUCCESS,107053,OPEN,ZG4lP9FbS2GYqab2_5Du1w
AutomatedBrackets#3468,1646128328772,3,35842,35201,107528,4.333333333333333,0,13,13,1,276,SUCCESS,107528,OPEN,G376vlmgRhGgMp_v--cpGQ
GammaSwitch#0115,1647338773476,3,35842,34602,107528,0.0,0,0,0,6,277,SUCCESS,107528,OPEN,N3ZV5k3hTcK--dE2v9zy4A
MechanicalTag#3758,1646999168326,3,35909,35664,107729,0.0,0,0,0,1,278,SUCCESS,107729,OPEN,VKWSAo1hTnuBJwnI5GHJKw
MisakaMikoto,1646861931837,3,35933,32733,107800,2.0,0,6,6,5,279,SUCCESS,107800,OPEN,Sja72WycRretj8jTpSQ1OA
Matt,1646219197909,3,36021,28803,108065,4.0,0,12,12,3,280,SUCCESS,108065,OPEN,94AJnMjyQyuBgETEYiDPDw
sps-2p-25,1646352590054,3,36029,34867,108088,1.3333333333333333,0,4,4,1,281,SUCCESS,108088,OPEN,v0XVVSsxQnm4kS87JGhVBA
HelpfulMethod#4247,1647250836423,3,36062,35256,108188,0.0,0,0,0,4,282,SUCCESS,108188,OPEN,CYto-KsmSpixveKt9j9k1A
ImmutableTest#2862,1647462516234,3,36087,32802,108262,0.0,0,0,0,2,283,SUCCESS,108262,OPEN,xq0i2DAvTKWvZAhSDl064Q
Mukilan-K,1646587969079,3,36175,32395,108526,1.0,0,3,3,1,284,SUCCESS,108526,OPEN,4f1lIPCyQF25jfewIK0BUw
lilypad,1646353498497,3,36269,33997,108809,0.3333333333333333,0,1,1,5,285,SUCCESS,108809,OPEN,xhlyRPq0TwuhNLYe5EIjAQ
aws-aachong,1647640199990,3,36378,32805,109134,0.3333333333333333,0,1,1,10,286,SUCCESS,109134,OPEN,GQ8U1RzcTySM3PsWebC5lw
Velocity-Zeta,1646374503553,3,36403,32871,109209,3.6666666666666665,0,11,11,1,287,SUCCESS,109209,OPEN,R-lUKZ7LQo6m2dSsgYX5YA
KEVINCHOI,1647620806455,3,36462,35603,109387,0.0,0,0,0,9,288,SUCCESS,109387,OPEN,9tywwnsCT8ObUea4lqpVvA
Xola-D-2-2022#Absa,1646247255441,3,36472,35200,109416,1.3333333333333333,0,4,4,2,289,SUCCESS,109416,OPEN,ALBe6KbIS7m1_1uLnZoiKA
DRPepper,1646132047461,3,36560,33394,109681,2.6666666666666665,0,8,8,13,290,SUCCESS,109681,OPEN,jhKQLd5PQ56q6nNnzUNTCw
InfiniteSandbox#9052,1647533135156,3,36575,33798,109726,1.3333333333333333,0,4,4,2,291,SUCCESS,109726,OPEN,a-sOIzMyRQi66YYWN41yMw
GaoMing,1647444821189,3,36581,34661,109744,0.0,0,0,0,14,292,SUCCESS,109744,OPEN,-sjGYqsvTgGiYIhrFlU9jw
DeepPoint#2124,1646126871789,3,36594,35798,109783,6.0,0,18,18,2,293,SUCCESS,109783,OPEN,rDZ9vmtBS-i0nktTFvIn4A
FormulaicAttention#1791,1646784869176,3,36662,36132,109988,0.0,0,0,0,4,294,SUCCESS,109988,OPEN,DozMZt2bS6yANC0_PE-yQg
RocketNetwork#4759,1646597025002,3,36709,34799,110127,2.3333333333333335,0,7,7,3,295,SUCCESS,110127,OPEN,ucx3I70kSFSkQRyFT9Crtg
CrypticCommand#1558,1646134061068,3,36804,35546,110412,2.6666666666666665,0,8,8,2,296,SUCCESS,110412,OPEN,Tvh3MZruQsuL7A3ZuUhR-w
UnboundSequence#8476,1647394542929,3,37049,33720,111148,0.6666666666666666,0,2,2,3,297,SUCCESS,111148,OPEN,mStWDJNYTBinY21dLjzaZQ
Weva#1080,1646199782682,3,37065,31796,111195,1.3333333333333333,0,4,4,3,298,SUCCESS,111195,OPEN,-8poXRBDTwqnGbMnGSrlfQ
CurlyZone#8955,1646127223061,3,37376,34661,112129,2.6666666666666665,0,8,8,2,299,SUCCESS,112129,OPEN,wk4YBDTtSfSG2WsY5p4ngA
Mixlo,1647077978861,3,37402,36807,112207,1.0,0,3,3,2,300,SUCCESS,112207,OPEN,mjp3AeLYS9KJR3xe2N1-WQ
ImmutableArithmetic#9835,1646197608393,3,37487,28934,112462,3.0,0,9,9,2,301,SUCCESS,112462,OPEN,GkgT2mAyQru1UV5jylEnHw
10xShell#6922,1646228939405,3,37509,33748,112529,4.0,0,12,12,1,302,SUCCESS,112529,OPEN,CJSqtyQBRBylv57dLqnUHg
GammaHacker#2409,1646127328988,3,37641,33463,112924,4.333333333333333,0,13,13,2,303,SUCCESS,112924,OPEN,JAAUXpNRQfesP23y-kmaGw
ACe,1646687470935,3,37710,33938,113132,5.0,0,15,15,1,304,SUCCESS,113132,OPEN,uYo2ByTLQs-z265hAT_cqQ
Racer-1313,1647004441481,3,37753,36195,113260,3.3333333333333335,0,10,10,1,305,SUCCESS,113260,OPEN,e3-X2TwuTA6cTqacM3Q42w
2deep4racer,1646106175902,3,37818,36522,113456,4.333333333333333,0,13,13,6,306,SUCCESS,113456,OPEN,YW6oHeuKTWyoG1MyvzGA6w
Paul-NAB,1647313956261,3,37932,37798,113796,0.0,0,0,0,2,307,SUCCESS,113796,OPEN,06339a1ca89d41a5b6d98w
Si-Ling-Er-Si,1646993963368,3,38018,37795,114055,0.0,0,0,0,3,308,SUCCESS,114055,OPEN,hJdCxyR0Ryu7Bihp5_br4g
TeamFastCar,1647051916881,3,38018,37602,114056,0.0,0,0,0,24,309,SUCCESS,114056,OPEN,p3ep74VbRNmi7fprxRpnEw
ignatiuss,1646197270028,3,38199,34276,114599,1.6666666666666667,0,5,5,2,310,SUCCESS,114599,OPEN,fBoM029RSlyiarbdugi2lg
AccessibleAttention#2409,1647278649268,3,38354,38069,115062,0.0,0,0,0,1,311,SUCCESS,115062,OPEN,ErqdKUlCQtimjoq87H0cKw
JavaWorkaround#1060,1646240124714,3,38375,37857,115126,0.0,0,0,0,3,312,SUCCESS,115126,OPEN,NPUXOBbaSSSe4jeaDQ6rXQ
ZhenhuaZhang,1647302316496,3,38484,37061,115454,0.0,0,0,0,8,313,SUCCESS,115454,OPEN,3E4Td6tjTnKdF7BIZ5HXKw
GoodmanKR,1646129257702,3,38621,36066,115865,4.666666666666667,0,14,14,8,314,SUCCESS,115865,OPEN,f905b742ca594aadb529eQ
AtomicMetaclass#8153,1647347212338,3,38860,36270,116582,5.666666666666667,0,17,17,1,315,SUCCESS,116582,OPEN,PVc7jVR2RxqbPMpBIhjZ0g
FiniteScope#7125,1646193359334,3,38886,37923,116660,0.3333333333333333,0,1,1,1,316,SUCCESS,116660,OPEN,8q8VzJyeTSaxRmM21c43jw
Machines-Learning-Models,1646362314204,3,39066,35739,117199,3.0,0,9,9,1,317,SUCCESS,117199,OPEN,5d38d69dffc04bddbfee6w
ArtificialSchema#9159,1646213289624,3,39085,38932,117256,0.0,0,0,0,2,318,SUCCESS,117256,OPEN,-Sa_KW5fQAKuxmY0HcI-gQ
Zero-dayRequirements#7254,1646144493023,3,39130,33594,117390,5.666666666666667,0,17,17,1,319,SUCCESS,117390,OPEN,pNTVW6a5RhGr4oRTFDstSg
PassingExpert#9037,1647577932556,3,39396,37525,118189,0.0,0,0,0,5,320,SUCCESS,118189,OPEN,9vRulRyzSj-q-4RSBjB0hQ
PurpleRecognizer,1646422500489,3,39643,38468,118931,3.3333333333333335,0,10,10,1,321,SUCCESS,118931,OPEN,1j7DumFoRn2SDnJaPJwSNA
MechanicalLoop#2323,1646222515653,3,39760,36015,119280,2.0,0,6,6,1,322,SUCCESS,119280,OPEN,Da3ViaFsR4a0A9Vff0Gorg
DigitalByte#7875,1646336896280,3,39865,28259,119595,2.6666666666666665,0,8,8,6,323,SUCCESS,119595,OPEN,MVeIg6dBRRatuxzNa2Qh9g
SalaMolch,1646208053750,3,39883,36867,119650,1.0,0,3,3,3,324,SUCCESS,119650,OPEN,y1sX5P5ATIS5Vv0scKMw-Q
BetaLambda#5982,1647575590100,3,39955,39329,119867,4.0,0,12,12,2,325,SUCCESS,119867,OPEN,Kj-ccIKZSiexdyYEkB25Tw
ComplexPackage#8993,1646106063565,3,40489,38602,121469,1.3333333333333333,0,4,4,1,326,SUCCESS,121469,OPEN,HhuE0hStTBqTpr4OfXV4Dg
LoopingCommand#5694,1647292055261,3,40509,39665,121529,0.0,0,0,0,7,327,SUCCESS,121529,OPEN,WbNcRzWnQrCVONxeiYAkXg
Theresa-J-2-2022#ABSA,1646229942007,3,40576,40062,121730,0.0,0,0,0,1,328,SUCCESS,121730,OPEN,EUhrOeNdTkalJdW3hKK5Ug
WebEnvironment#9805,1647510241616,3,40693,39465,122080,2.3333333333333335,0,7,7,5,329,SUCCESS,122080,OPEN,oaoTkuQSQRiYxjK5ND9tbg
lkung,1647332241518,3,40953,40133,122859,0.0,0,0,0,12,330,SUCCESS,122859,OPEN,egA9zOmvQHq1_MMcgZdTxQ
Thebestgamer,1646197275196,3,40977,37878,122932,1.6666666666666667,0,5,5,2,331,SUCCESS,122932,OPEN,xJevn6yJQvacjdB6gWSbOQ
FrecciaWoom,1646133720387,3,40978,39671,122936,1.3333333333333333,0,4,4,2,332,SUCCESS,122936,OPEN,16AUZWijTci_t46iQ4GykA
technopro#hayashiyusuke,1647400548972,3,41550,40055,124652,0.3333333333333333,0,1,1,4,333,SUCCESS,124652,OPEN,gY33J8VlSnKLlbq_U1ZC3w
AsynchronousDigit#6437,1647391336445,3,41621,41468,124863,0.0,0,0,0,1,334,SUCCESS,124863,OPEN,tdVz1a3UQ7u1AqnxTFUkxQ
coppermannzero,1646407311016,3,41688,39877,125064,4.333333333333333,0,13,13,1,335,SUCCESS,125064,OPEN,LXqv_TvTTi6p7jCcGd4vtg
FuturisticUpgrade#9799,1646931397686,3,41953,41605,125859,0.0,0,0,0,1,336,SUCCESS,125859,OPEN,o_10QA49SWOiP2PJHp6sfg
10xMetaclass#8090,1647276031276,3,42042,41936,126127,0.0,0,0,0,2,337,SUCCESS,126127,OPEN,lnrwVgXjRSWYEaiVuEwDgA
SequentialSandbox#4444,1647391323657,3,42151,42126,126454,0.0,0,0,0,1,338,SUCCESS,126454,OPEN,CeVk6LndTWuM4bI1C5IyrQ
amalgamation,1646365546699,3,42197,39599,126591,3.6666666666666665,0,11,11,1,339,SUCCESS,126591,OPEN,BlMkAZtpQni3mpQcbQSj4Q
Erwan,1647324585241,3,42446,40468,127339,6.666666666666667,0,20,20,11,340,SUCCESS,127339,OPEN,1TN1XoXNSOmY-0fHbsRb6g
havingtoomuchfunwiththecustomizer,1646353978959,3,42496,36871,127489,2.3333333333333335,0,7,7,2,341,SUCCESS,127489,OPEN,T8Lg-Oi0QFSZR0_HYJtWug
2019,1647039949445,3,42554,41931,127663,0.0,0,0,0,1,342,SUCCESS,127663,OPEN,4TlDNJcpSDW7fkWGXITwpA
ProgrammingTag#8573,1646153999575,3,42816,42465,128450,0.0,0,0,0,6,343,SUCCESS,128450,OPEN,Rd0UWoIvRx2-Cda47Nir9w
someone,1646358552341,3,42956,39727,128868,7.666666666666667,0,23,23,1,344,SUCCESS,128868,OPEN,0xwBkwwtQQiPK6FaHkBV8Q
F1-Junkies,1646168271023,3,42997,42728,128992,8.0,0,24,24,1,345,SUCCESS,128992,OPEN,NfM76awvRCqyc2hrFc7sOw
BoltronRacingTeam,1646111540233,3,43155,36993,129467,5.0,0,15,15,1,346,SUCCESS,129467,OPEN,Lkrg6gQPQ5qwn61K16MHhg
Riolu,1646094748838,3,43311,40468,129934,6.666666666666667,0,20,20,2,347,SUCCESS,129934,OPEN,5uT4nmOrSdWr814lPIdrGg
AS-0905,1646191012503,3,43531,41068,130594,3.3333333333333335,0,10,10,7,348,SUCCESS,130594,OPEN,ccMzj_R6RrO6u5opwYhX8g
CyberneticCharacter#4936,1646102706879,3,43618,42594,130856,0.0,0,0,0,1,349,SUCCESS,130856,OPEN,yIK27QZLTw21Csb0n-D5uQ
NullVariable#4663,1646123603151,3,43731,41533,131193,3.6666666666666665,0,11,11,2,350,SUCCESS,131193,OPEN,nqKses2CTZCHDlZ-mgG_Tg
Bev-R-2-2022#Absa,1646246219789,3,44001,35931,132004,6.333333333333333,0,19,19,3,351,SUCCESS,132004,OPEN,Vg159ovMSlScFeudtlrSgQ
shivan,1646111914205,3,44354,41666,133062,0.6666666666666666,0,2,2,2,352,SUCCESS,133062,OPEN,csyUntZuQ92T_nJ1j6GM0Q
SecureLog#3284,1647266393708,3,44510,43138,133532,0.0,0,0,0,2,353,SUCCESS,133532,OPEN,Mx6-QV1hSW-YSUvOH8yf4g
ironbarrel1,1647537794250,3,44513,37319,133541,2.3333333333333335,0,7,7,1,354,SUCCESS,133541,OPEN,fA5ouejXTLCuhHHUaHavEw
QualifiedDataset#4459,1646353899792,3,45156,43400,135469,8.333333333333334,0,25,25,3,355,SUCCESS,135469,OPEN,YrdecWKiQzCgFitjrtz_tw
FrecciaWuMo,1646143933791,3,45197,44530,135593,0.0,0,0,0,2,356,SUCCESS,135593,OPEN,c761c0ed217a4b7eb374bQ
BrainyCallback#6143,1646192944631,3,45216,44463,135648,0.0,0,0,0,1,357,SUCCESS,135648,OPEN,S7w3Ijv4SEyxlpLN8G6R-Q
NullDescriptor#6803,1646306381614,3,45221,40733,135664,5.333333333333333,0,16,16,1,358,SUCCESS,135664,OPEN,348clFdVR0yIq9heL6YC1w
Alwin7704,1646153491368,3,45262,39993,135786,3.6666666666666665,0,11,11,3,359,SUCCESS,135786,OPEN,lgQ8UvLrSIKeegbRRUFy6A
ShangChenKuo,1646100662082,3,45397,40396,136191,6.666666666666667,0,20,20,3,360,SUCCESS,136191,OPEN,u6BeTwNQQRmmApxoSDGDVQ
TS22-admin,1647531489961,3,45398,45138,136194,0.0,0,0,0,3,361,SUCCESS,136194,OPEN,uAKaD-BhS8uVOipW6FMAVA
ComplicatedPointer#5569,1646351587969,3,45428,35463,136286,5.0,0,14,15,12,362,SUCCESS,136286,OPEN,xNbJubtNTDKlzzAH0ndHDw
Ajaykrishna,1646352881083,3,45552,41735,136656,2.0,0,6,6,5,363,SUCCESS,136656,OPEN,bWfsIZTTQx2u-PIGklmtgg
ImmutableBrackets#5988,1646751848444,3,46198,45601,138594,0.0,0,0,0,1,364,SUCCESS,138594,OPEN,KH8rPf2WS5-F6qQvrzPGZA
KingShredder91,1646197623697,3,46399,41524,139199,2.0,0,6,6,2,365,SUCCESS,139199,OPEN,yYVRyqF1S2Kb4TlaiSajbg
PythonSequence#1384,1646131315494,3,46708,45802,140125,0.0,0,0,0,3,366,SUCCESS,140125,OPEN,RasbLyUTQNup6iq5UFuSig
HelpfulBrackets#1038,1646196534057,3,46731,44862,140195,0.3333333333333333,0,1,1,1,367,SUCCESS,140195,OPEN,LJvZH-qGR6-42tKF83F5dQ
CyberneticClass#4679,1646827674691,3,46774,31668,140324,9.0,0,27,27,4,368,SUCCESS,140324,OPEN,4Kt_gkTRQtifo5iUZg1s1w
HashableVariable#2008,1646625131528,3,46999,45458,140997,0.3333333333333333,0,1,1,2,369,SUCCESS,140997,OPEN,z3BozIahQmezteaX6ug_EA
ComplicatedModel#0566,1646428286242,3,47109,46662,141329,0.0,0,0,0,3,370,SUCCESS,141329,OPEN,NKydiNbZRFaBqXdy0fxKSg
UsableTester#8592,1646353789066,3,47561,40198,142683,9.0,0,27,27,3,371,SUCCESS,142683,OPEN,z3GiGKNlRxiUnZU8EiCdTw
Brigham,1646110444283,3,47728,47338,143186,1.0,0,3,3,3,372,SUCCESS,143186,OPEN,Q18ipj8rSzGWV3mHchpTcA
MemoryPatch#1371,1647510322486,3,47884,47599,143652,0.0,0,0,0,1,373,SUCCESS,143652,OPEN,ue84IB3XT325PaUn5frwTg
Stuff#0101,1646214599368,3,47952,34317,143856,8.0,0,24,24,6,374,SUCCESS,143856,OPEN,BexJMusHSqmSz7qTcwM5zA
Damascus,1646354681655,3,48085,41860,144257,3.6666666666666665,0,11,11,1,375,SUCCESS,144257,OPEN,XKrOwe2jQxq9IdZxWNrJvw
CriticalTag#3326,1646686825507,3,48091,47926,144274,0.0,0,0,0,6,376,SUCCESS,144274,OPEN,MEiRC3lTSWm76ZRVSqkhWQ
AgileTech#9126,1646119968618,3,48105,44269,144317,8.0,0,24,24,2,377,SUCCESS,144317,OPEN,TPo68x3rRo2iaqz1lGsy2Q
QualitySandbox#0000,1646131305237,3,48297,44617,144892,7.333333333333333,0,22,22,1,378,SUCCESS,144892,OPEN,KOBZpa2jRhqzmEWCl7w9oQ
ImmutableDebugger#5277,1646724049110,3,48367,43459,145102,6.333333333333333,0,19,19,1,379,SUCCESS,145102,OPEN,RVIHKlviQMGKS2ItZJJKmA
TechnicalScript#8585,1646499545219,3,48598,46257,145796,2.6666666666666665,0,8,8,1,380,SUCCESS,145796,OPEN,wFtHCjCgQUujkRfpwua55w
FormulaicBottleneck#9384,1646127127809,3,49202,41605,147607,6.666666666666667,0,20,20,2,381,SUCCESS,147607,OPEN,dx57HMslTqW3URjW9oVZSQ
AsynchronousComment#0278,1647617495512,3,49419,49135,148259,0.0,0,0,0,1,382,SUCCESS,148259,OPEN,WAn_XewtQQqwaRmrAxohhg
Marco-Buss,1646832016379,3,49751,45053,149253,6.333333333333333,0,19,19,2,383,SUCCESS,149253,OPEN,w8Uff2rWQ5qh-8R7rpEcQw
granite,1646130647472,3,49885,45456,149656,6.333333333333333,0,19,19,1,384,SUCCESS,149656,OPEN,3GJKtXXTRS-aUO-e1saBfg
Dolphin-DNPds,1646107530336,3,49955,44271,149865,8.666666666666666,0,26,26,1,385,SUCCESS,149865,OPEN,btC_8cWwQoGQwFZKwxyuRQ
Soleepow,1646190397986,3,50086,43868,150260,9.666666666666666,0,29,29,2,386,SUCCESS,150260,OPEN,dJ3hXoEZTsCBURh4n2jtBQ
UnicodeSlice#9204,1646193066278,3,50198,47400,150596,2.3333333333333335,0,7,7,3,387,SUCCESS,150596,OPEN,krmoYFSvTd2-FIeYPcoscg
TabletDataset#3651,1646102740802,3,50575,50463,151727,0.0,0,0,0,2,388,SUCCESS,151727,OPEN,Z8-WBPW_SDyN9O5BmdgBIg
RecursiveNode#1938,1646127224484,3,50593,46449,151779,3.3333333333333335,0,10,10,2,389,SUCCESS,151779,OPEN,I4RSRhh8RH-QVXM-RLJ63g
IceManNCSU,1646232177715,3,51045,49404,153135,3.6666666666666665,0,11,11,1,390,SUCCESS,153135,OPEN,3a7d947b99fb49f682909Q
HW,1646117715990,3,51085,49266,153257,0.3333333333333333,0,1,1,1,391,SUCCESS,153257,OPEN,rvGCYZfYSJOl6m69q1RTOw
WFG-SeanL,1646154741805,3,51563,49267,154691,3.6666666666666665,0,11,11,2,392,SUCCESS,154691,OPEN,nfnqHBm1TsuH2Hli0uMeSg
IntelligentDeadline#4489,1646471226783,3,51638,42539,154916,7.333333333333333,0,14,22,1,393,SUCCESS,154916,OPEN,C3R0xjgNSImeINkJbWvL9g
UrgentBrackets#9595,1646749444863,3,51864,51462,155592,0.0,0,0,0,1,394,SUCCESS,155592,OPEN,HKfpRcoYRDKWBu9fN80DXg
DigitalBottleneck#5591,1647372360075,3,51951,51538,155854,0.0,0,0,0,3,395,SUCCESS,155854,OPEN,-Wdlm06HSmeyjIbZNOv8jQ
AtomicGrid#6384,1646498049285,3,51952,51197,155857,0.0,0,0,0,1,396,SUCCESS,155857,OPEN,PeATmbp1SMKf2cHUxiFyXA
yoonian,1646638860232,3,52265,25666,156795,7.666666666666667,0,23,23,1,397,SUCCESS,156795,OPEN,BOckVwj6QLiXaM8yW_1sOg
GammaSlice#0634,1646353474362,3,52779,43998,158339,5.333333333333333,0,16,16,3,398,SUCCESS,158339,OPEN,yOXAB7u0Qyu7xwZVMDuY4A
MechanicalTester#9654,1646152750638,3,52842,49136,158526,0.0,0,0,0,5,399,SUCCESS,158526,OPEN,IVl6_omQTFmWDpxHjzQXWQ
VariableBraces#6958,1647659615112,3,53219,53061,159658,0.0,0,0,0,1,400,SUCCESS,159658,OPEN,24VBocfTQVCpFqEva9cc-g
GammaFunction#8165,1646894995076,3,53419,53071,160259,0.0,0,0,0,1,401,SUCCESS,160259,OPEN,suQSauTjQ_GJdqUDDwMNjQ
SquareInterface#7461,1647263826434,3,53420,53329,160262,0.0,0,0,0,1,402,SUCCESS,160262,OPEN,JwpmEFJ6R9eufxpU-K35PQ
IntelligentBreaker#4775,1646730390879,3,53524,53450,160573,0.0,0,0,0,2,403,SUCCESS,160573,OPEN,RwIl89MKQ3SJfdHqfUVZGg
AsynchronousRequirements#1377,1646773566987,3,53552,49934,160657,7.333333333333333,0,22,22,4,404,SUCCESS,160657,OPEN,N6OzH-WqSiKNSlnJu3FN2Q
SequentialResource#3383,1647272648371,3,53775,51797,161325,0.3333333333333333,0,1,1,1,405,SUCCESS,161325,OPEN,YGHd4b-qQ16Zag9OCb5TAw
Formulaic486#5028,1647224536465,3,53797,53267,161393,0.0,0,0,0,1,406,SUCCESS,161393,OPEN,4IfPdduVQTSApMLTqkmjrg
RecursiveArgument#9774,1646142995325,3,53952,50391,161858,5.0,0,15,15,2,407,SUCCESS,161858,OPEN,oEJfIXqdRHyC63mAUSMBCw
jakebark,1646302184930,3,54044,53929,162133,0.0,0,0,0,1,408,SUCCESS,162133,OPEN,WhIutgfPRA6HFuVE1ejSsw
Shiyang,1647436260991,3,54152,51190,162456,2.3333333333333335,0,7,7,8,409,SUCCESS,162456,OPEN,krocWJquTiKb7J4bEpXbtQ
Danielson33,1646240957075,3,54441,54132,163325,0.0,0,0,0,4,410,SUCCESS,163325,OPEN,ZgXKt6ZpSyyfRh28CVcNLg
UsableString#5087,1646808071976,3,54443,54270,163329,0.0,0,0,0,1,411,SUCCESS,163329,OPEN,z4hmHa5XTVuY0DiuM7ZU9A
InfinitePointer#2477,1647397570681,3,54507,54266,163522,0.0,0,0,0,1,412,SUCCESS,163522,OPEN,zuHtwix_T_amRf1R-SRHQg
FOXedu,1646207192411,3,54728,53054,164184,0.6666666666666666,0,2,2,3,413,SUCCESS,164184,OPEN,XXobwnAyRsmCvHfekbaqqQ
NumericSemicolon#2942,1646206120344,3,54995,54863,164985,0.0,0,0,0,2,414,SUCCESS,164985,OPEN,din_H3-PRjqfga04e2NqUg
MachineSemicolon#7702,1647165486203,3,54997,53666,164991,0.3333333333333333,0,1,1,1,415,SUCCESS,164991,OPEN,_PNmU-5pQkuETCDQpgaG-g
ItzKyranAng,1646200442572,3,55108,54647,165326,0.0,0,0,0,3,416,SUCCESS,165326,OPEN,lZ59tBnhTTKf-2zdTSiFxQ
Yuhongma,1647495849640,3,55197,53798,165591,0.0,0,0,0,2,417,SUCCESS,165591,OPEN,47SmhE2xRXmc4rxBh9gNtA
Sk0,1646369196743,3,55199,52931,165598,2.0,0,6,6,2,418,SUCCESS,165598,OPEN,PbQFXHyqRs2zCOGdDMarMw
MachineSpec#6899,1646106048436,3,55283,50796,165851,0.3333333333333333,0,1,1,2,419,SUCCESS,165851,OPEN,InHTUwenRH-ZBs6UkCMBgQ
NumericError#0823,1646106208075,3,55374,53534,166122,0.0,0,0,0,1,420,SUCCESS,166122,OPEN,rBs7DgrXSDmh6l3NuLcMmQ
sanje,1646757285517,3,55687,55541,167061,0.0,0,0,0,1,421,SUCCESS,167061,OPEN,4WIhzZlXQnmLIz1EiGbb8g
DigitalBooster#4618,1646240181730,3,55870,51418,167612,10.333333333333334,0,31,31,3,422,SUCCESS,167612,OPEN,0ZLarzk6S16RSGTBsHmc5w
ConnectedDataset#6453,1646387851991,3,55932,55665,167797,0.0,0,0,0,1,423,SUCCESS,167797,OPEN,CzegsNjkT8ujRO50MaaxLg
UrgentComment#1154,1647549597136,3,56221,55671,168664,0.0,0,0,0,1,424,SUCCESS,168664,OPEN,YccZQQNtQxS5MR77k7W0yw
TestableDataset#6176,1646353549775,3,56242,55593,168728,0.0,0,0,0,1,425,SUCCESS,168728,OPEN,OAkPTIlRRU2iIRn5-FJPxA
StructuredExpression#7058,1647312988385,3,56285,56131,168856,0.0,0,0,0,3,426,SUCCESS,168856,OPEN,3vkqWElrQjWgHPTIhzQ-mA
UpgradedError#4261,1646849756712,3,56307,55459,168922,0.0,0,0,0,1,427,SUCCESS,168922,OPEN,JUYhfD3dRBm853kTtLw3Xg
VirtualSpec#2658,1646899540448,3,56310,55934,168930,0.0,0,0,0,1,428,SUCCESS,168930,OPEN,ZZZDKnanS3K8YwbXbKmVtQ
AsynchronousTheory#6885,1647405677835,3,56331,56198,168993,0.0,0,0,0,1,429,SUCCESS,168993,OPEN,rkOBimZdQsCljopYBvYh7A
ARyan,1646111980566,3,56531,56464,169593,0.0,0,0,0,1,430,SUCCESS,169593,OPEN,9jBOe2brS7ylyiuaWQ83Hw
FinitePointer#2465,1646943557208,3,56619,55932,169859,0.0,0,0,0,1,431,SUCCESS,169859,OPEN,6Ve4kwZTSCqjyU2pXqQV4g
HelpfulBuster#0002,1646420277216,3,56620,56070,169861,0.0,0,0,0,2,432,SUCCESS,169861,OPEN,oFSF5gbbQfuRYvm_DUxDpw
LeetSemicolon#1239,1646433069789,3,56753,56665,170260,0.0,0,0,0,1,433,SUCCESS,170260,OPEN,WbR4n79qSMuUKjpD6q1u2Q
CyberneticAbstraction#4815,1646545945952,3,56820,47860,170460,8.0,0,24,24,7,434,SUCCESS,170460,OPEN,Xzhn_7igS5ys2PNF4Wd2TQ
PrimeArray#5410,1646102735644,3,56821,55932,170464,0.0,0,0,0,1,435,SUCCESS,170464,OPEN,38uUQzIrRn2nZkS6bwlhBA
TabletCoder#6112,1647455483970,3,57019,56932,171059,0.0,0,0,0,33,436,SUCCESS,171059,OPEN,-kzVlKQiT429HbM0l0gBZg
SecureNotation#0868,1646490240661,3,57174,56066,171524,0.3333333333333333,0,1,1,4,437,SUCCESS,171524,OPEN,Yxl1SY2MRLeFTmri1TorYg
ProgrammingLog#4933,1647540259760,3,57176,56998,171529,0.0,0,0,0,1,438,SUCCESS,171529,OPEN,3a08T5S1TWaYNlE25vWt8Q
NeuralTheory#0315,1647477382572,3,57199,56526,171597,0.0,0,0,0,1,439,SUCCESS,171597,OPEN,tDPY8u4SSgCdnTk1zuNHjw
FungibleTest#7579,1646403381406,3,57288,56876,171864,0.0,0,0,0,2,440,SUCCESS,171864,OPEN,id5mqStrQO2s4XzjvaLB4g
PrototypeBuster#9016,1646679221582,3,57313,56669,171939,0.0,0,0,0,5,441,SUCCESS,171939,OPEN,m4_jnEj-Rzq2JP9OKbYV3Q
BooleanDigit#3240,1646188561076,3,57331,56930,171993,0.0,0,0,0,1,442,SUCCESS,171993,OPEN,hPDI8PFPRmC6ZC9Z2SV4mA
Bogatron,1646143668277,3,57354,55002,172062,10.333333333333334,0,31,31,1,443,SUCCESS,172062,OPEN,NRmKCsLqTGe5zzPT1nm9uw
ProgrammingNumber#8472,1647380773593,3,57443,57268,172329,0.0,0,0,0,1,444,SUCCESS,172329,OPEN,AWw_uxliTn6d5Tmq3zSE9Q
DeepDebugger#8536,1647608019542,3,57531,57469,172593,0.0,0,0,0,6,445,SUCCESS,172593,OPEN,ZCibmQYqTe68xfop1TTY2A
FungibleClass#1132,1647279541730,3,57621,57597,172864,0.0,0,0,0,3,446,SUCCESS,172864,OPEN,8KIYyEHHQp67_WFs1Ia6SA
Brooke-Bytes,1646454004690,3,57729,56846,173187,0.0,0,0,0,4,447,SUCCESS,173187,OPEN,iX0-t9vMQXCIfdyNUM9qwA
InteractiveTest#9670,1646111783724,3,57774,57535,173324,0.0,0,0,0,3,448,SUCCESS,173324,OPEN,GpzFal25TpGzzwUxyOH7bw
ComplicatedBuster#2515,1647553847299,3,57840,56597,173522,0.0,0,0,0,1,449,SUCCESS,173522,OPEN,Amzmgm2hTcuVo5lBXUrLQw
pihlung,1647469444110,3,57887,57803,173663,0.0,0,0,0,3,450,SUCCESS,173663,OPEN,nPLA6qLpTjegp1POlAmljQ
ConnectedByte#6363,1647625528837,3,57950,57802,173852,0.0,0,0,0,3,451,SUCCESS,173852,OPEN,mUIBp7z7SgCdqw5Yr9tHqg
Zero-dayDiff#7380,1646196503356,3,57952,43666,173857,2.6666666666666665,0,8,8,1,452,SUCCESS,173857,OPEN,e8XfzZYJTlWHAW0SoJc2AQ
BrainyScope#1510,1647477415766,3,57953,56395,173859,0.0,0,0,0,1,453,SUCCESS,173859,OPEN,2CAl5tFiR4KOZ24OTR6xIw
FocusedDescriptor#9794,1646857211447,3,57959,55133,173878,9.0,0,27,27,2,454,SUCCESS,173878,OPEN,uSM8uQg5QZqWv2f9fpEHHQ
ComplexEnvironment#9784,1646187802831,3,57974,55524,173922,0.3333333333333333,0,1,1,2,455,SUCCESS,173922,OPEN,IHmw_7LmSHSMUnw0AWoAdw
MechanicalContext#6873,1647281476807,3,58019,57389,174058,1.0,0,3,3,2,456,SUCCESS,174058,OPEN,VhSIVg5US0a_ddX5e-7Fzg
MachineDataset#2666,1647674448210,3,58085,56863,174257,1.3333333333333333,0,4,4,1,457,SUCCESS,174257,OPEN,-hJHwm1IQuWT6E10ELYAVg
2ShiningStars,1647588244572,3,58131,57802,174393,0.0,0,0,0,2,458,SUCCESS,174393,OPEN,Hw_dJX-XQxaOQnS4pkH5Kg
GenerativeArchitect#8080,1646374852860,3,58218,57996,174654,0.0,0,0,0,3,459,SUCCESS,174654,OPEN,hDJ2Ce9_TtWuw-TBq-t6gA
PrimeSemicolon#1458,1646119220826,3,58265,56267,174796,0.6666666666666666,0,2,2,1,460,SUCCESS,174796,OPEN,Lv6I-kLTQQepKkPnUVIDhw
CrypticParameter#6233,1646808179980,3,58332,58195,174998,0.0,0,0,0,2,461,SUCCESS,174998,OPEN,NjnY73ZEQjq8FNEz42Rvng
ReferenceSystem#0884,1646120487122,3,58355,57864,175065,0.0,0,0,0,3,462,SUCCESS,175065,OPEN,Vx_B9TIST7-dl1UGqxlx0g
HelpfulNotation#6961,1646434480968,3,58398,58330,175194,0.0,0,0,0,2,463,SUCCESS,175194,OPEN,fVWU5WqDSkmgbEuP7XQMOg
SecureGrid#4884,1646217622691,3,58405,55934,175215,0.6666666666666666,0,2,2,1,464,SUCCESS,175215,OPEN,G-DRx5EMTeK8OvEnMx_RSw
Dirtlyse-DevelopersIO,1646296354368,3,58445,58257,175336,0.0,0,0,0,3,465,SUCCESS,175336,OPEN,yz-uq5hoSQek3I_1Sm3Ahw
MobileGame#3887,1646927751681,3,58464,58396,175392,0.0,0,0,0,1,466,SUCCESS,175392,OPEN,AIwdexJZT_mrH7NA2__RPQ
VariableMethod#6825,1646222515754,3,58551,47401,175655,3.3333333333333335,0,10,10,1,467,SUCCESS,175655,OPEN,mceNXg5YRPyjs4hcVLOdPw
FocusedSpec#5356,1647572099555,3,58597,58529,175793,0.0,0,0,0,1,468,SUCCESS,175793,OPEN,msGE4Q90TU2Ci7EoO_vkRQ
FungibleMachine#2726,1647592090627,3,58705,58326,176115,0.0,0,0,0,5,469,SUCCESS,176115,OPEN,4vekvGf_TReCPhkO24YLSw
HeadlessDriver,1647610104704,3,58709,58599,176128,0.0,0,0,0,1,470,SUCCESS,176128,OPEN,373591b12827454e92563w
AgileArgument#8073,1646996871087,3,58820,54272,176461,1.6666666666666667,0,5,5,1,471,SUCCESS,176461,OPEN,VTPaRLG2TBKfcPGtuElXOw
AgileToken#7081,1646684426352,3,58907,56728,176722,0.6666666666666666,0,2,2,8,472,SUCCESS,176722,OPEN,-jyTnsgbTI6TvYIsdD7wGw
WinnerWinnerChickenDinner,1646245644833,3,58908,58801,176724,0.0,0,0,0,1,473,SUCCESS,176724,OPEN,84fa8bc916814a97997bbQ
UpdatedConsole#2575,1647571320306,3,58909,58475,176727,0.0,0,0,0,1,474,SUCCESS,176727,OPEN,IkwbkYuHR8GZBo2p0nuZrw
ImportantDebugger#0440,1646112543295,3,58950,58596,176852,0.0,0,0,0,2,475,SUCCESS,176852,OPEN,VE8gQebsQPmTk1Ew9-v4pQ
RegisteredNick-gurh69all,1646353891428,3,58953,58336,176861,0.0,0,0,0,1,476,SUCCESS,176861,OPEN,mK6PD1JST8SwtHHgKDtItQ
InfiniteTable#7792,1646982639743,3,59042,59004,177127,0.0,0,0,0,1,477,SUCCESS,177127,OPEN,OEgHMH3-SI2hsAybvSdA4g
UpdatedExpression#3696,1646387551990,3,59152,58660,177456,0.0,0,0,0,1,478,SUCCESS,177456,OPEN,KPqbXn8wS5W37SOf-njCrg
DesktopMachine#0659,1647412125501,3,59153,59127,177461,0.0,0,0,0,1,479,SUCCESS,177461,OPEN,CT213tzzTNmr4JSiJ9-LxA
IterableAbstraction#4842,1647477959312,3,59153,58928,177461,0.0,0,0,0,1,480,SUCCESS,177461,OPEN,Iq37dru5T4W_fG4m_JmUYQ
CodeShell#7378,1647041413614,3,59243,58803,177729,0.0,0,0,0,1,481,SUCCESS,177729,OPEN,-WPC7uAoRPCPu1vZoCVobQ
AlphaArgument#2023,1647390812775,3,59351,58462,178053,0.0,0,0,0,1,482,SUCCESS,178053,OPEN,i52ZWuryTtuEPZb7PbeNGQ
ProvisionalParameter#4374,1647267153577,3,59446,59200,178338,0.0,0,0,0,2,483,SUCCESS,178338,OPEN,-Dwxp_GeQGGCX1n8t7SSQA
NullLog#9807,1646196313788,3,59485,58933,178457,0.0,0,0,0,1,484,SUCCESS,178457,OPEN,_vFjHZhRQ9qpjo_moTyKTg
CurlyBooster#6207,1647160912383,3,59553,58866,178660,0.0,0,0,0,1,485,SUCCESS,178660,OPEN,QqU2EMsPTR2kMWHZVNEQzw
LeetOrder#0058,1646117351849,3,59575,59332,178726,0.0,0,0,0,3,486,SUCCESS,178726,OPEN,kIuU4EqiQzCGi1TPcGvKZA
RobotExpression#4015,1646236262079,3,59598,56535,178794,0.6666666666666666,0,2,2,2,487,SUCCESS,178794,OPEN,HbIXs_8ATdWO9yEqdI2FXA
ChrisRandValPSchonfeld2022,1647442782478,3,59642,59532,178926,0.0,0,0,0,1,488,SUCCESS,178926,OPEN,hO6ZY17xSTeFy82LNHtE4A
BlockchainPresentation#9894,1646765481863,3,59682,59338,179047,0.0,0,0,0,2,489,SUCCESS,179047,OPEN,W8O9oKy0RTajn5Lcpwgs2w
ImportantNumber#5198,1646689436170,3,59686,59200,179059,0.0,0,0,0,1,490,SUCCESS,179059,OPEN,g6064EQiRwGUk3mGRbjO4Q
DesktopCircuit#3381,1647170231774,3,59731,59542,179193,0.0,0,0,0,1,491,SUCCESS,179193,OPEN,Uees0tc-TB2yGzxH8DHnQg
RogueGalaxy,1646934904109,3,59731,58329,179195,11.666666666666666,0,35,35,1,492,SUCCESS,179195,OPEN,44fhiYexSKSaoVMHPjQPpw
AsynchronousArithmetic#2956,1646098209788,3,59864,59666,179593,0.0,0,0,0,1,493,SUCCESS,179593,OPEN,oqVtjBX0R6atYILFZp8rIg
LU-Matt-TTM-v1,1647136700112,3,59929,57802,179789,0.0,0,0,0,28,494,SUCCESS,179789,OPEN,jwRe1QkMQa-447Knhs6rkw
RecursiveTable#0780,1646258573814,3,59931,59542,179795,0.0,0,0,0,2,495,SUCCESS,179795,OPEN,zdR2_52-TwOjpKKw3A93og
ProgrammingModel#7795,1647266810053,3,59976,59458,179929,1.0,0,3,3,1,496,SUCCESS,179929,OPEN,Gqn3Hc6NTSuGD1rM2JF_KQ
ASCIILanguage#0008,1646267879672,3,59977,59601,179932,0.0,0,0,0,1,497,SUCCESS,179932,OPEN,2wUsVlMuTVuFkXK8J1RzdA
CyberneticAbstraction#1283,1647303922775,3,59997,59665,179992,0.0,0,0,0,1,498,SUCCESS,179992,OPEN,gnwKtgsiT_qU1BcUDOK-oQ
CodeDataset#6241,1647659599141,3,60063,59199,180191,0.0,0,0,0,1,499,SUCCESS,180191,OPEN,EV0Smfn-SX6nt2gis0Oqew
SecureLoop#5129,1647624141124,3,60083,59931,180249,0.0,0,0,0,1,500,SUCCESS,180249,OPEN,nrCmTb8KRZeI1nDevB4eUA
UpdatedPatch#7027,1647337027956,3,60174,59936,180523,0.0,0,0,0,1,501,SUCCESS,180523,OPEN,XQR5-RgxSHyTbC0FxSuBvg
DraftBraces#1852,1646639137424,3,60196,58519,180589,0.3333333333333333,0,1,1,2,502,SUCCESS,180589,OPEN,Z8ay01WeSEStq7lBWYx-8g
WebPoint#3750,1646350971440,3,60198,60067,180594,0.0,0,0,0,1,503,SUCCESS,180594,OPEN,o-nFUhneQZevp7ytES991A
rfbunker-AWS,1646934967421,3,60198,56867,180594,0.6666666666666666,0,2,2,1,504,SUCCESS,180594,OPEN,905ac15d6f2c46809df60w
FlosRacers,1647039704767,3,60240,59593,180721,0.0,0,0,0,4,505,SUCCESS,180721,OPEN,8f3c3c0d3cd64c55b6165Q
JasonHon,1647574282730,3,60286,59455,180858,0.0,0,0,0,1,506,SUCCESS,180858,OPEN,cxXlqQ3ERNmJzVTju75htQ
UnboundState#6116,1646828726868,3,60374,59991,181122,0.0,0,0,0,3,507,SUCCESS,181122,OPEN,QwDCdp4hQFmW5577g2dsrA
UrgentUpdate#6725,1646775649986,3,60374,59731,181124,0.0,0,0,0,1,508,SUCCESS,181124,OPEN,sjIcem8SQSaCRiBAZQi4zg
Shadows-Joshua,1646097023133,3,60488,59800,181464,0.3333333333333333,0,1,1,1,509,SUCCESS,181464,OPEN,pCMGnyx8RoGuQ6JfyyZF5w
CyberneticLambda#8229,1646975413066,3,60641,60532,181925,0.0,0,0,0,1,510,SUCCESS,181925,OPEN,G6WNWBzFSs6lQT4F0wTKrw
Slowking,1646353723960,3,60686,59320,182059,0.0,0,0,0,1,511,SUCCESS,182059,OPEN,UgLdpaFHS9ei1V0SABefQw
BlockchainInterface#4560,1646106024307,3,60687,58471,182062,0.0,0,0,0,1,512,SUCCESS,182062,OPEN,4_dIyvDcSimhDGImobtV_Q
Solvable486#1167,1646112614084,3,60866,59997,182598,0.0,0,0,0,1,513,SUCCESS,182598,OPEN,1JJZgL6VSTKIBm0MLWqQGw
StructuredLambda#5930,1647189463262,3,61086,61053,183258,0.0,0,0,0,1,514,SUCCESS,183258,OPEN,9DOr1XgOTSGCFm6ram4swA
Bozo,1646200359023,3,61174,60596,183524,0.0,0,0,0,2,515,SUCCESS,183524,OPEN,wEr85MNjROSjcaci5ZwoQA
OldTimer,1647655044003,3,61265,60136,183796,0.0,0,0,0,1,516,SUCCESS,183796,OPEN,eHE1sibbSeOI60rrseLrVw
ProcessingMethod#2378,1647477751818,3,61286,61069,183858,0.0,0,0,0,1,517,SUCCESS,183858,OPEN,jX4N7BxaQdWhkme_Q8RPxQ
AsynchronousScope#8898,1647611770387,3,61327,60931,183982,0.0,0,0,0,1,518,SUCCESS,183982,OPEN,U99muExOSLuTIj-ML7shFQ
Nishant-DeepRacer,1647143082794,3,61375,61263,184126,0.0,0,0,0,1,519,SUCCESS,184126,OPEN,cBsrvn7bS7KD7h_Fhgg8pw
CodeAnalyst#7421,1646196182547,3,61464,59920,184393,0.0,0,0,0,1,520,SUCCESS,184393,OPEN,2yVzYRHfSYaah3f32FcrOA
UpdatedSchema#4289,1646373083954,3,61509,60466,184527,1.3333333333333333,0,4,4,2,521,SUCCESS,184527,OPEN,nn1_dx8JT5Si-S6ffn3JBA
BackloggedClass#9756,1646097216585,3,61565,59925,184696,0.3333333333333333,0,1,1,3,522,SUCCESS,184696,OPEN,y-OYIADjSBWQ8xCcUWLcIg
BooleanLog#5879,1646322729810,3,61618,57990,184856,1.0,0,3,3,3,523,SUCCESS,184856,OPEN,0P-YmAthQqiKr9OH9rJybg
Passing486#1405,1646112879322,3,61662,61070,184986,0.0,0,0,0,3,524,SUCCESS,184986,OPEN,CA64johcT0OjM3x6mGSvxg
AbstractTest#4837,1646210262504,3,61798,60336,185396,0.0,0,0,0,3,525,SUCCESS,185396,OPEN,r-CDvjoQTbiNWa8NWcErSg
TechnicalAttention#1380,1646811121187,3,61996,61869,185990,0.0,0,0,0,1,526,SUCCESS,185990,OPEN,zS08iNW4SCafaWK6ffCY5Q
MachineLanguage#6793,1646293905043,3,62220,61675,186661,0.0,0,0,0,1,527,SUCCESS,186661,OPEN,CYPD-prWTi2vow-7kjkZZg
DigitalClass#2616,1646639130700,3,62264,61995,186793,0.0,0,0,0,1,528,SUCCESS,186793,OPEN,jcKDINoETAOSOEnMBTbs1Q
DigitalDescriptor#2479,1646118171568,3,62351,61664,187054,0.0,0,0,0,1,529,SUCCESS,187054,OPEN,5lS5nZRaT7Gdpd11HU7-iA
ProvisionalCircuit#2205,1647287163055,3,62352,62001,187057,0.0,0,0,0,1,530,SUCCESS,187057,OPEN,9eT4wdTCQjG96N-wB1CL-Q
ProgrammingHacker#5824,1646600015625,3,62444,61998,187334,0.0,0,0,0,4,531,SUCCESS,187334,OPEN,VzHo-nK_RSy5zHdeBqz9PA
DigitalResource#4018,1646765160119,3,62488,61866,187464,0.0,0,0,0,2,532,SUCCESS,187464,OPEN,TX2zsk73Ty6bLsbhxkbfNA
IterativeLoop#7013,1646312945450,3,62496,60725,187489,0.3333333333333333,0,1,1,1,533,SUCCESS,187489,OPEN,kZemLb3XS1mZrgksq0LodQ
SecureNetwork#9302,1646358243455,3,62530,61069,187592,1.3333333333333333,0,4,4,1,534,SUCCESS,187592,OPEN,mnOSDnr2S_O0U2xE9-6Hsg
StructuredTag#3856,1647477942134,3,62532,62267,187597,0.0,0,0,0,1,535,SUCCESS,187597,OPEN,9SPn9gtfSHueu7iA_sx6gg
FuturisticSandbox#0863,1647477966753,3,62665,62532,187995,0.0,0,0,0,1,536,SUCCESS,187995,OPEN,3WPQdQM1R-Ga4b1DCgYvMQ
atouteberzingue,1646094314128,3,62687,58526,188063,2.6666666666666665,0,8,8,1,537,SUCCESS,188063,OPEN,8rGCph2rS9uk-H4kVkyalg
JavaHypothesis#4049,1646112966370,3,62775,62469,188327,0.0,0,0,0,1,538,SUCCESS,188327,OPEN,Qj3vOTpDTs6sSyymX2fZUA
CrypticExpression#2891,1646116310213,3,62820,62398,188462,0.0,0,0,0,1,539,SUCCESS,188462,OPEN,17eamdncTeuiUyQdvk6XiA
SequentialNumber#8733,1646196556910,3,62823,61476,188469,0.0,0,0,0,3,540,SUCCESS,188469,OPEN,tt2MgTZ9Tq6CjtR_GATEUQ
CleanAnalyst#8535,1646777576582,3,62840,62397,188521,0.0,0,0,0,4,541,SUCCESS,188521,OPEN,EWRyLTpTROqdqRLfD0rEPg
FTP,1647271248655,3,62865,61004,188596,0.6666666666666666,0,2,2,1,542,SUCCESS,188596,OPEN,MQ-qkAXgR9a33kTVQgl91w
ConnectedEngineer#4553,1646211423174,3,62909,61466,188729,1.0,0,3,3,2,543,SUCCESS,188729,OPEN,ub0stdkFQXOfGUxjA2UrFQ
ProgrammingPoint#4759,1647390888446,3,62976,62736,188930,0.0,0,0,0,1,544,SUCCESS,188930,OPEN,01WpMbs9TGiTTnZTJ2H4Wg
IterativeDescriptor#9358,1647390813104,3,62997,62937,188992,0.0,0,0,0,1,545,SUCCESS,188992,OPEN,ba6qDjeFRzqXKQFoeSyj7A
PegionDat,1647533687169,3,63017,62795,189051,0.0,0,0,0,1,546,SUCCESS,189051,OPEN,bXSqSR1hSHKXwOfiXUMPnA
dengliping,1647440738771,3,63017,60795,189051,0.6666666666666666,0,2,2,1,547,SUCCESS,189051,OPEN,cxWoFLkFTbCVX6X_le2MYw
BrainyMachine#0080,1646187993038,3,63152,62143,189457,0.0,0,0,0,3,548,SUCCESS,189457,OPEN,rMVLAZRQSuG4ie9ivw3vTQ
DigitalCommand#1807,1646127148795,3,63470,61662,190411,0.3333333333333333,0,1,1,2,549,SUCCESS,190411,OPEN,-9aCrO7gSb-emQGeBzJSFA
ProgrammingComment#4145,1646276912684,3,63508,63201,190526,2.0,0,6,6,1,550,SUCCESS,190526,OPEN,jJg_fcf-ROCid0BfqN6uvw
InteractiveObject#7895,1647679057259,3,63531,63467,190593,0.0,0,0,0,1,551,SUCCESS,190593,OPEN,qT29NJP5SfOq6DSA_cGM4g
TestingPackage#5809,1646346424938,3,63556,62735,190669,0.0,0,0,0,2,552,SUCCESS,190669,OPEN,DBX05mMQS3W-g3oJUWoA_A
NeuralBrackets#0028,1646335701060,3,63640,63463,190921,0.0,0,0,0,1,553,SUCCESS,190921,OPEN,yUzxrIheT8KgyLxVwEf8FQ
IterableDescriptor#9443,1646208850156,3,63707,63527,191123,0.0,0,0,0,1,554,SUCCESS,191123,OPEN,N5pVizYvQ3CchPZATew3pg
MemoryDescriptor#6568,1646099673098,3,63730,59722,191192,1.0,0,3,3,2,555,SUCCESS,191192,OPEN,CUWLLIGoSEyz-qEwYcl_hw
Holty#13500,1646354430951,3,63796,63791,191388,0.0,0,0,0,1,556,SUCCESS,191388,OPEN,6ZfeU86DQ8qda5U3HD-cxQ
TestableVariable#4685,1646112000785,3,64020,63863,192061,0.0,0,0,0,3,557,SUCCESS,192061,OPEN,Za8M_Tf9SRWlyzkqsJ6uHQ
ContinuousGrid#5734,1647674428227,3,64065,63858,192196,0.0,0,0,0,1,558,SUCCESS,192196,OPEN,fwK9NCV-Su2qiN2R-AfD3w
BorisTheBlade#77,1646982453138,3,64265,61863,192795,5.666666666666667,0,17,17,2,559,SUCCESS,192795,OPEN,PowtvkCGTFarG25NF8PeSQ
BlockchainSequence#3645,1647659637466,3,64285,64191,192857,0.0,0,0,0,1,560,SUCCESS,192857,OPEN,mwddTci7TuC9mcMALJBs5g
NeuralGrid#8164,1646101811016,3,64327,63937,192983,0.0,0,0,0,1,561,SUCCESS,192983,OPEN,QmZrr58pRUu3gorBssljng
GammaCircuit#3516,1647390845836,3,64397,64336,193193,0.0,0,0,0,1,562,SUCCESS,193193,OPEN,0eWqLr61SVer0Ngnh2Engw
UrgentVariable#2474,1646838453575,3,64530,63732,193592,0.0,0,0,0,1,563,SUCCESS,193592,OPEN,NdO2L7zgR9SUtmQlIxqf_A
Racer0,1647324887420,3,64641,61866,193925,0.3333333333333333,0,1,1,12,564,SUCCESS,193925,OPEN,dY54GPz6Q4-ri__AZcnzog
GammaSpec#8504,1647477843454,3,64642,63670,193927,0.0,0,0,0,1,565,SUCCESS,193927,OPEN,Hn8nIcOBSkCdwE88AmblDw
MechaTop69xGhandi69,1646187989865,3,64684,63198,194054,0.3333333333333333,0,1,1,1,566,SUCCESS,194054,OPEN,z5P960ClTeSNSjcN4UyKeA
BItterChocolateDecoration,1646188126436,3,65021,64801,195063,1.0,0,3,3,2,567,SUCCESS,195063,OPEN,C4aT6EJLSPK8uCRK939nOA
VirtualModel#4776,1646145850343,3,65219,64997,195657,0.0,0,0,0,6,568,SUCCESS,195657,OPEN,Q1ZhbzWfSOiMU_UyvrPZBw
DesktopUpdate#5220,1647167640098,3,65314,60274,195943,9.666666666666666,0,21,29,1,569,SUCCESS,195943,OPEN,1hlhKtOQR0anewtDQOIcWg
FuturisticString#2934,1646657845022,3,65397,63999,196191,1.3333333333333333,0,4,4,1,570,SUCCESS,196191,OPEN,WRlrFpsMRvGby_xWDdBjvg
DuckWinner#3456,1646353621973,3,65417,60198,196252,5.666666666666667,0,17,17,2,571,SUCCESS,196252,OPEN,P9tFavQqSUCoXdVp5p21PA
GlobalParameter#7117,1646503273384,3,65686,65326,197060,0.0,0,0,0,1,572,SUCCESS,197060,OPEN,sTp0J2GwQsSlkW9CKmbrkw
MechanicalServer#9293,1646840227662,3,65705,65653,197116,0.0,0,0,0,1,573,SUCCESS,197116,OPEN,AXYbe-wMSqGlL29iO5lu4A
StructuredLine#7619,1647674423284,3,65972,61870,197917,0.0,0,0,0,1,574,SUCCESS,197917,OPEN,M29jm6S4QBWHihyMFq6FfQ
WoAiNiSh4zzz,1646188360370,3,66219,60792,198658,11.333333333333334,0,34,34,1,575,SUCCESS,198658,OPEN,8brC6ddWQCa_eAOisI1P0A
HashableBraces#6681,1647659603331,3,66332,64676,198997,0.0,0,0,0,1,576,SUCCESS,198997,OPEN,SC2Gns9CRqyAaJI0Lby-AQ
StructuredBooster#1583,1646188072445,3,66397,61128,199192,1.3333333333333333,0,4,4,1,577,SUCCESS,199192,OPEN,IMq3VjwpTe-6Yp6BpHSIsA
QualityNode#9465,1646094857007,3,66617,66181,199851,0.0,0,0,0,1,578,SUCCESS,199851,OPEN,DxQtKVAIRXap7ZQ2ZX8c9A
MooonLya,1646773812238,3,66754,57794,200262,13.666666666666666,0,41,41,7,579,SUCCESS,200262,OPEN,ot8ukr_RQpG_Ei0534d07A
AsynchronousDocumentation#2015,1646427938853,3,66976,64535,200930,0.0,0,0,0,1,580,SUCCESS,200930,OPEN,qQTWjuGqS4K2R7ZTXGJKpQ
AlphaSequence#8238,1646101651919,3,67045,63936,201137,2.3333333333333335,0,7,7,1,581,SUCCESS,201137,OPEN,wF_QwzfFQ5G-Y57dj5xnAw
Quxeltec,1646121276836,3,67153,57126,201459,7.0,0,21,21,3,582,SUCCESS,201459,OPEN,yvNGUX0rShyEyVH9ddfutQ
Zero-dayEngineer#3311,1646188587057,3,67241,64793,201723,1.6666666666666667,0,5,5,1,583,SUCCESS,201723,OPEN,zHMFfjWzSKS16Dzyx6lyYA
RobotArchitect#5875,1647248783271,3,67331,66997,201993,0.0,0,0,0,1,584,SUCCESS,201993,OPEN,Ll5bFDvBSYCfjmNkP6auzQ
IntelligentCharacter#1009,1646188962711,3,67440,66657,202321,0.3333333333333333,0,1,1,2,585,SUCCESS,202321,OPEN,vGKdNX1ATm2VCX3Vi6pnqA
AbstractLine#8649,1646130823719,3,67598,65996,202794,1.3333333333333333,0,4,4,1,586,SUCCESS,202794,OPEN,TG2JpvwqTVOQ_jGLpgRx2g
UpdatedBuster#7526,1647106452284,3,67627,66462,202881,1.3333333333333333,0,4,4,1,587,SUCCESS,202881,OPEN,pD8UiZcuRlm4r1mYmMVzLA
Mila,1647304003923,3,67706,66468,203120,0.0,0,0,0,2,588,SUCCESS,203120,OPEN,lrpfGIGASJa9qqDWm71MYw
ParametricArray#8611,1646254890601,3,67709,66800,203128,0.0,0,0,0,2,589,SUCCESS,203128,OPEN,BqXdsRXWQneos7Qh2CBVAw
FocusedTag#5548,1646355375110,3,67733,63758,203200,2.3333333333333335,0,7,7,1,590,SUCCESS,203200,OPEN,_UQ5bSjRRR6pL1FMzUMFpw
Umang,1646999229118,3,67908,64126,203726,3.3333333333333335,0,10,10,1,591,SUCCESS,203726,OPEN,jwbzMJJwSByd-lqyjB-0vg
HashableLanguage#5075,1646112275460,3,68063,64864,204191,0.3333333333333333,0,1,1,1,592,SUCCESS,204191,OPEN,PjXOS9_ZSXeD90sEzUUMyw
skhtst,1647549256623,3,68076,66235,204229,0.6666666666666666,0,2,2,1,593,SUCCESS,204229,OPEN,58655a389e504a01b93a5w
AbstractLanguage#7281,1646845885532,3,68114,65273,204343,0.6666666666666666,0,2,2,1,594,SUCCESS,204343,OPEN,03bnmhLJQEqJl5AWSQ_MpA
ImmutableNumber#1662,1647299987790,3,68129,67072,204389,0.0,0,0,0,1,595,SUCCESS,204389,OPEN,QEkYyyFaQHq6JZHBSUowMw
ContinuousSequence#8112,1646468774729,3,68240,68187,204721,0.0,0,0,0,1,596,SUCCESS,204721,OPEN,xX46H61HR9-WbkCsH8i4Eg
ProgrammingMethod#4466,1646133697491,3,68464,66254,205394,1.3333333333333333,0,4,4,2,597,SUCCESS,205394,OPEN,sM7YGPEwSI2nDg-QkvAQjg
ImportantDataset#2429,1647119859377,3,68618,68003,205855,3.0,0,9,9,1,598,SUCCESS,205855,OPEN,RSe9VBKNR6-MdHjaFhMyzQ
ImportantRequirements#7005,1646097268567,3,68667,66257,206003,0.3333333333333333,0,1,1,3,599,SUCCESS,206003,OPEN,YAcA2lPHRg2Tps0gtn3CHw
RocketContext#9746,1647312438802,3,69086,66591,207258,2.0,0,6,6,1,600,SUCCESS,207258,OPEN,xqja_LR7RfGGNeUUZmiJbg
unknownerror#6996,1646111968496,3,69218,66534,207655,1.6666666666666667,0,5,5,1,601,SUCCESS,207655,OPEN,CGvuYs4-SfiJBIk30aruIg
BetaNetwork#7004,1646894251303,3,69553,68534,208660,0.0,0,0,0,3,602,SUCCESS,208660,OPEN,rpEkWYE9RGm_sLy7xbJNfw
ImmutableSwitch#5144,1646326303188,3,70088,67733,210265,15.0,0,45,45,1,603,SUCCESS,210265,OPEN,73bbyUXIQ0io0Jlohs2Hpw
Seccion-B-Grupo-D,1646845993165,3,70375,70329,211127,0.0,0,0,0,1,604,SUCCESS,211127,OPEN,VW4TkOhUSimslVEzxISZ8A
Velocity-Beta,1646487195129,3,70803,57274,212409,8.0,0,24,24,8,605,SUCCESS,212409,OPEN,AGCzffhvRKm1P-WXrq6NVA
LeetState#3448,1646232387752,3,71148,70732,213446,14.0,0,42,42,1,606,SUCCESS,213446,OPEN,Ccgq-tsZSlOhAiffIIDM2g
AlphaSpec#7514,1646945350689,3,71352,70392,214056,0.0,0,0,0,1,607,SUCCESS,214056,OPEN,91Vc1H5zSuuHtYzw6q93Cg
RecursivePointer#1627,1647674761866,3,71552,69660,214658,0.0,0,0,0,2,608,SUCCESS,214658,OPEN,oAoMOnI2TAWSJqzZHCp6YQ
HelpfulPoint#0277,1646982819716,3,71864,69398,215593,2.6666666666666665,0,8,8,1,609,SUCCESS,215593,OPEN,WdFew5f2Txy20SClTlc0bw
technopro#hommatomoyuki,1647156745763,3,71931,70859,215794,0.6666666666666666,0,2,2,14,610,SUCCESS,215794,OPEN,pL5RaKb9SOKbDeOj8Xy3RA
BlockchainExpression#4549,1646112563680,3,72129,70265,216388,3.6666666666666665,0,11,11,1,611,SUCCESS,216388,OPEN,QVnCO-CMSoeEl2YVd_IS4Q
QualityString#1743,1646906618042,3,72420,72130,217260,0.0,0,0,0,1,612,SUCCESS,217260,OPEN,G35H3V0bR3ac2onwzD6bgQ
RobotTech#7481,1646112586435,3,72462,69730,217388,2.0,0,6,6,2,613,SUCCESS,217388,OPEN,GzYQaMSKSW-1q-BKkWszNA
CompletePoint#8308,1646653841989,3,72593,71728,217781,0.0,0,0,0,5,614,SUCCESS,217781,OPEN,u_v4dbFZRXy6yG6AKiZxUA
Yifei,1646772753545,3,72823,63331,218471,15.666666666666666,0,47,47,1,615,SUCCESS,218471,OPEN,pjHtxr_7TG21JYUvKGuIdA
JavaModel#6382,1646102427472,3,73017,70666,219053,1.6666666666666667,0,5,5,1,616,SUCCESS,219053,OPEN,n5HgR8T0Q-aiMGsaogsQPA
CreativeResource#1397,1646127542705,3,73888,73002,221665,13.0,0,39,39,2,617,SUCCESS,221665,OPEN,BHXCop4lQaSf7lBf5Es1EA
VariableSemicolon#3710,1647602964644,3,74173,73065,222521,4.333333333333333,0,13,13,1,618,SUCCESS,222521,OPEN,K7HrZO2MQ-mlD8uW4Wo4Cg
GlobalSystem#4119,1646196384292,3,74528,72328,223586,2.6666666666666665,0,8,8,1,619,SUCCESS,223586,OPEN,yxW11fccQVSsCgnbvdFA6w
IterativeSandbox#0888,1647661141591,3,74549,72524,223647,1.0,0,3,3,2,620,SUCCESS,223647,OPEN,7fjdJSjeR6qE4KmUGkLbxQ
CleanSchema#9409,1646188421628,3,74851,73596,224554,1.0,0,3,3,1,621,SUCCESS,224554,OPEN,pQJNynLyR1iE9eICgzpHkA
S-P-,1646278881576,3,74882,74649,224648,15.0,0,45,45,1,622,SUCCESS,224648,OPEN,MxT5p4ZvSTOcc6ANa8VZNg
Hyd-08,1646299379267,3,75110,63068,225330,15.666666666666666,0,47,47,1,623,SUCCESS,225330,OPEN,5Z9lAFNASzesOzD7FFfSHw
LevelUpOwen,1646858443644,3,75288,71000,225864,14.333333333333334,0,43,43,2,624,SUCCESS,225864,OPEN,5xMSYUouRpu1dU4z3ThE0Q
Kk1,1646353505083,3,75466,67799,226400,14.666666666666666,0,44,44,3,625,SUCCESS,226400,OPEN,8KIPzIIRQZqIS3rgWpUwBg
2meterstall,1646873551877,3,75559,72328,226678,3.0,0,9,9,1,626,SUCCESS,226678,OPEN,qroixN0mRUWfaWO3_ojOhg
PythonDelta#2154,1646115449425,3,75662,73072,226987,7.666666666666667,0,23,23,1,627,SUCCESS,226987,OPEN,mWdkqMl4RDiyjoqkCoIWDQ
HigherPackage#1140,1646234458998,3,76418,75320,229254,16.333333333333332,0,49,49,2,628,SUCCESS,229254,OPEN,PbDomyZJTi6axyWP-tpi4A
EncryptedPointer#3808,1646322288226,3,76755,70998,230265,16.666666666666668,0,50,50,2,629,SUCCESS,230265,OPEN,XS-p_72OR_G9ONfmTunRTw
ArtificialCircuit#1606,1646188253520,3,77375,75999,232127,2.6666666666666665,0,8,8,1,630,SUCCESS,232127,OPEN,Z6X95nMaTeGKbq1qDRJDTQ
QualityError#6862,1646768074982,3,77975,75459,233925,0.0,0,0,0,7,631,SUCCESS,233925,OPEN,CV4-sCEDQwiH_go9K4KWDQ
DraftScript#1208,1647272085871,3,79195,75670,237587,16.0,0,48,48,1,632,SUCCESS,237587,OPEN,0ki6ZIP4RZuKd-DaIFD0pg
TestableModel#4213,1646889494343,3,79242,78929,237728,0.6666666666666666,0,2,2,1,633,SUCCESS,237728,OPEN,Bu1Z9bwfT0WPt39AVTLOXw
SecureToken#6355,1646835416258,3,79508,77797,238524,5.333333333333333,0,16,16,1,634,SUCCESS,238524,OPEN,TGGMrOsHSGubRYMjlHPz1g
HolyOfHaein,1646217981938,3,79706,73246,239118,6.0,0,18,18,1,635,SUCCESS,239118,OPEN,sNUTtiaDSbe8dioo_V1niQ
ParametricValue#7182,1646474872198,3,79998,76922,239994,16.0,0,48,48,2,636,SUCCESS,239994,OPEN,TQzBBM5DRmS2UaSX5BLauA
Elliott,1646118538732,3,80197,77598,240592,0.0,0,0,0,1,637,SUCCESS,240592,OPEN,7zPAXeqRTbqR3Kz__qwGaA
Eyad,1646320427083,3,81130,76740,243391,1.3333333333333333,0,4,4,1,638,SUCCESS,243391,OPEN,Gz8ornbwQbCfEyZ2kx60pQ
FunctionalClass#2855,1647445327790,3,81547,80667,244643,0.0,0,0,0,8,639,SUCCESS,244643,OPEN,I5ZHogE3SEi0ZO7gxsiRlA
DraftLog#4482,1646353985069,3,81906,74655,245718,9.333333333333334,0,28,28,1,640,SUCCESS,245718,OPEN,8w_1FVHiQ-6HhWfZFIPx_A
ASCIIFix#3309,1646360117168,3,82375,68006,247127,13.0,0,39,39,2,641,SUCCESS,247127,OPEN,PPse2MfuRr6o2WuqNpME-A
walterdeeyznutz#42069,1646358735512,3,82798,72262,248396,19.0,0,57,57,1,642,SUCCESS,248396,OPEN,crqx564OQxe-moPOmwyqXg
FormulaicNotation#1890,1647261865958,3,83309,79868,249929,18.0,0,54,54,2,643,SUCCESS,249929,OPEN,iJ97UhPvS3W0h2JBu211wA
PAC,1646102767559,3,83419,75931,250257,11.0,0,33,33,3,644,SUCCESS,250257,OPEN,87fa3ef546ad4968aa3bcQ
DeepMetaclass#1338,1647674432690,3,83509,83000,250527,0.0,0,0,0,1,645,SUCCESS,250527,OPEN,jWhSVuZDQfy4YZul85hM5Q
JPMC-HYD-QuadSquad,1646212663256,3,85893,76138,257680,11.666666666666666,0,35,35,1,646,SUCCESS,257680,OPEN,P3NlpEuNSISO3KBovWopJw
HelpfulExpert#8760,1646123256103,3,86599,82132,259798,5.333333333333333,0,16,16,1,647,SUCCESS,259798,OPEN,aKYkJf3LQRK8add2418mWg
SolvableUpdate#1915,1646106073894,3,88930,83731,266792,3.3333333333333335,0,10,10,1,648,SUCCESS,266792,OPEN,A1HfZmBlRIKIf62dZbOXnw
SPS-2P-10#,1646354186419,3,89310,84196,267931,8.666666666666666,0,26,26,1,649,SUCCESS,267931,OPEN,gdZ3eoHETp2i85pdYH8fmQ
RobotTester#7073,1646196325746,3,89333,87602,267999,5.333333333333333,0,16,16,1,650,SUCCESS,267999,OPEN,KBNBcqGXRPaEQRt7eeZAow
UrgentTable#4537,1646401533110,3,89466,85728,268400,19.0,0,57,57,1,651,SUCCESS,268400,OPEN,IDM4l7SARzqF2B0hA3fCXA
FuturisticSwitch#1083,1646712089588,3,89886,88059,269658,8.666666666666666,0,26,26,2,652,SUCCESS,269658,OPEN,IV5NHQZsTvekMZw2O6Dl2g
kailinbigfan101,1646188049049,3,90108,86396,270325,16.666666666666668,0,50,50,1,653,SUCCESS,270325,OPEN,K5Dmh8SsTtmCBWY41GsMxw
osama-bin-racer,1646353584393,3,90115,86664,270346,19.0,0,57,57,2,654,SUCCESS,270346,OPEN,2pQ9H4-cTKGsTHmsaJZWuQ
VariableHacker#4043,1646252275424,3,90398,89935,271194,0.0,0,0,0,7,655,SUCCESS,271194,OPEN,yX5Hfpd7Tm-zheX2ay0FeA
BetaCoder#7772,1646188072134,3,90842,88734,272527,7.333333333333333,0,22,22,1,656,SUCCESS,272527,OPEN,hVsT8889RRuwEvpYPExH9A
BetaSchema#4330,1647528909434,3,91710,89135,275131,19.666666666666668,0,59,59,2,657,SUCCESS,275131,OPEN,h95T5e1eQ1u6r3DpjZziQw
yanu23,1646821136064,3,95465,93998,286396,0.0,0,0,0,1,658,SUCCESS,286396,OPEN,d04994e33166439187c2dw
CriticalDeadline#8261,1646188644941,3,96063,94856,288190,15.333333333333334,0,46,46,1,659,SUCCESS,288190,OPEN,9_rs8u-iTtSsuEBc_bSqCw
SeanL81,1646155495635,3,96247,86007,288742,18.0,0,54,54,1,660,SUCCESS,288742,OPEN,zhojNWJPTpK-LJq1unGxcA
MobileModel#3948,1646358967797,3,96622,90137,289866,8.0,0,24,24,1,661,SUCCESS,289866,OPEN,vCCndKVaRRq19u65tbJkug
JPMC-HYD-SwiftCruiser,1646290169704,3,96664,93597,289993,22.0,0,66,66,2,662,SUCCESS,289993,OPEN,nLFin0hIQvGtK2F0RfCuYg
LoopingNotation#8205,1646316973755,3,98465,96265,295396,10.666666666666666,0,32,32,1,663,SUCCESS,295396,OPEN,xT1Jk8heTV-Vf1T1EKzvMw
10xLog#3356,1647617363802,3,100020,98197,300061,11.666666666666666,0,35,35,1,664,SUCCESS,300061,OPEN,VIdcN3SzQieZKIkQAN0ZAg
TechnicalCharacter#7252,1647674445058,3,101175,98268,303526,0.0,0,0,0,1,665,SUCCESS,303526,OPEN,hLXL4mCXRwCaHDDJlMyu4Q
CrypticLanguage#1790,1646568075837,3,101622,97399,304867,19.333333333333332,0,58,58,6,666,SUCCESS,304867,OPEN,5qNihKt5S1uE1f9DKz9NXA
QuickCommand#9885,1646745233345,3,102754,101930,308264,12.333333333333334,0,37,37,1,667,SUCCESS,308264,OPEN,7xu0KSVKRRuL-C5OObU37g
PathingTable#8232,1647117700856,3,103143,101765,309431,11.333333333333334,0,34,34,1,668,SUCCESS,309431,OPEN,CBRfNPdwRFO3ETL3ppa8GQ
PrimeTest#7125,1646455828274,3,104648,100140,313946,23.333333333333332,0,70,70,1,669,SUCCESS,313946,OPEN,XvY35t4ZRO2x5NdrVtkv6w
UsableHypothesis#0169,1646891563055,3,105465,103403,316397,23.666666666666668,0,71,71,3,670,SUCCESS,316397,OPEN,8Q8bgEsSRrqPaPon5wKDDQ
TechnicalMethod#8647,1647659608462,3,105530,104322,316590,0.0,0,0,0,1,671,SUCCESS,316590,OPEN,mZoZ7ydqQ0iJY1f8L0uLyw
PathingExpression#4228,1646287031334,3,105999,101669,317999,18.333333333333332,0,55,55,3,672,SUCCESS,317999,OPEN,2bYSNWXTRfGcxREN3OtcMg
ProgrammingObject#0188,1647674460331,3,107089,106059,321268,0.0,0,0,0,1,673,SUCCESS,321268,OPEN,HVTHIGhZQMKFySP5KKnwHg
SakthiArunP,1646148664827,3,107575,106467,322725,13.333333333333334,0,40,40,2,674,SUCCESS,322725,OPEN,8fpkbBPzRl6a2X6cJL1YWw
512DuncanL,1646897926857,3,111220,109670,333662,15.333333333333334,0,46,46,1,675,SUCCESS,333662,OPEN,Q-4LF2faSIS1iF9nUkRYOg
FungibleGame#1311,1647674433493,3,111307,110258,333922,0.0,0,0,0,1,676,SUCCESS,333922,OPEN,XMDpbiJ8T6CENesx6A4Uiw
SolvableFunction#1259,1646459020543,3,111599,105196,334798,19.333333333333332,0,58,58,1,677,SUCCESS,334798,OPEN,8i1u7VKFTjuYgridHoue1A
InteractiveMethod#3864,1646478281759,3,118265,111793,354795,17.0,0,51,51,3,678,SUCCESS,354795,OPEN,RWxao6-jT3qIyxW3H3FlIA
AzarHanssen,1647303252130,3,118465,108931,355397,23.333333333333332,0,70,70,1,679,SUCCESS,355397,OPEN,5062OlECSjqrWhUTzjAdgg
EncryptedSchematic#5508,1646329341159,3,118710,111334,356130,17.0,0,51,51,1,680,SUCCESS,356130,OPEN,Y3gBeFsYToWbTG185M6etA
CriticalArchitect#5191,1646974199308,3,118998,115401,356994,17.0,0,51,51,1,681,SUCCESS,356994,OPEN,CjoZzbPpS7-rrsUzW_H5Ig
WebTheory#4383,1646256253321,3,119087,113926,357261,16.666666666666668,0,50,50,1,682,SUCCESS,357261,OPEN,LC7xumGgTbi7FO4_4rYR5w
UpgradedResource#3624,1646553261307,3,119263,114993,357791,17.333333333333332,0,52,52,1,683,SUCCESS,357791,OPEN,eo3XFESrRfKNcpnmKICEjw
UpdatedEngineer#6916,1646939768261,3,119441,118469,358324,17.333333333333332,0,52,52,1,684,SUCCESS,358324,OPEN,kY-7JuqzSHqbJNdlS3HZnQ
PassingLoop#0771,1647311974029,3,119643,115407,358930,17.333333333333332,0,52,52,2,685,SUCCESS,358930,OPEN,D_S08gkQSNS4yLjHUjmK8A
FungibleMachine#7901,1646668011351,3,120576,118803,361728,17.666666666666668,0,53,53,1,686,SUCCESS,361728,OPEN,BWTd9_yNSY2n9KGNwZzu0w
IterableScript#9350,1646347222231,3,121239,118053,363719,18.0,0,54,54,1,687,SUCCESS,363719,OPEN,9MXFwsiRTSS8tBUmYnRIEA
DigitalConsole#6688,1646335849695,3,122067,118396,366201,18.0,0,54,54,1,688,SUCCESS,366201,OPEN,gSi5U-vhTY2qNLLEzvj5YA
FungibleArgument#6229,1646347243523,3,123441,120666,370323,18.666666666666668,0,56,56,1,689,SUCCESS,370323,OPEN,KCjdrS63Sj-axlIdKrYt6Q
SquareCoder#5022,1646187679538,3,126730,122064,380192,19.333333333333332,0,58,58,1,690,SUCCESS,380192,OPEN,RM_VHiF_S9OnIgwHC-lfpQ
UpgradedAnalyst#2729,1647674437956,3,127731,127464,383195,0.0,0,0,0,1,691,SUCCESS,383195,OPEN,NYwophLgTTGgmh38rrrlJQ
WJ#1302,1646354168859,3,129840,126593,389521,24.0,0,72,72,1,692,SUCCESS,389521,OPEN,7sIOtSnKRqqxeCvg9UGb_A
ceasar,1646766129282,3,137448,137068,412345,34.0,0,102,102,1,693,SUCCESS,412345,OPEN,j67JAfXPQ7uAkK6guuhB-A
myleaguevish,1646811212497,3,138975,134004,416927,17.666666666666668,0,53,53,1,694,SUCCESS,416927,OPEN,72dGC0SBQK6DgVUrydkRiw
SampleStayOnTrack,1647588218979,3,150151,147323,450454,0.6666666666666666,0,2,2,1,695,SUCCESS,450454,OPEN,41ab839ec8eb43e0b3ebbw
VariableUpdate#6088,1646778755864,3,151174,136934,453523,36.0,0,108,108,2,696,SUCCESS,453523,OPEN,1lQABsy7TMqk7eSTbJ7h5g
SecureExpression#6615,1646755666680,3,157908,156132,473726,39.666666666666664,0,119,119,1,697,SUCCESS,473726,OPEN,1OMwcCF2Q7u2XSPkdtCQNw
IntelligentDelta#9911,1646222889150,3,158885,151326,476655,28.333333333333332,0,85,85,1,698,SUCCESS,476655,OPEN,fwpvY6_ORXiwIDiWxgJlEw
SequentialRequirements#4693,1646928065007,3,181574,179598,544722,39.0,0,117,117,1,699,SUCCESS,544722,OPEN,dFB4QHi2S8upE7ON29xF-Q
QualifiedUpdate#9532,1646475781858,3,191016,189201,573050,42.0,0,126,126,2,700,SUCCESS,573050,OPEN,YhUPlO27SWqVJGZ-QLEkdw
AsynchronousExpert#0098,1647003138108,3,199418,196857,598254,16.666666666666668,0,50,50,1,701,SUCCESS,598254,OPEN,uxd2mEl9R7aveujFoY9RkQ
Sam1,1646645767425,3,297531,294600,892594,68.0,0,204,204,1,702,SUCCESS,892594,OPEN,cBuvsJJOQKOwPGmn-MID7g
