Rank,Alias,SubmissionTime,LapCount,AvgLapTime,BestLapTime,TotalLapTime,AvgResets,CollisionCount,OffTrackCount,ResetCount,SubmissionCount,LeaderboardSubmissionStatusType,RankingScore,UserId
1,CodeMachine,1715178273518,1,14467,14467,54926,0.3333333333333333,0,1,1,3,SUCCESS,14467,b_WzN_r8ToGPle_8bl2tMA
2,Nariox,1715154755882,1,14531,14531,64265,0.6666666666666666,0,2,2,1,SUCCESS,14531,AUWR9HasSr2j2V1bbAptNw
3,TonyJ,1715074106889,1,14598,14598,44855,0.0,0,0,0,2,SUCCESS,14598,af962be5a4ed4c57af807w
4,JJ,1715190694140,1,14666,14666,44856,0.0,0,0,0,2,SUCCESS,14666,afdcX_4vRH6Ussd0mbg5LQ
5,PolishThunder,1715167446098,1,14932,14932,45792,0.0,0,0,0,4,SUCCESS,14932,qi512oGVTry8V-KtP6j2_w
6,DaVinciDriver,1715146431228,1,15125,15125,45794,0.0,0,0,0,3,SUCCESS,15125,XtzXYz2pRByDnXz90XNGSw
7,JPMC-BA-D3,1715015401668,1,15207,15207,78392,1.0,0,3,3,12,SUCCESS,15207,Fy8bvUIzSN-N-e3D74JhPw
8,IcePandaBoom,1715159944024,1,15338,15338,56922,0.3333333333333333,0,1,1,4,SUCCESS,15338,BTPWujqqTBOWGAFvEKyRaA
9,BennyLBS,1715168020184,1,15388,15388,78123,1.0,0,3,3,2,SUCCESS,15388,wD3fjDFZTJaZd9AU7WRDlA
10,Rober-rNiubo,1714935499539,1,15409,15409,46586,0.0,0,0,0,4,SUCCESS,15409,KrRSYhzKTfONjRaDUc_ubQ
11,Ernesto-PhilJ,1715197025574,1,15466,15466,57313,0.3333333333333333,0,1,1,1,SUCCESS,15466,8zBEAp0-S5yGbcZvytGZGQ
12,EvidenMarkRoss,1714571035266,1,15534,15534,57659,0.3333333333333333,0,1,1,1,SUCCESS,15534,9OT4p4dXQ2K2J5pOUfeGfg
13,JPMC-London-Griffc,1715001421338,1,15809,15809,48784,0.0,0,0,0,8,SUCCESS,15809,S1EcBZeaRjW2s85WNzBBog
14,Jochem,1714850011893,1,15867,15867,60124,0.3333333333333333,0,1,1,4,SUCCESS,15867,RBPhZc5eTVmEF_gpSV7skg
15,pandora,1715198800746,1,16200,16200,49058,0.0,0,0,0,5,SUCCESS,16200,KidKgjCARCCa5sZHpmzUVQ
16,Kamiloj,1715218960704,1,16262,16262,71522,0.6666666666666666,0,2,2,21,SUCCESS,16262,jmVlUw3DTUubDDSk3oOaPA
17,Marco-Eviden,1714726521320,1,16263,16263,91592,1.3333333333333333,0,4,4,3,SUCCESS,16263,Hg2CJNXMRmijQmd_jMSJyw
18,BSi,1714651266917,1,16267,16267,49325,0.0,0,0,0,1,SUCCESS,16267,2eb231b0a43f4940bfed3w
19,Berbbobs,1714899132245,1,16329,16329,81724,1.0,0,3,3,3,SUCCESS,16329,bt0g0Yx0R7KyvbtojGlP4A
20,JPMC-Speedy-Gonzales-LATAM,1715001245238,1,16384,16384,59731,0.3333333333333333,0,1,1,3,SUCCESS,16384,McOa_W8cTW2EErfZhOoKxA
21,DustyRacing,1715212137458,1,16396,16396,124795,2.3333333333333335,0,7,7,18,SUCCESS,16396,Vlo2vVAfQrqWadXhqFE38A
22,PITS-TK,1715165954300,1,16406,16406,81932,1.0,0,3,3,4,SUCCESS,16406,PVc7jVR2RxqbPMpBIhjZ0g
23,DoomBuggy,1715059817642,1,16524,16524,70190,0.6666666666666666,0,2,2,2,SUCCESS,16524,QakV_nzOTm2q_NhqUMwIJw
24,LeetFormula#6781,1715170792675,1,16592,16592,60995,0.3333333333333333,0,1,1,11,SUCCESS,16592,R5muw8HbTAmpfHCNU9rVpw
25,Yuliya,1715136069684,1,16598,16598,50057,0.0,0,0,0,11,SUCCESS,16598,JWJgkv8bSKeMIGYZ9roR-A
26,TimJWhite,1715219346576,1,16657,16657,83601,1.0,0,3,3,13,SUCCESS,16657,3dDHylmQSi-Rzd9uUamhlQ
27,tranvietdung-DBS,1714665273486,1,16798,16798,51931,0.0,0,0,0,12,SUCCESS,16798,3OwVWi6tQDCpBzKpWfHj7Q
28,NestedPoint#0573,1714715847902,1,17004,17004,73397,0.6666666666666666,0,2,2,4,SUCCESS,17004,mIRerViuSfGrpyXUxiH4LQ
29,ryu,1715069871213,1,17067,17067,63193,0.3333333333333333,0,1,1,7,SUCCESS,17067,VJ3BbvBVTJul_5HJYllepg
30,IterableLine#4511,1715137030196,1,17126,17126,52587,0.0,0,0,0,3,SUCCESS,17126,IrUyTPMNSoeG0kct-lXbYA
31,yewei,1715219109205,1,17205,17205,64124,0.3333333333333333,0,1,1,1,SUCCESS,17205,QISUQ53YSv2fxPI_dcTLXw
32,Fr3dNZ,1715019541875,1,17262,17262,94657,1.3333333333333333,0,4,4,1,SUCCESS,17262,7x6nmMRlQiWawqJ8wUE7jA
33,ontaptom,1714977624786,1,17272,17272,54263,0.0,0,0,0,11,SUCCESS,17272,AFC1IvhBRQKsOd2Lmii0tA
34,AIDeepRacer,1714534667967,1,17463,17463,84728,1.0,0,3,3,1,SUCCESS,17463,pIRbdCx6QYatgVXm2p5GbA
35,Global#5722,1715220540222,1,17668,17668,53725,0.0,0,0,0,1,SUCCESS,17668,xEPBEKj2TtmnC6dFctzw-g
36,drunken-monkey,1714846443869,1,17672,17672,86079,1.0,0,3,3,16,SUCCESS,17672,c7a82cb998e44f9abd469Q
37,mmmmmmm,1715218833273,1,17731,17731,64524,0.3333333333333333,0,1,1,1,SUCCESS,17731,XnSy4WWZSCyBn1TEapWcNA
38,Fenerbahce-FAN,1714869831601,1,17733,17733,65994,0.3333333333333333,0,1,1,29,SUCCESS,17733,-yBKpK66SoKcJrJWFnLvsA
39,pmi-knk4#2630,1714813133538,1,17735,17735,64659,0.3333333333333333,0,1,1,30,SUCCESS,17735,1ZYesBf7TMufV0hhreTW-w
40,TheStandardLibrary,1715122959540,1,17804,17804,55389,0.0,0,0,0,7,SUCCESS,17804,Z8zElBIKT8aYXSkrSrNUXA
41,Seab,1714602568105,1,17860,17860,87321,1.0,0,3,3,8,SUCCESS,17860,mjD1OGTXQfKTXMPWVq29rg
42,Aurora-DNPds,1715055025903,1,17863,17863,78755,0.6666666666666666,0,2,2,1,SUCCESS,17863,26fba66bedca4aa3bca47w
43,Zooom#32289216,1715200150908,1,17990,17990,76860,0.6666666666666666,0,2,2,10,SUCCESS,17990,cLBKyiaZRMSvEyXhvbnxNg
44,gabrielkoo#HongKong,1715218210891,1,18063,18063,55726,0.0,0,0,0,18,SUCCESS,18063,ydUnMZutQDmeS4U2pIDYLg
45,Cloud-Ultra-Pro,1715112954582,1,18464,18464,99655,1.3333333333333333,0,4,4,9,SUCCESS,18464,R22FBKQsSMKmRaTpNdD76A
46,technopro#koyukisaito,1714667107610,1,18468,18468,78060,0.6666666666666666,0,2,2,7,SUCCESS,18468,NuGRxDoNRseuyDzDi9WZtg
47,JPMC-HYD-SmartAccelerators,1714533635847,1,18524,18524,77748,0.6666666666666666,0,2,2,1,SUCCESS,18524,6jJ_fiuUQb2PZXOGkr3V7g
48,ferrite,1714524189590,1,18541,18541,55928,0.0,0,0,0,1,SUCCESS,18541,SRAgn9lMTCmIjaBREP7hxA
49,nalbam-me,1715225721171,1,18591,18591,88523,1.0,0,3,3,27,SUCCESS,18591,PnRru4vBRkeyT4xX6LOCtw
50,sivas,1715114971507,1,18725,18725,77587,0.6666666666666666,0,2,2,9,SUCCESS,18725,mOcZW4PTTy2BWQZjxxHPHA
51,FabioMaxV,1715174695404,1,18730,18730,57992,0.0,0,0,0,18,SUCCESS,18730,fkCXzcxUQAu40C7Qxc3EzA
52,TrustBase,1714883609844,1,18738,18738,89061,1.0,0,3,3,7,SUCCESS,18738,tIpTabZjSimPaLIoVKu3Uw
53,-SANTACLAWS-,1715124251402,1,18795,18795,56734,0.0,0,0,0,1,SUCCESS,18795,X_dNmJilS8SDBQ44yzd2fg
54,technopro#kogawaeisuke,1715192712337,1,19058,19058,104191,1.3333333333333333,0,3,4,3,SUCCESS,19058,f3L4J8yeTBqfvD96RnbB3A
55,C3R0,1714957470951,1,19461,19461,90989,1.0,0,3,3,34,SUCCESS,19461,61QIIR_GTpCM0JoUAsdwew
56,NeilSimon-PanSup,1715084527846,1,19536,19536,60127,0.0,0,0,0,4,SUCCESS,19536,caj3LxcuQz297jcW58Y--Q
57,IterableAttention#3151,1714825175667,1,19600,19600,90856,1.0,0,3,3,43,SUCCESS,19600,u007vSg9RrGV3oD7aLWoQA
58,Eviden-Nickson,1715068713874,1,19731,19731,62054,0.0,0,0,0,4,SUCCESS,19731,1E_wupACTTm2gP7r2O4SQw
59,Liangwei,1715132734777,1,19735,19735,70731,0.3333333333333333,0,1,1,6,SUCCESS,19735,MdsVUFqtSeyjEGoUPm7jXA
60,DraftTester#8505,1715055086205,1,19931,19931,70850,0.3333333333333333,0,1,1,2,SUCCESS,19931,mdf_ccgnQ9eYdOKQnAKUqw
61,Gabo#1995,1714786575442,1,20005,20005,101251,1.3333333333333333,0,4,4,31,SUCCESS,20005,jwjbMURBSZuDUfaJQN34-Q
62,JDoc-One,1715232798772,1,20006,20006,70863,0.3333333333333333,0,1,1,2,SUCCESS,20006,a3539eddaaa24a088dc02w
63,SquareError#DALE,1714770399829,1,20403,20403,82867,0.6666666666666666,0,2,2,45,SUCCESS,20403,Da-vAnCDQUyxpai4jd8Zdw
64,PaoGiraldoADL,1714749660847,1,20469,20469,93318,1.0,0,3,3,5,SUCCESS,20469,BMssM-_zTlivZk9Y1xN79w
65,DavidMelo55#UFCQXD,1715031884016,1,20469,20469,83593,0.6666666666666666,0,2,2,22,SUCCESS,20469,4D8YdKLDS3Omc0zLfIex8A
66,Jianlong,1715137312015,1,20526,20526,63474,0.0,0,0,0,13,SUCCESS,20526,vpsHYdBtSIq__1M9j1R21Q
67,Guga,1715080357937,1,20600,20600,83319,0.6666666666666666,0,2,2,2,SUCCESS,20600,617e83d68c1240be8b9abw
68,Banbone,1714605183644,1,20737,20737,115464,1.6666666666666667,0,5,5,4,SUCCESS,20737,iTaYYJwUSXWPbqTcxyO0ZA
69,SaberXrod#4904,1714542412032,1,20859,20859,73995,0.3333333333333333,0,1,1,2,SUCCESS,20859,JlA_8UNKSVy4lqTejNbZYg
70,MSalie,1714835488580,1,20865,20865,63056,0.0,0,0,0,3,SUCCESS,20865,hEzNKV4vR1mcLP8PRdw_JQ
71,TPC-Tech,1714571835617,1,20922,20922,63185,0.0,0,0,0,2,SUCCESS,20922,iEfWhIPLS865MMzpmLNdqQ
72,Yoga,1714967843716,1,21061,21061,74063,0.3333333333333333,0,1,1,12,SUCCESS,21061,9C5BCEtKRUOa2-8axwuEFQ
73,NeuralFix#3649,1714712104026,1,21262,21262,96194,1.0,0,3,3,6,SUCCESS,21262,69kUv7qhScSY6tsp034yww
74,DanielCostantinRacer,1714670414645,1,21267,21267,76661,0.3333333333333333,0,1,1,4,SUCCESS,21267,GhOikLJ-TeiygB5I18GAzA
75,onlythree,1714583040528,1,21396,21396,86186,0.6666666666666666,0,2,2,23,SUCCESS,21396,23e254b25ea0443389ed6w
76,Wolfking7,1715213625122,1,21399,21399,65324,0.0,0,0,0,15,SUCCESS,21399,zDhMPmTYSn6gduZ26KjthA
77,YongsangLee,1715164139329,1,21462,21462,67853,0.0,0,0,0,4,SUCCESS,21462,G0S3IBd5REKg-1M7X9MYtg
78,Galaxy-Destroyer,1714818125731,1,21607,21607,110734,1.3333333333333333,0,3,4,45,SUCCESS,21607,R5dbzb_dTHeWKz89XJfXSQ
79,NumericBooster#8080,1714858721623,1,21727,21727,65795,0.0,0,0,0,7,SUCCESS,21727,K5x9i8CBSQOy-de8mYWM7Q
80,SilEye,1714757445269,1,21736,21736,68130,0.0,0,0,0,11,SUCCESS,21736,y-L1qKgjS2iMcNjbnxNC_Q
81,JPMC-HYD-CircuitBreakers,1714523224055,1,21868,21868,66538,0.0,0,0,0,1,SUCCESS,21868,5Z9lAFNASzesOzD7FFfSHw
82,LuizMartins-UFMT,1715102239644,1,21930,21930,87390,0.6666666666666666,0,2,2,7,SUCCESS,21930,ADrVvaW1S4KDwZx0k6oGmA
83,Ryan-Hawkins,1714883278480,1,22000,22000,66785,0.0,0,0,0,27,SUCCESS,22000,z1r9Ho1DTiS-vqLb411eBA
84,Cheaty-McCheatface,1714686593921,1,22003,22003,97991,1.0,0,3,3,11,SUCCESS,22003,2R1bsOUiRceGpNP9wKliAw
85,KendrickLlama,1714682863744,1,22128,22128,162460,3.0,0,9,9,21,SUCCESS,22128,wh1J6ZRRQbCqFX1O81ZKxw
86,SilverBullet777,1715164321215,1,22194,22194,100128,1.0,0,3,3,18,SUCCESS,22194,9tyVk4VlRF-d6J3rlZDwjg
87,A100,1714738643574,1,22325,22325,120590,1.6666666666666667,0,5,5,7,SUCCESS,22325,uSNwnc5ST7eO99h0QehsjQ
88,HigherScope#2137,1715209258599,1,22335,22335,120126,1.6666666666666667,0,5,5,8,SUCCESS,22335,t7Yg9xh2Q2qx6-O46ESXdA
89,Kire,1714557124671,1,22398,22398,68592,0.0,0,0,0,2,SUCCESS,22398,N0y9CR6fQN-a4UlAFsTC5Q
90,FunctionalClass#8457,1715067854221,1,22535,22535,132745,2.0,0,6,6,1,SUCCESS,22535,Dfn4-qpnR7un-trbL0mjUA
91,ssm-DevelopersIO,1715168157306,1,22669,22669,70199,0.0,0,0,0,8,SUCCESS,22669,XWuPseyZQLOMJ31jSvdfog
92,SamAu,1715153145964,1,22727,22727,71658,0.0,0,0,0,7,SUCCESS,22727,BteX7647QUyM2a2hexL2ZA
93,Kinovisione,1715182221619,1,22731,22731,111533,1.3333333333333333,0,4,4,19,SUCCESS,22731,m4ofy2vHTOWXud_i3QPnIw
94,Testing486#1153,1715184244205,1,22739,22739,68727,0.0,0,0,0,8,SUCCESS,22739,ishXGPYpS-CWr14jPO_tNw
95,ProvisionalSchematic,1714582046841,1,22739,22739,69396,0.0,0,0,0,1,SUCCESS,22739,hEXm0S5DSuKhb9giUIfrwA
96,QuirkyTech-IsaiahGoh,1714918887102,1,22794,22794,68854,0.0,0,0,0,2,SUCCESS,22794,SvvoeT6xQ3WZgKR14S_xLw
97,TheEconomist,1714581945345,1,22995,22995,111264,1.3333333333333333,0,4,4,1,SUCCESS,22995,_sRt0zAsSvGdTJM-2XSBNg
98,ProgrammingCallback#8885,1714597195931,1,23065,23065,70059,0.0,0,0,0,1,SUCCESS,23065,GPj4aHWgQmGhfH9GE3JkNQ
99,ethz,1714616307107,1,23067,23067,114133,1.3333333333333333,0,4,4,2,SUCCESS,23067,RJofbzrWRMKwt5G4P46C9g
100,Lee0602,1714571528155,1,23256,23256,89459,0.6666666666666666,0,2,2,2,SUCCESS,23256,ZHF2XODuQbS-C6lN50M2PQ
101,FabRacer,1715174658307,1,23269,23269,70796,0.0,0,0,0,9,SUCCESS,23269,YXjU-6WZTe65g7_YyZPJrA
102,gottueagles,1714583649768,1,23275,23275,100863,1.0,0,3,3,9,SUCCESS,23275,nEn813DYTiqk78BFD7lWCw
103,MatheusMachado-Unicamp,1714946201607,1,23276,23276,101863,1.0,0,3,3,2,SUCCESS,23276,vOEJOjbuQqSpkW_qFut03w
104,FormulaicRequirements#6121,1714582001659,1,23333,23333,102056,1.0,0,3,3,1,SUCCESS,23333,vr1lMXTfS2Gu6RIv8M6lAA
105,WebComment#2354,1715225882815,1,23525,23525,91457,0.6666666666666666,0,2,2,3,SUCCESS,23525,rhZZKZZOQwKh4cu2eTe7sQ
106,Eviden-Gladiator-AJ,1714660548180,1,23597,23597,71317,0.0,0,0,0,18,SUCCESS,23597,-aSOEm6ETki7Ia07Qr0-Yg
107,BackloggedInterface#8446,1715071062127,1,23607,23607,72194,0.0,0,0,0,1,SUCCESS,23607,mkM5K4YHR_GrdZHcB4yJxw
108,RoydonAu-NTU-CCDS,1715167503986,1,23665,23665,81992,0.3333333333333333,0,1,1,1,SUCCESS,23665,at8BAi9nR0aLCL7nfncCVA
109,AmmadMalik,1714838391903,1,23739,23739,71933,0.0,0,0,0,12,SUCCESS,23739,ouoRaI4aTw6ukU6_O_M_2A
110,HameenHitain#42,1714645555965,1,23802,23802,102467,1.0,0,3,3,3,SUCCESS,23802,44YjKeFtRFyv_g8ljvEg1w
111,MiLKB,1714532574611,1,23855,23855,132057,2.0,0,6,6,3,SUCCESS,23855,8KL8u0H3RIWxgP14x_RC6w
112,AiDer,1714687036093,1,23863,23863,102590,1.0,0,3,3,11,SUCCESS,23863,NCGAqRfgRs6N_XKbN_Ts_w
113,IterableFunction#7929,1715004361892,1,23874,23874,72459,0.0,0,0,0,2,SUCCESS,23874,2NXMBaezRmmIU8qQqP0_EQ
114,IMT-SC-Architecture-Advanced-Accelerator,1714965475576,1,24001,24001,83188,0.3333333333333333,0,1,1,3,SUCCESS,24001,9B8iYzkhQ1ufHMuKDcXzoQ
115,SquareLine#8737,1715170298339,1,24001,24001,93258,0.6666666666666666,0,2,2,7,SUCCESS,24001,easxPhsOR56uuVLie3Kzog
116,RayG-DBS,1714535175018,1,24072,24072,73789,0.0,0,0,0,1,SUCCESS,24072,YNrvM9f5RteeSrCl7oFC5w
117,AdrianZzitoo,1714755057964,1,24196,24196,72852,0.0,0,0,0,7,SUCCESS,24196,BAneI00oQbO9lfYEEXQcsQ
118,reddevilgp,1714533636584,1,24205,24205,77393,0.0,0,0,0,9,SUCCESS,24205,luqmCfV3Qk6HWz85EeQ0XA
119,Nuggy#8615,1714680525457,1,24399,24399,94925,0.6666666666666666,0,2,2,9,SUCCESS,24399,bB_6wTRaQqWwZw7QKRgh2g
120,technopro#suzukik,1714877912876,1,24404,24404,85331,0.3333333333333333,0,1,1,4,SUCCESS,24404,0Ghn_z-7QJ2CFSU7kJIMbg
121,--E2--,1714584233658,1,24468,24468,94730,0.6666666666666666,0,2,2,1,SUCCESS,24468,4eJQf1tiRFK1yE7PUW6CdA
122,Marco-UnB#5561,1715091478961,1,24594,24594,74988,0.0,0,0,0,3,SUCCESS,24594,8GrX9HUzRO6KDyywq3BPgw
123,raj-1205,1714922011800,1,24670,24670,74926,0.0,0,0,0,3,SUCCESS,24670,558a49745f8843aea7db6w
124,DeepAnalyst#9104,1715222863115,1,24866,24866,85255,0.3333333333333333,0,1,1,1,SUCCESS,24866,IC7mcX0HSqGStkseD2LaPw
125,MLRacer-1,1714583060378,1,24923,24923,76591,0.0,0,0,0,1,SUCCESS,24923,BkzYLz2CSJyL3MKNeCeBrQ
126,Decio-HotWheels,1714785101829,1,24929,24929,86527,0.3333333333333333,0,1,1,42,SUCCESS,24929,n5_HZz5pQT2PezY067cYQA
127,technopro#abdullahaljabir,1714648907380,1,24930,24930,75526,0.0,0,0,0,1,SUCCESS,24930,pgnD8_kHRnW4E2FIehFopQ
128,DannyS,1715165867559,1,25133,25133,76128,0.0,0,0,0,1,SUCCESS,25133,bdSV6SxWQC6tit-RYNvjyA
129,QAX-Racer-5,1714653076145,1,25134,25134,86192,0.3333333333333333,0,1,1,3,SUCCESS,25134,lqKZvAseQQm1K6t5pMYwZA
130,fmisaki,1715158236504,1,25331,25331,91590,0.3333333333333333,0,0,1,3,SUCCESS,25331,-BHNITepR5OlUTrqC-bzSw
131,Edivar-ktchau-QXD#8689,1714803465173,1,25533,25533,97794,0.6666666666666666,0,2,2,26,SUCCESS,25533,4xNwng-USWa5zs5o33u2QA
132,SpeeedRunners,1714645179922,1,25675,25675,97796,0.6666666666666666,0,2,2,7,SUCCESS,25675,qDRFEejoTcymtj5cu3t4iA
133,Marcelo-Marotta,1714760017707,1,25736,25736,78129,0.0,0,0,0,1,SUCCESS,25736,4NUE0Gv4QHWSCBr5I14nog
134,pgebski,1714903395138,1,25794,25794,77858,0.0,0,0,0,3,SUCCESS,25794,gfTMAo7aSISFQCyBv6fR7Q
135,Zippitydo-data,1714542431868,1,25799,25799,81597,0.0,0,0,0,9,SUCCESS,25799,gSgHFy9WRhCfES9TO3-A6Q
136,mohamed-benchohra,1714744057263,1,25870,25870,132390,1.6666666666666667,0,5,5,3,SUCCESS,25870,04TlShj6Ruafs-HLIJhmeg
137,Squishy-64,1714868835187,1,25998,25998,88312,0.3333333333333333,0,1,1,4,SUCCESS,25998,yeTYU--fRbmHpQLXTz2IwA
138,AndrewD,1714525064553,1,26126,26126,99124,0.6666666666666666,0,2,2,1,SUCCESS,26126,hyBODeEXTIeVuja7jrzB8Q
139,MineSweeper,1715125497951,1,26136,26136,99926,0.6666666666666666,0,2,2,2,SUCCESS,26136,cJBGnsm2SneQEkwWruZDgw
140,HelpfulScope#6839,1715150301009,1,26199,26199,89587,0.3333333333333333,0,1,1,7,SUCCESS,26199,8C3UMmjbRYm5p5F7IS75QA
141,WULINZHIGUANG#1,1715001751600,1,26258,26258,100178,0.6666666666666666,0,2,2,2,SUCCESS,26258,tyo4mDBNR1-EPlRsFPj8vw
142,AbstractTech#8486,1714760874006,1,26264,26264,91927,0.3333333333333333,0,1,1,2,SUCCESS,26264,pB-2zTXkSC6RnabH7TJwTw
143,MobileDescriptor#8164,1715068041531,1,26268,26268,79857,0.0,0,0,0,1,SUCCESS,26268,-94BeVlyS0-OEn_9Ku1kJw
144,Lenilson,1714595096932,1,26401,26401,82528,0.0,0,0,0,1,SUCCESS,26401,A-M6QeHpQmaw7rITMl7AYA
145,BiancaBezerra-IFPI-LABIRAS,1715095540197,1,26603,26603,111264,1.0,0,3,3,4,SUCCESS,26603,YO8WJn-kRzO38MW-6b-UfA
146,KATIAU,1714969277532,1,26667,26667,80594,0.0,0,0,0,2,SUCCESS,26667,uxIk78ijQemEQ2uK5amRdA
147,761242500723-SG23-prakashph,1714836318812,1,26735,26735,91462,0.3333333333333333,0,1,1,1,SUCCESS,26735,z3Dr5_R7TpSBzhiXoJKspw
148,LilRacers,1714907885570,1,26861,26861,144328,2.0,0,6,6,7,SUCCESS,26861,ZIwo2-_gRXS2-8Us5Judsg
149,janicedal,1714788442769,1,26928,26928,86798,0.0,0,0,0,5,SUCCESS,26928,OwKO9HTAS66Q0EhLegROgg
150,Ashiq,1714898801016,1,26931,26931,82925,0.0,0,0,0,2,SUCCESS,26931,afEastFHR7maoIMhMnROJw
151,TechnicalBooster#9923,1715190818259,1,27000,27000,81599,0.0,0,0,0,3,SUCCESS,27000,CVmwGccKS8CURNZBMOjXSA
152,Windows-newnetu,1715084491493,1,27076,27076,82666,0.0,0,0,0,8,SUCCESS,27076,xyiB6GxYQ5uZfQLj-nYXoA
153,CreativeExpression#2818,1715182198681,1,27201,27201,103126,0.6666666666666666,0,2,2,4,SUCCESS,27201,PD74YChGQX-tbvqJxv3k8g
154,ASCIIOrder#1674,1714957933658,1,27455,27455,104327,0.6666666666666666,0,2,2,9,SUCCESS,27455,p4mBVl_9SXCXSLwaQQAUIw
155,lambda#31,1714840919937,1,27467,27467,105866,0.6666666666666666,0,2,2,12,SUCCESS,27467,nSlF2455R3aAy7FXlqAuRg
156,HCAlsos,1715012985053,1,27469,27469,104268,0.6666666666666666,0,2,2,5,SUCCESS,27469,Munh160SQROTssQHBnCB4A
157,Throttle-Jammer,1714643610988,1,27529,27529,95794,0.3333333333333333,0,1,1,1,SUCCESS,27529,ezHHndnyQeal4j3gnF1CwQ
158,claudIA,1714762821170,1,27529,27529,84657,0.0,0,0,0,4,SUCCESS,27529,xVcZGyC6Q5qUevYccVUqSw
159,BrainyModel#1997,1714938470049,1,27662,27662,113864,1.0,0,3,3,12,SUCCESS,27662,ZemBOzpNRDyHW6w9e2g2Vg
160,Caua-Perin,1714612280653,1,27728,27728,93932,0.3333333333333333,0,1,1,2,SUCCESS,27728,WZWIP89oR62zRDS7vye4PQ
161,Deepak-dpk,1714638468266,1,27801,27801,107050,1.6666666666666667,0,5,5,1,SUCCESS,27801,gDTBFK77TM6wD6uObZlulA
162,QueenBees,1715054875257,1,27936,27936,89989,0.0,0,0,0,16,SUCCESS,27936,zCedWvvPRdi1jA_4BcCaPA
163,ArchitectRacer,1715054296981,1,27937,27937,105665,0.6666666666666666,0,2,2,2,SUCCESS,27937,g-G5PwMwTBaza2TtsVl5Rg
164,Zeddx,1714627428196,1,28011,28011,86855,0.0,0,0,0,1,SUCCESS,28011,lB7OvrjXS7CM0NMeM6IDPg
165,ThiagoMaximoPavao-UNICAMP,1714975838733,1,28071,28071,118795,1.0,0,3,3,9,SUCCESS,28071,6PoucFzMQ-uh8CJLkQcyTQ
166,ConnectedBreaker#8236,1715013365073,1,28132,28132,86396,0.0,0,0,0,9,SUCCESS,28132,C7rA3vuRT9ytYvzz1R5Tyw
167,ComplicatedBreaker#2408,1714653434385,1,28268,28268,95952,0.3333333333333333,0,1,1,2,SUCCESS,28268,ljJj2axgQy2NfCwE1mFFbQ
168,Eviden-KP-Nebert,1714980890966,1,28335,28335,107655,1.6666666666666667,0,5,5,2,SUCCESS,28335,W5c8skINQHKoIoFa3wGDgA
169,Daniel-Oliveira-UnB,1715111916305,1,28532,28532,88125,0.0,0,0,0,5,SUCCESS,28532,jbDpT0nfTSq25jeOPW4Yqg
170,Parv,1714626006530,1,28535,28535,88392,0.0,0,0,0,1,SUCCESS,28535,-1uTpWs8R4e3Kn-iP8Ggdg
171,ComplexShell#2128,1714827651272,1,28594,28594,87188,0.0,0,0,0,8,SUCCESS,28594,kmBvTDucQsqYAgiFDmv_fw
172,AccessibleValue#3249,1715132092849,1,28663,28663,117400,1.0,0,3,3,1,SUCCESS,28663,etxw-lz1SHCmSaLPaGYhlA
173,1M27,1714554231649,1,28670,28670,143784,1.6666666666666667,0,5,5,1,SUCCESS,28670,KG7NSYtdS0Ch_GVbSVs3rQ
174,PedroQuadrosDeFreitas-CIMATEC,1715017108132,1,28797,28797,86855,0.0,0,0,0,2,SUCCESS,28797,HetC_dxRTq65DrlAG_W4-A
175,GenerativeDataset#6686,1714568100037,1,28797,28797,119055,1.0,0,3,3,9,SUCCESS,28797,frQWQ6J_RAawEVCsSPSApA
176,GhostriderGoose,1715177169070,1,28854,28854,116996,1.0,0,3,3,9,SUCCESS,28854,GMCqEg6ATvyZyU8MRUsHlg
177,Wojek,1715093663232,1,28864,28864,108656,0.6666666666666666,0,2,2,6,SUCCESS,28864,o4G_FCIpTDSs5uA27DVevQ
178,CreativeDescriptor#0067,1714602956414,1,28867,28867,151520,2.0,0,6,6,3,SUCCESS,28867,aUED4SzvT_uTPlPabMtgCw
179,Levis-DeepRacer,1714814894770,1,28869,28869,98666,0.3333333333333333,0,1,1,1,SUCCESS,28869,sM9NVFuRQsGYvZlP2YJeiQ
180,Ryan-Faustino-Carvalho-IFPI-LABIRAS,1715034456209,1,29006,29006,118856,1.0,0,3,3,2,SUCCESS,29006,jqx99WViQ4uh-wtS7QaYlQ
181,RobotDataset#6124,1715193082818,1,29124,29124,150729,2.0,0,6,6,17,SUCCESS,29124,_sQ58vPJTESvVEfqGhIXxA
182,kyuu,1715016913300,1,29133,29133,109453,0.6666666666666666,0,2,2,7,SUCCESS,29133,4ypIZOfCQ0mMWdREpsu-zA
183,DavidMelo#UFCQXD,1714539363733,1,29262,29262,90306,0.0,0,0,0,8,SUCCESS,29262,hic7AUxhSBa7T0WU54G7FA
184,Rusty-Tillery,1715221048745,1,29267,29267,101329,0.3333333333333333,0,1,1,8,SUCCESS,29267,t-tCyfnARr6OEaUmb6iAlA
185,LUIZ-GABRIEL-UFMT,1715134559222,1,29328,29328,108461,0.6666666666666666,0,2,2,3,SUCCESS,29328,XR0zwoi4QcSOTUXLiHMvhA
186,ImmutableByte#2263,1714830174811,1,29467,29467,88792,0.0,0,0,0,4,SUCCESS,29467,b8uyjUiYSOGimJ4-jPJi0A
187,Gustavo-Cruz-Cimatec,1715048656184,1,29657,29657,100857,0.3333333333333333,0,1,1,1,SUCCESS,29657,3ZeWULXGQpunEG_hwWIa3A
188,10xState#5081,1715201646947,1,29666,29666,109723,0.6666666666666666,0,2,2,10,SUCCESS,29666,OnXaS5A2RoC-Azfy7G32vg
189,ThisTheory#7812,1715068041135,1,29800,29800,89656,0.0,0,0,0,1,SUCCESS,29800,OU2uFS9JQLq2FiyuDBxxKg
190,gcjordi,1715184951400,1,29866,29866,122320,1.0,0,3,3,18,SUCCESS,29866,4n-0HYIyQ2241dJ4tZirRg
191,Ansh7,1714826528630,1,30071,30071,132599,2.3333333333333335,0,7,7,4,SUCCESS,30071,JCwxucKeRWO_Eij9nr98UQ
192,PathingArray#1685,1714991924553,1,30133,30133,121202,1.0,0,3,3,3,SUCCESS,30133,xlivhllaS_2VFW1_ifTqqQ
193,Gunny,1714662128481,1,30133,30133,92853,0.0,0,0,0,5,SUCCESS,30133,m5-I630sTqyWjEYTg5eO9Q
194,RaceVentura,1715208211489,1,30201,30201,134458,1.3333333333333333,0,4,4,9,SUCCESS,30201,joLiY2dJQfSm3HfSSRvf2g
195,RaceSync,1714661062752,1,30316,30316,153058,2.0,0,6,6,4,SUCCESS,30316,O7OcF6s0QOSElOQj4kC3nA
196,GroupB-Team-D,1714944482468,1,30460,30460,112659,0.6666666666666666,0,2,2,4,SUCCESS,30460,m2_JuQcmSpWPInVugNqqVQ
197,Akiva,1714524022211,1,30471,30471,93992,0.0,0,0,0,1,SUCCESS,30471,hsfJQ05mShW_UFBDkcXFyw
198,KWON,1715048592958,1,30523,30523,103529,0.3333333333333333,0,1,1,2,SUCCESS,30523,DplPbQepT5iDPJ0_iSmzHg
199,Alee,1714831776619,1,30608,30608,167999,3.3333333333333335,0,10,10,7,SUCCESS,30608,mVSbA4CkQpGlcbxWSvfAUA
200,CriticalModel#1267,1714636054933,1,30666,30666,95653,0.0,0,0,0,1,SUCCESS,30666,WVZn2RKyQdatfOIdg-Cl-Q
201,SHHS-deblox#168,1714763185331,1,30865,30865,105463,0.3333333333333333,0,1,1,3,SUCCESS,30865,pGpsq-14S6ONc7HcWOyyZw
202,MSEDU-S16,1715133670147,1,30867,30867,99192,0.0,0,0,0,4,SUCCESS,30867,R59s7HeWR2SLH5Nv5BSZbA
203,FalconRacing,1714998296006,1,30873,30873,114790,0.6666666666666666,0,2,2,7,SUCCESS,30873,kfz6gSMZQjaOAnap3qKrLw
204,JoaoPedroVieiraGoes-CIMATEC,1714953219018,1,31403,31403,160479,2.0,0,6,6,6,SUCCESS,31403,CDFwPNImTc-Hfd_ClxgnrQ
205,JimK8N,1715200986500,1,31457,31457,95862,0.0,0,0,0,1,SUCCESS,31457,pVLXCPD3RVukGSy3kgZodw
206,EdivarFilho#UFCQXD,1715068973563,1,31603,31603,116792,1.6666666666666667,0,5,5,9,SUCCESS,31603,M6twsUK5QbOAW7ppACQkjg
207,KingoftheTrack,1715071118935,1,31663,31663,98392,0.0,0,0,0,6,SUCCESS,31663,ACg6IYaIQNi--irQmpdiHg
208,SubaruSally,1715191024841,1,31800,31800,137664,1.3333333333333333,0,4,4,3,SUCCESS,31800,eurEKg4cSDCkQ5ow4Yb-Pw
209,TechnicalCharacter#0318,1714765197170,1,31850,31850,118058,0.6666666666666666,0,2,2,8,SUCCESS,31850,D-8Dpic-SIeBn8lfHFuqRw
210,Eduardo-Cavalcante-UnB,1714978439612,1,31866,31866,97055,0.0,0,0,0,2,SUCCESS,31866,FzY4xUCqRKOeSEXv-3aEBQ
211,JorgeCorredor-ADL,1714776058845,1,31938,31938,117399,1.6666666666666667,0,5,5,1,SUCCESS,31938,kp4fvfTDQn-VShZgtH-OAA
212,Eviden-F1-TomekZielinski,1714987189382,1,32065,32065,97857,0.0,0,0,0,3,SUCCESS,32065,O0cnnu2fTaCqEFeL8viZMQ
213,MSEDU-S6,1715146083031,1,32077,32077,126385,1.0,0,3,3,2,SUCCESS,32077,l8qpZuSeTOmmeM2UKo4iSQ
214,AndyC,1715005354852,1,32137,32137,159205,2.0,0,6,6,6,SUCCESS,32137,Ovl-OZmSRcOv_IokWPD8PA
215,LidiaRocha-UFSCar,1715084085393,1,32246,32246,160453,2.0,0,6,6,6,SUCCESS,32246,xi1cDyysSS2nmJVlWvyMSA
216,ZF-GhostRider,1714997244272,1,32259,32259,118059,0.6666666666666666,0,2,2,4,SUCCESS,32259,qaivbLXrRlq8btC8eIF9_A
217,QualifiedLog#6739,1715119445932,1,32323,32323,128456,2.0,0,6,6,2,SUCCESS,32323,uR09EIePQtmlGNkPDyOskQ
218,technopro#tanakasota,1714833476656,1,32327,32327,98392,0.0,0,0,0,1,SUCCESS,32327,NDO79heRQMSt7w5aorlsJA
219,PerttuS,1714733724023,1,32403,32403,141643,1.3333333333333333,0,4,4,11,SUCCESS,32403,_msR08YBThaJII7TT6padg
220,Eviden-Graeme-Stirling,1714747531597,1,32593,32593,129652,2.0,0,6,6,3,SUCCESS,32593,J-qEmMQBTXG9Dk6gT-F5lw
221,BlackJack,1715069306487,1,32601,32601,130055,1.0,0,3,3,1,SUCCESS,32601,8mI_soJ5RUCCNlvMMoERbQ
222,Parmageddon,1714999762495,1,32602,32602,98326,0.0,0,0,0,3,SUCCESS,32602,efTkiU4SSO-uBLPp5IrPpw
223,Muhammed-Dynamo-Drifters,1714574765795,1,32606,32606,119322,0.6666666666666666,0,2,2,3,SUCCESS,32606,yhh9yWAJS7Wd_EuT0dHK7w
224,ASTK2023,1715213406641,1,32667,32667,98651,0.0,0,0,0,8,SUCCESS,32667,ba2faa5a8bb14b19b042bw
225,Kuako,1714581106152,1,32723,32723,117922,0.6666666666666666,0,2,2,2,SUCCESS,32723,g3jpBKVBQrSJ7YjOu4pYhw
226,FocusedExpert#7259,1714574429948,1,32736,32736,117658,0.6666666666666666,0,2,2,9,SUCCESS,32736,3MZZuFygRjm1Za-OUz0ufg
227,RecursiveOrder#5072,1715097662281,1,32857,32857,140126,1.3333333333333333,0,4,4,4,SUCCESS,32857,bKLXx_XCTTeYDUMn_NxyaQ
228,CPT-George,1714523786544,1,32925,32925,130527,1.0,0,3,3,5,SUCCESS,32925,csMdurF2SOWItBU2nsEPhQ
229,M1ghtyThor#0001,1715226545656,1,33001,33001,166073,3.0,0,9,9,5,SUCCESS,33001,N6BO-zsLRbq0Qf-YOUmBBQ
230,HeyBruh,1714719832285,1,33065,33065,121332,0.6666666666666666,0,2,2,1,SUCCESS,33065,OtwqclXaTiumENReYJSrTg
231,Vanez,1714558128239,1,33130,33130,121191,1.6666666666666667,0,5,5,2,SUCCESS,33130,x4V4UB83S8SrnXIYzp8ufw
232,DigitalTheory#4044,1715165954161,1,33257,33257,138724,1.3333333333333333,0,4,4,6,SUCCESS,33257,-AV-OWKMRiGnUNAtz8siTA
233,LilRacers-,1714992576946,1,33263,33263,111455,0.3333333333333333,0,1,1,6,SUCCESS,33263,s2-L-IXwT4utLoHNZIWS5w
234,BA84,1714757139547,1,33395,33395,100922,0.0,0,0,0,4,SUCCESS,33395,PGA8tUQbRsOdAkFm-FY_YA
235,Predator96,1714587967573,1,33401,33401,100528,1.0,0,3,3,5,SUCCESS,33401,pEZ4tYI0SCSpGKBMmPqfZw
236,WheelPower,1715194280755,1,33598,33598,101530,0.0,0,0,0,2,SUCCESS,33598,6h7_WNpATV-nDU14FQWfBA
237,AleCi,1714532117684,1,33600,33600,101267,0.0,0,0,0,4,SUCCESS,33600,R3HcTqybRx26I4O6xo9Qcg
238,Quarter-Mile-at-A-Time,1715091463653,1,33659,33659,130847,1.0,0,3,3,2,SUCCESS,33659,T3GPvXBXS62t8M_6mb25lg
239,Eviden-Ketan-Sharma,1714742936953,1,33668,33668,105454,0.0,0,0,0,7,SUCCESS,33668,hxYsETpxSC-0azhmF5hnMQ
240,BasifrankRacer,1714584585836,1,33670,33670,103932,0.0,0,0,0,3,SUCCESS,33670,SB6mlB4JQW29RWtMdVvRgA
241,ntxracer,1714667187273,1,33731,33731,113393,0.3333333333333333,0,1,1,3,SUCCESS,33731,f-E0BiKNRrCumpV8ivZjXQ
242,NumericArray#3272,1714861992164,1,33799,33799,104522,0.0,0,0,0,2,SUCCESS,33799,SxM-geD8TrqOjYVTmfBlNg
243,UpdatedDigit#2218,1714582925435,1,33866,33866,112863,0.3333333333333333,0,1,1,1,SUCCESS,33866,TR2sgsOQSmSemz27kEgZhg
244,BlockchainCircuit#7008,1714887853888,1,33933,33933,113131,1.3333333333333333,0,4,4,1,SUCCESS,33933,h2fEgYf2SGeOvDCB59Rsig
245,FuturisticCoder#1679,1714582128072,1,34067,34067,123724,0.6666666666666666,0,2,2,4,SUCCESS,34067,JMGiVRPiR5miJDQecSHZdQ
246,WiroteP-Thailand,1715168295838,1,34271,34271,147414,1.3333333333333333,0,4,4,1,SUCCESS,34271,ELFOqB6AT9GzSMNYz5innQ
247,snlawrence,1715159801072,1,34323,34323,133520,2.0,0,6,6,3,SUCCESS,34323,N8QP4-1aT52bTzib3qplTw
248,steve-atkinson,1715101241475,1,34330,34330,127056,0.6666666666666666,0,2,2,5,SUCCESS,34330,ce8E6LRaTCCvwpJzof_8yQ
249,SwiftRacing,1714529829022,1,34390,34390,104187,0.0,0,0,0,2,SUCCESS,34390,DuUfXCEiRfGRANGAcGwSAg
250,AntonioMeireles--IFPI-LABIRAS,1715100586791,1,34397,34397,166590,3.0,0,9,9,1,SUCCESS,34397,jmDn868dT5mjK54kFlV64g
251,BackloggedWorkaround#6272,1714554788364,1,34402,34402,113326,0.3333333333333333,0,1,1,4,SUCCESS,34402,z8OrpKVOTsyrHUUManS5Tw
252,ZFDataDrifters,1715096995043,1,34534,34534,155585,1.6666666666666667,0,5,5,2,SUCCESS,34534,sABnJBu3T1OEz7WA1kiBsw
253,RRAcers,1714998842120,1,34730,34730,146587,1.3333333333333333,0,4,4,1,SUCCESS,34730,Wts0mzSRSUis2-NE69xuTg
254,PRO-GrAMmER,1714526560113,1,34791,34791,143665,1.3333333333333333,0,4,4,3,SUCCESS,34791,Elcr3Cw7QOG81a4Qc9Fbrw
255,kyu,1714550794343,1,34802,34802,105116,0.0,0,0,0,2,SUCCESS,34802,LkjXjE2sQAi2hfit-phXfg
256,UpgradedArithmetic#7124,1714992996709,1,34855,34855,128059,0.6666666666666666,0,2,2,6,SUCCESS,34855,9Z0AMvfsQCOuo4FqIMXIww
257,FunctionalEnvironment#6157,1715113767427,1,35001,35001,105926,0.0,0,0,0,2,SUCCESS,35001,iPw-jNJlQAy9WCabtuaIog
258,isaias-amadeu,1715224603643,1,35136,35136,126992,1.6666666666666667,0,5,5,2,SUCCESS,35136,krSeH4viQ_ulNlTKCGkiOw
259,Erica-ufmt,1715134683601,1,35201,35201,158854,2.6666666666666665,0,8,8,8,SUCCESS,35201,z6uQOqCVSjWrAq8h4uL3Sw
260,PITS-3,1715043910422,1,35589,35589,134395,1.0,0,3,3,1,SUCCESS,35589,yB5wq3tVTHm_RJQ3qQqBCw
261,KasztP,1714767344360,1,35599,35599,117252,1.3333333333333333,0,4,4,1,SUCCESS,35599,B_NHhZzIT7yLboMZHKC3Qw
262,the-racing-rebels,1715067144927,1,35600,35600,174007,2.0,0,5,6,1,SUCCESS,35600,Mjg-gIukSKaRIyAlA4ORdw
263,Ignite-KFUPM,1714786903262,1,35738,35738,112795,0.0,0,0,0,15,SUCCESS,35738,RPZL5p84QYK_mSZzSKY7IQ
264,QualifiedConsole#1321,1715234125193,1,35935,35935,118463,1.3333333333333333,0,4,4,5,SUCCESS,35935,6QS2emjhSqCLYjq8iRz0_g
265,VariableComment#4478,1714582037442,1,36121,36121,120854,0.3333333333333333,0,1,1,2,SUCCESS,36121,iZPJ3GhESgWKMSPGAqJvlA
266,Joao-Pedro-Borges-SENAICIMATEC,1715107259565,1,36129,36129,154806,1.3333333333333333,0,4,4,16,SUCCESS,36129,DNAYr4ULQL2fZOMDrwxKmw
267,UnboundHypothesis,1714530773073,1,36341,36341,178321,3.3333333333333335,0,10,10,1,SUCCESS,36341,AKKdsaEmSTSB-MONeM3cbw
268,RuanMS-IFPI-LABIRAS,1715122121450,1,36459,36459,128659,1.6666666666666667,0,5,5,1,SUCCESS,36459,H1dklm15RniC4-SzpikF_w
269,UpgradedServer#0735,1714985462283,1,36588,36588,141798,1.0,0,3,3,1,SUCCESS,36588,t5iRScauS0mEP2S1DFkl1w
270,UnboundDiff#3077,1714601525305,1,36592,36592,130394,1.6666666666666667,0,5,5,2,SUCCESS,36592,LlHWwH_TQiqpEI-kmSuGmw
271,ConnectedContext#3726,1714673480489,1,36673,36673,120931,0.3333333333333333,0,1,1,2,SUCCESS,36673,3UsDMeLAQS2tzbtps9jPAw
272,LetsGoFam,1715202877164,1,36940,36940,112525,0.0,0,0,0,11,SUCCESS,36940,BUkjMtYZTeigeakMwb9kBg
273,Eviden-IteyeOgbo,1714942118619,1,37339,37339,124594,1.3333333333333333,0,4,4,11,SUCCESS,37339,iCYnBln7RMiA6D66V8qMIA
274,RobinCastro-DBS,1715051429990,1,37606,37606,125065,2.3333333333333335,0,7,7,1,SUCCESS,37606,7KrbyQXvTBOxnBa0p9YuUA
275,SulaimanLodewyk#7,1714661792687,1,37718,37718,115659,0.0,0,0,0,7,SUCCESS,37718,rnfzzA5fTtuJ9_R3GA3r_w
276,SirGroovingtonFunkerton,1715109717022,1,37732,37732,115547,0.0,0,0,0,1,SUCCESS,37732,BJ1eWGmRQWaxHluXmQycTA
277,ManoelSilva-Senai,1715135411242,1,38196,38196,134928,1.6666666666666667,0,5,5,10,SUCCESS,38196,VjeT0asITt6SypCq-gtSgA
278,jnordynasty,1714709049866,1,38255,38255,136608,0.6666666666666666,0,2,2,7,SUCCESS,38255,jf_GEbaxQPKZZQpBKzRUbQ
279,FocusedCoder#0571,1714912461460,1,38331,38331,150591,2.0,0,6,6,5,SUCCESS,38331,7_jhTq-YQNaq0SsUAFyaiw
280,GabrielaVonBorowski,1714579231094,1,38401,38401,150257,1.0,0,3,3,1,SUCCESS,38401,G-EKuRpoSCeN8j7skfT1_w
281,Lucas-Fernandes-Carvalho-UnB,1715095410473,1,38528,38528,120331,0.0,0,0,0,9,SUCCESS,38528,Oa2PQEgrQBOSryKDECB2ZA
282,10xExpression#8345,1714773004693,1,38595,38595,146462,1.0,0,3,3,4,SUCCESS,38595,D4YI6YfFTDiRT3_reUStJg
283,JavaBreaker#6467,1714570959689,1,38599,38599,118726,0.0,0,0,0,1,SUCCESS,38599,nyum_941T26dVxG4XMPAIw
284,SquareComment#5808,1715137211761,1,38599,38599,117125,0.0,0,0,0,1,SUCCESS,38599,RJjYeUBrQie7y65z_oN9Lg
285,PassingBreaker#4816,1715211109229,1,38717,38717,142386,0.6666666666666666,0,2,2,2,SUCCESS,38717,HNrMA7pOTmySpVQEd86xbg
286,BrainyNotation#6628,1715027256699,1,38726,38726,116651,0.0,0,0,0,2,SUCCESS,38726,Y_Y8DR6-SISNk5FPOYJi4A
287,PythonEvaluation#1292,1715177260359,1,39062,39062,117792,0.0,0,0,0,4,SUCCESS,39062,Jfwmsz4ZT9q2sTMSArWfSg
288,Jerec,1714541757325,1,39075,39075,129462,2.3333333333333335,0,7,7,1,SUCCESS,39075,RH6ep-5mRmmVLqHClba8_Q
289,SulaimanL,1714660096213,1,39191,39191,131373,0.3333333333333333,0,1,1,5,SUCCESS,39191,uAHDbip4R1qtp5IJ1uaeJw
290,AlphaLine#7608,1715039993738,1,39322,39322,169660,2.6666666666666665,0,8,8,1,SUCCESS,39322,fXtzFiYeSa6G0Fdoy7ivOw
291,UnboundConsole#8106,1714539978650,1,39997,39997,121057,0.0,0,0,0,1,SUCCESS,39997,LdeWqnCkQC2a8Fpoo5_2rg
292,ThePriceIsRight-home,1714777960590,1,40067,40067,138796,1.3333333333333333,0,4,4,5,SUCCESS,40067,Wo2HNVdVSLm4duJkkhzpSw
293,MSEDU-S7,1715146037003,1,40335,40335,185333,3.0,0,9,9,2,SUCCESS,40335,RJKhPPcwRTuyTcJp9RVCsg
294,FiniteGame#2442,1715195849039,1,40402,40402,160658,2.3333333333333335,0,7,7,3,SUCCESS,40402,aUoqN7CPSHaIkZXMGHP8SQ
295,EsteemedShell#2190,1714585940941,1,40460,40460,152852,2.0,0,6,6,1,SUCCESS,40460,rM2AZzWITWiQBmFMzyPxvg
296,PythonVariable#4891,1714626001624,1,40671,40671,133592,0.3333333333333333,0,1,1,7,SUCCESS,40671,-xvIoKJuRJ6WfJGZCZ2AmQ
297,LeoMtz,1714769371758,1,40789,40789,195185,3.3333333333333335,0,10,10,8,SUCCESS,40789,bAuh9G8eSlaPuXBlDHo6mQ
298,JeromeEdifixio,1715194793691,1,40933,40933,163997,2.3333333333333335,0,7,7,4,SUCCESS,40933,aQbUHU2IS9uTuZnFgBjznA
299,UpdatedPackage#6816,1715192075304,1,40941,40941,136858,0.3333333333333333,0,1,1,6,SUCCESS,40941,puCRZcaYT2OrdUiMN5eeIw
300,Zero-dayState#0094,1714571515110,1,41062,41062,134446,1.3333333333333333,0,4,4,3,SUCCESS,41062,WmKobXVjSzGiL0yQlpNEHg
301,TheLastMinuteHeros,1714975674474,1,41136,41136,162721,2.3333333333333335,0,7,7,6,SUCCESS,41136,7t6uJKxRSLOSTzFYmHDK2w
302,tusrau,1714540057567,1,41187,41187,134323,1.3333333333333333,0,4,4,3,SUCCESS,41187,pxr_EG7iQBGAGWuI0rbTdw
303,apple,1714858008228,1,41197,41197,123661,0.0,0,0,0,1,SUCCESS,41197,p6dHwxvvTCyD0lXuOVJzKA
304,Juan-Nemesio-Dos-Santos,1714954606581,1,41467,41467,154715,2.0,0,6,6,3,SUCCESS,41467,t9lYfMe_Tjiqghg-QYY-2w
305,RobotInterface#0118,1715175899628,1,41534,41534,125790,0.0,0,0,0,1,SUCCESS,41534,SDRPTBf7SUq1QevUmcI0jQ
306,GoodmanKR,1714703659188,1,41595,41595,219998,3.0,0,9,9,6,SUCCESS,41595,f905b742ca594aadb529eQ
307,gcjordi-eH,1714661201620,1,41794,41794,150186,0.6666666666666666,0,2,2,2,SUCCESS,41794,hxnXJKpMRKSykoLhfHojdg
308,Charles-Costa-UnB,1714579352198,1,42327,42327,140061,0.3333333333333333,0,1,1,3,SUCCESS,42327,0E4Iu0rBRC2Kne6eHin9jw
309,Eviden-mw-Chary,1715091583575,1,42530,42530,140455,0.3333333333333333,0,1,1,1,SUCCESS,42530,QNbF4BseTgqZRf5J2tAubA
310,Alexandre-Kaihara,1714662607614,1,42655,42655,159717,2.0,0,6,6,4,SUCCESS,42655,xo1CDOuXS1mrAuWAa9JYsA
311,vishleshak,1714833774515,1,42662,42662,132124,0.0,0,0,0,1,SUCCESS,42662,40faf93f6fbe487cadee4w
312,IterativeFunction#6803,1715155189972,1,42929,42929,170592,1.3333333333333333,0,4,4,2,SUCCESS,42929,kXYhFBHSRgezmXcZ23FabA
313,NullSemicolon#6185,1714632186474,1,42998,42998,151932,0.6666666666666666,0,2,2,6,SUCCESS,42998,ditioaFVSdiRbRWqRqTZcw
314,UnboundBottleneck#6847,1714610942680,1,43130,43130,166128,2.0,0,6,6,15,SUCCESS,43130,byRfsIMRS6SAqwUUHOBy4g
315,Maluks,1714724213872,1,43198,43198,130794,0.0,0,0,0,2,SUCCESS,43198,29cHfq1OT9ayqwLlUhUCPA
316,ProgrammingSandbox#0620,1715225827662,1,43266,43266,205988,3.3333333333333335,0,10,10,10,SUCCESS,43266,MpnKU5N5QfiMAInY55GE1w
317,MSEDU-S5,1715135151737,1,43336,43336,141132,0.3333333333333333,0,1,1,3,SUCCESS,43336,CEtgVKJbSlik_4fouCZWBA
318,Eviden-Navn33t-Singh,1714740779083,1,43534,43534,150992,2.6666666666666665,0,8,8,6,SUCCESS,43534,abV36aIgT1Kkmf-Bm6H3TA
319,MetaUxer#8889,1714870548513,1,43588,43588,134249,0.0,0,0,0,3,SUCCESS,43588,xOrnIcTTQ4ySmRsVfZ8rtw
320,GammaCircuit#6849,1714670182326,1,43726,43726,140989,0.3333333333333333,0,1,1,3,SUCCESS,43726,XcvlB_fOTk6x282kO3_aaQ
321,RuanMacedoSantos-IFPI-LABIRAS,1715104938645,1,43793,43793,193860,4.0,0,12,12,2,SUCCESS,43793,l0IV8g-mQ3yoc7t3DbggXA
322,JamesPonter-Eviden,1714561584035,1,43924,43924,172254,2.3333333333333335,0,7,7,1,SUCCESS,43924,T7z1M9pFTK25Od9oyKbYaA
323,SyntaxError#KFUPM,1714827379038,1,43937,43937,196991,2.0,0,5,6,6,SUCCESS,43937,vJayRUtjSLau-4d-CZSLKQ
324,PathingSystem#1910,1714610293289,1,44202,44202,134525,0.0,0,0,0,3,SUCCESS,44202,eXPniFhHQWii5SOwoO4OdA
325,DerekZoomlander,1714993588408,1,44531,44531,155187,1.6666666666666667,0,5,5,2,SUCCESS,44531,ezltF5voQz2QX-Vcu53flA
326,IterableTest#0756,1714563560946,1,44799,44799,144401,1.3333333333333333,0,4,4,7,SUCCESS,44799,RlLecl9iRgeSiA5vKKiU6Q
327,CurlyDiff#0195,1715066291030,1,44804,44804,135192,2.0,0,6,6,2,SUCCESS,44804,34b_VxcGTCCsZAmjWBfGWg
328,RecursiveLine#9621,1715207873345,1,45266,45266,175146,1.3333333333333333,0,4,4,3,SUCCESS,45266,X1KRudcGTdCZh8_MORI7Wg
329,VelocityVirtuoso#8123,1714998637534,1,45869,45869,137932,0.0,0,0,0,2,SUCCESS,45869,SOaLDMtJTQWr55eR6v710Q
330,Eviden-Vasudeva-R,1714631298790,1,46006,46006,180389,3.3333333333333335,0,10,10,6,SUCCESS,46006,dHIyKk49RH2GquCCo5Mj0Q
331,MavFung,1714794168495,1,46332,46332,142600,1.0,0,3,3,1,SUCCESS,46332,mzaaWUl8QAiWL0N1YA4lVA
332,ConnectedLoop#4759,1715067788442,1,46395,46395,141326,2.0,0,6,6,2,SUCCESS,46395,bxQqj6-mQL6daQE5G5-F1w
333,JoeLeyba,1714781247021,1,46458,46458,141322,0.0,0,0,0,1,SUCCESS,46458,nzfVL37yS2G5OUkCQh7omQ
334,AsynchronousPatch#7824,1714718657569,1,46660,46660,151585,1.3333333333333333,0,4,4,2,SUCCESS,46660,QUcS3i9NS1-VK6-FowkOZw
335,DavidLiu,1714608610113,1,47133,47133,166789,2.6666666666666665,0,8,8,1,SUCCESS,47133,p8Kq8gVIS0W9DoFRPItxlA
336,FuturisticSwitch#0318,1715066367025,1,47140,47140,205870,4.0,0,12,12,1,SUCCESS,47140,wYb2WsSoQM-tdURzFcDgPA
337,BigSchema#4813,1715200810124,1,47205,47205,144197,0.0,0,0,0,2,SUCCESS,47205,BTXi2YuMQbGX8axIslfsGg
338,gentlesoul,1714673434438,1,47254,47254,152989,0.3333333333333333,0,1,1,4,SUCCESS,47254,1mVfinwdQI2RwslZUvbE1A
339,ComplicatedHypothesis#6508,1714566327053,1,47400,47400,174263,2.0,0,6,6,2,SUCCESS,47400,_2BZoI7MRPCC71MIWYFzig
340,GustavoMenaBarreto-UNB,1715127347784,1,47538,47538,143527,0.0,0,0,0,1,SUCCESS,47538,stPypog5RwidBuzMpjOr4g
341,Ayrton-Senna-WD,1714989780372,1,47597,47597,154057,2.3333333333333335,0,7,7,3,SUCCESS,47597,OVq90M6UQpu2qIIA7mX5Vw
342,ComplicatedSystem#1310,1715143035137,1,47601,47601,170871,2.0,0,6,6,1,SUCCESS,47601,H2iElAzgTHCBMroBZWC-4Q
343,TabletCoder#1744,1714597500543,1,47658,47658,144591,0.0,0,0,0,1,SUCCESS,47658,Ht-U1rK4Q063tzBKt95znw
344,MattJAmos,1714611731283,1,47790,47790,154929,1.3333333333333333,0,4,4,2,SUCCESS,47790,Yw2PoG4PT0SeYwa_X7mP8w
345,UpdatedNode#0923,1715187000147,1,48525,48525,176849,3.0,0,9,9,1,SUCCESS,48525,7BpB_Y8CSy6Xo2HSi8NOdQ
346,VinceD-FR,1714748924391,1,48738,48738,197395,3.6666666666666665,0,11,11,2,SUCCESS,48738,QLGW0O2NSzOPSJx5vQlRrg
347,BradleySavage,1715200814959,1,48796,48796,258663,4.333333333333333,0,13,13,6,SUCCESS,48796,DQU12qZ9QyapnvoPLBiAag
348,YousefBAS,1714577828886,1,48931,48931,197204,2.6666666666666665,0,8,8,1,SUCCESS,48931,u8wECy-rTiuIo6V2PFrRtg
349,RaulMyronUNB#1320,1714665954538,1,49324,49324,231061,2.6666666666666665,0,8,8,1,SUCCESS,49324,bp_wTam_TSmgBjbMDzjEvQ
350,NTU-ME-GXX-JIA-WEN-FAN,1715074114546,1,49873,49873,199603,3.6666666666666665,0,11,11,1,SUCCESS,49873,NUpEUAskRjCBhnTY6QkCzg
351,Alice-Borges-UnB,1714687101194,1,49992,49992,180325,3.0,0,9,9,1,SUCCESS,49992,yErslJ__R8W06jBTsYg00w
352,MachineValue#5295,1715093858994,1,50326,50326,205060,4.666666666666667,0,14,14,5,SUCCESS,50326,hI6SbUKeTx2uYnRQhyCAdA
353,Suadey,1714639125630,1,50329,50329,164647,0.3333333333333333,0,1,1,1,SUCCESS,50329,Xk_za62wSLqXoO2mnjzFjw
354,RocketBooster#4499,1714663284341,1,50367,50367,183772,1.0,0,3,3,2,SUCCESS,50367,ynZLr5toSimInhxAhmAtFw
355,RiyadhUddin,1714808589853,1,50670,50670,153235,0.0,0,0,0,2,SUCCESS,50670,XEDnTwq3S1Kz0rVPu0hfrA
356,BetaSystem#4215,1714587964036,1,50793,50793,182994,3.0,0,9,9,1,SUCCESS,50793,04yIfLDmSPa_E7PyUZerBA
357,AccessibleGrid#6381,1714589551854,1,50856,50856,185194,2.0,0,6,6,4,SUCCESS,50856,_AtT7tHPSv2UR2eMh1C0dA
358,AndrewMeeks,1715187458827,1,51133,51133,205721,1.6666666666666667,0,5,5,7,SUCCESS,51133,erCu8MDTSsWsG9asdLop6Q
359,BiancaBezerra-IFPI,1714663640917,1,51136,51136,165996,0.3333333333333333,0,1,1,1,SUCCESS,51136,rJRx6T1oRsOwSU5RWcQ3Vw
360,KendrickLlama2,1714963931574,1,51199,51199,197194,4.333333333333333,0,13,13,9,SUCCESS,51199,iCD8aRckTd-Vl7x1G82a1A
361,HashRacer,1714530792887,1,51264,51264,166661,2.3333333333333335,0,7,7,1,SUCCESS,51264,v5MWJmBlQ0SOMYjFtGBG0w
362,JoaoCarlosUFPB#9369,1715039907752,1,51469,51469,166592,0.3333333333333333,0,1,1,1,SUCCESS,51469,22b5Ctt8T02KoMi72RPNRg
363,Chencho,1714757920165,1,51585,51585,167320,0.3333333333333333,0,1,1,1,SUCCESS,51585,FmKNTlC8Qh6a31oWmZcdcQ
364,KleinRacer,1714719944818,1,51739,51739,168385,2.3333333333333335,0,7,7,3,SUCCESS,51739,tdLxJG5jToifOOWwW4PoTg
365,SSagi,1715055789749,1,51865,51865,196934,3.3333333333333335,0,10,10,1,SUCCESS,51865,WmUwuwXDS8Ki2fa5tvf5bw
366,Technopro#rai,1714843082973,1,51868,51868,166196,0.3333333333333333,0,1,1,1,SUCCESS,51868,4XWXJuMVRUeBan-dUdKpCQ
367,AtomicError#5391,1714583820890,1,51930,51930,179584,2.6666666666666665,0,8,8,2,SUCCESS,51930,ipw6jUkNTnSb4rZSpNClwg
368,GammaTheory#2471,1714637091284,1,51932,51932,166596,2.3333333333333335,0,7,7,8,SUCCESS,51932,pLnkhZFWSYywrM0_MNUmow
369,ArthurJoseSary-Unicamp1,1714983773720,1,52410,52410,188949,4.0,0,12,12,1,SUCCESS,52410,SRcIhU2ySZ-f2fgvpPoeXw
370,HaveSomeTalent,1714521667167,1,52467,52467,168990,2.3333333333333335,0,7,7,3,SUCCESS,52467,PW5q3kMyRFahdwLr9aPHCA
371,Ruan-IFPI-LABIRAS,1715128951737,1,52537,52537,158749,2.0,0,6,6,4,SUCCESS,52537,WZJoD8l4QWm9hihkl18JMg
372,Rafael-Lopes-UNB,1715049752803,1,52598,52598,187394,3.0,0,9,9,1,SUCCESS,52598,9IiPFhi_SZqCWzNDnqLFHg
373,SP-THEBONE,1715205796817,1,52599,52599,161348,0.0,0,0,0,6,SUCCESS,52599,4FX8JJaDS9K2P_RE_9XsmQ
374,Weezy,1715202482267,1,53333,53333,181057,3.6666666666666665,0,11,11,3,SUCCESS,53333,4c9I-QsHTSqdvK_Ji8PqAQ
375,Eviden-mw-Shubam-Koul,1714542066584,1,53528,53528,328466,8.333333333333334,0,25,25,6,SUCCESS,53528,oSeWRd3dRaG6NmF7GnEgnA
376,ProvisionalHypothesis#9988,1715222905008,1,53670,53670,193192,4.0,0,12,12,1,SUCCESS,53670,tXfIq88iT4SLQQa9H8Mk2Q
377,TechSurge,1714698017221,1,53726,53726,180602,2.6666666666666665,0,8,8,6,SUCCESS,53726,Tpjg2_slQB2UG4Mjwgsocw
378,UnboundGlyph#2432,1714747316274,1,53873,53873,196326,4.0,0,12,12,8,SUCCESS,53873,VkPXuvV8S6ez7kiTD0atIA
379,Eviden-Sand#DR,1715150784250,1,53943,53943,165664,0.0,0,0,0,2,SUCCESS,53943,lrynB-zrTcmj1IyPMRqbBw
380,MSEDU-S3,1715146042644,1,54063,54063,181061,2.6666666666666665,0,8,8,3,SUCCESS,54063,610JeP3hRkmjuhaESDa1Dw
381,MaverickDarrow,1714654227604,1,54065,54065,216596,3.6666666666666665,0,11,11,6,SUCCESS,54065,5qsC2uz6QdOC6nzTtyG0FQ
382,ConnectedOrder#2502,1714547149946,1,54262,54262,178254,3.3333333333333335,0,10,10,1,SUCCESS,54262,NL5ltOomQIWCD5vlgZWmfg
383,MoesMoves,1715081849174,1,54264,54264,162928,0.0,0,0,0,2,SUCCESS,54264,1Sq5PXkXSTChLUESHnIWPQ
384,IMason81,1714546206328,1,54600,54600,166389,0.0,0,0,0,1,SUCCESS,54600,X1PuqXTkSz2LywEtW-LW6Q
385,BooleanParameter#3965,1714652793269,1,54792,54792,204988,4.333333333333333,0,13,13,2,SUCCESS,54792,QmTlFkChTjip8G8dZOlUkw
386,ComplicatedScript#5146,1715181229941,1,54940,54940,185356,2.6666666666666665,0,8,8,1,SUCCESS,54940,B7LC1qA1QwqW3moxZBjbAg
387,AgileBottleneck#1795,1715080161096,1,54940,54940,165126,0.0,0,0,0,3,SUCCESS,54940,fIouUor_RrKDsIjBIc7RHw
388,Silverhammer,1714566078644,1,54995,54995,169924,0.0,0,0,0,1,SUCCESS,54995,Lq1GO0K5SSCnFFFYBixFbg
389,GlobalPointer#4873,1714959524184,1,54997,54997,237123,4.333333333333333,0,13,13,2,SUCCESS,54997,IwibLoXfTyOa8TckK3409w
390,LiviaBrito-IFPI-LABIRAS,1715095867504,1,55070,55070,228719,5.0,0,15,15,1,SUCCESS,55070,CfouLLpGSI6DqE8PNhtGYA
391,RocketBuster#2516,1715067783599,1,55139,55139,187524,3.6666666666666665,0,11,11,1,SUCCESS,55139,zbKg4sPTRIeqnFwek-lqmA
392,Reference486,1714530748335,1,55321,55321,198857,4.0,0,12,12,1,SUCCESS,55321,zmf8l8rHQ36Lpy6Y0qYepA
393,UpdatedAbstraction#9834,1715093427483,1,55533,55533,166796,0.0,0,0,0,1,SUCCESS,55533,NmeZuE9PRwmLYmAQqAxWug
394,BackloggedBooster#5694,1714610707310,1,55600,55600,186664,0.6666666666666666,0,2,2,1,SUCCESS,55600,OmLTmrxLTBKfGzHU3zDDyA
395,SpeeedRunner,1715016238025,1,56190,56190,173520,0.0,0,0,0,3,SUCCESS,56190,E6rP-lUHQymMpV3BbYWsKw
396,Mario-Andretti-93,1714656539141,1,56257,56257,198595,1.0,0,3,3,6,SUCCESS,56257,YMgAw8PDQxKEe9epK3kbEg
397,10xPoint#2889,1714736540390,1,56322,56322,169649,0.0,0,0,0,1,SUCCESS,56322,qkeAdEHvThqThZLG-GBh1Q
398,NestedCallback#6922,1714612753526,1,56398,56398,214723,2.3333333333333335,0,7,7,1,SUCCESS,56398,-q3TMl9HRNOrF0c-56SW7g
399,HelpfulArgument#7595,1715142594425,1,56609,56609,171656,0.0,0,0,0,1,SUCCESS,56609,a7KCv_zlT42xxz5qQ_EIeQ
400,technopro#sawadakiyoshi,1714625567681,1,56789,56789,190928,0.3333333333333333,0,1,1,2,SUCCESS,56789,XaZSXWwBSX6zBIO345EHAA
401,Eviden-Dave-13-Anthony,1714588631404,1,56861,56861,193854,3.6666666666666665,0,11,11,1,SUCCESS,56861,Im06xcbLRqSFWil8sa-n1w
402,HigherComment#9438,1714584803000,1,56869,56869,172326,0.0,0,0,0,1,SUCCESS,56869,uW2PfgrCSre2ebqybTF-9g
403,IterableSemicolon#5047,1714658241878,1,56990,56990,184058,0.3333333333333333,0,1,1,1,SUCCESS,56990,86ZEgkMQT7K5RIFXyRGFCw
404,InfiniteScript#7051,1714740772751,1,57001,57001,184671,0.3333333333333333,0,1,1,2,SUCCESS,57001,FQZtmceSSv2di43mRWygJg
405,BackloggedSemicolon#9691,1714643047876,1,57120,57120,196053,2.3333333333333335,0,7,7,11,SUCCESS,57120,5dtY36yIRsuhsmzRkvBpZw
406,CriticalEnvironment#5675,1714591164613,1,57190,57190,184924,0.3333333333333333,0,1,1,2,SUCCESS,57190,ThNpyeZcSOaUAycTE0uznQ
407,PathingLog#4733,1714581875307,1,57395,57395,182926,2.3333333333333335,0,7,7,1,SUCCESS,57395,r0yz_RXUQjmuqsigI7VJZg
408,miraculousmind,1714793108005,1,57731,57731,174390,3.0,0,9,9,1,SUCCESS,57731,UYPfH2PYTY-qJvu4-JTUmg
409,RobotEngineer#4544,1714862952685,1,57800,57800,177466,0.0,0,0,0,1,SUCCESS,57800,vhm1-RVvQbapTzUr6C4PUg
410,KevinD,1715070534427,1,57989,57989,174190,0.0,0,0,0,3,SUCCESS,57989,URR2Y2sjSB2Izw46pRHMww
411,CriticalTable#4590,1715143671086,1,58268,58268,186390,0.3333333333333333,0,1,1,1,SUCCESS,58268,m-psAUmMQt-zRlBbzfxCow
412,GoFastOrGoHome,1715002411974,1,58332,58332,194260,3.6666666666666665,0,11,11,1,SUCCESS,58332,pQbBEiuwSzWXcZdjaXd6tQ
413,SolvableEnvironment#7896,1714908411303,1,58394,58394,176121,0.0,0,0,0,1,SUCCESS,58394,f9tPoHHNRY-7vM3XHyRhJw
414,KenanKaddoura,1714759089086,1,58464,58464,238188,5.0,0,15,15,1,SUCCESS,58464,S0hKBIU-QDWsZIyj8wjc7Q
415,HashableShell#1625,1715003683251,1,58472,58472,186722,0.3333333333333333,0,1,1,1,SUCCESS,58472,KtJuMoKySLSHFdtCEAqhgQ
416,FocusedInterface,1714530662108,1,58600,58600,226553,4.666666666666667,0,13,14,1,SUCCESS,58600,r3aBxr_LTr6oaaHKYRj68Q
417,UpdatedDocumentation#5645,1715142498193,1,58726,58726,180455,0.0,0,0,0,1,SUCCESS,58726,jJy4uHRuTR-45lje_D6y0w
418,SpeedTicket,1714767525769,1,59063,59063,178658,3.0,0,9,9,3,SUCCESS,59063,GS0gV0HrSmS6d3HKC7dVOw
419,ThisAbstraction#6866,1714549599003,1,59142,59142,179126,0.0,0,0,0,1,SUCCESS,59142,hkjvOksWRDGu1rUbBK3XgQ
420,UpdatedSemicolon#5077,1715006204198,1,59189,59189,178920,0.0,0,0,0,1,SUCCESS,59189,Wa3fNRC3T3e_NrKUak5TOw
421,BackloggedHypothesis#3468,1715218252927,1,59200,59200,178592,0.0,0,0,0,1,SUCCESS,59200,cvlUD2hfT1iVuYH3vsrM9g
422,bigdata-maneyk,1715182699141,1,59205,59205,200127,3.6666666666666665,0,11,11,1,SUCCESS,59205,f6mSvqIhQGeRfSCmq8VPIA
423,PrototypeClass#8637,1714611515723,1,59261,59261,179326,0.0,0,0,0,1,SUCCESS,59261,zSMBIS2qT6mb7HxeQBaUuQ
424,AravindVCyber,1714530641810,1,59388,59388,251716,5.333333333333333,0,16,16,1,SUCCESS,59388,4WpVgL2TRrW0orrL7I6wpA
425,ArtificialExpert#3477,1714771715559,1,59740,59740,179520,2.0,0,6,6,7,SUCCESS,59740,HyiXtFajRcG0onpbxhAnPQ
426,Asmae,1714986565714,1,59803,59803,181792,0.0,0,0,0,5,SUCCESS,59803,pglUnJ14Tqi9N3Nx3nP4sA
427,BigTester#1502,1715066867874,1,59928,59928,180729,0.0,0,0,0,3,SUCCESS,59928,Z2BLS696RyGZWJW9Um0k7w
428,BooleanSpec#2162,1715102016354,1,60467,60467,216723,4.0,0,8,12,1,SUCCESS,60467,lmuKwnQiQgirXjhjrYa1dA
429,ContinuousContext#9340,1715197506870,1,60526,60526,209863,4.0,0,12,12,2,SUCCESS,60526,Ix-AES1uSoWzgtQnKscb2A
430,ImportantNotation#0060,1714572267906,1,60532,60532,182059,0.0,0,0,0,2,SUCCESS,60532,RcQidvhXRYKXmoV1OJFarw
431,ThisSystem#2187,1715142932797,1,60655,60655,183191,0.0,0,0,0,1,SUCCESS,60655,oV5gRoWTR9qYbIGW07KxGA
432,CompleteScope#0900,1715056917016,1,60726,60726,182790,0.0,0,0,0,1,SUCCESS,60726,2GXRj-FTSSyhWqQhrjm1tg
433,AgileExpression#9822,1715106122019,1,60729,60729,193719,3.3333333333333335,0,10,10,10,SUCCESS,60729,1Z5EB4zpTVeMXjqx-aqD6A
434,ThisScript#0150,1714645149541,1,60730,60730,183654,0.0,0,0,0,2,SUCCESS,60730,x-UM4hHTQDi0yKCzNfFDdg
435,Eviden-SharanJeevangi-India,1715168064136,1,60854,60854,234652,3.6666666666666665,0,11,11,3,SUCCESS,60854,ahNlbPHuRHe5OrNByB0ojQ
436,MechanicalNumber#8350,1715227374727,1,60867,60867,318863,7.333333333333333,0,22,22,1,SUCCESS,60867,TNkDZPK4SZWVo34Yn3qY5Q
437,CrypticBooster#9199,1714530636007,1,60869,60869,184656,0.0,0,0,0,1,SUCCESS,60869,WuxxqMyaQ7WLOK9erALvyQ
438,ArtificialAbstraction#0780,1715181426782,1,60927,60927,184330,0.0,0,0,0,7,SUCCESS,60927,9P2e5kjERb6R3V_ruaaxSQ
439,BigTheory#8364,1715142073545,1,61002,61002,183528,0.0,0,0,0,1,SUCCESS,61002,nY-9IgBZTi6YYYq2sABYlQ
440,RocketBrackets#7153,1715129144560,1,61069,61069,183931,0.0,0,0,0,1,SUCCESS,61069,hZmBOBm7TNOKFCttTH3SSQ
441,QualifiedArgument#1674,1715141659434,1,61073,61073,194667,0.3333333333333333,0,1,1,1,SUCCESS,61073,pOi7YVOnQGujUj5maS7z8g
442,ComplicatedSemicolon#9796,1714736477775,1,61126,61126,183458,0.0,0,0,0,1,SUCCESS,61126,6WtOxVHnS2ecMfsUgPVU_g
443,RicardoMombru,1715175884329,1,61266,61266,204591,2.6666666666666665,0,8,8,3,SUCCESS,61266,dszNfs_HQQC-RAXiNtBM4A
444,UnicodePoint#4423,1714983947942,1,61321,61321,185257,0.0,0,0,0,2,SUCCESS,61321,p_2sGmmgRPu7tHaufmAdCQ
445,Pouillie#7006,1714994412611,1,61402,61402,185526,0.0,0,0,0,1,SUCCESS,61402,CFszlMrnSlyu0T7RcrXmlw
446,Complicated486#2308,1714769344360,1,61408,61408,217528,3.0,0,9,9,1,SUCCESS,61408,E_5-ZgqYSRCbW0mI4NyOIg
447,NestedEvaluation#6751,1715140419857,1,61460,61460,186197,0.0,0,0,0,1,SUCCESS,61460,6_F6EtpaQTywEt8iFfZ_Ig
448,BetaMethod#3650,1714731378144,1,61470,61470,184723,0.0,0,0,0,1,SUCCESS,61470,LiV3WUAwTnuAifnuYqqM7w
449,Edifixio-Patrick,1715214553522,1,61660,61660,186931,4.0,0,12,12,4,SUCCESS,61660,Hwg0SqpxRFS9UpMZVOHpTg
450,InfiniteDescriptor#1335,1714941605243,1,61664,61664,186656,0.0,0,0,0,1,SUCCESS,61664,gEDcXsPVTLS22rzfvyLtQg
451,InfiniteSwitch#4890,1715015114900,1,61736,61736,187658,0.0,0,0,0,1,SUCCESS,61736,hn0rOz0gQXGi7VeSE1Awzg
452,NTU-ME-G10-YEHJINJIA,1715073886861,1,61802,61802,187257,0.0,0,0,0,1,SUCCESS,61802,96QCt9Z8ToqdJqyMLRnN4w
453,VariableSemicolon#9683,1714839881517,1,61990,61990,198457,0.3333333333333333,0,1,1,1,SUCCESS,61990,dP9bqaK3RTGrLcFhSgCrVw
454,AccessibleScope#1913,1714736009586,1,62000,62000,203261,0.3333333333333333,0,1,1,1,SUCCESS,62000,NICF94AASJuJHstt-Ho6OQ
455,CarlosKatayan,1715074771881,1,62069,62069,238789,4.666666666666667,0,14,14,2,SUCCESS,62069,K2sEq_leR6i-YsXVB2DaWQ
456,QuickSystem#3333,1714831696460,1,62205,62205,187129,0.0,0,0,0,2,SUCCESS,62205,Yqd5R7f0QP-uVGJ1fwwuZg
457,NTU-ME-G02-YI-FENG-CHOU,1715074039023,1,62210,62210,187329,0.0,0,0,0,1,SUCCESS,62210,fPqZlGNlSTC1hoGCJ3-U9A
458,AutomatedBrackets#0397,1715141542513,1,62262,62262,229263,2.3333333333333335,0,7,7,1,SUCCESS,62262,lIl8IHMkRjqlcVMljp4g4g
459,Alpha486#2435,1714596504205,1,62400,62400,188722,0.0,0,0,0,1,SUCCESS,62400,xvSvOjG9RJi5SdVXq3h6kg
460,TechnicalClass#2750,1714726417675,1,62404,62404,187589,0.0,0,0,0,2,SUCCESS,62404,drR-ZSCAT2ekk57kTzmGMA
461,RecursiveCommand#1437,1714916718242,1,62455,62455,197527,0.3333333333333333,0,1,1,6,SUCCESS,62455,BramthrtTZWuRq2O9g1VrQ
462,ComplexSandbox#1713,1715133670228,1,62461,62461,188191,0.0,0,0,0,1,SUCCESS,62461,3Hvy3yk6R8ymTn0x_qP84w
463,TestableGlyph#6710,1714625657470,1,62525,62525,189192,0.0,0,0,0,1,SUCCESS,62525,kS3Wqx-GTyqFNqY1aAOwow
464,InfiniteModel#2413,1715203202607,1,62537,62537,188795,0.0,0,0,0,1,SUCCESS,62537,SnE8XjoET5m2T-djDmL2MQ
465,InteractiveUpdate#4521,1714743918177,1,62593,62593,188589,0.0,0,0,0,6,SUCCESS,62593,PjXHt7OvQsiqgaU3BeAdwA
466,XMaroRadoX,1714905070446,1,62660,62660,229727,5.333333333333333,0,16,16,1,SUCCESS,62660,ZMEvNhxmRoeSePlAzJQDqA
467,BigDelta#2460,1715057371620,1,62669,62669,188393,0.0,0,0,0,2,SUCCESS,62669,GsDWHJ4MRYW36bItetUnLQ
468,JoaoGoriaSilva-Unicamp,1714956602061,1,62670,62670,210392,4.666666666666667,0,14,14,3,SUCCESS,62670,JAdWT1R0Sti_kjD-8PEY5g
469,ComplexParameter#4627,1714920327715,1,62925,62925,209325,4.666666666666667,0,14,14,1,SUCCESS,62925,VVpmeN0jTlq8-Fi22U0mYA
470,Alyssa-Marquez-cloud-God,1714597434371,1,62932,62932,189994,0.0,0,0,0,2,SUCCESS,62932,dt_oQwj4Q5aV2zydMjWLtQ
471,ProcessingArithmetic#2794,1715155179040,1,62946,62946,189855,0.0,0,0,0,1,SUCCESS,62946,blgccSqHQ6SoMdxhARMkIg
472,JavaTable#8124,1714734591903,1,63134,63134,191462,0.0,0,0,0,3,SUCCESS,63134,4paAJmqgSOS_qH1Vi88eqg
473,NTU-ME-G05-TienHaoChen,1715073973178,1,63269,63269,193992,0.0,0,0,0,1,SUCCESS,63269,bPXThfYTT7uT2BgW6T3wMA
474,IterableVariable#9813,1715142735934,1,63330,63330,190861,0.0,0,0,0,1,SUCCESS,63330,Etc17cBmSASbHNosTi9FmA
475,JavaTheory#2737,1715142381770,1,63466,63466,191590,0.0,0,0,0,1,SUCCESS,63466,c6Dz8nA3S-y1V6ZrfAzq5A
476,VirtualScope#2022,1714749450426,1,63667,63667,202455,0.3333333333333333,0,1,1,1,SUCCESS,63667,_IWdT6N3T8-qBuE65pknjQ
477,UrgentServer#2985,1714726604804,1,63934,63934,192524,0.0,0,0,0,2,SUCCESS,63934,TrXoW6gNQUOvkbNL56YX4Q
478,Ninja-Wheelman,1715087956201,1,63990,63990,303257,7.666666666666667,0,23,23,3,SUCCESS,63990,IIhs12R5Tse_x3dBHb8Qtg
479,Programming486#8332,1714590724757,1,63997,63997,194057,0.0,0,0,0,1,SUCCESS,63997,Gps4PP60RI2aocH2ZBOp4A
480,AgileEvaluation#5144,1715181188978,1,64058,64058,223329,1.0,0,3,3,1,SUCCESS,64058,HEbaRXjgQ9uOvd2x65Nb6g
481,DeepBreaker#2318,1715141183865,1,64060,64060,215928,0.6666666666666666,0,2,2,1,SUCCESS,64060,EhrWhvlfREy_qev7IiatvQ
482,ProvisionalBrackets#1339,1714935476454,1,64470,64470,193725,0.0,0,0,0,3,SUCCESS,64470,tieEz253RKKKFzMV4QChBA
483,StructuredTag#8445,1715073785987,1,64594,64594,194058,0.0,0,0,0,1,SUCCESS,64594,v3elSoA1QGiWr44U4D2G0w
484,RocketScript#0732,1715226923486,1,64600,64600,194593,0.0,0,0,0,1,SUCCESS,64600,k7a5UQ2CSoWLVgTMMFzEpw
485,IntelligentAbstraction#8379,1715076496265,1,64667,64667,194392,0.0,0,0,0,1,SUCCESS,64667,s02dUjfDTPKr9gRewIaUtQ
486,MSEDU-9690,1715219593183,1,64805,64805,194664,0.0,0,0,0,3,SUCCESS,64805,7OTX3fr6QhqxEXkZ-9NDaQ
487,GenerativeTest#1107,1714658082331,1,64868,64868,205928,0.3333333333333333,0,1,1,1,SUCCESS,64868,-kOx1o2DTLKHfUuqIHOA-g
488,QualifiedSandbox#4803,1715017593824,1,65123,65123,197061,0.0,0,0,0,1,SUCCESS,65123,ig06wBVVQTGPYacXWpKqSA
489,QualifiedNumber#3918,1715128861498,1,65332,65332,228995,4.0,0,12,12,2,SUCCESS,65332,GTYn096DQ8uV0XrV4w6IXw
490,CocoAl-Coco,1714766744363,1,65395,65395,206134,3.3333333333333335,0,10,10,1,SUCCESS,65395,mvcwzoFpTZimfMLt92jreA
491,UpdatedMethod#0786,1714660895124,1,65407,65407,216126,0.6666666666666666,0,2,2,2,SUCCESS,65407,ZZrIorFnRfezocm5zc27jA
492,ReferenceEvaluation#5288,1714736555847,1,65455,65455,198662,0.0,0,0,0,1,SUCCESS,65455,l2GUOxNKQwinj8vodFTxxg
493,TestingTag#1136,1715055192816,1,65466,65466,196857,0.0,0,0,0,1,SUCCESS,65466,8ZBkyI4sSriZImb2oG-E-w
494,EsteemedCallback#2163,1714737418917,1,65473,65473,197595,0.0,0,0,0,3,SUCCESS,65473,yLHTd1JDQlecYcjJTptIXQ
495,IterativeLanguage#7466,1715004606481,1,65523,65523,207189,0.3333333333333333,0,1,1,1,SUCCESS,65523,d6XDA1QLQGWh1rP5igmFgQ
496,MobileBuster#4358,1715220962447,1,65803,65803,221597,0.6666666666666666,0,2,2,1,SUCCESS,65803,73EvxxqURzqvUE0KaLqD1Q
497,YlikovaaNiinKaantyilee2024,1714751068393,1,65809,65809,276390,6.333333333333333,0,19,19,2,SUCCESS,65809,ohLgqHLET56bPcTnpYy6mw
498,NumericDescriptor#2251,1714660280307,1,65872,65872,217063,0.6666666666666666,0,2,2,1,SUCCESS,65872,I7oOyNpoTeOJcHihtnQY3w
499,BetaMethod#0864,1715075312680,1,66060,66060,211130,0.3333333333333333,0,1,1,1,SUCCESS,66060,p8cm4IdSSM22Z3zPQ0HZHg
500,ComplexTester#6782,1714877665730,1,66257,66257,201927,0.0,0,0,0,2,SUCCESS,66257,AAIOcGw7SB-uhZpwURo6zw
501,InfiniteAnalysis#8416,1714947784115,1,66265,66265,199590,0.0,0,0,0,1,SUCCESS,66265,urqFxTZORgatgdiulBLp6Q
502,gcjordi-CA,1714660987300,1,66466,66466,200121,0.0,0,0,0,2,SUCCESS,66466,XyHlt47zQC6jUaoQpocyxw
503,BigMachine#4446,1714753662961,1,66475,66475,227952,1.0,0,3,3,1,SUCCESS,66475,LE4sLNsDTZCOula3diNRag
504,LITB-dfsj,1714756529358,1,66522,66522,230524,5.0,0,15,15,2,SUCCESS,66522,ubFS2yysT82HLM3_nLE2wQ
505,DraftCallback#4288,1714589430117,1,66533,66533,222589,4.666666666666667,0,14,14,2,SUCCESS,66533,mOEEcPwAQmedpgS24dFvEQ
506,HigherObject#9066,1714722403208,1,66599,66599,200320,0.0,0,0,0,1,SUCCESS,66599,MB8KdK_zSNe-tnIgUIBHcw
507,Eviden-Prince,1715080445482,1,66737,66737,211254,0.3333333333333333,0,1,1,2,SUCCESS,66737,0LiIvvl8Tw2BgOfGlj9JTQ
508,FungibleFix#6414,1714837030467,1,66742,66742,219330,1.6666666666666667,0,5,5,1,SUCCESS,66742,jBx3T3HGQI2lj7X05dYvPA
509,DeepDrivers,1714990635108,1,66866,66866,201264,0.0,0,0,0,1,SUCCESS,66866,spT-CxVxQ-KhpJo9lVTPGA
510,ReferenceScript#3918,1714606022475,1,66929,66929,217192,3.3333333333333335,0,10,10,2,SUCCESS,66929,oLjEcbxgTTCi2jUZ26FB2A
511,FunctionalWorkaround#8351,1714632901308,1,67123,67123,202255,0.0,0,0,0,2,SUCCESS,67123,ycdAN91JTlOw5V2pqfxJJw
512,xpyx,1714726723887,1,67124,67124,214187,0.3333333333333333,0,1,1,1,SUCCESS,67124,GhZYjURMSOSQd9QlyAsV8Q
513,lguizard,1714643893380,1,67198,67198,205260,0.0,0,0,0,1,SUCCESS,67198,WnHIltdIQpW9NSxciZOXTQ
514,ImportantTester#8905,1715144783513,1,67464,67464,222120,0.6666666666666666,0,2,2,1,SUCCESS,67464,-k09zR0FR-OgEub86bc12g
515,AlphaResource#5115,1715134949122,1,67661,67661,206460,0.0,0,0,0,1,SUCCESS,67661,x3ey0NYeS_KvnFYNlOuiOA
516,HashableScope,1714530726807,1,67663,67663,236529,5.0,0,15,15,1,SUCCESS,67663,hETjovPkS1y0n1VzFbrqcA
517,HelpfulSchema#4448,1715204055248,1,67924,67924,233271,1.0,0,3,3,1,SUCCESS,67924,HN--3dybTFKH4RL04XonFA
518,AutomatedLambda#7451,1715173245255,1,67932,67932,204588,0.0,0,0,0,1,SUCCESS,67932,BRJ4oDBPSPajW7eJirbWUA
519,KevinCaioMarquesDosSantos-Unicamp,1715089258326,1,68075,68075,314519,6.666666666666667,0,20,20,1,SUCCESS,68075,jTk7Up8ZQRiesraDKR4ZHg
520,NTU-ME-G06-YI-HUNG-CHEN,1715073811030,1,68261,68261,225661,0.6666666666666666,0,2,2,1,SUCCESS,68261,T25qGj9dTeG6xjS6kXfHBw
521,CyberneticLog#1859,1715135641956,1,68267,68267,215195,0.3333333333333333,0,1,1,1,SUCCESS,68267,ZqTPECnWTC2iV_TtM0YM4g
522,NTU-ME-G07-XW,1715073811010,1,68400,68400,207528,0.0,0,0,0,1,SUCCESS,68400,pegTuh49Q9ymRr7n3XG3AA
523,FungibleError#1255,1714736353644,1,68667,68667,207127,0.0,0,0,0,1,SUCCESS,68667,zF7WVV4RSVqJYH-79Lz7vg
524,CodeTheory#4827,1715083599891,1,68809,68809,208455,0.0,0,0,0,1,SUCCESS,68809,S_Xw_ZuCRuu6JyJnplwCOw
525,RacingPhoenix,1714530685698,1,69206,69206,256268,5.666666666666667,0,17,17,1,SUCCESS,69206,czOx0b4wS2uL4vzU92TnCg
526,TestingOrder#0409,1714770863374,1,69533,69533,219725,4.333333333333333,0,13,13,1,SUCCESS,69533,JGoBDW4AShyuU4uCgphoYQ
527,Mentaiko-DevelopersIO,1715151447524,1,69537,69537,244335,5.333333333333333,0,16,16,1,SUCCESS,69537,Wt5C8BPAS0OPlzY3-txb-w
528,BetaValue#8585,1715135520583,1,69658,69658,210329,0.0,0,0,0,1,SUCCESS,69658,-1PQZPqsQAWXdf0Cz8thfg
529,MSEDU-S4,1715146017011,1,70265,70265,223812,0.3333333333333333,0,1,1,2,SUCCESS,70265,IJFlMlnyRKCQz3VTPM0BrA
530,ReferenceArgument#2418,1714664868020,1,70654,70654,214118,0.0,0,0,0,1,SUCCESS,70654,ellJWM68Rt6HXiAX2sR7YQ
531,Zero-dayLanguage#8473,1714804727180,1,70854,70854,213936,0.0,0,0,0,1,SUCCESS,70854,x-sylbgXRDS82clv5znRSQ
532,Hannes1,1715158456891,1,71868,71868,220525,0.0,0,0,0,1,SUCCESS,71868,f69646294a9c46d58501fw
533,ManoelSilva-Senai1,1714530909428,1,71935,71935,251194,6.0,0,13,18,1,SUCCESS,71935,laBZQDhnRUaqbyFmk0Kk1g
534,uebertePereiraMalaquias-anima,1714612296080,1,71995,71995,216658,5.0,0,15,15,2,SUCCESS,71995,vTyn3CgJSB2kW7FMgAXuzQ
535,NestedSystem#3593,1714677680217,1,71998,71998,228263,1.3333333333333333,0,4,4,1,SUCCESS,71998,CDfWVR55RaOY8V6U5OkG6g
536,ConnectedSpec#1170,1715134862846,1,72061,72061,223318,0.0,0,0,0,1,SUCCESS,72061,e4_F1mgCSYCH793ogp3evQ
537,JavaFix#3672,1715217395894,1,72326,72326,217790,0.0,0,0,0,1,SUCCESS,72326,HlgGXmfTTxaQSYu3_JkZ_Q
538,ASCIICallback#1616,1715097777606,1,72396,72396,235858,1.6666666666666667,0,5,5,1,SUCCESS,72396,GQ8c65HlQnu3KhkKcsNvrQ
539,MSEDU-S1,1715133659890,1,72467,72467,234253,0.6666666666666666,0,2,2,1,SUCCESS,72467,71v06eGiTkyolFRnvsuWnw
540,ComplicatedClass#1927,1714684442534,1,73054,73054,324591,8.333333333333334,0,25,25,2,SUCCESS,73054,Rhgee2HsQ-K9IBFWgLfMzg
541,ArtificialDebugger#5376,1715052993662,1,73132,73132,220130,0.0,0,0,0,2,SUCCESS,73132,ug5tIVZ1TS2RJvDW7LnVoA
542,SequentialCoder#1175,1715177119158,1,73133,73133,220798,1.0,0,3,3,1,SUCCESS,73133,Qv62_SpeRYq-ga7Ut4VMog
543,QuickTheory#3585,1715169033258,1,73464,73464,221261,0.0,0,0,0,1,SUCCESS,73464,KIvOODJgR4apQFAUkkSwcg
544,CleanObject#5352,1715199934263,1,73744,73744,224934,0.0,0,0,0,1,SUCCESS,73744,qiJgbtuhQDWnzDkXCnX4zQ
545,AlphaTable#8728,1714613084908,1,73931,73931,252658,6.0,0,18,18,1,SUCCESS,73931,16gqDtpoSbST5tX5qKWFqQ
546,JavaBrackets#4420,1714750724280,1,74007,74007,224459,1.0,0,3,3,1,SUCCESS,74007,MTVK4nPOQHOQWFe9dkj2xA
547,Zero-dayDigit#3803,1714894760579,1,74062,74062,222463,1.0,0,3,3,1,SUCCESS,74062,pHRJAi9PQYmZmTxVAXbFDA
548,SecureRequirements#1324,1714733287116,1,74191,74191,234864,1.3333333333333333,0,4,4,1,SUCCESS,74191,pTiCsKfwSOeNAUOnwa7jbg
549,ConnectedScript#2802,1715143367896,1,74384,74384,224255,1.0,0,3,3,1,SUCCESS,74384,D73MwxF2TmGrB3-ihEiswA
550,BrainyBraces#1817,1715233674692,1,74655,74655,225524,1.0,0,3,3,1,SUCCESS,74655,eWYNSesKT9iZZpC4LqcdLw
551,AbstractBrackets#6796,1715090649221,1,74797,74797,224663,1.0,0,3,3,1,SUCCESS,74797,1_xwoH0zRlmkWU1F8Fd_6g
552,NestedObject#0092,1714668886201,1,74866,74866,322192,7.0,0,21,21,1,SUCCESS,74866,Rbcz3p0GTLCOm-k7eZwhmg
553,SecureEvaluation#0927,1715124889404,1,74987,74987,237852,4.333333333333333,0,13,13,6,SUCCESS,74987,E12HJGRoQGmkSBsMGEYQig
554,AutomatedError#4746,1715177836424,1,75138,75138,228653,1.0,0,3,3,1,SUCCESS,75138,9H7pIYjuToKfEsNXwUHQgg
555,MobileClass#5203,1715071965374,1,75202,75202,249126,1.6666666666666667,0,5,5,1,SUCCESS,75202,5TSfjHONSU6FHjyH3kH1cA
556,CleanTag#5918,1715013606837,1,75469,75469,259928,2.0,0,6,6,1,SUCCESS,75469,UX7OFdkpQsSCwwv8l_N3Yw
557,ProvisionalSandbox#3297,1714770263943,1,75473,75473,237523,1.3333333333333333,0,4,4,1,SUCCESS,75473,rqNNT0rsTRukRbHANcTBKA
558,MemorySwitch#2050,1715146588550,1,75522,75522,227586,1.0,0,3,3,1,SUCCESS,75522,_7vcfs1VR2GG-MqljetM5g
559,technopro#yamamotoshuhei,1714609254804,1,75528,75528,298264,5.333333333333333,0,16,16,2,SUCCESS,75528,c1_U8nFSSzm6MzpCG_JZSA
560,LoopingPresentation#0330,1714850358693,1,76141,76141,326107,8.0,0,23,24,2,SUCCESS,76141,_2jjrxB1QVK1fGAxcHvQZA
561,ImmutableFunction#9173,1714738456885,1,76202,76202,229463,0.0,0,0,0,1,SUCCESS,76202,n07x8fpfT2atlv4tiC9GDw
562,NTU-ME-G5-HsuanWei,1715073806013,1,76328,76328,245196,0.3333333333333333,0,1,1,1,SUCCESS,76328,bhWNtyB8T3yk28ceUnSzag
563,BlockchainPoint#5954,1715166944848,1,76334,76334,239660,1.3333333333333333,0,4,4,1,SUCCESS,76334,GsAIkgBnSnODYC9fC24XdQ
564,CyberneticGlyph#5232,1714544951477,1,76390,76390,249124,5.666666666666667,0,17,17,1,SUCCESS,76390,IwhN9wsnQK6WasMmHfG4vQ
565,ReferenceFormula#1832,1714583726629,1,76393,76393,234597,0.0,0,0,0,1,SUCCESS,76393,08LwhZm7QwGotzS1KbxoWw
566,InfiniteString#5460,1715142720082,1,77202,77202,242862,1.3333333333333333,0,4,4,2,SUCCESS,77202,9v5nnexCSkuMBMakG4Mdiw
567,FormulaicLog,1714530706224,1,77447,77447,265116,6.0,0,17,18,1,SUCCESS,77447,_2DyfqG0R-OD66cZ-A49VQ
568,RecursiveDelta#7526,1714753985859,1,77932,77932,265929,6.0,0,18,18,1,SUCCESS,77932,QXVMSWrzSqq29mzfIHmWXQ
569,Ducks,1714538370487,1,77933,77933,269657,6.0,0,17,18,1,SUCCESS,77933,03c_1bWtRrGXm6OWRGgiCg
570,TDS,1714550015052,1,78063,78063,244599,5.333333333333333,0,16,16,1,SUCCESS,78063,0yucHm4oQP2AlvYQcHg3-w
571,AccessibleTest#4889,1714573031311,1,78197,78197,240984,0.0,0,0,0,1,SUCCESS,78197,Ni7TnE_OR1WVS9sglSdJVQ
572,WebDescriptor#5000,1714606605179,1,78536,78536,236725,1.0,0,3,3,1,SUCCESS,78536,wguDtq6xS4a-EbngTL6J7g
573,Whitehat,1714944457216,1,78600,78600,267804,6.0,0,18,18,1,SUCCESS,78600,ZFrvwT68QE6ju_WjViexDg
574,UnicodeComment#5420,1714600827394,1,78664,78664,279596,3.3333333333333335,0,10,10,1,SUCCESS,78664,FpqLo6xLRdaxbqWD0gGZ5w
575,TestingPackage#5482,1714677402713,1,79198,79198,248531,1.3333333333333333,0,4,4,3,SUCCESS,79198,-TaPdciXQY6pRFVShCZ1Rg
576,MechanicalByte#4138,1714726604383,1,79328,79328,248790,1.3333333333333333,0,4,4,1,SUCCESS,79328,Yf1HsHtOQ0KU1bVXwpxVjg
577,ProvisionalBuster#7251,1714987343439,1,80995,80995,244927,0.0,0,0,0,1,SUCCESS,80995,qtoOH_0lSMC-Va5rxI-tBA
578,GT-Racing,1714608845947,1,81000,81000,411237,10.333333333333334,0,31,31,7,SUCCESS,81000,w9zvXqmyRFWjHCr1e_v0-g
579,CodeResource#8315,1714586482307,1,81000,81000,322195,6.333333333333333,0,19,19,1,SUCCESS,81000,RJJSLxZnQFeJxhZO7YtOIw
580,Eviden-DeliangGao,1714755645151,1,81736,81736,246122,6.0,0,18,18,2,SUCCESS,81736,fG2qFJJXSJe0vHMtXWDmQg
581,SquareTheory#7509,1714788512253,1,82394,82394,267792,6.666666666666667,0,20,20,1,SUCCESS,82394,loEMoNnLQvKDV6WscW5Seg
582,LoopingUpdate#3487,1714585915701,1,82735,82735,283935,4.0,0,12,12,1,SUCCESS,82735,h-8pJaT-RuKVMqMt6m3Ghg
583,Andre-Luis-IFPI-LABIRAS,1714939455913,1,83002,83002,270456,6.666666666666667,0,20,20,6,SUCCESS,83002,fHEcjIr4Qo2XFfDtevx1cA
584,TechSurge-,1714991818725,1,83186,83186,290793,6.333333333333333,0,19,19,1,SUCCESS,83186,kowwZ-cjTQSfYw39X_-8UQ
585,NeuralFunction#7059,1714991115718,1,83332,83332,272121,1.6666666666666667,0,5,5,1,SUCCESS,83332,1CcmgvkYRumNBaIY_DOF5A
586,FungibleSpec#7968,1715222884667,1,83996,83996,283755,6.0,0,18,18,1,SUCCESS,83996,-IlEEwtwR8ONsW3ZLRvsoQ
587,BlockchainLoop#7552,1714892111041,1,84012,84012,293874,7.333333333333333,0,22,22,4,SUCCESS,84012,WahRVH13S5CnhjKVAh9siQ
588,This486#6300,1715140303592,1,84120,84120,253459,2.0,0,6,6,1,SUCCESS,84120,yZuc6yvGSNSnhOMhAkiwwQ
589,ArthurJoseSary-Unicamp,1714930910584,1,84283,84283,277545,3.6666666666666665,0,11,11,1,SUCCESS,84283,jcZ1izFGSs6gwZF9PAbg1A
590,ArchiePluto,1714876116691,1,85271,85271,319925,7.0,0,21,21,2,SUCCESS,85271,5KalbnaASYWClUEKmQS1FQ
591,QualityCallback#8191,1715067758815,1,85795,85795,278726,6.666666666666667,0,20,20,1,SUCCESS,85795,7iWD8hi4QzSwhkZiQ_OBAQ
592,ProgrammingSandbox#9602,1714770325314,1,85796,85796,343531,7.666666666666667,0,23,23,1,SUCCESS,85796,Llu6gdsvQR26FKyUUMqf5A
593,Mariano-HenkoAR,1714993069052,1,86534,86534,292250,7.0,0,21,21,1,SUCCESS,86534,XE1weiGGREujnfJv4Kt1wQ
594,SecureArchitect#4018,1714733951511,1,86995,86995,272461,2.3333333333333335,0,7,7,1,SUCCESS,86995,amztJ-xYTLiQ7L4kVX7iGw
595,KnullJedi,1715040700958,1,87008,87008,292397,3.0,0,9,9,4,SUCCESS,87008,EDDP17S0Q8OoRpMKTMMuUA
596,LeMeilleur,1714581268569,1,87859,87859,273724,6.333333333333333,0,19,19,2,SUCCESS,87859,FLb08w_KTpS8Wv-vWBhWAw
597,NTU-ME-G08-WuChiahui,1715074028549,1,88394,88394,266264,0.0,0,0,0,1,SUCCESS,88394,Ve6dD73oRBq3HLHKF4EJ3Q
598,FunctionalBooster#2229,1715214335988,1,88674,88674,287203,6.666666666666667,0,20,20,1,SUCCESS,88674,zLH-xQHzQn2ZNUkvFy5bwA
599,AgileBreaker#1863,1715110622733,1,89269,89269,326394,8.0,0,24,24,2,SUCCESS,89269,PWd-yM03QQiUEXo_hmRQXQ
600,BooleanBraces#1590,1714629683228,1,90266,90266,315987,7.333333333333333,0,22,22,1,SUCCESS,90266,vCVpiI4ySRSWTfyI65Qn_A
601,JeffreyMonte-sph,1714545009613,1,90534,90534,295527,7.666666666666667,0,23,23,1,SUCCESS,90534,GLWDtaYeS2eKxZfMhQ6Xkg
602,ConnectedOrder#3952,1715149389999,1,91384,91384,369127,10.0,0,30,30,1,SUCCESS,91384,nyxKl432SEKrtqzh_A_azQ
603,SolvableTable#2841,1714710278132,1,91932,91932,288590,0.6666666666666666,0,2,2,1,SUCCESS,91932,d5TqWNVvTbGvTm6QHIQY_w
604,GenerativeComment#8140,1715128558331,1,92928,92928,280256,3.0,0,9,9,2,SUCCESS,92928,dUqBUovjS8CCxXJXJW3wDw
605,UrgentScript#0063,1714904169723,1,93264,93264,291207,3.3333333333333335,0,10,10,1,SUCCESS,93264,JavPVKvYTXy_FUdf-F9LGw
606,BrainyAttention#5716,1715007245798,1,93793,93793,333185,8.666666666666666,0,26,26,2,SUCCESS,93793,AjPuNSQ9RzareBYtkmF6Og
607,MatheusMachado-Unicamp#1,1714978843960,1,93935,93935,334992,8.666666666666666,0,26,26,1,SUCCESS,93935,Nb-gmN1ZQ1eGHxDcUuSGkA
608,MSEDU-S2,1715133684533,1,94656,94656,306720,2.6666666666666665,0,8,8,4,SUCCESS,94656,6N7v5bxMQXa2htIr1fsu3w
609,VirtualSandbox#5308,1715190089949,1,94795,94795,284661,3.0,0,9,9,1,SUCCESS,94795,-znBrC8QSIGUZkIe7GEiUg
610,ComplexTable#9101,1715067779638,1,95055,95055,317856,8.0,0,23,24,1,SUCCESS,95055,ASukbA5OSlCmUreQYCEIAg
611,ContinuousNamespace#2427,1714971153580,1,95132,95132,296863,3.3333333333333335,0,10,10,1,SUCCESS,95132,nOL6Kk7LTZulu0S8DeVoeA
612,Seizeman77,1714722272011,1,95136,95136,286258,3.0,0,9,9,1,SUCCESS,95136,owPniqwPS-ajiRLcdsvveQ
613,LoopingFormula#4376,1714587933811,1,95734,95734,297735,2.3333333333333335,0,7,7,1,SUCCESS,95734,QXXG4EbtTXadBVZLBE8RYA
614,NumericSemicolon#1949,1714623659780,1,96138,96138,298803,5.333333333333333,0,16,16,1,SUCCESS,96138,9IJEkBwCQ8eqCwV0rbMAxA
615,The-Circus,1714669304867,1,96473,96473,300796,7.333333333333333,0,22,22,4,SUCCESS,96473,LA-DmLQgScKi-1BJnySCSw
616,CreativeGlyph#3051,1715071151157,1,97536,97536,440930,11.666666666666666,0,35,35,1,SUCCESS,97536,lm5utSA2TQKp7dWLxaF8rw
617,CrypticInterface#8300,1715066387481,1,97672,97672,335602,8.333333333333334,0,25,25,1,SUCCESS,97672,WAvjm5fKQwCsKKSOL3I63A
618,AgileCoder#8183,1714631494034,1,98252,98252,327181,5.0,0,15,15,1,SUCCESS,98252,cDzKL7gEReCTI26iSzlGJg
619,CompleteSemicolon#9417,1714561271413,1,98271,98271,317520,3.6666666666666665,0,11,11,1,SUCCESS,98271,nT0eV_JaS3mzGOPb3jgbgA
620,Epic-ChenZong,1714559258388,1,98463,98463,308996,7.333333333333333,0,22,22,1,SUCCESS,98463,P51whDzXRPyLl2dWjRSQSg
621,RuanM-IFPI-LABIRAS,1715113282020,1,99071,99071,349803,8.666666666666666,0,26,26,1,SUCCESS,99071,iw2qpb4vS-KICvxe0yjuUA
622,EsteemedServer#3224,1714764696894,1,100008,100008,342182,8.333333333333334,0,25,25,5,SUCCESS,100008,n_9IdZV3SkeGVvA5Fkmv9g
623,CurlyFormula#6005,1714754845776,1,101191,101191,410991,11.333333333333334,0,34,34,2,SUCCESS,101191,HhiU29c1SrGb_u2JuJTCMg
624,NullBottleneck#9836,1714659820405,1,101332,101332,306211,2.0,0,6,6,1,SUCCESS,101332,6sEfdk7YTO-pupNGYOkHgA
625,UpgradedCoder#3923,1714538933378,1,102259,102259,327332,3.6666666666666665,0,11,11,1,SUCCESS,102259,q1J2EfnrTfewWK_aSjzYog
626,KinoTomo,1715138028793,1,102468,102468,358988,5.666666666666667,0,17,17,2,SUCCESS,102468,QKWTcdDPTxil0NTjZwkpzA
627,ComplexNetwork#3324,1715199609851,1,102931,102931,337793,9.0,0,26,27,2,SUCCESS,102931,cOMkf3UzSE-a9pKqx2mUMQ
628,Zero-dayDeadline#1631,1714567413798,1,102931,102931,330475,5.666666666666667,0,17,17,2,SUCCESS,102931,BhPpoe-HQSu3sdbxa32hwQ
629,JochenRindt,1715156552577,1,103733,103733,313587,8.0,0,24,24,1,SUCCESS,103733,LgasNrMsQHOa9_TkNt_W-A
630,MSEDU-S14,1715146031853,1,103802,103802,339401,8.666666666666666,0,25,26,1,SUCCESS,103802,X1lzkxwNSASyP2zgGtqZqg
631,Wasabi-DevelopersIO,1715159771068,1,104128,104128,376129,9.0,0,27,27,1,SUCCESS,104128,Fmb5j9UgQ_2xkleK0vwXOg
632,VelocityHarv#16,1714718626498,1,105469,105469,340994,3.6666666666666665,0,11,11,1,SUCCESS,105469,PkyS14W_QiGNxcOKmLw_mg
633,NTU-ME-GXX-Morris,1715073901791,1,105735,105735,356865,5.333333333333333,0,16,16,2,SUCCESS,105735,IYmpJ5h1TvCllF3tgx9MDg
634,BooleanLog#5771,1715067759046,1,106269,106269,383124,10.0,0,30,30,1,SUCCESS,106269,TO_l73jrQyWxBuZnoiGRYQ
635,ReferenceLog#8340,1715042688449,1,106536,106536,340337,4.666666666666667,0,14,14,1,SUCCESS,106536,X158QIz6TXqpf6_vGqyhJg
636,CurlyValue#5791,1715223486437,1,106663,106663,350388,9.0,0,27,27,1,SUCCESS,106663,dOxK5sTiSPK2-0CjrUrz4w
637,MemoryDocumentation#7107,1714898506755,1,107599,107599,333933,4.333333333333333,0,13,13,1,SUCCESS,107599,BZYWyYPOTdaAVuKxsaGyEQ
638,GenerativePackage#9100,1715067977006,1,107921,107921,384862,10.0,0,30,30,1,SUCCESS,107921,XN02qwkGRfu45NUAu67-AQ
639,CodeCharacter#6433,1714850866603,1,108656,108656,407657,7.0,0,21,21,1,SUCCESS,108656,tUqBJGxwSXyP-KPpK0R7WA
640,FungibleUpgrade#2870,1714870701105,1,108725,108725,358525,9.0,0,27,27,1,SUCCESS,108725,nUaPFI37SZ6v_eDKLI7cdQ
641,GabrielTrindade-SENAICIMATEC,1715015532594,1,110132,110132,380931,9.666666666666666,0,27,29,1,SUCCESS,110132,I3iBiv5TQ4e4uj9SyozPuA
642,Gernreich,1714597146397,1,110665,110665,365394,9.0,0,26,27,1,SUCCESS,110665,-zlyfQkiRhOhhImK1VZMAw
643,NestedPointer#9826,1714852780338,1,110997,110997,436255,11.333333333333334,0,34,34,3,SUCCESS,110997,mDuRqvpQSqq9hAT5dPUNpg
644,NowSomeDonkeyCar,1714703727744,1,111332,111332,346064,8.333333333333334,0,24,25,1,SUCCESS,111332,d7Pg_Ma0QlmH09hFeOkSUg
645,FunctionalArchitect#9295,1715073815220,1,111729,111729,358004,8.666666666666666,0,26,26,1,SUCCESS,111729,wBlWt6yFTXGbQ2mUgRjWww
646,ProgrammingSchema#7295,1714599240001,1,111789,111789,356990,4.666666666666667,0,14,14,1,SUCCESS,111789,ln8zUl0ZSjCuDqLX_QcOkA
647,HashableMachine#3658,1715067794693,1,111791,111791,439991,11.666666666666666,0,34,35,1,SUCCESS,111791,X4Vd1qoeT_2qjgAe4j0eNQ
648,RobotPackage#6566,1714754448725,1,112066,112066,380528,10.333333333333334,0,31,31,1,SUCCESS,112066,tSvurXJbS_yYP2zivezmlw
649,ArtificialAttention#7744,1715143413311,1,112527,112527,363856,3.6666666666666665,0,11,11,1,SUCCESS,112527,ZAq09u8ZQ7uDAWpzM0qdbQ
650,GlobalDataset#9384,1715096534574,1,115724,115724,357657,5.333333333333333,0,16,16,1,SUCCESS,115724,4XpvOKt2QeWORchrvDLVPQ
651,DesktopBuster#6912,1714766588162,1,116059,116059,358996,9.333333333333334,0,28,28,1,SUCCESS,116059,GRmy8kLlTdKc_4Lb4ZRrCQ
652,SuspendedLicense,1715097326146,1,116130,116130,380519,10.0,0,30,30,1,SUCCESS,116130,zt52B6sVTNu7cnUg6FU-xQ
653,DigitalDigit#5281,1715121625447,1,117797,117797,387719,10.0,0,28,30,1,SUCCESS,117797,OER5nqMiQ7GPVL481yVNZw
654,Eviden-Daksh-Kushwaha,1714551407162,1,117870,117870,392784,6.333333333333333,0,19,19,3,SUCCESS,117870,KkzXMBVAQGmChxCqpkDUDw
655,GlobalLoop#1317,1714683779147,1,119329,119329,430931,11.333333333333334,0,34,34,1,SUCCESS,119329,WuiPGmweQha3lQ0LhJGteQ
656,TechnicalExpert#9581,1715222945575,1,121125,121125,395123,10.0,0,30,30,1,SUCCESS,121125,9duwvyK1TgK6CtlhBzo1bA
657,PassingArgument#9866,1715087801489,1,121204,121204,477197,9.666666666666666,0,29,29,1,SUCCESS,121204,BGWE7ZA3SyWb295QoY6vpw
658,WhiteHat,1714638230631,1,122796,122796,403185,11.0,0,33,33,1,SUCCESS,122796,kwUL5CQCTeCcWbYzLMta3g
659,BlockchainPresentation#1607,1714883096619,1,125596,125596,398723,0.0,0,0,0,1,SUCCESS,125596,pDWnxO3NTX6_Lr45S42mZg
660,PatricioValentinUFPB#3231,1715054768227,1,125935,125935,390188,7.333333333333333,0,22,22,2,SUCCESS,125935,t9ISeuTYT2uTW_lupvMdmw
661,ComplicatedTest#9366,1715054596346,1,127457,127457,433193,7.666666666666667,0,23,23,1,SUCCESS,127457,KiIBFnXjRx6Kfzdhh5L8uQ
662,MSEDU-0228,1714556257592,1,127465,127465,392257,7.333333333333333,0,22,22,1,SUCCESS,127465,idoe4BkYRFK3aprjNGFUaQ
663,QuickHacker#8012,1715081516880,1,128731,128731,389791,6.0,0,18,18,1,SUCCESS,128731,JzUmX4HCRmq-minDo_LmDA
664,JaroslawJankun,1714548911322,1,129266,129266,451858,12.0,0,36,36,2,SUCCESS,129266,k0orHGUeRmSmzNsgR4d2AQ
665,CreativeMachine#5082,1715135343580,1,131130,131130,455120,8.0,0,24,24,1,SUCCESS,131130,W5ETMo6XQKaGdvqEVJs7IA
666,ImmutableAbstraction#2957,1714734421936,1,133137,133137,430726,8.0,0,24,24,1,SUCCESS,133137,E1Ve-8erTYiT-gQIMEX1Ug
667,drdj,1714574737080,1,134394,134394,447056,11.333333333333334,0,34,34,1,SUCCESS,134394,OZK0S-bsRB2VxjFuxca3lg
668,PrimeLanguage#5991,1715129210095,1,137868,137868,424584,7.333333333333333,0,22,22,1,SUCCESS,137868,hWP9qBJsQFqAL6d7OvbyFA
669,Zero-dayArchitect#6591,1715075009264,1,138521,138521,436722,7.666666666666667,0,23,23,1,SUCCESS,138521,OXFb_B9BT2CGS05ZlB1uHA
670,UnboundCharacter#4535,1714734399651,1,139122,139122,429527,7.333333333333333,0,22,22,1,SUCCESS,139122,AyYfJ14-TKauhjvBNeEpSA
671,MadMommaDriver,1715202487345,1,145335,145335,500458,14.0,0,42,42,1,SUCCESS,145335,n_uE9S-RSAO8ylDWdfyBEA
672,SmoothOperator#911,1714976290566,1,147670,147670,475999,13.0,0,39,39,1,SUCCESS,147670,J9pmrNk-TCSzOQNTIbKuGA
673,FormulaicGrid#8546,1714639417769,1,147734,147734,453537,12.333333333333334,0,37,37,2,SUCCESS,147734,nLMSUKniQcm4RG9B9Kv2LQ
674,Zero-daySwitch#8615,1715119739993,1,153064,153064,552926,15.0,0,45,45,1,SUCCESS,153064,9pL7o1xTSEGuSilefthwKA
675,UrgentAttention#9090,1715138028615,1,153393,153393,506388,9.333333333333334,0,28,28,1,SUCCESS,153393,Zu7q_nmgQMOfaI7vrEzE_w
676,FungibleAbstraction#8631,1714765025423,1,153595,153595,481258,8.666666666666666,0,26,26,1,SUCCESS,153595,aa66HlhpRy2Jhad3Zy2xmA
677,ProcessingSpec#2882,1714819725865,1,155257,155257,539457,15.333333333333334,0,46,46,2,SUCCESS,155257,tge2wbvdSoideoSTyGCLkg
678,BMachineMares,1714987333751,1,160126,160126,491730,13.333333333333334,0,40,40,1,SUCCESS,160126,LzZQU6uAQ1uFwNPXyLhT7Q
679,CSR-Racer,1715151669609,1,160392,160392,503061,13.666666666666666,0,41,41,1,SUCCESS,160392,i-Ij4Nd8TH6jUO3dHTZR0Q
680,ImportantRequirements#2696,1715005554570,1,166187,166187,519462,11.666666666666666,0,35,35,2,SUCCESS,166187,uYSmTqz3RRGYd4sNGq1iOg
681,BlockchainDebugger#2256,1714733020963,1,167334,167334,512218,9.333333333333334,0,28,28,1,SUCCESS,167334,CBi3Qe9HRb6-2MQpBKFWqQ
682,CriticalExpression#0784,1715202183054,1,168200,168200,505263,10.0,0,30,30,1,SUCCESS,168200,oS64gmWERD-q9wOyNO_7kA
683,DigitalDebugger#4164,1715134762041,1,168664,168664,599123,13.0,0,39,39,1,SUCCESS,168664,l3-QNUM2RFaJEHWqXI-EBw
684,UrgentTheory#4810,1714905482752,1,169203,169203,539924,11.0,0,33,33,1,SUCCESS,169203,Rn2PP54jRW-RA6Buggok6Q
685,SecureBraces#8058,1714734005232,1,176266,176266,581659,16.666666666666668,0,50,50,2,SUCCESS,176266,jL9reJNHS6Sk_cDPrM9xgg
686,BigMethod#1266,1714613726527,1,177139,177139,578473,12.666666666666666,0,38,38,1,SUCCESS,177139,sdxaDQDOSVWXpijb0QZzEw
687,FocusedLog#2730,1714927583511,1,178794,178794,557603,11.666666666666666,0,35,35,1,SUCCESS,178794,opwyCZTQRvqhAOrOsniS4g
688,AccessibleState#6361,1715182525812,1,179066,179066,576255,15.333333333333334,0,46,46,2,SUCCESS,179066,rlioN5_KQGesS6nsUHkV7w
689,Eviden-mw-arsh,1715091166712,1,181124,181124,554251,15.333333333333334,0,46,46,5,SUCCESS,181124,h10tx_QCThurWqFq8rIXKA
690,SequentialBraces#1125,1715080187204,1,182187,182187,557189,11.333333333333334,0,34,34,1,SUCCESS,182187,lMpAve7UQx6kpUZlyh1EFw
691,BooleanRequirements#9934,1715052766113,1,182409,182409,558465,15.333333333333334,0,46,46,1,SUCCESS,182409,6eHWWIzDQmy-cxLzJpksxg
692,VariableSemicolon#9556,1714988000618,1,189796,189796,654062,18.666666666666668,0,56,56,1,SUCCESS,189796,kC0VBB7sQLuI793uTTprIA
693,okdream,1714576869645,1,190804,190804,667197,19.0,0,57,57,3,SUCCESS,190804,2ZrGrnCTTLac0_y0h4IxEQ
694,NTU-ME-G04-ChengHuanSun,1715073765807,1,193795,193795,603799,13.666666666666666,0,41,41,1,SUCCESS,193795,Uj5F9JvKQSK1-mYmVWE1iQ
695,NestedWorkaround#8562,1714640096081,1,200067,200067,610860,17.333333333333332,0,52,52,2,SUCCESS,200067,hVM-i_h8QVeRdzsQaE-3UQ
696,CurlySpec#2528,1714560097262,1,202802,202802,609460,17.0,0,51,51,2,SUCCESS,202802,YB2-k5zBTHSjoiC1EQ_D7w
697,PrototypeNotation#9759,1715133017848,1,203406,203406,620864,14.333333333333334,0,43,43,1,SUCCESS,203406,FbIdPwi8T6yO_-wWCBaaEw
698,GammaToken#3508,1714600442942,1,206005,206005,647062,15.0,0,45,45,1,SUCCESS,206005,xnek5BMiSrOEgfaBu0HmIQ
699,BackloggedSystem#6075,1715173639393,1,207329,207329,623793,13.0,0,39,39,1,SUCCESS,207329,tjcbB5yMQneYc0Bp0DUT9g
700,akky,1715084470630,1,209605,209605,671858,18.333333333333332,0,55,55,1,SUCCESS,209605,maJwwe30R9m4xGgaxVY5tw
701,Anhjayla,1715119682818,1,220189,220189,748060,21.666666666666668,0,64,65,1,SUCCESS,220189,BZ9p0jaeQVesHTtpQA85FA
702,ArtificialCallback#2040,1714844326374,1,221327,221327,704730,16.333333333333332,0,49,49,1,SUCCESS,221327,qqU3afNOTLOPBlHhjXuQAQ
703,PrimeLog#2414,1714708458355,1,223123,223123,720259,16.666666666666668,0,50,50,1,SUCCESS,223123,TsFxJexOScCxQa_9reIBjw
704,PrimeTable#1545,1714588595573,1,223658,223658,753928,21.666666666666668,0,65,65,2,SUCCESS,223658,BWdY7539TgSuNfwJdGSiCw
705,MobileCallback#0119,1714770886454,1,223726,223726,786125,22.666666666666668,0,68,68,1,SUCCESS,223726,7vA6qZKnRH27Y-Z9yxQ08g
706,SolvableMethod#1146,1715001234175,1,231934,231934,728065,21.0,0,63,63,2,SUCCESS,231934,i-SqELz4Sdql1ZwpUd-D0w
707,WebEngineer#4781,1714776281381,1,232999,232999,719476,16.666666666666668,0,50,50,1,SUCCESS,232999,rF_WKJ4mR3ONR0kBu8zzoQ
708,InteractiveBraces#1357,1715009208053,1,233668,233668,775459,22.333333333333332,0,67,67,1,SUCCESS,233668,jidseJrtQNmpYWho7Lbv7g
709,LuizReis-IC-UFMT,1714687485918,1,237673,237673,785792,20.666666666666668,0,62,62,2,SUCCESS,237673,UxdOEH6JTVGhSbuoqRMIHA
710,ImportantSequence#3166,1715139909842,1,242601,242601,758196,18.0,0,54,54,1,SUCCESS,242601,6iFlT6y8QCeVbxTp4rQwSQ
711,ThisBraces#1613,1714540165676,1,243602,243602,773255,22.333333333333332,0,67,67,2,SUCCESS,243602,hKf5qapFTa-sm5W0siIjhw
712,ProvisionalModel#4645,1715134904145,1,243992,243992,742592,17.333333333333332,0,52,52,1,SUCCESS,243992,-73UIpfQT0CEPRdOs1U4aw
713,MemoryString#1464,1715159588044,1,249402,249402,792065,23.333333333333332,0,70,70,2,SUCCESS,249402,5vZTVX_7Ruq7AgSp33-Bvg
714,RocketBooster#0331,1714551855125,1,252410,252410,778330,18.666666666666668,0,56,56,1,SUCCESS,252410,9AxQryigQZ6Y0vK69-Dn8g
715,rorriml,1714645128615,1,252802,252802,779925,19.666666666666668,0,59,59,1,SUCCESS,252802,e1BperEsTy6NetyOogbo7w
716,ProcessingMachine#4931,1715216270318,1,253602,253602,991790,29.333333333333332,0,88,88,1,SUCCESS,253602,42-1Fz6lSG-l9wbsGqACGQ
717,Taki-DNPds,1715062956629,1,254334,254334,784738,22.666666666666668,0,68,68,1,SUCCESS,254334,kIi58bHgTEezod2yHDDTdQ
718,mar5,1714700484594,1,254741,254741,922131,27.0,0,81,81,1,SUCCESS,254741,LGdlJN_OSFyyE_XcNZcM1Q
719,RuanMacedoSantos-IFPI-Labiras,1715095731641,1,255121,255121,1038987,30.666666666666668,0,92,92,1,SUCCESS,255121,Q8Km_n_eShWbQTzerzINZA
720,Lurian-CIC-UnB,1715081018880,1,260667,260667,856125,25.333333333333332,0,76,76,1,SUCCESS,260667,QlfZplXcRZO8-7BF-ypuqg
721,Zero-dayEvaluation#8426,1714590206787,1,262604,262604,838823,23.666666666666668,0,71,71,2,SUCCESS,262604,txVfy9mSR0K8DYJd1Ayq2g
722,ThisSchematic#9920,1714641300908,1,264660,264660,887858,22.0,0,66,66,1,SUCCESS,264660,36Ei7zfHRuqXfor67mLt_w
723,RecursivePatch#4873,1715096732166,1,266127,266127,828991,20.0,0,60,60,1,SUCCESS,266127,auZ8l0KnQN-SE_sFl1eLoA
724,PeytonC,1715178079760,1,274668,274668,843066,24.0,0,72,72,1,SUCCESS,274668,DpZ-jRZGQxGEy8Hk3lGOPw
725,TabletWorkaround#7419,1714611602498,1,274860,274860,897984,24.333333333333332,0,73,73,1,SUCCESS,274860,PoDUHNqoQeK5CbVR2p4Svg
726,AccessibleCallback#8567,1714771371819,1,275336,275336,837682,21.333333333333332,0,64,64,1,SUCCESS,275336,Z6VAazXRRBGg_v3hfsv7lw
727,RobotHypothesis#0367,1714592115194,1,276388,276388,840919,24.333333333333332,0,73,73,1,SUCCESS,276388,URNdiYP5SPWq9jdbBtkrhg
728,StructuredBrackets#5854,1714529761314,1,277195,277195,904527,24.333333333333332,0,73,73,1,SUCCESS,277195,2K2wjXOYSTW-5hTBMg_maw
729,dRacer,1715192496829,1,277466,277466,853528,24.666666666666668,0,74,74,2,SUCCESS,277466,1gsxWB5dT1iOZPDCOgm00Q
730,IntelligentUpdate#9403,1715148368134,1,279996,279996,902123,25.0,0,75,75,3,SUCCESS,279996,VmyfcAnER16etZrS1VwSFQ
731,CleanAnalyst#3258,1714979642516,1,293858,293858,976858,25.0,0,75,75,1,SUCCESS,293858,BS_qNYm1RMOk2mbRwfd__Q
732,MobileTech#9150,1714744585059,1,293934,293934,934994,23.666666666666668,0,71,71,1,SUCCESS,293934,wXUfViZVR3eo8cOBckH7NA
733,FunctionalBottleneck#6974,1715101818855,1,294325,294325,955924,24.333333333333332,0,73,73,1,SUCCESS,294325,pEwVEmMnQdWs2MF-ZrN9zw
734,ReadyPlayerWon,1715193982454,1,294727,294727,946989,24.0,0,72,72,2,SUCCESS,294727,uQMSQ3oqQgajt8bzmy8E8Q
735,CodeCallback#5817,1714566403062,1,294853,294853,977524,25.0,0,75,75,2,SUCCESS,294853,8gIsfImcRkigDYRD4Xq99A
736,Corredor1#8043,1715136982440,1,294989,294989,987727,29.333333333333332,0,88,88,1,SUCCESS,294989,HZ-uvP7KRzyCx0u_rJa-qw
737,NestedRequirements#3643,1715189952802,1,295061,295061,896186,22.333333333333332,0,67,67,1,SUCCESS,295061,P5CmHvQXQIeUkKSAk_KMFA
738,ariniemi,1714730249973,1,298987,298987,907185,24.333333333333332,0,73,73,1,SUCCESS,298987,2W6hrAvbSHmILmPVvaansw
739,MSEDU-2578,1715154986873,1,300200,300200,900796,24.0,0,72,72,1,SUCCESS,300200,cP0B5IPvTgy9Jvc0z6Y5Pw
740,ArtificialPatch#6568,1714574968070,1,304931,304931,947734,24.0,0,72,72,1,SUCCESS,304931,sPgUxf0gRgOJ-y3cpcFECg
741,BackloggedNetwork#7436,1714637831691,1,305459,305459,976988,25.0,0,75,75,1,SUCCESS,305459,Kr5iMyndRm2vz88Ii-YlJg
742,ParametricLoop#4371,1715067783330,1,308404,308404,948852,27.666666666666668,0,83,83,1,SUCCESS,308404,J2S-f0YJTwSMQxjyDoz4Kg
743,UsableMachine#1970,1714971689536,1,314731,314731,1018992,26.333333333333332,0,79,79,1,SUCCESS,314731,lczcRnLoTjeJ9k2dI5sMIw
744,UpdatedSlice#2289,1714791652085,1,315133,315133,977076,25.0,0,75,75,1,SUCCESS,315133,CeAA5bvTTH2YbD2GLYw-RQ
745,Puffy,1714723531069,1,315268,315268,966861,24.666666666666668,0,74,74,1,SUCCESS,315268,F1I1wwEbRR23gWK5oIrMMQ
746,DraftShell#1248,1714810390136,1,315458,315458,997918,25.666666666666668,0,77,77,1,SUCCESS,315458,SE8MLHqdTOujxe_lKC3wZQ
747,NTU-ME-G10-KaoChiech,1715070579947,1,315528,315528,1008328,26.0,0,78,78,1,SUCCESS,315528,ek9lKCM1QkORmPB_fiMdwQ
748,AccessibleConsole#2169,1714628025604,1,315599,315599,977857,25.0,0,75,75,1,SUCCESS,315599,Bup-NQlrTtyrP1iNjSHfPg
749,SolvableSemicolon#5844,1714725735179,1,315725,315725,1008592,26.0,0,78,78,1,SUCCESS,315725,Z6sSTQSwSYyM3vyS3rQfHw
750,EsteemedValue#0930,1714841839726,1,315858,315858,978260,25.0,0,75,75,1,SUCCESS,315858,7I7TrI9NRYy2TzeQcouP2g
751,CodeCircuit#5650,1714973747790,1,315996,315996,988190,25.333333333333332,0,76,76,1,SUCCESS,315996,Tul_6C-UTf2fKQn7tZNRXA
752,ProvisionalError#2328,1715226669876,1,315997,315997,990119,25.333333333333332,0,76,76,1,SUCCESS,315997,oEYc4fZBRp2hVmEGkoscRQ
753,UnicodeVariable#1328,1714987333657,1,316196,316196,988188,25.333333333333332,0,76,76,1,SUCCESS,316196,2Ic4GcTWRKyCD1X4bWULtA
754,PassingState#9468,1715210865830,1,316398,316398,1040927,27.0,0,81,81,1,SUCCESS,316398,FhTqoQxKRcqaCBWEP5Tdkg
755,MemoryDocumentation#1285,1714685946922,1,319199,319199,1021130,27.0,0,81,81,1,SUCCESS,319199,OQC_60T6ThSwRgcUETiCLw
756,PrototypeExpert#9383,1714987403327,1,320744,320744,1003075,23.333333333333332,0,70,70,1,SUCCESS,320744,vjNjSw-rSWizdwcPjosPeA
757,FocusedSchematic#7192,1715081561962,1,324663,324663,986655,25.333333333333332,0,76,76,1,SUCCESS,324663,Z7R7LO2bT7GGy8qkZW25QA
758,MechanicalState#6746,1714821439028,1,325198,325198,1000527,26.666666666666668,0,80,80,1,SUCCESS,325198,s-JquyTFQRmNPnMs8HXegw
759,CreativeArgument#6519,1714558752019,1,325533,325533,988258,25.333333333333332,0,76,76,1,SUCCESS,325533,m4BcIyC3Q4Wj3Q_K_XQmBA
760,FormulaicHacker#9628,1714999039348,1,325666,325666,998463,25.666666666666668,0,77,77,1,SUCCESS,325666,Qrz-GEIsSoidSK1GbPEacw
761,BlockchainPresentation#0019,1714922011629,1,325729,325729,978200,25.0,0,75,75,1,SUCCESS,325729,hmy7-jdOQzWuLmEwhdnDWw
762,PathingArray#9197,1714903087915,1,325735,325735,996812,25.666666666666668,0,77,77,1,SUCCESS,325735,WWSxykPyQ3q6iUwcO7si7A
763,FungibleHypothesis#3958,1715029663805,1,325793,325793,1008794,26.0,0,78,78,1,SUCCESS,325793,KLeT5mqoRL2YCOdUmRkdrg
764,RobotServer#3437,1715222277912,1,325996,325996,1030197,26.666666666666668,0,80,80,1,SUCCESS,325996,HJq78WPUTiGzn4-bybrtDQ
765,EsteemedPoint#0093,1714682997277,1,325997,325997,1020189,26.333333333333332,0,79,79,1,SUCCESS,325997,i-GrEnJlS12JHti4CvMsfg
766,AgileEngineer#9153,1715144268825,1,325997,325997,1135802,34.0,0,102,102,2,SUCCESS,325997,nSet2sL2RDazGZGhST4emg
767,TestablePatch#8448,1715189538201,1,326005,326005,1009009,26.0,0,78,78,1,SUCCESS,326005,0qEqK2fvToCBDCmBjJGtoA
768,InteractiveTheory#0191,1714943005354,1,326387,326387,1008988,26.0,0,78,78,1,SUCCESS,326387,am5oio75RE-qZImvoZ4mQQ
769,BooleanFix#4703,1715051345535,1,332125,332125,1007004,26.333333333333332,0,79,79,1,SUCCESS,332125,q5RB9ycdRqGpgjijnJfUJg
770,RuanMaS-IFPI-LABIRAS,1715132672918,1,333656,333656,1041859,30.333333333333332,0,91,91,2,SUCCESS,333656,U9fKWJY2Q1K1p_KspHwMYw
771,AsynchronousVariable#6413,1715073790649,1,333992,333992,1023326,25.666666666666668,0,77,77,1,SUCCESS,333992,KNo8ZSnBRPSlzLSk1IwhyQ
772,IntelligentExpert#5339,1714863353231,1,335798,335798,1017723,26.666666666666668,0,80,80,1,SUCCESS,335798,sLe98iQSQYKlVYyX4jvZXA
773,PrimeValue#2681,1715084479712,1,337668,337668,1033396,26.666666666666668,0,80,80,1,SUCCESS,337668,3KfUqzwtQRirtNJCI2CAlw
774,MobileObject#9064,1714594638330,1,340133,340133,1113188,30.0,0,90,90,1,SUCCESS,340133,CVl6mA4RQkeWH4sMQ-hnZw
775,ConnectedServer#1395,1714977903467,1,341125,341125,1034255,27.333333333333332,0,82,82,1,SUCCESS,341125,SfOooVVBRoOERYLlozQJmQ
776,GroupA-TeamA,1714848089253,1,357197,357197,1103320,32.0,0,96,96,2,SUCCESS,357197,678PW01aTKGL0sDOzBNB_w
