Rank,Alias,SubmissionTime,LapCount,AvgLapTime,BestLapTime,TotalLapTime,AvgResets,CollisionCount,OffTrackCount,ResetCount,SubmissionCount,LeaderboardSubmissionStatusType,RankingScore,UserId
1,JJ,1715383398423,1,14270,14270,54924,0.3333333333333333,0,1,1,3,SUCCESS,14270,afdcX_4vRH6Ussd0mbg5LQ
2,CodeMachine,1715592588813,1,14455,14455,64260,0.6666666666666666,0,2,2,4,SUCCESS,14455,b_WzN_r8ToGPle_8bl2tMA
3,Duckworth,1715319932446,1,14472,14472,44668,0.0,0,0,0,1,SUCCESS,14472,VIu9BQ4-Th6gUqu60ztwUQ
4,Nariox,1715154755882,1,14531,14531,64265,0.6666666666666666,0,2,2,1,SUCCESS,14531,AUWR9HasSr2j2V1bbAptNw
5,TonyJ,1715074106889,1,14598,14598,44855,0.0,0,0,0,2,SUCCESS,14598,af962be5a4ed4c57af807w
6,PolishThunder,1715337926048,1,14657,14657,56069,0.3333333333333333,0,1,1,7,SUCCESS,14657,qi512oGVTry8V-KtP6j2_w
7,LeadingAI,1715442038652,1,14799,14799,45922,0.0,0,0,0,4,SUCCESS,14799,VP5wwaH5T4GciaMX2ocEvQ
8,JeffreyMonte-sph,1715346195606,1,14997,14997,89873,1.3333333333333333,0,4,4,6,SUCCESS,14997,GLWDtaYeS2eKxZfMhQ6Xkg
9,DaVinciDriver,1715146431228,1,15125,15125,45794,0.0,0,0,0,3,SUCCESS,15125,XtzXYz2pRByDnXz90XNGSw
10,IcePandaBoom,1715243027135,1,15200,15200,46660,0.0,0,0,0,6,SUCCESS,15200,BTPWujqqTBOWGAFvEKyRaA
11,JPMC-BA-D3,1715015401668,1,15207,15207,78392,1.0,0,3,3,12,SUCCESS,15207,Fy8bvUIzSN-N-e3D74JhPw
12,BennyLBS,1715168020184,1,15388,15388,78123,1.0,0,3,3,2,SUCCESS,15388,wD3fjDFZTJaZd9AU7WRDlA
13,Rober-rNiubo,1714935499539,1,15409,15409,46586,0.0,0,0,0,4,SUCCESS,15409,KrRSYhzKTfONjRaDUc_ubQ
14,Ernesto-PhilJ,1715197025574,1,15466,15466,57313,0.3333333333333333,0,1,1,1,SUCCESS,15466,8zBEAp0-S5yGbcZvytGZGQ
15,Jerec,1715545686704,1,15530,15530,57987,0.3333333333333333,0,1,1,6,SUCCESS,15530,RH6ep-5mRmmVLqHClba8_Q
16,EvidenMarkRoss,1714571035266,1,15534,15534,57659,0.3333333333333333,0,1,1,1,SUCCESS,15534,9OT4p4dXQ2K2J5pOUfeGfg
17,Jochem,1715278529924,1,15665,15665,48536,0.0,0,0,0,10,SUCCESS,15665,RBPhZc5eTVmEF_gpSV7skg
18,JPMC-London-Griffc,1715001421338,1,15809,15809,48784,0.0,0,0,0,8,SUCCESS,15809,S1EcBZeaRjW2s85WNzBBog
19,Velocity-5dl,1715594930813,1,15929,15929,58749,0.3333333333333333,0,1,1,3,SUCCESS,15929,DBVc9n_uQ0-r-Cqkz3YweA
20,-SANTACLAWS-,1715478192985,1,15998,15998,49057,0.0,0,0,0,4,SUCCESS,15998,X_dNmJilS8SDBQ44yzd2fg
21,Kamiloj,1715342830779,1,16122,16122,70121,0.6666666666666666,0,2,2,26,SUCCESS,16122,jmVlUw3DTUubDDSk3oOaPA
22,pandora,1715198800746,1,16200,16200,49058,0.0,0,0,0,6,SUCCESS,16200,KidKgjCARCCa5sZHpmzUVQ
23,Marco-Eviden,1714726521320,1,16263,16263,91592,1.3333333333333333,0,4,4,3,SUCCESS,16263,Hg2CJNXMRmijQmd_jMSJyw
24,BSi,1714651266917,1,16267,16267,49325,0.0,0,0,0,1,SUCCESS,16267,2eb231b0a43f4940bfed3w
25,Berbbobs,1714899132245,1,16329,16329,81724,1.0,0,3,3,3,SUCCESS,16329,bt0g0Yx0R7KyvbtojGlP4A
26,Yuliya,1715583520782,1,16332,16332,83263,1.0,0,3,3,20,SUCCESS,16332,JWJgkv8bSKeMIGYZ9roR-A
27,JPMC-Speedy-Gonzales-LATAM,1715001245238,1,16384,16384,59731,0.3333333333333333,0,1,1,3,SUCCESS,16384,McOa_W8cTW2EErfZhOoKxA
28,DustyRacing,1715212137458,1,16396,16396,124795,2.3333333333333335,0,7,7,20,SUCCESS,16396,Vlo2vVAfQrqWadXhqFE38A
29,TestingSlice#9403,1715347884777,1,16401,16401,72659,0.6666666666666666,0,2,2,1,SUCCESS,16401,MUeWp8S5RY-wn2N7jJKyHw
30,PITS-TK,1715573050124,1,16404,16404,61267,0.3333333333333333,0,1,1,8,SUCCESS,16404,PVc7jVR2RxqbPMpBIhjZ0g
31,DoomBuggy,1715059817642,1,16524,16524,70190,0.6666666666666666,0,2,2,2,SUCCESS,16524,QakV_nzOTm2q_NhqUMwIJw
32,LeetFormula#6781,1715170792675,1,16592,16592,60995,0.3333333333333333,0,1,1,13,SUCCESS,16592,R5muw8HbTAmpfHCNU9rVpw
33,TimJWhite,1715219346576,1,16657,16657,83601,1.0,0,3,3,14,SUCCESS,16657,3dDHylmQSi-Rzd9uUamhlQ
34,InteractiveCallback#4413,1715445560291,1,16796,16796,83655,1.0,0,3,3,1,SUCCESS,16796,VKgGh4hgQ-qJ8R0AtTK_vA
35,tranvietdung-DBS,1714665273486,1,16798,16798,51931,0.0,0,0,0,12,SUCCESS,16798,3OwVWi6tQDCpBzKpWfHj7Q
36,Lee0602,1715459386652,1,16801,16801,51996,0.0,0,0,0,13,SUCCESS,16801,ZHF2XODuQbS-C6lN50M2PQ
37,LeetLoop#4440,1715445337937,1,16860,16860,72996,0.6666666666666666,0,2,2,1,SUCCESS,16860,dz1NsHsYR76XBb-aGxYtRg
38,AsynchronousCallback#0358,1715444366012,1,16931,16931,92923,1.3333333333333333,0,4,4,1,SUCCESS,16931,rkSgcKStSp6r_FxIaEZtjw
39,HashableState#7765,1715445196010,1,16945,16945,53116,0.0,0,0,0,1,SUCCESS,16945,PZgEOgV1SQmO6z57jRfHog
40,Cloud-Ultra-Pro,1715563125974,1,16992,16992,52521,0.0,0,0,0,16,SUCCESS,16992,R22FBKQsSMKmRaTpNdD76A
41,RecursiveToken#6469,1715445055378,1,16993,16993,72994,0.6666666666666666,0,2,2,1,SUCCESS,16993,oWWY1IF8Rk6QpApvcPa6nw
42,NestedPoint#0573,1714715847902,1,17004,17004,73397,0.6666666666666666,0,2,2,4,SUCCESS,17004,mIRerViuSfGrpyXUxiH4LQ
43,ryu,1715069871213,1,17067,17067,63193,0.3333333333333333,0,1,1,10,SUCCESS,17067,VJ3BbvBVTJul_5HJYllepg
44,BetaBuster#2792,1715444434257,1,17068,17068,75252,0.6666666666666666,0,1,2,1,SUCCESS,17068,G_El9bzsQM67n74yNqB0JA
45,CompleteFix#0046,1715444130540,1,17124,17124,52187,0.0,0,0,0,1,SUCCESS,17124,EIGopdYORlWuaNLFdrOI2A
46,AlphaLanguage#1679,1715444242220,1,17125,17125,72460,0.6666666666666666,0,2,2,1,SUCCESS,17125,st2I7pwNSn6D65wnqQGMPQ
47,PythonWorkaround#0436,1715445477858,1,17126,17126,52925,0.0,0,0,0,1,SUCCESS,17126,z9Ltga-2RgmJSIK3Dwpp7A
48,IterableLine#4511,1715137030196,1,17126,17126,52587,0.0,0,0,0,3,SUCCESS,17126,IrUyTPMNSoeG0kct-lXbYA
49,EsteemedPoint#6781,1715356013080,1,17129,17129,74059,0.6666666666666666,0,2,2,1,SUCCESS,17129,7QAzeOuRR5ixx-xCj7VKDQ
50,PassingTable#4137,1715444899003,1,17133,17133,84589,1.0,0,3,3,1,SUCCESS,17133,FqArOpRBS2qZrf88WNGTwg
51,drunken-monkey,1715341394179,1,17134,17134,53388,0.0,0,0,0,28,SUCCESS,17134,c7a82cb998e44f9abd469Q
52,ConnectedNode#7531,1715444399698,1,17200,17200,85523,1.0,0,3,3,1,SUCCESS,17200,uCz-0bQTQ6ujn8mP2yU8DA
53,ImportantResource#7946,1715445444908,1,17203,17203,62855,0.3333333333333333,0,1,1,1,SUCCESS,17203,aBHCdsuCQMaTbSIdRfYmtw
54,QualifiedSandbox#0189,1715445163624,1,17205,17205,62463,0.3333333333333333,0,1,1,1,SUCCESS,17205,WnNTAlz6TkeNmyi-gEkkdA
55,yewei,1715219109205,1,17205,17205,64124,0.3333333333333333,0,1,1,1,SUCCESS,17205,QISUQ53YSv2fxPI_dcTLXw
56,Fr3dNZ,1715019541875,1,17262,17262,94657,1.3333333333333333,0,4,4,1,SUCCESS,17262,7x6nmMRlQiWawqJ8wUE7jA
57,ontaptom,1715429861337,1,17267,17267,63053,0.3333333333333333,0,1,1,17,SUCCESS,17267,AFC1IvhBRQKsOd2Lmii0tA
58,AlphaUpgrade#0121,1715444270066,1,17334,17334,73791,0.6666666666666666,0,2,2,1,SUCCESS,17334,7Pkk_z2OQ_-EcyI8CYCl1w
59,ComplicatedNotation#3223,1715444579598,1,17388,17388,73458,0.6666666666666666,0,2,2,1,SUCCESS,17388,rgTb20SGRmiR_KOcKl8rcw
60,ParametricExpression#9760,1715444934981,1,17401,17401,53655,0.0,0,0,0,1,SUCCESS,17401,UKB-ACo7Q0GwOh2yeA8oxQ
61,UnboundFormula#1459,1715445401180,1,17408,17408,63523,0.3333333333333333,0,1,1,1,SUCCESS,17408,TKAMeDMcRHqXU-6OCTCBZQ
62,ImportantRequirements#4296,1715444718196,1,17460,17460,64792,0.3333333333333333,0,1,1,1,SUCCESS,17460,URgU9gNpQ7aZL0G0z6qBVQ
63,SquareValue#9337,1715444041813,1,17462,17462,53585,0.0,0,0,0,1,SUCCESS,17462,7-52V4VeTu-qjQdZcU8rAQ
64,AIDeepRacer,1714534667967,1,17463,17463,84728,1.0,0,3,3,1,SUCCESS,17463,pIRbdCx6QYatgVXm2p5GbA
65,DigitalShell#8791,1715350935937,1,17476,17476,64854,0.3333333333333333,0,1,1,1,SUCCESS,17476,gjAoC4CESZWPC8mDTctUFw
66,ComplicatedObject#8137,1715445012582,1,17526,17526,64130,0.3333333333333333,0,1,1,1,SUCCESS,17526,7G6RWoGpQbuk16b0O_1log
67,nalbam-me,1715472028669,1,17537,17537,64528,0.3333333333333333,0,1,1,38,SUCCESS,17537,PnRru4vBRkeyT4xX6LOCtw
68,UnboundLog#0721,1715444977898,1,17540,17540,73336,0.6666666666666666,0,2,2,1,SUCCESS,17540,E5suYnXiRLKDpx8ViFvknA
69,LeetPackage#1511,1715445369353,1,17597,17597,74131,0.6666666666666666,0,2,2,1,SUCCESS,17597,O0Q0bTHCSm2fAx7Zt5cO-A
70,Zero-dayDiff#1697,1715445305549,1,17598,17598,84059,1.0,0,3,3,1,SUCCESS,17598,W0c9ROhXRvSqh8-idDgiig
71,ArtificialParameter#7025,1715444614964,1,17659,17659,84525,1.0,0,3,3,1,SUCCESS,17659,D8TPTHdmQeeLfVXbz4yYYA
72,Global#5722,1715220540222,1,17668,17668,53725,0.0,0,0,0,1,SUCCESS,17668,xEPBEKj2TtmnC6dFctzw-g
73,AccessiblePresentation#0113,1715444300597,1,17709,17709,64242,0.3333333333333333,0,1,1,1,SUCCESS,17709,m6EvkVJGTeS4ppm3T3J8jg
74,NestedState#1523,1715445131425,1,17721,17721,84388,1.0,0,3,3,1,SUCCESS,17721,pnJn9N4rQb2m1gGP3uIh5A
75,PythonToken#2223,1715445266771,1,17724,17724,75257,0.6666666666666666,0,2,2,1,SUCCESS,17724,7uxComXyR4OXlmKQPMJpTg
76,VirtualDocumentation#3221,1715357151330,1,17727,17727,64797,0.3333333333333333,0,1,1,1,SUCCESS,17727,K9lRiAqWRp6toa1oCqkEiQ
77,mmmmmmm,1715218833273,1,17731,17731,64524,0.3333333333333333,0,1,1,1,SUCCESS,17731,XnSy4WWZSCyBn1TEapWcNA
78,BrainyUpgrade#8536,1715444088612,1,17733,17733,73675,0.6666666666666666,0,2,2,1,SUCCESS,17733,Bo5dvUzHRCGcA0OLgPhlfg
79,Fenerbahce-FAN,1714869831601,1,17733,17733,65994,0.3333333333333333,0,1,1,29,SUCCESS,17733,-yBKpK66SoKcJrJWFnLvsA
80,TheStandardLibrary,1715246501737,1,17734,17734,54727,0.0,0,0,0,9,SUCCESS,17734,Z8zElBIKT8aYXSkrSrNUXA
81,pmi-knk4#2630,1714813133538,1,17735,17735,64659,0.3333333333333333,0,1,1,31,SUCCESS,17735,1ZYesBf7TMufV0hhreTW-w
82,Seab,1714602568105,1,17860,17860,87321,1.0,0,3,3,8,SUCCESS,17860,mjD1OGTXQfKTXMPWVq29rg
83,Aurora-DNPds,1715055025903,1,17863,17863,78755,0.6666666666666666,0,2,2,1,SUCCESS,17863,26fba66bedca4aa3bca47w
84,TestingBraces#2553,1715445520533,1,17925,17925,63927,0.3333333333333333,0,1,1,1,SUCCESS,17925,6TR4eUTZTxeHUEo_l1sZWA
85,DesktopSchematic#4430,1715445232750,1,17930,17930,75323,0.6666666666666666,0,2,2,1,SUCCESS,17930,YejYC6F5QNiOj3hhVBNWKA
86,InteractiveLog#5391,1715444868369,1,17930,17930,73719,0.6666666666666666,0,2,2,1,SUCCESS,17930,h9wM60w_SNGDWqHqukm7Sw
87,Zooom#32289216,1715200150908,1,17990,17990,76860,0.6666666666666666,0,2,2,13,SUCCESS,17990,cLBKyiaZRMSvEyXhvbnxNg
88,StandardRacer,1715572770164,1,18060,18060,55723,0.0,0,0,0,4,SUCCESS,18060,cEh8AzDPQcGFQo3yFhhx9g
89,gabrielkoo#HongKong,1715218210891,1,18063,18063,55726,0.0,0,0,0,26,SUCCESS,18063,ydUnMZutQDmeS4U2pIDYLg
90,ParametricToken#9781,1715445089016,1,18070,18070,105997,1.6666666666666667,0,5,5,1,SUCCESS,18070,yqMB4sUNRpCJkPzZcwYimA
91,CleanEnvironment#7035,1715444549808,1,18129,18129,85264,1.0,0,3,3,1,SUCCESS,18129,AYE36i9aRVa1cujiMlD24w
92,code#1405,1715346451280,1,18139,18139,98191,1.3333333333333333,0,3,4,1,SUCCESS,18139,OgSosICNTbGTI8J5VBl1Ew
93,BrainyAnalysis#1839,1715444331368,1,18335,18335,73599,0.6666666666666666,0,2,2,1,SUCCESS,18335,hnXUzgTnRx2xtGsf_BMvug
94,RobotSwitch#4403,1715352917264,1,18455,18455,74522,0.6666666666666666,0,2,2,1,SUCCESS,18455,013jTXN2Q8aEvBnRYq1_6Q
95,technopro#koyukisaito,1714667107610,1,18468,18468,78060,0.6666666666666666,0,2,2,7,SUCCESS,18468,NuGRxDoNRseuyDzDi9WZtg
96,JDoc-One,1715391312950,1,18478,18478,67062,0.3333333333333333,0,1,1,4,SUCCESS,18478,a3539eddaaa24a088dc02w
97,JPMC-HYD-SmartAccelerators,1714533635847,1,18524,18524,77748,0.6666666666666666,0,2,2,1,SUCCESS,18524,6jJ_fiuUQb2PZXOGkr3V7g
98,ferrite,1714524189590,1,18541,18541,55928,0.0,0,0,0,1,SUCCESS,18541,SRAgn9lMTCmIjaBREP7hxA
99,TrustBase,1715417271115,1,18596,18596,86595,1.0,0,3,3,9,SUCCESS,18596,tIpTabZjSimPaLIoVKu3Uw
100,sivas,1715114971507,1,18725,18725,77587,0.6666666666666666,0,2,2,9,SUCCESS,18725,mOcZW4PTTy2BWQZjxxHPHA
101,FabioMaxV,1715174695404,1,18730,18730,57992,0.0,0,0,0,25,SUCCESS,18730,fkCXzcxUQAu40C7Qxc3EzA
102,Guga,1715257204825,1,18733,18733,57256,0.0,0,0,0,4,SUCCESS,18733,617e83d68c1240be8b9abw
103,technopro#kogawaeisuke,1715378854087,1,18876,18876,89536,1.0,0,3,3,7,SUCCESS,18876,f3L4J8yeTBqfvD96RnbB3A
104,C3R0,1714957470951,1,19461,19461,90989,1.0,0,3,3,35,SUCCESS,19461,61QIIR_GTpCM0JoUAsdwew
105,NeilSimon-PanSup,1715084527846,1,19536,19536,60127,0.0,0,0,0,4,SUCCESS,19536,caj3LxcuQz297jcW58Y--Q
106,Vanez,1715586181883,1,19597,19597,70928,0.3333333333333333,0,1,1,19,SUCCESS,19597,x4V4UB83S8SrnXIYzp8ufw
107,IterableAttention#3151,1714825175667,1,19600,19600,90856,1.0,0,3,3,45,SUCCESS,19600,u007vSg9RrGV3oD7aLWoQA
108,Eviden-Nickson,1715068713874,1,19731,19731,62054,0.0,0,0,0,4,SUCCESS,19731,1E_wupACTTm2gP7r2O4SQw
109,Liangwei,1715132734777,1,19735,19735,70731,0.3333333333333333,0,1,1,6,SUCCESS,19735,MdsVUFqtSeyjEGoUPm7jXA
110,ImportantArchitect9dd111,1715055086205,1,19931,19931,70850,0.3333333333333333,0,1,1,2,SUCCESS,19931,mdf_ccgnQ9eYdOKQnAKUqw
111,Gabo#1995,1714786575442,1,20005,20005,101251,1.3333333333333333,0,4,4,31,SUCCESS,20005,jwjbMURBSZuDUfaJQN34-Q
112,EncryptedScope#3042,1715528538965,1,20135,20135,103199,1.3333333333333333,0,4,4,7,SUCCESS,20135,s5dpXHBSSDWkPhIE6Qu4yQ
113,BigTester#1502,1715512192711,1,20265,20265,82661,0.6666666666666666,0,2,2,9,SUCCESS,20265,Z2BLS696RyGZWJW9Um0k7w
114,HameenHitain#42,1715370058989,1,20266,20266,63653,0.0,0,0,0,6,SUCCESS,20266,44YjKeFtRFyv_g8ljvEg1w
115,SquareError#DALE,1714770399829,1,20403,20403,82867,0.6666666666666666,0,2,2,50,SUCCESS,20403,Da-vAnCDQUyxpai4jd8Zdw
116,PaoGiraldoADL,1714749660847,1,20469,20469,93318,1.0,0,3,3,5,SUCCESS,20469,BMssM-_zTlivZk9Y1xN79w
117,DavidMelo55#UFCQXD,1715031884016,1,20469,20469,83593,0.6666666666666666,0,2,2,22,SUCCESS,20469,4D8YdKLDS3Omc0zLfIex8A
118,Jianlong,1715137312015,1,20526,20526,63474,0.0,0,0,0,15,SUCCESS,20526,vpsHYdBtSIq__1M9j1R21Q
119,EatMyGas,1715265651493,1,20670,20670,93862,1.0,0,3,3,21,SUCCESS,20670,G49XjRGRR76Xv00WxIMvnQ
120,Testing486#1153,1715475012911,1,20728,20728,83853,0.6666666666666666,0,2,2,10,SUCCESS,20728,ishXGPYpS-CWr14jPO_tNw
121,Banbone,1714605183644,1,20737,20737,115464,1.6666666666666667,0,5,5,4,SUCCESS,20737,iTaYYJwUSXWPbqTcxyO0ZA
122,SaberXrod#4904,1714542412032,1,20859,20859,73995,0.3333333333333333,0,1,1,2,SUCCESS,20859,JlA_8UNKSVy4lqTejNbZYg
123,MSalie,1714835488580,1,20865,20865,63056,0.0,0,0,0,3,SUCCESS,20865,hEzNKV4vR1mcLP8PRdw_JQ
124,TPC-Tech,1714571835617,1,20922,20922,63185,0.0,0,0,0,2,SUCCESS,20922,iEfWhIPLS865MMzpmLNdqQ
125,Groovy-DNPds,1715425911171,1,20938,20938,75128,0.3333333333333333,0,1,1,1,SUCCESS,20938,a4fb0e167d0e4112942c1Q
126,Yoga,1714967843716,1,21061,21061,74063,0.3333333333333333,0,1,1,13,SUCCESS,21061,9C5BCEtKRUOa2-8axwuEFQ
127,YongsangLee,1715565093165,1,21126,21126,87589,0.6666666666666666,0,2,2,6,SUCCESS,21126,G0S3IBd5REKg-1M7X9MYtg
128,NeuralFix#3649,1714712104026,1,21262,21262,96194,1.0,0,3,3,6,SUCCESS,21262,69kUv7qhScSY6tsp034yww
129,DanielCostantinRacer,1714670414645,1,21267,21267,76661,0.3333333333333333,0,1,1,4,SUCCESS,21267,GhOikLJ-TeiygB5I18GAzA
130,onlythree,1714583040528,1,21396,21396,86186,0.6666666666666666,0,2,2,29,SUCCESS,21396,23e254b25ea0443389ed6w
131,Wolfking7,1715213625122,1,21399,21399,65324,0.0,0,0,0,22,SUCCESS,21399,zDhMPmTYSn6gduZ26KjthA
132,ssm-DevelopersIO,1715571662251,1,21469,21469,110193,1.3333333333333333,0,3,4,10,SUCCESS,21469,XWuPseyZQLOMJ31jSvdfog
133,Galaxy-Destroyer,1714818125731,1,21607,21607,110734,1.3333333333333333,0,3,4,45,SUCCESS,21607,R5dbzb_dTHeWKz89XJfXSQ
134,ProvisionalArchitect#8743,1715494340506,1,21607,21607,93661,0.6666666666666666,0,1,2,4,SUCCESS,21607,7NGquMQfSyuwwM-XkT5EuA
135,NumericBooster#8080,1714858721623,1,21727,21727,65795,0.0,0,0,0,7,SUCCESS,21727,K5x9i8CBSQOy-de8mYWM7Q
136,Kinovisione,1715265596820,1,21734,21734,99390,1.0,0,3,3,34,SUCCESS,21734,m4ofy2vHTOWXud_i3QPnIw
137,SilEye,1714757445269,1,21736,21736,68130,0.0,0,0,0,20,SUCCESS,21736,y-L1qKgjS2iMcNjbnxNC_Q
138,JPMC-HYD-CircuitBreakers,1714523224055,1,21868,21868,66538,0.0,0,0,0,1,SUCCESS,21868,5Z9lAFNASzesOzD7FFfSHw
139,LuizMartins-UFMT,1715102239644,1,21930,21930,87390,0.6666666666666666,0,2,2,7,SUCCESS,21930,ADrVvaW1S4KDwZx0k6oGmA
140,Ryan-Hawkins,1714883278480,1,22000,22000,66785,0.0,0,0,0,27,SUCCESS,22000,z1r9Ho1DTiS-vqLb411eBA
141,gigi-DNPds,1715572487948,1,22000,22000,66525,0.0,0,0,0,4,SUCCESS,22000,nkTUmamiSOWmb8YpN0p7aw
142,Cheaty-McCheatface,1714686593921,1,22003,22003,97991,1.0,0,3,3,11,SUCCESS,22003,2R1bsOUiRceGpNP9wKliAw
143,KendrickLlama,1714682863744,1,22128,22128,162460,3.0,0,9,9,21,SUCCESS,22128,wh1J6ZRRQbCqFX1O81ZKxw
144,SilverBullet777,1715164321215,1,22194,22194,100128,1.0,0,3,3,23,SUCCESS,22194,9tyVk4VlRF-d6J3rlZDwjg
145,mame-BIP,1715258840831,1,22260,22260,80397,0.3333333333333333,0,1,1,2,SUCCESS,22260,OFLMZkLLR_Kh3tjK02Kq_w
146,A100,1714738643574,1,22325,22325,120590,1.6666666666666667,0,5,5,7,SUCCESS,22325,uSNwnc5ST7eO99h0QehsjQ
147,HigherScope#2137,1715209258599,1,22335,22335,120126,1.6666666666666667,0,5,5,10,SUCCESS,22335,t7Yg9xh2Q2qx6-O46ESXdA
148,Kire,1714557124671,1,22398,22398,68592,0.0,0,0,0,2,SUCCESS,22398,N0y9CR6fQN-a4UlAFsTC5Q
149,Dexxtz,1715570861631,1,22401,22401,89726,0.6666666666666666,0,2,2,4,SUCCESS,22401,tabxmSFdSiuDVkEWW34mTA
150,QualifiedLog#6739,1715391753682,1,22463,22463,99852,1.0,0,3,3,3,SUCCESS,22463,uR09EIePQtmlGNkPDyOskQ
151,FunctionalClass#8457,1715067854221,1,22535,22535,132745,2.0,0,6,6,1,SUCCESS,22535,Dfn4-qpnR7un-trbL0mjUA
152,Kuako,1715377628350,1,22539,22539,70857,0.0,0,0,0,3,SUCCESS,22539,g3jpBKVBQrSJ7YjOu4pYhw
153,DigitalDigit#5281,1715438718867,1,22598,22598,78655,0.3333333333333333,0,1,1,3,SUCCESS,22598,OER5nqMiQ7GPVL481yVNZw
154,SamAu,1715153145964,1,22727,22727,71658,0.0,0,0,0,7,SUCCESS,22727,BteX7647QUyM2a2hexL2ZA
155,ProvisionalSchematic,1714582046841,1,22739,22739,69396,0.0,0,0,0,1,SUCCESS,22739,hEXm0S5DSuKhb9giUIfrwA
156,QuirkyTech-IsaiahGoh,1714918887102,1,22794,22794,68854,0.0,0,0,0,3,SUCCESS,22794,SvvoeT6xQ3WZgKR14S_xLw
157,M1ghtyThor#0001,1715255615335,1,22924,22924,102190,1.0,0,3,3,9,SUCCESS,22924,N6BO-zsLRbq0Qf-YOUmBBQ
158,TheEconomist,1714581945345,1,22995,22995,111264,1.3333333333333333,0,4,4,1,SUCCESS,22995,_sRt0zAsSvGdTJM-2XSBNg
159,ProgrammingCallback#8885,1714597195931,1,23065,23065,70059,0.0,0,0,0,1,SUCCESS,23065,GPj4aHWgQmGhfH9GE3JkNQ
160,ethz,1714616307107,1,23067,23067,114133,1.3333333333333333,0,4,4,2,SUCCESS,23067,RJofbzrWRMKwt5G4P46C9g
161,Eviden-Simon-up-Hill-struggle,1715536285412,1,23265,23265,92593,0.6666666666666666,0,2,2,9,SUCCESS,23265,3XLO68TWRzyd6zo4IaoNYQ
162,FabRacer,1715174658307,1,23269,23269,70796,0.0,0,0,0,16,SUCCESS,23269,YXjU-6WZTe65g7_YyZPJrA
163,gottueagles,1714583649768,1,23275,23275,100863,1.0,0,3,3,12,SUCCESS,23275,nEn813DYTiqk78BFD7lWCw
164,MatheusMachado-Unicamp,1714946201607,1,23276,23276,101863,1.0,0,3,3,2,SUCCESS,23276,vOEJOjbuQqSpkW_qFut03w
165,FormulaicRequirements#6121,1714582001659,1,23333,23333,102056,1.0,0,3,3,1,SUCCESS,23333,vr1lMXTfS2Gu6RIv8M6lAA
166,RO,1715562578521,1,23469,23469,101057,1.0,0,3,3,3,SUCCESS,23469,6DarpfsUQUSRuBlTMnb7fw
167,NestedWorkaround#8562,1715304207602,1,23524,23524,81591,0.3333333333333333,0,1,1,5,SUCCESS,23524,hVM-i_h8QVeRdzsQaE-3UQ
168,WebComment#2354,1715225882815,1,23525,23525,91457,0.6666666666666666,0,2,2,3,SUCCESS,23525,rhZZKZZOQwKh4cu2eTe7sQ
169,MechanicalDelta#3641,1715484835420,1,23541,23541,101991,1.0,0,3,3,9,SUCCESS,23541,gyCUSdZFR_mOfc5IhtaN2Q
170,Eviden-Gladiator-AJ,1714660548180,1,23597,23597,71317,0.0,0,0,0,19,SUCCESS,23597,-aSOEm6ETki7Ia07Qr0-Yg
171,ImportantArchitect2eaa80,1715310804389,1,23600,23600,71393,0.0,0,0,0,2,SUCCESS,23600,QcJAi9m6Ts2kXRdSSzpWMA
172,BackloggedInterface#8446,1715071062127,1,23607,23607,72194,0.0,0,0,0,1,SUCCESS,23607,mkM5K4YHR_GrdZHcB4yJxw
173,RoydonAu-NTU-CCDS,1715167503986,1,23665,23665,81992,0.3333333333333333,0,1,1,1,SUCCESS,23665,at8BAi9nR0aLCL7nfncCVA
174,AmmadMalik,1714838391903,1,23739,23739,71933,0.0,0,0,0,12,SUCCESS,23739,ouoRaI4aTw6ukU6_O_M_2A
175,IMT-SC-Architecture-Advanced-Accelerator,1715296121401,1,23794,23794,93795,0.6666666666666666,0,2,2,6,SUCCESS,23794,9B8iYzkhQ1ufHMuKDcXzoQ
176,MiLKB,1714532574611,1,23855,23855,132057,2.0,0,6,6,4,SUCCESS,23855,8KL8u0H3RIWxgP14x_RC6w
177,AiDer,1714687036093,1,23863,23863,102590,1.0,0,3,3,25,SUCCESS,23863,NCGAqRfgRs6N_XKbN_Ts_w
178,ImportantArchitect1d2360,1715240314598,1,23868,23868,93060,0.6666666666666666,0,2,2,1,SUCCESS,23868,K9VsiuTASjq0MwLgfChu_A
179,IterableFunction#7929,1715004361892,1,23874,23874,72459,0.0,0,0,0,2,SUCCESS,23874,2NXMBaezRmmIU8qQqP0_EQ
180,technopro#hasegawaisao,1715565276977,1,23989,23989,73726,0.0,0,0,0,1,SUCCESS,23989,hgWsaNIoQZmgXyn2LrM0Lw
181,SquareLine#8737,1715170298339,1,24001,24001,93258,0.6666666666666666,0,2,2,8,SUCCESS,24001,easxPhsOR56uuVLie3Kzog
182,RayG-DBS,1714535175018,1,24072,24072,73789,0.0,0,0,0,1,SUCCESS,24072,YNrvM9f5RteeSrCl7oFC5w
183,BlockchainCircuit#7008,1715349586478,1,24138,24138,137123,2.0,0,6,6,12,SUCCESS,24138,h2fEgYf2SGeOvDCB59Rsig
184,AdrianZzitoo,1714755057964,1,24196,24196,72852,0.0,0,0,0,7,SUCCESS,24196,BAneI00oQbO9lfYEEXQcsQ
185,reddevilgp,1714533636584,1,24205,24205,77393,0.0,0,0,0,9,SUCCESS,24205,luqmCfV3Qk6HWz85EeQ0XA
186,Nuggy#8615,1714680525457,1,24399,24399,94925,0.6666666666666666,0,2,2,9,SUCCESS,24399,bB_6wTRaQqWwZw7QKRgh2g
187,technopro#suzukik,1714877912876,1,24404,24404,85331,0.3333333333333333,0,1,1,5,SUCCESS,24404,0Ghn_z-7QJ2CFSU7kJIMbg
188,--E2--,1714584233658,1,24468,24468,94730,0.6666666666666666,0,2,2,1,SUCCESS,24468,4eJQf1tiRFK1yE7PUW6CdA
189,Marco-UnB#5561,1715091478961,1,24594,24594,74988,0.0,0,0,0,3,SUCCESS,24594,8GrX9HUzRO6KDyywq3BPgw
190,raj-1205,1714922011800,1,24670,24670,74926,0.0,0,0,0,5,SUCCESS,24670,558a49745f8843aea7db6w
191,ImportantArchitect454afa,1715222863115,1,24866,24866,85255,0.3333333333333333,0,1,1,1,SUCCESS,24866,IC7mcX0HSqGStkseD2LaPw
192,MLRacer-1,1714583060378,1,24923,24923,76591,0.0,0,0,0,1,SUCCESS,24923,BkzYLz2CSJyL3MKNeCeBrQ
193,Decio-HotWheels,1714785101829,1,24929,24929,86527,0.3333333333333333,0,1,1,48,SUCCESS,24929,n5_HZz5pQT2PezY067cYQA
194,technopro#abdullahaljabir,1714648907380,1,24930,24930,75526,0.0,0,0,0,1,SUCCESS,24930,pgnD8_kHRnW4E2FIehFopQ
195,MineSweeper,1715466047440,1,25126,25126,87798,0.3333333333333333,0,1,1,4,SUCCESS,25126,cJBGnsm2SneQEkwWruZDgw
196,DannyS,1715165867559,1,25133,25133,76128,0.0,0,0,0,1,SUCCESS,25133,bdSV6SxWQC6tit-RYNvjyA
197,QAX-Racer-5,1714653076145,1,25134,25134,86192,0.3333333333333333,0,1,1,3,SUCCESS,25134,lqKZvAseQQm1K6t5pMYwZA
198,UpdatedBottleneck#9166,1715542341037,1,25201,25201,79192,0.0,0,0,0,3,SUCCESS,25201,s3iD5SxpSQ2WvBD6M-mOAA
199,fmisaki,1715158236504,1,25331,25331,91590,0.3333333333333333,0,0,1,5,SUCCESS,25331,-BHNITepR5OlUTrqC-bzSw
200,Edivar-ktchau-QXD#8689,1714803465173,1,25533,25533,97794,0.6666666666666666,0,2,2,26,SUCCESS,25533,4xNwng-USWa5zs5o33u2QA
201,SpeeedRunners,1714645179922,1,25675,25675,97796,0.6666666666666666,0,2,2,7,SUCCESS,25675,qDRFEejoTcymtj5cu3t4iA
202,Marcelo-Marotta,1714760017707,1,25736,25736,78129,0.0,0,0,0,1,SUCCESS,25736,4NUE0Gv4QHWSCBr5I14nog
203,pgebski,1714903395138,1,25794,25794,77858,0.0,0,0,0,3,SUCCESS,25794,gfTMAo7aSISFQCyBv6fR7Q
204,Zippitydo-data,1714542431868,1,25799,25799,81597,0.0,0,0,0,11,SUCCESS,25799,gSgHFy9WRhCfES9TO3-A6Q
205,MechanicalFunction#9322,1715527606999,1,25806,25806,89881,0.3333333333333333,0,1,1,7,SUCCESS,25806,nsUmLH_xRHKC3pmzHiW7Uw
206,mohamed-benchohra,1714744057263,1,25870,25870,132390,1.6666666666666667,0,5,5,3,SUCCESS,25870,04TlShj6Ruafs-HLIJhmeg
207,Squishy-64,1714868835187,1,25998,25998,88312,0.3333333333333333,0,1,1,4,SUCCESS,25998,yeTYU--fRbmHpQLXTz2IwA
208,JinKyu,1715459343048,1,26073,26073,89467,0.3333333333333333,0,1,1,6,SUCCESS,26073,1SMXO4UZS1m-NZxzbw-bvw
209,AndrewD,1714525064553,1,26126,26126,99124,0.6666666666666666,0,2,2,1,SUCCESS,26126,hyBODeEXTIeVuja7jrzB8Q
210,WULINZHIGUANG#1,1715421887905,1,26139,26139,100535,0.6666666666666666,0,2,2,5,SUCCESS,26139,tyo4mDBNR1-EPlRsFPj8vw
211,HelpfulScope#6839,1715150301009,1,26199,26199,89587,0.3333333333333333,0,1,1,10,SUCCESS,26199,8C3UMmjbRYm5p5F7IS75QA
212,RaceVentura,1715265611918,1,26201,26201,110929,1.0,0,3,3,15,SUCCESS,26201,joLiY2dJQfSm3HfSSRvf2g
213,AbstractTech#8486,1714760874006,1,26264,26264,91927,0.3333333333333333,0,1,1,2,SUCCESS,26264,pB-2zTXkSC6RnabH7TJwTw
214,MobileDescriptor#8164,1715068041531,1,26268,26268,79857,0.0,0,0,0,1,SUCCESS,26268,-94BeVlyS0-OEn_9Ku1kJw
215,Lenilson,1714595096932,1,26401,26401,82528,0.0,0,0,0,1,SUCCESS,26401,A-M6QeHpQmaw7rITMl7AYA
216,BiancaBezerra-IFPI-LABIRAS,1715095540197,1,26603,26603,111264,1.0,0,3,3,4,SUCCESS,26603,YO8WJn-kRzO38MW-6b-UfA
217,KATIAU,1714969277532,1,26667,26667,80594,0.0,0,0,0,2,SUCCESS,26667,uxIk78ijQemEQ2uK5amRdA
218,761242500723-SG23-prakashph,1714836318812,1,26735,26735,91462,0.3333333333333333,0,1,1,1,SUCCESS,26735,z3Dr5_R7TpSBzhiXoJKspw
219,lambda#31,1715253842662,1,26736,26736,136217,1.6666666666666667,0,5,5,18,SUCCESS,26736,nSlF2455R3aAy7FXlqAuRg
220,LilRacers,1714907885570,1,26861,26861,144328,2.0,0,6,6,7,SUCCESS,26861,ZIwo2-_gRXS2-8Us5Judsg
221,BackloggedTag#test,1715585434553,1,26869,26869,113664,1.0,0,3,3,12,SUCCESS,26869,zBDwieZzRSaj9sEXzleMAw
222,janicedal,1714788442769,1,26928,26928,86798,0.0,0,0,0,8,SUCCESS,26928,OwKO9HTAS66Q0EhLegROgg
223,Ashiq,1714898801016,1,26931,26931,82925,0.0,0,0,0,2,SUCCESS,26931,afEastFHR7maoIMhMnROJw
224,TechnicalBooster#9923,1715190818259,1,27000,27000,81599,0.0,0,0,0,16,SUCCESS,27000,CVmwGccKS8CURNZBMOjXSA
225,Windows-newnetu,1715084491493,1,27076,27076,82666,0.0,0,0,0,8,SUCCESS,27076,xyiB6GxYQ5uZfQLj-nYXoA
226,CreativePatch#1504,1715474283674,1,27133,27133,83929,0.0,0,0,0,9,SUCCESS,27133,kmgNOdOkS2mUkX0kaCJudQ
227,CreativeExpression#2818,1715182198681,1,27201,27201,103126,0.6666666666666666,0,2,2,4,SUCCESS,27201,PD74YChGQX-tbvqJxv3k8g
228,DavidLiu,1715490280895,1,27256,27256,124458,1.3333333333333333,0,4,4,6,SUCCESS,27256,p8Kq8gVIS0W9DoFRPItxlA
229,AsynchronousSwitch#1431,1715404032509,1,27262,27262,112674,0.6666666666666666,0,2,2,5,SUCCESS,27262,P9ldGlKeToSTC75WdQd7WQ
230,ASCIIOrder#1674,1714957933658,1,27455,27455,104327,0.6666666666666666,0,2,2,14,SUCCESS,27455,p4mBVl_9SXCXSLwaQQAUIw
231,HCAlsos,1715012985053,1,27469,27469,104268,0.6666666666666666,0,2,2,5,SUCCESS,27469,Munh160SQROTssQHBnCB4A
232,Throttle-Jammer,1714643610988,1,27529,27529,95794,0.3333333333333333,0,1,1,1,SUCCESS,27529,ezHHndnyQeal4j3gnF1CwQ
233,claudIA,1714762821170,1,27529,27529,84657,0.0,0,0,0,4,SUCCESS,27529,xVcZGyC6Q5qUevYccVUqSw
234,technopro#tanakasota,1715260373536,1,27592,27592,95280,0.3333333333333333,0,1,1,3,SUCCESS,27592,NDO79heRQMSt7w5aorlsJA
235,BrainyModel#1997,1714938470049,1,27662,27662,113864,1.0,0,3,3,16,SUCCESS,27662,ZemBOzpNRDyHW6w9e2g2Vg
236,Caua-Perin,1714612280653,1,27728,27728,93932,0.3333333333333333,0,1,1,2,SUCCESS,27728,WZWIP89oR62zRDS7vye4PQ
237,Deepak-dpk,1714638468266,1,27801,27801,107050,1.6666666666666667,0,5,5,1,SUCCESS,27801,gDTBFK77TM6wD6uObZlulA
238,QueenBees,1715054875257,1,27936,27936,89989,0.0,0,0,0,20,SUCCESS,27936,zCedWvvPRdi1jA_4BcCaPA
239,Zaidul-IMT-Architect,1715054296981,1,27937,27937,105665,0.6666666666666666,0,2,2,5,SUCCESS,27937,g-G5PwMwTBaza2TtsVl5Rg
240,ProgrammingContext#2267,1715444179609,1,27999,27999,95078,1.3333333333333333,0,4,4,1,SUCCESS,27999,ssKqAHltT9aOR6RrKIQYgw
241,BoltronRacingTeam,1715570906542,1,28004,28004,105125,0.6666666666666666,0,2,2,1,SUCCESS,28004,Lkrg6gQPQ5qwn61K16MHhg
242,Zeddx,1714627428196,1,28011,28011,86855,0.0,0,0,0,1,SUCCESS,28011,lB7OvrjXS7CM0NMeM6IDPg
243,ThiagoMaximoPavao-UNICAMP,1714975838733,1,28071,28071,118795,1.0,0,3,3,9,SUCCESS,28071,6PoucFzMQ-uh8CJLkQcyTQ
244,ConnectedBreaker#8236,1715013365073,1,28132,28132,86396,0.0,0,0,0,9,SUCCESS,28132,C7rA3vuRT9ytYvzz1R5Tyw
245,ComplicatedBreaker#2408,1714653434385,1,28268,28268,95952,0.3333333333333333,0,1,1,2,SUCCESS,28268,ljJj2axgQy2NfCwE1mFFbQ
246,Rusty-Tillery,1715296590749,1,28331,28331,107669,0.6666666666666666,0,2,2,11,SUCCESS,28331,t-tCyfnARr6OEaUmb6iAlA
247,Eviden-KP-Nebert,1714980890966,1,28335,28335,107655,1.6666666666666667,0,5,5,2,SUCCESS,28335,W5c8skINQHKoIoFa3wGDgA
248,Daniel-Oliveira-UnB,1715111916305,1,28532,28532,88125,0.0,0,0,0,5,SUCCESS,28532,jbDpT0nfTSq25jeOPW4Yqg
249,Parv,1714626006530,1,28535,28535,88392,0.0,0,0,0,1,SUCCESS,28535,-1uTpWs8R4e3Kn-iP8Ggdg
250,ComplexShell#2128,1714827651272,1,28594,28594,87188,0.0,0,0,0,8,SUCCESS,28594,kmBvTDucQsqYAgiFDmv_fw
251,AccessibleValue#3249,1715132092849,1,28663,28663,117400,1.0,0,3,3,1,SUCCESS,28663,etxw-lz1SHCmSaLPaGYhlA
252,JPMC-HYD-SpeedSters,1715318711568,1,28668,28668,118066,2.0,0,6,6,3,SUCCESS,28668,6fdcVCAkQtCCsyHEO0LNiA
253,AgileEngineer#9153,1715439800463,1,28668,28668,90926,0.0,0,0,0,3,SUCCESS,28668,nSet2sL2RDazGZGhST4emg
254,1M27,1714554231649,1,28670,28670,143784,1.6666666666666667,0,5,5,1,SUCCESS,28670,KG7NSYtdS0Ch_GVbSVs3rQ
255,Levis-DeepRacer,1715246538646,1,28737,28737,107191,0.6666666666666666,0,2,2,2,SUCCESS,28737,sM9NVFuRQsGYvZlP2YJeiQ
256,PedroQuadrosDeFreitas-CIMATEC,1715017108132,1,28797,28797,86855,0.0,0,0,0,2,SUCCESS,28797,HetC_dxRTq65DrlAG_W4-A
257,GenerativeDataset#6686,1714568100037,1,28797,28797,119055,1.0,0,3,3,9,SUCCESS,28797,frQWQ6J_RAawEVCsSPSApA
258,Tomukas,1715509336420,1,28799,28799,108129,0.6666666666666666,0,1,2,4,SUCCESS,28799,q9Gjt2eMQBGRZk0j1R4E7Q
259,GhostriderGoose,1715177169070,1,28854,28854,116996,1.0,0,3,3,9,SUCCESS,28854,GMCqEg6ATvyZyU8MRUsHlg
260,Wojek,1715093663232,1,28864,28864,108656,0.6666666666666666,0,2,2,7,SUCCESS,28864,o4G_FCIpTDSs5uA27DVevQ
261,AlphaPointer#7069,1715587942692,1,28866,28866,86986,0.0,0,0,0,2,SUCCESS,28866,InaZiur7T6yQISmrhQM9yw
262,CreativeDescriptor#0067,1714602956414,1,28867,28867,151520,2.0,0,6,6,3,SUCCESS,28867,aUED4SzvT_uTPlPabMtgCw
263,Ryan-Faustino-Carvalho-IFPI-LABIRAS,1715034456209,1,29006,29006,118856,1.0,0,3,3,2,SUCCESS,29006,jqx99WViQ4uh-wtS7QaYlQ
264,RobotDataset#6124,1715193082818,1,29124,29124,150729,2.0,0,6,6,17,SUCCESS,29124,_sQ58vPJTESvVEfqGhIXxA
265,CriticalTheory#3480,1715591260190,1,29125,29125,109264,0.6666666666666666,0,2,2,2,SUCCESS,29125,16LX9XNrSRSwkJqYvvkCXw
266,kyuu,1715016913300,1,29133,29133,109453,0.6666666666666666,0,2,2,7,SUCCESS,29133,4ypIZOfCQ0mMWdREpsu-zA
267,agus#0809,1715263748733,1,29201,29201,89124,0.0,0,0,0,1,SUCCESS,29201,nr8xaQjwTayFLBz4-iKIeg
268,DavidMelo#UFCQXD,1714539363733,1,29262,29262,90306,0.0,0,0,0,8,SUCCESS,29262,hic7AUxhSBa7T0WU54G7FA
269,LUIZ-GABRIEL-UFMT,1715134559222,1,29328,29328,108461,0.6666666666666666,0,2,2,3,SUCCESS,29328,XR0zwoi4QcSOTUXLiHMvhA
270,ImmutableByte#2263,1714830174811,1,29467,29467,88792,0.0,0,0,0,4,SUCCESS,29467,b8uyjUiYSOGimJ4-jPJi0A
271,Gustavo-Cruz-Cimatec,1715048656184,1,29657,29657,100857,0.3333333333333333,0,1,1,1,SUCCESS,29657,3ZeWULXGQpunEG_hwWIa3A
272,10xState#5081,1715201646947,1,29666,29666,109723,0.6666666666666666,0,2,2,10,SUCCESS,29666,OnXaS5A2RoC-Azfy7G32vg
273,ThisSchematic#9920,1715259639536,1,29726,29726,106451,0.6666666666666666,0,2,2,2,SUCCESS,29726,36Ei7zfHRuqXfor67mLt_w
274,ImportantArchitect6060ca,1715068041135,1,29800,29800,89656,0.0,0,0,0,1,SUCCESS,29800,OU2uFS9JQLq2FiyuDBxxKg
275,gcjordi,1715184951400,1,29866,29866,122320,1.0,0,3,3,18,SUCCESS,29866,4n-0HYIyQ2241dJ4tZirRg
276,Ansh7,1714826528630,1,30071,30071,132599,2.3333333333333335,0,7,7,4,SUCCESS,30071,JCwxucKeRWO_Eij9nr98UQ
277,RMIT-2024-PAR-G3,1715504992671,1,30071,30071,136391,2.3333333333333335,0,6,7,6,SUCCESS,30071,hEIkGytgRPi4nwFyzAawCQ
278,EvidenAzureLoverGoingDarkSide,1715594856129,1,30074,30074,144064,1.6666666666666667,0,5,5,4,SUCCESS,30074,mdac6BDvQmugRB514QDT4A
279,PathingArray#1685,1714991924553,1,30133,30133,121202,1.0,0,3,3,3,SUCCESS,30133,xlivhllaS_2VFW1_ifTqqQ
280,Gunny,1714662128481,1,30133,30133,92853,0.0,0,0,0,7,SUCCESS,30133,m5-I630sTqyWjEYTg5eO9Q
281,RaceSync,1714661062752,1,30316,30316,153058,2.0,0,6,6,4,SUCCESS,30316,O7OcF6s0QOSElOQj4kC3nA
282,1999#Toyota#Corolla,1715337169173,1,30338,30338,104335,0.3333333333333333,0,1,1,9,SUCCESS,30338,D9lhCq-GTo2jRsZsJHOE6A
283,VelocityVirtuoso#8123,1715374640271,1,30342,30342,112931,1.6666666666666667,0,5,5,3,SUCCESS,30342,SOaLDMtJTQWr55eR6v710Q
284,IntelligentUpdate#9403,1715431153217,1,30391,30391,103264,0.3333333333333333,0,1,1,17,SUCCESS,30391,VmyfcAnER16etZrS1VwSFQ
285,GroupB-Team-D,1714944482468,1,30460,30460,112659,0.6666666666666666,0,2,2,4,SUCCESS,30460,m2_JuQcmSpWPInVugNqqVQ
286,Akiva,1714524022211,1,30471,30471,93992,0.0,0,0,0,1,SUCCESS,30471,hsfJQ05mShW_UFBDkcXFyw
287,KWON,1715048592958,1,30523,30523,103529,0.3333333333333333,0,1,1,2,SUCCESS,30523,DplPbQepT5iDPJ0_iSmzHg
288,Zero-dayBooster#7357,1715435564642,1,30527,30527,93528,0.0,0,0,0,3,SUCCESS,30527,RcJ171ZUSUS_jrnoE497tQ
289,CrypticWorkaround#1791,1715593226912,1,30600,30600,124145,1.0,0,3,3,2,SUCCESS,30600,A2Z5VCrsQsqJlr3TbIwbZw
290,Alee,1714831776619,1,30608,30608,167999,3.3333333333333335,0,10,10,7,SUCCESS,30608,mVSbA4CkQpGlcbxWSvfAUA
291,DiscoveryRush#2024,1715587072772,1,30658,30658,92522,0.0,0,0,0,10,SUCCESS,30658,BbnkmrLFSR6deKXZ0qe79g
292,CriticalModel#1267,1714636054933,1,30666,30666,95653,0.0,0,0,0,1,SUCCESS,30666,WVZn2RKyQdatfOIdg-Cl-Q
293,SHHS-deblox#168,1714763185331,1,30865,30865,105463,0.3333333333333333,0,1,1,3,SUCCESS,30865,pGpsq-14S6ONc7HcWOyyZw
294,MSEDU-S16,1715133670147,1,30867,30867,99192,0.0,0,0,0,4,SUCCESS,30867,R59s7HeWR2SLH5Nv5BSZbA
295,FalconRacing,1714998296006,1,30873,30873,114790,0.6666666666666666,0,2,2,7,SUCCESS,30873,kfz6gSMZQjaOAnap3qKrLw
296,BrainyAnalyst#6139,1715325321846,1,31069,31069,132062,1.3333333333333333,0,4,4,3,SUCCESS,31069,hHbZbBkySPuJeQ9ei82AFQ
297,JoaoPedroVieiraGoes-CIMATEC,1714953219018,1,31403,31403,160479,2.0,0,6,6,6,SUCCESS,31403,CDFwPNImTc-Hfd_ClxgnrQ
298,JimK8N,1715200986500,1,31457,31457,95862,0.0,0,0,0,1,SUCCESS,31457,pVLXCPD3RVukGSy3kgZodw
299,KingoftheTrack,1715482333195,1,31542,31542,108124,0.3333333333333333,0,1,1,10,SUCCESS,31542,ACg6IYaIQNi--irQmpdiHg
300,EdivarFilho#UFCQXD,1715068973563,1,31603,31603,116792,1.6666666666666667,0,5,5,9,SUCCESS,31603,M6twsUK5QbOAW7ppACQkjg
301,Vermillion,1715275041375,1,31726,31726,109386,0.3333333333333333,0,1,1,1,SUCCESS,31726,Ir0jEAhjQGm6__9Npo_icg
302,SubaruSally,1715191024841,1,31800,31800,137664,1.3333333333333333,0,4,4,3,SUCCESS,31800,eurEKg4cSDCkQ5ow4Yb-Pw
303,TechnicalCharacter#0318,1714765197170,1,31850,31850,118058,0.6666666666666666,0,2,2,8,SUCCESS,31850,D-8Dpic-SIeBn8lfHFuqRw
304,Eduardo-Cavalcante-UnB,1714978439612,1,31866,31866,97055,0.0,0,0,0,2,SUCCESS,31866,FzY4xUCqRKOeSEXv-3aEBQ
305,JorgeCorredor-ADL,1714776058845,1,31938,31938,117399,1.6666666666666667,0,5,5,1,SUCCESS,31938,kp4fvfTDQn-VShZgtH-OAA
306,Eviden-F1-TomekZielinski,1714987189382,1,32065,32065,97857,0.0,0,0,0,3,SUCCESS,32065,O0cnnu2fTaCqEFeL8viZMQ
307,PassingArchitect#8851,1715569697867,1,32067,32067,155728,2.0,0,6,6,6,SUCCESS,32067,DMfg8iMKRUqFDP7uJWu-Rg
308,MSEDU-S6,1715146083031,1,32077,32077,126385,1.0,0,3,3,3,SUCCESS,32077,l8qpZuSeTOmmeM2UKo4iSQ
309,AndyC,1715005354852,1,32137,32137,159205,2.0,0,6,6,6,SUCCESS,32137,Ovl-OZmSRcOv_IokWPD8PA
310,LidiaRocha-UFSCar,1715084085393,1,32246,32246,160453,2.0,0,6,6,6,SUCCESS,32246,xi1cDyysSS2nmJVlWvyMSA
311,ZF-GhostRider,1714997244272,1,32259,32259,118059,0.6666666666666666,0,2,2,4,SUCCESS,32259,qaivbLXrRlq8btC8eIF9_A
312,SwiftRacing,1715269854579,1,32398,32398,97856,0.0,0,0,0,4,SUCCESS,32398,DuUfXCEiRfGRANGAcGwSAg
313,PerttuS,1714733724023,1,32403,32403,141643,1.3333333333333333,0,4,4,11,SUCCESS,32403,_msR08YBThaJII7TT6padg
314,InteractiveBraces#1357,1715272451518,1,32461,32461,172654,3.3333333333333335,0,10,10,2,SUCCESS,32461,jidseJrtQNmpYWho7Lbv7g
315,ContinuousContext#9340,1715490167358,1,32473,32473,133469,1.0,0,3,3,4,SUCCESS,32473,Ix-AES1uSoWzgtQnKscb2A
316,Eviden-Graeme-Stirling,1714747531597,1,32593,32593,129652,2.0,0,6,6,4,SUCCESS,32593,J-qEmMQBTXG9Dk6gT-F5lw
317,LetsGoFam,1715255587602,1,32594,32594,119090,0.6666666666666666,0,2,2,14,SUCCESS,32594,BUkjMtYZTeigeakMwb9kBg
318,BlackJack,1715069306487,1,32601,32601,130055,1.0,0,3,3,1,SUCCESS,32601,8mI_soJ5RUCCNlvMMoERbQ
319,Parmageddon,1714999762495,1,32602,32602,98326,0.0,0,0,0,3,SUCCESS,32602,efTkiU4SSO-uBLPp5IrPpw
320,Muhammed-Dynamo-Drifters,1714574765795,1,32606,32606,119322,0.6666666666666666,0,2,2,3,SUCCESS,32606,yhh9yWAJS7Wd_EuT0dHK7w
321,absl530,1715589731865,1,32663,32663,99184,0.0,0,0,0,12,SUCCESS,32663,rnfzzA5fTtuJ9_R3GA3r_w
322,ASTK2023,1715213406641,1,32667,32667,98651,0.0,0,0,0,9,SUCCESS,32667,ba2faa5a8bb14b19b042bw
323,FocusedExpert#7259,1714574429948,1,32736,32736,117658,0.6666666666666666,0,2,2,11,SUCCESS,32736,3MZZuFygRjm1Za-OUz0ufg
324,QualifiedConsole#1321,1715571776329,1,32797,32797,98986,0.0,0,0,0,8,SUCCESS,32797,6QS2emjhSqCLYjq8iRz0_g
325,RecursiveOrder#5072,1715097662281,1,32857,32857,140126,1.3333333333333333,0,4,4,4,SUCCESS,32857,bKLXx_XCTTeYDUMn_NxyaQ
326,CPT-George,1714523786544,1,32925,32925,130527,1.0,0,3,3,5,SUCCESS,32925,csMdurF2SOWItBU2nsEPhQ
327,HeyBruh,1714719832285,1,33065,33065,121332,0.6666666666666666,0,2,2,1,SUCCESS,33065,OtwqclXaTiumENReYJSrTg
328,PiianOmaAyrtonSenna,1715265191274,1,33123,33123,101794,0.0,0,0,0,5,SUCCESS,33123,9KFxBwtVThW4MXCa8qnIAw
329,TurboEggcelerator-Pawel-Skornia,1715334680425,1,33133,33133,130659,2.0,0,6,6,5,SUCCESS,33133,TXejBQP2SuKi8WTTDrwY8A
330,DigitalTheory#4044,1715165954161,1,33257,33257,138724,1.3333333333333333,0,4,4,6,SUCCESS,33257,-AV-OWKMRiGnUNAtz8siTA
331,ImportantArchitect0eaa43,1714992576946,1,33263,33263,111455,0.3333333333333333,0,1,1,6,SUCCESS,33263,s2-L-IXwT4utLoHNZIWS5w
332,BA84,1714757139547,1,33395,33395,100922,0.0,0,0,0,4,SUCCESS,33395,PGA8tUQbRsOdAkFm-FY_YA
333,Predator96,1714587967573,1,33401,33401,100528,1.0,0,3,3,5,SUCCESS,33401,pEZ4tYI0SCSpGKBMmPqfZw
334,Charles-Costa-UnB,1715373610171,1,33588,33588,102720,0.0,0,0,0,4,SUCCESS,33588,0E4Iu0rBRC2Kne6eHin9jw
335,Yuta-K,1715585580811,1,33598,33598,102406,1.0,0,3,3,9,SUCCESS,33598,yz32WrhoQNShJ64eMuNjYg
336,WheelPower,1715194280755,1,33598,33598,101530,0.0,0,0,0,2,SUCCESS,33598,6h7_WNpATV-nDU14FQWfBA
337,AleCi,1714532117684,1,33600,33600,101267,0.0,0,0,0,4,SUCCESS,33600,R3HcTqybRx26I4O6xo9Qcg
338,Quarter-Mile-at-A-Time,1715091463653,1,33659,33659,130847,1.0,0,3,3,2,SUCCESS,33659,T3GPvXBXS62t8M_6mb25lg
339,Eviden-Ketan-Sharma,1714742936953,1,33668,33668,105454,0.0,0,0,0,7,SUCCESS,33668,hxYsETpxSC-0azhmF5hnMQ
340,BasifrankRacer,1714584585836,1,33670,33670,103932,0.0,0,0,0,3,SUCCESS,33670,SB6mlB4JQW29RWtMdVvRgA
341,ntxracer,1714667187273,1,33731,33731,113393,0.3333333333333333,0,1,1,3,SUCCESS,33731,f-E0BiKNRrCumpV8ivZjXQ
342,NumericArray#3272,1714861992164,1,33799,33799,104522,0.0,0,0,0,2,SUCCESS,33799,SxM-geD8TrqOjYVTmfBlNg
343,Kautilya,1715570862151,1,33866,33866,123124,1.6666666666666667,0,5,5,3,SUCCESS,33866,Aozo2oixSJysh5iSzSBcpg
344,UpdatedDigit#2218,1714582925435,1,33866,33866,112863,0.3333333333333333,0,1,1,1,SUCCESS,33866,TR2sgsOQSmSemz27kEgZhg
345,EsteemedPoint#6874,1715494419645,1,34054,34054,139670,1.3333333333333333,0,4,4,13,SUCCESS,34054,XrnM_FPzT1qaeWZMA8_79Q
346,FuturisticCoder#1679,1714582128072,1,34067,34067,123724,0.6666666666666666,0,2,2,4,SUCCESS,34067,JMGiVRPiR5miJDQecSHZdQ
347,RiyadhUddin,1715532897762,1,34072,34072,116129,1.3333333333333333,0,3,4,4,SUCCESS,34072,XEDnTwq3S1Kz0rVPu0hfrA
348,YlikovaaNiinKaantyilee2024,1715579482136,1,34194,34194,159458,2.6666666666666665,0,8,8,4,SUCCESS,34194,ohLgqHLET56bPcTnpYy6mw
349,WiroteP-Thailand,1715168295838,1,34271,34271,147414,1.3333333333333333,0,4,4,1,SUCCESS,34271,ELFOqB6AT9GzSMNYz5innQ
350,snlawrence,1715159801072,1,34323,34323,133520,2.0,0,6,6,4,SUCCESS,34323,N8QP4-1aT52bTzib3qplTw
351,steve-atkinson,1715101241475,1,34330,34330,127056,0.6666666666666666,0,2,2,5,SUCCESS,34330,ce8E6LRaTCCvwpJzof_8yQ
352,AntonioMeireles--IFPI-LABIRAS,1715100586791,1,34397,34397,166590,3.0,0,9,9,1,SUCCESS,34397,jmDn868dT5mjK54kFlV64g
353,BackloggedWorkaround#6272,1714554788364,1,34402,34402,113326,0.3333333333333333,0,1,1,4,SUCCESS,34402,z8OrpKVOTsyrHUUManS5Tw
354,HiveRacerName12345,1715297368832,1,34402,34402,115057,0.3333333333333333,0,1,1,8,SUCCESS,34402,RS7rBATFRJCSBvFMMtYRkw
355,LukeBalis,1715560818519,1,34528,34528,122191,0.6666666666666666,0,2,2,9,SUCCESS,34528,8B4BHZ4BQe6Q4NM7-qqXXw
356,ZFDataDrifters,1715096995043,1,34534,34534,155585,1.6666666666666667,0,5,5,2,SUCCESS,34534,sABnJBu3T1OEz7WA1kiBsw
357,RRAcers,1714998842120,1,34730,34730,146587,1.3333333333333333,0,4,4,1,SUCCESS,34730,Wts0mzSRSUis2-NE69xuTg
358,PRO-GrAMmER,1714526560113,1,34791,34791,143665,1.3333333333333333,0,4,4,3,SUCCESS,34791,Elcr3Cw7QOG81a4Qc9Fbrw
359,Eviden-JMFalces,1715455551058,1,34795,34795,114863,0.3333333333333333,0,1,1,1,SUCCESS,34795,OHb9YJ5jQFyzXCdzBTZGIw
360,kyu,1714550794343,1,34802,34802,105116,0.0,0,0,0,2,SUCCESS,34802,LkjXjE2sQAi2hfit-phXfg
361,UpgradedArithmetic#7124,1714992996709,1,34855,34855,128059,0.6666666666666666,0,2,2,6,SUCCESS,34855,9Z0AMvfsQCOuo4FqIMXIww
362,KasztP,1715520211773,1,34856,34856,108599,1.0,0,3,3,4,SUCCESS,34856,B_NHhZzIT7yLboMZHKC3Qw
363,FunctionalEnvironment#6157,1715113767427,1,35001,35001,105926,0.0,0,0,0,2,SUCCESS,35001,iPw-jNJlQAy9WCabtuaIog
364,AgileTable#3617,1715571317457,1,35074,35074,135127,2.0,0,6,6,1,SUCCESS,35074,pJ1MOdXaSD2DAgipQ7O-Kw
365,isaias-amadeu,1715224603643,1,35136,35136,126992,1.6666666666666667,0,5,5,3,SUCCESS,35136,krSeH4viQ_ulNlTKCGkiOw
366,Erica-ufmt,1715134683601,1,35201,35201,158854,2.6666666666666665,0,8,8,8,SUCCESS,35201,z6uQOqCVSjWrAq8h4uL3Sw
367,PITS-3,1715043910422,1,35589,35589,134395,1.0,0,3,3,1,SUCCESS,35589,yB5wq3tVTHm_RJQ3qQqBCw
368,the-racing-rebels,1715067144927,1,35600,35600,174007,2.0,0,5,6,1,SUCCESS,35600,Mjg-gIukSKaRIyAlA4ORdw
369,Ignite-KFUPM,1714786903262,1,35738,35738,112795,0.0,0,0,0,15,SUCCESS,35738,RPZL5p84QYK_mSZzSKY7IQ
370,VariableComment#4478,1714582037442,1,36121,36121,120854,0.3333333333333333,0,1,1,2,SUCCESS,36121,iZPJ3GhESgWKMSPGAqJvlA
371,Joao-Pedro-Borges-SENAICIMATEC,1715107259565,1,36129,36129,154806,1.3333333333333333,0,4,4,16,SUCCESS,36129,DNAYr4ULQL2fZOMDrwxKmw
372,ArtificialAbstraction#0780,1715251333238,1,36134,36134,152006,1.3333333333333333,0,4,4,17,SUCCESS,36134,9P2e5kjERb6R3V_ruaaxSQ
373,UnboundHypothesis,1714530773073,1,36341,36341,178321,3.3333333333333335,0,10,10,1,SUCCESS,36341,AKKdsaEmSTSB-MONeM3cbw
374,RuanMS-IFPI-LABIRAS,1715122121450,1,36459,36459,128659,1.6666666666666667,0,5,5,1,SUCCESS,36459,H1dklm15RniC4-SzpikF_w
375,UpgradedServer#0735,1714985462283,1,36588,36588,141798,1.0,0,3,3,1,SUCCESS,36588,t5iRScauS0mEP2S1DFkl1w
376,UnboundDiff#3077,1714601525305,1,36592,36592,130394,1.6666666666666667,0,5,5,2,SUCCESS,36592,LlHWwH_TQiqpEI-kmSuGmw
377,EdisonU,1715423785594,1,36605,36605,133727,1.6666666666666667,0,5,5,2,SUCCESS,36605,HTOMHLgSRjOeZYC_uMEs4w
378,ConnectedContext#3726,1714673480489,1,36673,36673,120931,0.3333333333333333,0,1,1,2,SUCCESS,36673,3UsDMeLAQS2tzbtps9jPAw
379,AlexMan,1715341299563,1,36800,36800,111860,0.0,0,0,0,9,SUCCESS,36800,xvSvOjG9RJi5SdVXq3h6kg
380,CSIRO-IP-Digital-Tech,1715520611144,1,37250,37250,160521,1.6666666666666667,0,5,5,8,SUCCESS,37250,sPmCEu8yRVmCy_D91I30Aw
381,Eviden-IteyeOgbo,1714942118619,1,37339,37339,124594,1.3333333333333333,0,4,4,11,SUCCESS,37339,iCYnBln7RMiA6D66V8qMIA
382,RobinCastro-DBS,1715051429990,1,37606,37606,125065,2.3333333333333335,0,7,7,1,SUCCESS,37606,7KrbyQXvTBOxnBa0p9YuUA
383,SirGroovingtonFunkerton,1715109717022,1,37732,37732,115547,0.0,0,0,0,1,SUCCESS,37732,BJ1eWGmRQWaxHluXmQycTA
384,MadMommaDriver,1715260544918,1,37935,37935,136664,0.6666666666666666,0,2,2,2,SUCCESS,37935,n_uE9S-RSAO8ylDWdfyBEA
385,ManoelSilva-Senai,1715135411242,1,38196,38196,134928,1.6666666666666667,0,5,5,10,SUCCESS,38196,VjeT0asITt6SypCq-gtSgA
386,jnordynasty,1714709049866,1,38255,38255,136608,0.6666666666666666,0,2,2,7,SUCCESS,38255,jf_GEbaxQPKZZQpBKzRUbQ
387,QualifiedPackage#6385,1715273602428,1,38330,38330,115584,1.0,0,3,3,1,SUCCESS,38330,gHUySL8bRzOmn8DnYucICA
388,FocusedCoder#0571,1714912461460,1,38331,38331,150591,2.0,0,6,6,5,SUCCESS,38331,7_jhTq-YQNaq0SsUAFyaiw
389,GabrielaVonBorowski,1714579231094,1,38401,38401,150257,1.0,0,3,3,1,SUCCESS,38401,G-EKuRpoSCeN8j7skfT1_w
390,PathingEnvironment#0622,1715568146855,1,38469,38469,189464,3.3333333333333335,0,10,10,1,SUCCESS,38469,IEXvIlVnQR27-oLsAl_K9g
391,Lucas-Fernandes-Carvalho-UnB,1715095410473,1,38528,38528,120331,0.0,0,0,0,9,SUCCESS,38528,Oa2PQEgrQBOSryKDECB2ZA
392,10xExpression#8345,1714773004693,1,38595,38595,146462,1.0,0,3,3,4,SUCCESS,38595,D4YI6YfFTDiRT3_reUStJg
393,JavaBreaker#6467,1714570959689,1,38599,38599,118726,0.0,0,0,0,1,SUCCESS,38599,nyum_941T26dVxG4XMPAIw
394,SquareComment#5808,1715137211761,1,38599,38599,117125,0.0,0,0,0,1,SUCCESS,38599,RJjYeUBrQie7y65z_oN9Lg
395,SequentialCallback#3498,1715477756238,1,38600,38600,137590,0.6666666666666666,0,2,2,1,SUCCESS,38600,9XXVJ-HrSneoDlcd0PKFaA
396,Echo1911,1715250425562,1,38666,38666,119587,2.0,0,6,6,1,SUCCESS,38666,4WgpazINRpS1KD3yKMjkrA
397,PassingBreaker#4816,1715211109229,1,38717,38717,142386,0.6666666666666666,0,2,2,3,SUCCESS,38717,HNrMA7pOTmySpVQEd86xbg
398,BrainyNotation#6628,1715027256699,1,38726,38726,116651,0.0,0,0,0,2,SUCCESS,38726,Y_Y8DR6-SISNk5FPOYJi4A
399,ImportantArchitect77737b,1715261848801,1,38799,38799,118399,0.0,0,0,0,1,SUCCESS,38799,AoY8zxq4TD2W-LKi-PaBCw
400,PythonEvaluation#1292,1715177260359,1,39062,39062,117792,0.0,0,0,0,4,SUCCESS,39062,Jfwmsz4ZT9q2sTMSArWfSg
401,SulaimanL,1714660096213,1,39191,39191,131373,0.3333333333333333,0,1,1,5,SUCCESS,39191,uAHDbip4R1qtp5IJ1uaeJw
402,AlphaLine#7608,1715039993738,1,39322,39322,169660,2.6666666666666665,0,8,8,1,SUCCESS,39322,fXtzFiYeSa6G0Fdoy7ivOw
403,eeviinkeri,1715521556525,1,39538,39538,121523,0.0,0,0,0,9,SUCCESS,39538,lC8DLVd9S-KrkudpxJSE5w
404,AgileExpression#9822,1715366403679,1,39606,39606,130400,1.3333333333333333,0,4,4,17,SUCCESS,39606,1Z5EB4zpTVeMXjqx-aqD6A
405,UnboundConsole#8106,1714539978650,1,39997,39997,121057,0.0,0,0,0,1,SUCCESS,39997,LdeWqnCkQC2a8Fpoo5_2rg
406,sxpnp-30,1715320462485,1,40002,40002,123923,1.0,0,3,3,1,SUCCESS,40002,qGN1INCkRcmW34KK7gIHhQ
407,ThePriceIsRight-home,1714777960590,1,40067,40067,138796,1.3333333333333333,0,4,4,5,SUCCESS,40067,Wo2HNVdVSLm4duJkkhzpSw
408,MSEDU-S7,1715146037003,1,40335,40335,185333,3.0,0,9,9,3,SUCCESS,40335,RJKhPPcwRTuyTcJp9RVCsg
409,FiniteGame#2442,1715195849039,1,40402,40402,160658,2.3333333333333335,0,7,7,3,SUCCESS,40402,aUoqN7CPSHaIkZXMGHP8SQ
410,EsteemedShell#2190,1714585940941,1,40460,40460,152852,2.0,0,6,6,1,SUCCESS,40460,rM2AZzWITWiQBmFMzyPxvg
411,LightningLynton,1715401504143,1,40657,40657,123454,1.0,0,3,3,4,SUCCESS,40657,o1v4GcMVQym-FOdi2T869w
412,PythonVariable#4891,1714626001624,1,40671,40671,133592,0.3333333333333333,0,1,1,7,SUCCESS,40671,-xvIoKJuRJ6WfJGZCZ2AmQ
413,LeoMtz,1714769371758,1,40789,40789,195185,3.3333333333333335,0,10,10,8,SUCCESS,40789,bAuh9G8eSlaPuXBlDHo6mQ
414,JeromeEdifixio,1715194793691,1,40933,40933,163997,2.3333333333333335,0,7,7,9,SUCCESS,40933,aQbUHU2IS9uTuZnFgBjznA
415,UpdatedPackage#6816,1715192075304,1,40941,40941,136858,0.3333333333333333,0,1,1,21,SUCCESS,40941,puCRZcaYT2OrdUiMN5eeIw
416,Zero-dayState#0094,1714571515110,1,41062,41062,134446,1.3333333333333333,0,4,4,3,SUCCESS,41062,WmKobXVjSzGiL0yQlpNEHg
417,TheLastMinuteHeros,1714975674474,1,41136,41136,162721,2.3333333333333335,0,7,7,6,SUCCESS,41136,7t6uJKxRSLOSTzFYmHDK2w
418,tusrau,1714540057567,1,41187,41187,134323,1.3333333333333333,0,4,4,3,SUCCESS,41187,pxr_EG7iQBGAGWuI0rbTdw
419,apple,1714858008228,1,41197,41197,123661,0.0,0,0,0,1,SUCCESS,41197,p6dHwxvvTCyD0lXuOVJzKA
420,Seizeman77,1715360598998,1,41326,41326,132725,0.3333333333333333,0,1,1,6,SUCCESS,41326,owPniqwPS-ajiRLcdsvveQ
421,Juan-Nemesio-Dos-Santos,1714954606581,1,41467,41467,154715,2.0,0,6,6,3,SUCCESS,41467,t9lYfMe_Tjiqghg-QYY-2w
422,RobotInterface#0118,1715175899628,1,41534,41534,125790,0.0,0,0,0,1,SUCCESS,41534,SDRPTBf7SUq1QevUmcI0jQ
423,GoodmanKR,1714703659188,1,41595,41595,219998,3.0,0,9,9,6,SUCCESS,41595,f905b742ca594aadb529eQ
424,BigSchema#4813,1715258144770,1,41596,41596,178858,2.6666666666666665,0,8,8,5,SUCCESS,41596,BTXi2YuMQbGX8axIslfsGg
425,YuanzhiCAI,1715307224324,1,41599,41599,176922,2.6666666666666665,0,8,8,10,SUCCESS,41599,qxlOS4kVT7S14qtQ78Gqsw
426,BigSpec#2746,1715300747130,1,41673,41673,125256,1.0,0,3,3,7,SUCCESS,41673,s2y1Hpe6RFaG6_RHjXM2WQ
427,gcjordi-eH,1714661201620,1,41794,41794,150186,0.6666666666666666,0,2,2,2,SUCCESS,41794,hxnXJKpMRKSykoLhfHojdg
428,Taki-DNPds,1715302783193,1,42057,42057,130459,0.0,0,0,0,2,SUCCESS,42057,kIi58bHgTEezod2yHDDTdQ
429,NK81,1715308477264,1,42193,42193,148191,0.6666666666666666,0,2,2,6,SUCCESS,42193,wlSfcOY9T6uqdqjs1aLFRw
430,Kesu,1715583128955,1,42202,42202,148189,0.3333333333333333,0,1,1,3,SUCCESS,42202,5JM9lzplQEGyrYp-Z4ggnA
431,ImportantAnalyst#6329,1715569748648,1,42399,42399,127733,0.0,0,0,0,1,SUCCESS,42399,t7gAxrO4TvyJo1v_G9GkDw
432,Eviden-Doc-Brown-DominicBaxter,1715588127393,1,42528,42528,180727,3.6666666666666665,0,11,11,4,SUCCESS,42528,bB9_asdOTte3ltwhi2qTXQ
433,Eviden-mw-Chary,1715091583575,1,42530,42530,140455,0.3333333333333333,0,1,1,1,SUCCESS,42530,QNbF4BseTgqZRf5J2tAubA
434,Alexandre-Kaihara,1714662607614,1,42655,42655,159717,2.0,0,6,6,4,SUCCESS,42655,xo1CDOuXS1mrAuWAa9JYsA
435,vishleshak,1714833774515,1,42662,42662,132124,0.0,0,0,0,1,SUCCESS,42662,40faf93f6fbe487cadee4w
436,IterativeFunction#6803,1715155189972,1,42929,42929,170592,1.3333333333333333,0,4,4,2,SUCCESS,42929,kXYhFBHSRgezmXcZ23FabA
437,NullSemicolon#6185,1714632186474,1,42998,42998,151932,0.6666666666666666,0,2,2,6,SUCCESS,42998,ditioaFVSdiRbRWqRqTZcw
438,UnboundBottleneck#6847,1714610942680,1,43130,43130,166128,2.0,0,6,6,15,SUCCESS,43130,byRfsIMRS6SAqwUUHOBy4g
439,AB032MY#MALUKS,1714724213872,1,43198,43198,130794,0.0,0,0,0,3,SUCCESS,43198,29cHfq1OT9ayqwLlUhUCPA
440,ProgrammingSandbox#0620,1715225827662,1,43266,43266,205988,3.3333333333333335,0,10,10,10,SUCCESS,43266,MpnKU5N5QfiMAInY55GE1w
441,MSEDU-S5,1715135151737,1,43336,43336,141132,0.3333333333333333,0,1,1,5,SUCCESS,43336,CEtgVKJbSlik_4fouCZWBA
442,Eviden-Navn33t-Singh,1714740779083,1,43534,43534,150992,2.6666666666666665,0,8,8,6,SUCCESS,43534,abV36aIgT1Kkmf-Bm6H3TA
443,MetaUxer#8889,1714870548513,1,43588,43588,134249,0.0,0,0,0,3,SUCCESS,43588,xOrnIcTTQ4ySmRsVfZ8rtw
444,GammaCircuit#6849,1714670182326,1,43726,43726,140989,0.3333333333333333,0,1,1,3,SUCCESS,43726,XcvlB_fOTk6x282kO3_aaQ
445,RuanMacedoSantos-IFPI-LABIRAS,1715104938645,1,43793,43793,193860,4.0,0,12,12,2,SUCCESS,43793,l0IV8g-mQ3yoc7t3DbggXA
446,JamesPonter-Eviden,1714561584035,1,43924,43924,172254,2.3333333333333335,0,7,7,1,SUCCESS,43924,T7z1M9pFTK25Od9oyKbYaA
447,SyntaxError#KFUPM,1714827379038,1,43937,43937,196991,2.0,0,5,6,6,SUCCESS,43937,vJayRUtjSLau-4d-CZSLKQ
448,JochenRindt,1715325308770,1,44201,44201,153797,2.6666666666666665,0,8,8,2,SUCCESS,44201,LgasNrMsQHOa9_TkNt_W-A
449,PathingSystem#1910,1714610293289,1,44202,44202,134525,0.0,0,0,0,3,SUCCESS,44202,eXPniFhHQWii5SOwoO4OdA
450,DerekZoomlander,1714993588408,1,44531,44531,155187,1.6666666666666667,0,5,5,2,SUCCESS,44531,ezltF5voQz2QX-Vcu53flA
451,IterableTest#0756,1714563560946,1,44799,44799,144401,1.3333333333333333,0,4,4,7,SUCCESS,44799,RlLecl9iRgeSiA5vKKiU6Q
452,CurlyDiff#0195,1715066291030,1,44804,44804,135192,2.0,0,6,6,2,SUCCESS,44804,34b_VxcGTCCsZAmjWBfGWg
453,RecursiveLine#9621,1715236467172,1,45261,45261,136927,0.0,0,0,0,6,SUCCESS,45261,X1KRudcGTdCZh8_MORI7Wg
454,buggyRacer,1715288823079,1,45538,45538,146642,1.3333333333333333,0,4,4,1,SUCCESS,45538,190a4adef8ed4c2a8551cQ
455,Kasper,1715591431809,1,45999,45999,169390,3.0,0,9,9,1,SUCCESS,45999,znmnCTvcQ4etpzlrBPWsaQ
456,Eviden-Vasudeva-R,1714631298790,1,46006,46006,180389,3.3333333333333335,0,10,10,6,SUCCESS,46006,dHIyKk49RH2GquCCo5Mj0Q
457,BooleanSpec#9909,1715521654644,1,46207,46207,138991,0.0,0,0,0,1,SUCCESS,46207,75plL1w5RPqFzoUPdRXRGw
458,MavFung,1714794168495,1,46332,46332,142600,1.0,0,3,3,1,SUCCESS,46332,mzaaWUl8QAiWL0N1YA4lVA
459,ConnectedLoop#4759,1715067788442,1,46395,46395,141326,2.0,0,6,6,2,SUCCESS,46395,bxQqj6-mQL6daQE5G5-F1w
460,JoeLeyba,1714781247021,1,46458,46458,141322,0.0,0,0,0,1,SUCCESS,46458,nzfVL37yS2G5OUkCQh7omQ
461,AsynchronousPatch#7824,1714718657569,1,46660,46660,151585,1.3333333333333333,0,4,4,2,SUCCESS,46660,QUcS3i9NS1-VK6-FowkOZw
462,CarlosKatayan,1715321089184,1,46794,46794,157127,0.6666666666666666,0,2,2,5,SUCCESS,46794,K2sEq_leR6i-YsXVB2DaWQ
463,MarioNovales,1715435626156,1,46799,46799,163991,2.6666666666666665,0,8,8,1,SUCCESS,46799,YjO3NXBpSo2hmxy8VMaFfA
464,AgileEvaluation#5144,1715251048570,1,46868,46868,202662,3.0,0,9,9,4,SUCCESS,46868,HEbaRXjgQ9uOvd2x65Nb6g
465,ImportantArchitecte31f46,1715066367025,1,47140,47140,205870,4.0,0,12,12,1,SUCCESS,47140,wYb2WsSoQM-tdURzFcDgPA
466,gentlesoul,1714673434438,1,47254,47254,152989,0.3333333333333333,0,1,1,4,SUCCESS,47254,1mVfinwdQI2RwslZUvbE1A
467,ComplicatedHypothesis#6508,1714566327053,1,47400,47400,174263,2.0,0,6,6,2,SUCCESS,47400,_2BZoI7MRPCC71MIWYFzig
468,GustavoMenaBarreto-UNB,1715127347784,1,47538,47538,143527,0.0,0,0,0,1,SUCCESS,47538,stPypog5RwidBuzMpjOr4g
469,Ayrton-Senna-WD,1714989780372,1,47597,47597,154057,2.3333333333333335,0,7,7,3,SUCCESS,47597,OVq90M6UQpu2qIIA7mX5Vw
470,ComplicatedSystem#1310,1715143035137,1,47601,47601,170871,2.0,0,6,6,1,SUCCESS,47601,H2iElAzgTHCBMroBZWC-4Q
471,TabletCoder#1744,1714597500543,1,47658,47658,144591,0.0,0,0,0,1,SUCCESS,47658,Ht-U1rK4Q063tzBKt95znw
472,MattJAmos,1714611731283,1,47790,47790,154929,1.3333333333333333,0,4,4,2,SUCCESS,47790,Yw2PoG4PT0SeYwa_X7mP8w
473,Eviden-mw-handa-shubham,1715325421588,1,48059,48059,156065,2.3333333333333335,0,7,7,2,SUCCESS,48059,zMttvrHJSJWF987FsJXp9w
474,BradleySavage,1715242755049,1,48268,48268,185059,1.0,0,3,3,9,SUCCESS,48268,DQU12qZ9QyapnvoPLBiAag
475,UpdatedNode#0923,1715187000147,1,48525,48525,176849,3.0,0,9,9,1,SUCCESS,48525,7BpB_Y8CSy6Xo2HSi8NOdQ
476,VinceD-FR,1714748924391,1,48738,48738,197395,3.6666666666666665,0,11,11,2,SUCCESS,48738,QLGW0O2NSzOPSJx5vQlRrg
477,YousefBAS,1714577828886,1,48931,48931,197204,2.6666666666666665,0,8,8,1,SUCCESS,48931,u8wECy-rTiuIo6V2PFrRtg
478,DachiDachi,1715311230561,1,49000,49000,147590,0.0,0,0,0,2,SUCCESS,49000,DkYz2eYUThOwRbSjuqSlnw
479,RaulMyronUNB#1320,1714665954538,1,49324,49324,231061,2.6666666666666665,0,8,8,1,SUCCESS,49324,bp_wTam_TSmgBjbMDzjEvQ
480,ImportantArchitect9ebd73,1715314459946,1,49668,49668,181613,3.0,0,9,9,2,SUCCESS,49668,DCy2PCIWS8qahuDGcynSAQ
481,NTU-ME-GXX-JIA-WEN-FAN,1715074114546,1,49873,49873,199603,3.6666666666666665,0,11,11,1,SUCCESS,49873,NUpEUAskRjCBhnTY6QkCzg
482,Alice-Borges-UnB,1714687101194,1,49992,49992,180325,3.0,0,9,9,1,SUCCESS,49992,yErslJ__R8W06jBTsYg00w
483,MachineValue#5295,1715093858994,1,50326,50326,205060,4.666666666666667,0,14,14,7,SUCCESS,50326,hI6SbUKeTx2uYnRQhyCAdA
484,Suadey,1714639125630,1,50329,50329,164647,0.3333333333333333,0,1,1,1,SUCCESS,50329,Xk_za62wSLqXoO2mnjzFjw
485,RocketBooster#4499,1714663284341,1,50367,50367,183772,1.0,0,3,3,2,SUCCESS,50367,ynZLr5toSimInhxAhmAtFw
486,ComplexSemicolon#8358,1715256343067,1,50533,50533,162391,1.3333333333333333,0,4,4,2,SUCCESS,50533,GBaA3h6xTg6n0CMlpiUfzA
487,BetaSystem#4215,1714587964036,1,50793,50793,182994,3.0,0,9,9,1,SUCCESS,50793,04yIfLDmSPa_E7PyUZerBA
488,AccessibleGrid#6381,1714589551854,1,50856,50856,185194,2.0,0,6,6,4,SUCCESS,50856,_AtT7tHPSv2UR2eMh1C0dA
489,KAJI-RACER,1715586264217,1,50990,50990,153724,0.0,0,0,0,1,SUCCESS,50990,oKSfEJr8RKu_oEFGsCDwlw
490,AndrewMeeks,1715187458827,1,51133,51133,205721,1.6666666666666667,0,5,5,7,SUCCESS,51133,erCu8MDTSsWsG9asdLop6Q
491,BiancaBezerra-IFPI,1714663640917,1,51136,51136,165996,0.3333333333333333,0,1,1,1,SUCCESS,51136,rJRx6T1oRsOwSU5RWcQ3Vw
492,KendrickLlama2,1714963931574,1,51199,51199,197194,4.333333333333333,0,13,13,9,SUCCESS,51199,iCD8aRckTd-Vl7x1G82a1A
493,BrainyResource#8663,1715507237790,1,51263,51263,156463,0.0,0,0,0,1,SUCCESS,51263,GoZvbUIXRmisFI7VhMuqNw
494,HashRacer,1714530792887,1,51264,51264,166661,2.3333333333333335,0,7,7,1,SUCCESS,51264,v5MWJmBlQ0SOMYjFtGBG0w
495,JoaoCarlosUFPB#9369,1715039907752,1,51469,51469,166592,0.3333333333333333,0,1,1,1,SUCCESS,51469,22b5Ctt8T02KoMi72RPNRg
496,Chencho,1714757920165,1,51585,51585,167320,0.3333333333333333,0,1,1,1,SUCCESS,51585,FmKNTlC8Qh6a31oWmZcdcQ
497,Kilbert76,1715584544808,1,51671,51671,220252,5.0,0,13,15,1,SUCCESS,51671,MPk54OHeTbqy0Wi2g_1mBg
498,KleinRacer,1714719944818,1,51739,51739,168385,2.3333333333333335,0,7,7,3,SUCCESS,51739,tdLxJG5jToifOOWwW4PoTg
499,MarkusOfTampere,1715586789869,1,51794,51794,167485,1.3333333333333333,0,4,4,3,SUCCESS,51794,PGTDEBd1S9WsfOpjFCkRyA
500,SSagi,1715055789749,1,51865,51865,196934,3.3333333333333335,0,10,10,1,SUCCESS,51865,WmUwuwXDS8Ki2fa5tvf5bw
501,Technopro#rai,1714843082973,1,51868,51868,166196,0.3333333333333333,0,1,1,1,SUCCESS,51868,4XWXJuMVRUeBan-dUdKpCQ
502,AtomicError#5391,1714583820890,1,51930,51930,179584,2.6666666666666665,0,8,8,2,SUCCESS,51930,ipw6jUkNTnSb4rZSpNClwg
503,GammaTheory#2471,1714637091284,1,51932,51932,166596,2.3333333333333335,0,7,7,10,SUCCESS,51932,pLnkhZFWSYywrM0_MNUmow
504,CompletePresentation#1186,1715568065511,1,52331,52331,179916,0.6666666666666666,0,2,2,1,SUCCESS,52331,hQ-qsbfmTki2FQ4gyikbbA
505,ArthurJoseSary-Unicamp1,1714983773720,1,52410,52410,188949,4.0,0,12,12,1,SUCCESS,52410,SRcIhU2ySZ-f2fgvpPoeXw
506,HaveSomeTalent,1714521667167,1,52467,52467,168990,2.3333333333333335,0,7,7,3,SUCCESS,52467,PW5q3kMyRFahdwLr9aPHCA
507,Ruan-IFPI-LABIRAS,1715128951737,1,52537,52537,158749,2.0,0,6,6,4,SUCCESS,52537,WZJoD8l4QWm9hihkl18JMg
508,Rafael-Lopes-UNB,1715049752803,1,52598,52598,187394,3.0,0,9,9,1,SUCCESS,52598,9IiPFhi_SZqCWzNDnqLFHg
509,SP-THEBONE,1715205796817,1,52599,52599,161348,0.0,0,0,0,6,SUCCESS,52599,4FX8JJaDS9K2P_RE_9XsmQ
510,Weezy,1715202482267,1,53333,53333,181057,3.6666666666666665,0,11,11,3,SUCCESS,53333,4c9I-QsHTSqdvK_Ji8PqAQ
511,Eviden-mw-Shubam-Koul,1714542066584,1,53528,53528,328466,8.333333333333334,0,25,25,7,SUCCESS,53528,oSeWRd3dRaG6NmF7GnEgnA
512,ImportantArchitectd3cef9,1715222905008,1,53670,53670,193192,4.0,0,12,12,1,SUCCESS,53670,tXfIq88iT4SLQQa9H8Mk2Q
513,TechSurge,1714698017221,1,53726,53726,180602,2.6666666666666665,0,8,8,6,SUCCESS,53726,Tpjg2_slQB2UG4Mjwgsocw
514,UnboundGlyph#2432,1714747316274,1,53873,53873,196326,4.0,0,12,12,8,SUCCESS,53873,VkPXuvV8S6ez7kiTD0atIA
515,Eviden-Sand#DR,1715150784250,1,53943,53943,165664,0.0,0,0,0,2,SUCCESS,53943,lrynB-zrTcmj1IyPMRqbBw
516,DigitalDebugger#5968,1715482110321,1,53994,53994,183200,2.6666666666666665,0,8,8,1,SUCCESS,53994,Auc523ahQCWafhkYWW5KLw
517,shuaraki,1715303530094,1,54063,54063,172526,0.3333333333333333,0,1,1,3,SUCCESS,54063,Nai39mWvSMWnLCDMVwk_5w
518,MSEDU-S3,1715146042644,1,54063,54063,181061,2.6666666666666665,0,8,8,4,SUCCESS,54063,610JeP3hRkmjuhaESDa1Dw
519,MaverickDarrow,1714654227604,1,54065,54065,216596,3.6666666666666665,0,11,11,6,SUCCESS,54065,5qsC2uz6QdOC6nzTtyG0FQ
520,ConnectedOrder#2502,1714547149946,1,54262,54262,178254,3.3333333333333335,0,10,10,1,SUCCESS,54262,NL5ltOomQIWCD5vlgZWmfg
521,MoesMoves,1715081849174,1,54264,54264,162928,0.0,0,0,0,2,SUCCESS,54264,1Sq5PXkXSTChLUESHnIWPQ
522,MechanicalClass#1014,1715288634007,1,54342,54342,164387,0.0,0,0,0,1,SUCCESS,54342,AX4GgUboSV2SxE_vsw5b_g
523,IMason81,1714546206328,1,54600,54600,166389,0.0,0,0,0,1,SUCCESS,54600,X1PuqXTkSz2LywEtW-LW6Q
524,AlphaBrackets#6092,1715587644158,1,54603,54603,206396,4.333333333333333,0,13,13,2,SUCCESS,54603,6Dixa63HS5Kkmko9IUlp5w
525,BooleanParameter#3965,1714652793269,1,54792,54792,204988,4.333333333333333,0,13,13,2,SUCCESS,54792,QmTlFkChTjip8G8dZOlUkw
526,ComplicatedScript#5146,1715181229941,1,54940,54940,185356,2.6666666666666665,0,8,8,1,SUCCESS,54940,B7LC1qA1QwqW3moxZBjbAg
527,AgileBottleneck#1795,1715080161096,1,54940,54940,165126,0.0,0,0,0,3,SUCCESS,54940,fIouUor_RrKDsIjBIc7RHw
528,Silverhammer,1714566078644,1,54995,54995,169924,0.0,0,0,0,1,SUCCESS,54995,Lq1GO0K5SSCnFFFYBixFbg
529,GlobalPointer#4873,1714959524184,1,54997,54997,237123,4.333333333333333,0,13,13,2,SUCCESS,54997,IwibLoXfTyOa8TckK3409w
530,LiviaBrito-IFPI-LABIRAS,1715095867504,1,55070,55070,228719,5.0,0,15,15,1,SUCCESS,55070,CfouLLpGSI6DqE8PNhtGYA
531,RocketBuster#2516,1715067783599,1,55139,55139,187524,3.6666666666666665,0,11,11,1,SUCCESS,55139,zbKg4sPTRIeqnFwek-lqmA
532,Reference486,1714530748335,1,55321,55321,198857,4.0,0,12,12,1,SUCCESS,55321,zmf8l8rHQ36Lpy6Y0qYepA
533,UpdatedAbstraction#9834,1715093427483,1,55533,55533,166796,0.0,0,0,0,1,SUCCESS,55533,NmeZuE9PRwmLYmAQqAxWug
534,BackloggedBooster#5694,1714610707310,1,55600,55600,186664,0.6666666666666666,0,2,2,1,SUCCESS,55600,OmLTmrxLTBKfGzHU3zDDyA
535,SpeeedRunner,1715016238025,1,56190,56190,173520,0.0,0,0,0,3,SUCCESS,56190,E6rP-lUHQymMpV3BbYWsKw
536,Mario-Andretti-93,1714656539141,1,56257,56257,198595,1.0,0,3,3,6,SUCCESS,56257,YMgAw8PDQxKEe9epK3kbEg
537,10xPoint#2889,1714736540390,1,56322,56322,169649,0.0,0,0,0,1,SUCCESS,56322,qkeAdEHvThqThZLG-GBh1Q
538,NestedCallback#6922,1714612753526,1,56398,56398,214723,2.3333333333333335,0,7,7,1,SUCCESS,56398,-q3TMl9HRNOrF0c-56SW7g
539,HelpfulArgument#7595,1715142594425,1,56609,56609,171656,0.0,0,0,0,1,SUCCESS,56609,a7KCv_zlT42xxz5qQ_EIeQ
540,UpdatedNumber#5371,1715477983867,1,56672,56672,171991,0.0,0,0,0,1,SUCCESS,56672,dT64WJh9TQmLHns8fTIRyg
541,UsableByte#9758,1715568182622,1,56730,56730,202785,4.0,0,12,12,1,SUCCESS,56730,jVl9QEg4QIuJjq9PQhXi8g
542,ImportantArchitect428d68,1715317337632,1,56732,56732,230526,3.0,0,9,9,3,SUCCESS,56732,vv2NjjhPTieLe808Yz3mxw
543,technopro#sawadakiyoshi,1714625567681,1,56789,56789,190928,0.3333333333333333,0,1,1,2,SUCCESS,56789,XaZSXWwBSX6zBIO345EHAA
544,Eviden-Dave-13-Anthony,1714588631404,1,56861,56861,193854,3.6666666666666665,0,11,11,1,SUCCESS,56861,Im06xcbLRqSFWil8sa-n1w
545,HigherComment#9438,1714584803000,1,56869,56869,172326,0.0,0,0,0,1,SUCCESS,56869,uW2PfgrCSre2ebqybTF-9g
546,IterableSemicolon#5047,1714658241878,1,56990,56990,184058,0.3333333333333333,0,1,1,1,SUCCESS,56990,86ZEgkMQT7K5RIFXyRGFCw
547,InfiniteScript#7051,1714740772751,1,57001,57001,184671,0.3333333333333333,0,1,1,2,SUCCESS,57001,FQZtmceSSv2di43mRWygJg
548,BackloggedSemicolon#9691,1714643047876,1,57120,57120,196053,2.3333333333333335,0,7,7,11,SUCCESS,57120,5dtY36yIRsuhsmzRkvBpZw
549,CriticalEnvironment#5675,1714591164613,1,57190,57190,184924,0.3333333333333333,0,1,1,2,SUCCESS,57190,ThNpyeZcSOaUAycTE0uznQ
550,GlobalLog#3918,1715245845076,1,57338,57338,172661,0.0,0,0,0,3,SUCCESS,57338,nPCNXskgSKO_Qoey8eawpg
551,PathingLog#4733,1714581875307,1,57395,57395,182926,2.3333333333333335,0,7,7,1,SUCCESS,57395,r0yz_RXUQjmuqsigI7VJZg
552,AstroBoy,1715462902054,1,57403,57403,258540,5.666666666666667,0,17,17,5,SUCCESS,57403,XOXdrLinRO-5FwZjWbKecQ
553,miraculousmind,1714793108005,1,57731,57731,174390,3.0,0,9,9,1,SUCCESS,57731,UYPfH2PYTY-qJvu4-JTUmg
554,FiniteUpgrade#5068,1715310154412,1,57788,57788,173925,0.0,0,0,0,1,SUCCESS,57788,S4ge0I0KRhW8tUtSypjh9w
555,RobotEngineer#4544,1714862952685,1,57800,57800,177466,0.0,0,0,0,1,SUCCESS,57800,vhm1-RVvQbapTzUr6C4PUg
556,KevinD,1715070534427,1,57989,57989,174190,0.0,0,0,0,3,SUCCESS,57989,URR2Y2sjSB2Izw46pRHMww
557,CrypticFormula#3066,1715534368471,1,58132,58132,194386,2.6666666666666665,0,8,8,2,SUCCESS,58132,Fa0cnGlkQM-lfOhkSWk_4Q
558,CriticalTable#4590,1715143671086,1,58268,58268,186390,0.3333333333333333,0,1,1,1,SUCCESS,58268,m-psAUmMQt-zRlBbzfxCow
559,GoFastOrGoHome,1715002411974,1,58332,58332,194260,3.6666666666666665,0,11,11,1,SUCCESS,58332,pQbBEiuwSzWXcZdjaXd6tQ
560,SolvableEnvironment#7896,1714908411303,1,58394,58394,176121,0.0,0,0,0,1,SUCCESS,58394,f9tPoHHNRY-7vM3XHyRhJw
561,KenanKaddoura,1714759089086,1,58464,58464,238188,5.0,0,15,15,1,SUCCESS,58464,S0hKBIU-QDWsZIyj8wjc7Q
562,HashableShell#1625,1715003683251,1,58472,58472,186722,0.3333333333333333,0,1,1,1,SUCCESS,58472,KtJuMoKySLSHFdtCEAqhgQ
563,FocusedInterface,1714530662108,1,58600,58600,226553,4.666666666666667,0,13,14,1,SUCCESS,58600,r3aBxr_LTr6oaaHKYRj68Q
564,UpdatedDocumentation#5645,1715142498193,1,58726,58726,180455,0.0,0,0,0,1,SUCCESS,58726,jJy4uHRuTR-45lje_D6y0w
565,EsteemedWorkaround#6806,1715592953828,1,58995,58995,251264,5.333333333333333,0,16,16,1,SUCCESS,58995,ChdtetLKQH2zPI7Zag0mlw
566,FocusedArithmetic#4262,1715532786305,1,59061,59061,178126,0.0,0,0,0,2,SUCCESS,59061,G4CEU4UQSWeVIRao9qwooA
567,SpeedTicket,1714767525769,1,59063,59063,178658,3.0,0,9,9,3,SUCCESS,59063,GS0gV0HrSmS6d3HKC7dVOw
568,ThisState#8286,1715514591417,1,59137,59137,187920,0.3333333333333333,0,1,1,1,SUCCESS,59137,Q45iqOE1SVCeuV8eDUnjNQ
569,ThisAbstraction#6866,1714549599003,1,59142,59142,179126,0.0,0,0,0,1,SUCCESS,59142,hkjvOksWRDGu1rUbBK3XgQ
570,UpdatedSemicolon#5077,1715006204198,1,59189,59189,178920,0.0,0,0,0,1,SUCCESS,59189,Wa3fNRC3T3e_NrKUak5TOw
571,BackloggedHypothesis#3468,1715218252927,1,59200,59200,178592,0.0,0,0,0,1,SUCCESS,59200,cvlUD2hfT1iVuYH3vsrM9g
572,bigdata-maneyk,1715182699141,1,59205,59205,200127,3.6666666666666665,0,11,11,1,SUCCESS,59205,f6mSvqIhQGeRfSCmq8VPIA
573,PrototypeClass#8637,1714611515723,1,59261,59261,179326,0.0,0,0,0,1,SUCCESS,59261,zSMBIS2qT6mb7HxeQBaUuQ
574,AravindVCyber,1714530641810,1,59388,59388,251716,5.333333333333333,0,16,16,1,SUCCESS,59388,4WpVgL2TRrW0orrL7I6wpA
575,Eviden-Daksh-Kushwaha,1715273144238,1,59466,59466,180913,0.0,0,0,0,4,SUCCESS,59466,KkzXMBVAQGmChxCqpkDUDw
576,BlockchainFormula#4323,1715466482128,1,59534,59534,179460,0.0,0,0,0,5,SUCCESS,59534,qy812QxgRje0W60PNaezgw
577,YUKIFUJITA,1715301668535,1,59670,59670,187394,0.0,0,0,0,2,SUCCESS,59670,jvXuVrDsRLOySr41taTj3g
578,AlphaArray#2182,1715568191744,1,59727,59727,199325,3.6666666666666665,0,11,11,2,SUCCESS,59727,TtAijnRXS2-tWkSHIuRLmQ
579,ArtificialExpert#3477,1714771715559,1,59740,59740,179520,2.0,0,6,6,7,SUCCESS,59740,HyiXtFajRcG0onpbxhAnPQ
580,Asmae,1714986565714,1,59803,59803,181792,0.0,0,0,0,5,SUCCESS,59803,pglUnJ14Tqi9N3Nx3nP4sA
581,BackloggedNetwork#7436,1715585691495,1,60263,60263,216458,1.0,0,3,3,5,SUCCESS,60263,Kr5iMyndRm2vz88Ii-YlJg
582,BooleanSpec#2162,1715102016354,1,60467,60467,216723,4.0,0,8,12,1,SUCCESS,60467,lmuKwnQiQgirXjhjrYa1dA
583,DakePeak,1715577920894,1,60522,60522,203193,1.6666666666666667,0,5,5,7,SUCCESS,60522,fdyxEOHaT4CfLjMAQKwYIA
584,ImportantNotation#0060,1714572267906,1,60532,60532,182059,0.0,0,0,0,2,SUCCESS,60532,RcQidvhXRYKXmoV1OJFarw
585,ThisSystem#2187,1715142932797,1,60655,60655,183191,0.0,0,0,0,1,SUCCESS,60655,oV5gRoWTR9qYbIGW07KxGA
586,CompleteScope#0900,1715056917016,1,60726,60726,182790,0.0,0,0,0,1,SUCCESS,60726,2GXRj-FTSSyhWqQhrjm1tg
587,ThisScript#0150,1714645149541,1,60730,60730,183654,0.0,0,0,0,2,SUCCESS,60730,x-UM4hHTQDi0yKCzNfFDdg
588,Eviden-SharanJeevangi-India,1715168064136,1,60854,60854,234652,3.6666666666666665,0,11,11,3,SUCCESS,60854,ahNlbPHuRHe5OrNByB0ojQ
589,MechanicalNumber#8350,1715227374727,1,60867,60867,318863,7.333333333333333,0,22,22,1,SUCCESS,60867,TNkDZPK4SZWVo34Yn3qY5Q
590,CrypticBooster#9199,1714530636007,1,60869,60869,184656,0.0,0,0,0,1,SUCCESS,60869,WuxxqMyaQ7WLOK9erALvyQ
591,BigTheory#8364,1715142073545,1,61002,61002,183528,0.0,0,0,0,1,SUCCESS,61002,nY-9IgBZTi6YYYq2sABYlQ
592,RocketBrackets#7153,1715129144560,1,61069,61069,183931,0.0,0,0,0,1,SUCCESS,61069,hZmBOBm7TNOKFCttTH3SSQ
593,QualifiedArgument#1674,1715141659434,1,61073,61073,194667,0.3333333333333333,0,1,1,1,SUCCESS,61073,pOi7YVOnQGujUj5maS7z8g
594,ComplicatedSemicolon#9796,1714736477775,1,61126,61126,183458,0.0,0,0,0,1,SUCCESS,61126,6WtOxVHnS2ecMfsUgPVU_g
595,RicardoMombru,1715175884329,1,61266,61266,204591,2.6666666666666665,0,8,8,3,SUCCESS,61266,dszNfs_HQQC-RAXiNtBM4A
596,TestableHacker#9909,1715271759781,1,61280,61280,184127,0.0,0,0,0,1,SUCCESS,61280,zr0CZlVuTSagZsby1iAf5A
597,UnicodePoint#4423,1714983947942,1,61321,61321,185257,0.0,0,0,0,2,SUCCESS,61321,p_2sGmmgRPu7tHaufmAdCQ
598,Pouillie#7006,1714994412611,1,61402,61402,185526,0.0,0,0,0,1,SUCCESS,61402,CFszlMrnSlyu0T7RcrXmlw
599,Complicated486#2308,1714769344360,1,61408,61408,217528,3.0,0,9,9,1,SUCCESS,61408,E_5-ZgqYSRCbW0mI4NyOIg
600,NestedEvaluation#6751,1715140419857,1,61460,61460,186197,0.0,0,0,0,1,SUCCESS,61460,6_F6EtpaQTywEt8iFfZ_Ig
601,BetaMethod#3650,1714731378144,1,61470,61470,184723,0.0,0,0,0,1,SUCCESS,61470,LiV3WUAwTnuAifnuYqqM7w
602,NumericFormula#6258,1715586587908,1,61600,61600,205265,3.6666666666666665,0,11,11,1,SUCCESS,61600,JZ9GN6-yT5alsbFCjEnfHQ
603,CyberneticPointer#6553,1715585430102,1,61600,61600,227874,5.333333333333333,0,16,16,4,SUCCESS,61600,w9mTI15ORp-V6cIvBWu_QA
604,Edifixio-Patrick,1715214553522,1,61660,61660,186931,4.0,0,12,12,4,SUCCESS,61660,Hwg0SqpxRFS9UpMZVOHpTg
605,InfiniteDescriptor#1335,1714941605243,1,61664,61664,186656,0.0,0,0,0,2,SUCCESS,61664,gEDcXsPVTLS22rzfvyLtQg
606,InfiniteSwitch#4890,1715015114900,1,61736,61736,187658,0.0,0,0,0,1,SUCCESS,61736,hn0rOz0gQXGi7VeSE1Awzg
607,ComplexLine#7132,1715358713281,1,61740,61740,187468,0.0,0,0,0,1,SUCCESS,61740,e2g4ZzU6RkCU-Khdy9PMog
608,GaloisField,1715541812276,1,61798,61798,228397,2.3333333333333335,0,7,7,1,SUCCESS,61798,nkdytSvfTEqeNwg6I9ON8g
609,NTU-ME-G10-YEHJINJIA,1715073886861,1,61802,61802,187257,0.0,0,0,0,1,SUCCESS,61802,96QCt9Z8ToqdJqyMLRnN4w
610,FungibleExpert#7854,1715530692207,1,61986,61986,198252,0.3333333333333333,0,1,1,1,SUCCESS,61986,BC1whdXTR4GEja6EEOvgrg
611,VariableSemicolon#9683,1714839881517,1,61990,61990,198457,0.3333333333333333,0,1,1,1,SUCCESS,61990,dP9bqaK3RTGrLcFhSgCrVw
612,ProcessingSystem#4375,1715493099065,1,61999,61999,186190,0.0,0,0,0,1,SUCCESS,61999,kcsAdtZFSiyxjBjhD9rc1A
613,AccessibleScope#1913,1714736009586,1,62000,62000,203261,0.3333333333333333,0,1,1,1,SUCCESS,62000,NICF94AASJuJHstt-Ho6OQ
614,ProcessingLanguage#6491,1715586223915,1,62204,62204,187657,0.0,0,0,0,1,SUCCESS,62204,4iWylYGKT-i-jjXPTBDw_w
615,QuickSystem#3333,1714831696460,1,62205,62205,187129,0.0,0,0,0,2,SUCCESS,62205,Yqd5R7f0QP-uVGJ1fwwuZg
616,NTU-ME-G02-YI-FENG-CHOU,1715074039023,1,62210,62210,187329,0.0,0,0,0,1,SUCCESS,62210,fPqZlGNlSTC1hoGCJ3-U9A
617,AutomatedBrackets#0397,1715141542513,1,62262,62262,229263,2.3333333333333335,0,7,7,1,SUCCESS,62262,lIl8IHMkRjqlcVMljp4g4g
618,IterableOrder#5548,1715452713017,1,62330,62330,187596,0.0,0,0,0,2,SUCCESS,62330,3Gnl80SMR16uURpoHRwctA
619,TechnicalClass#2750,1714726417675,1,62404,62404,187589,0.0,0,0,0,2,SUCCESS,62404,drR-ZSCAT2ekk57kTzmGMA
620,RecursiveCommand#1437,1714916718242,1,62455,62455,197527,0.3333333333333333,0,1,1,6,SUCCESS,62455,BramthrtTZWuRq2O9g1VrQ
621,ComplexSandbox#1713,1715133670228,1,62461,62461,188191,0.0,0,0,0,1,SUCCESS,62461,3Hvy3yk6R8ymTn0x_qP84w
622,TestableGlyph#6710,1714625657470,1,62525,62525,189192,0.0,0,0,0,1,SUCCESS,62525,kS3Wqx-GTyqFNqY1aAOwow
623,InfiniteModel#2413,1715203202607,1,62537,62537,188795,0.0,0,0,0,1,SUCCESS,62537,SnE8XjoET5m2T-djDmL2MQ
624,InteractiveUpdate#4521,1714743918177,1,62593,62593,188589,0.0,0,0,0,7,SUCCESS,62593,PjXHt7OvQsiqgaU3BeAdwA
625,XMaroRadoX,1714905070446,1,62660,62660,229727,5.333333333333333,0,16,16,1,SUCCESS,62660,ZMEvNhxmRoeSePlAzJQDqA
626,BigDelta#2460,1715057371620,1,62669,62669,188393,0.0,0,0,0,3,SUCCESS,62669,GsDWHJ4MRYW36bItetUnLQ
627,JoaoGoriaSilva-Unicamp,1714956602061,1,62670,62670,210392,4.666666666666667,0,14,14,3,SUCCESS,62670,JAdWT1R0Sti_kjD-8PEY5g
628,ComplexParameter#4627,1714920327715,1,62925,62925,209325,4.666666666666667,0,14,14,1,SUCCESS,62925,VVpmeN0jTlq8-Fi22U0mYA
629,Alyssa-Marquez-cloud-God,1714597434371,1,62932,62932,189994,0.0,0,0,0,2,SUCCESS,62932,dt_oQwj4Q5aV2zydMjWLtQ
630,ProcessingArithmetic#2794,1715155179040,1,62946,62946,189855,0.0,0,0,0,1,SUCCESS,62946,blgccSqHQ6SoMdxhARMkIg
631,ContinuousState#6432,1715354974534,1,63066,63066,190782,0.0,0,0,0,1,SUCCESS,63066,M9FKI-DWSbWD9AXxI_DN3Q
632,JavaTable#8124,1714734591903,1,63134,63134,191462,0.0,0,0,0,3,SUCCESS,63134,4paAJmqgSOS_qH1Vi88eqg
633,NTU-ME-G05-TienHaoChen,1715073973178,1,63269,63269,193992,0.0,0,0,0,1,SUCCESS,63269,bPXThfYTT7uT2BgW6T3wMA
634,IterableVariable#9813,1715142735934,1,63330,63330,190861,0.0,0,0,0,1,SUCCESS,63330,Etc17cBmSASbHNosTi9FmA
635,JavaTheory#2737,1715142381770,1,63466,63466,191590,0.0,0,0,0,1,SUCCESS,63466,c6Dz8nA3S-y1V6ZrfAzq5A
636,ImportantArchitect3e0a2b,1715311225266,1,63662,63662,202325,0.3333333333333333,0,1,1,1,SUCCESS,63662,Kq7hytRyQeKpZMYRKmdSZA
637,VirtualScope#2022,1714749450426,1,63667,63667,202455,0.3333333333333333,0,1,1,1,SUCCESS,63667,_IWdT6N3T8-qBuE65pknjQ
638,#notthestig,1715333578281,1,63670,63670,192253,0.0,0,0,0,2,SUCCESS,63670,I6P-sOdPSI-SgkxVD1l4ow
639,UrgentServer#2985,1714726604804,1,63934,63934,192524,0.0,0,0,0,2,SUCCESS,63934,TrXoW6gNQUOvkbNL56YX4Q
640,Ninja-Wheelman,1715087956201,1,63990,63990,303257,7.666666666666667,0,23,23,3,SUCCESS,63990,IIhs12R5Tse_x3dBHb8Qtg
641,Programming486#8332,1714590724757,1,63997,63997,194057,0.0,0,0,0,1,SUCCESS,63997,Gps4PP60RI2aocH2ZBOp4A
642,FungibleByte#4698,1715499264102,1,64001,64001,192326,0.0,0,0,0,4,SUCCESS,64001,QQ4_BKMCQB2z8bgdN25pkQ
643,VariableUpdate#7968,1715583846212,1,64060,64060,193125,0.0,0,0,0,2,SUCCESS,64060,97c0ZwRdRHKo-ssHistkmg
644,DeepBreaker#2318,1715141183865,1,64060,64060,215928,0.6666666666666666,0,2,2,1,SUCCESS,64060,EhrWhvlfREy_qev7IiatvQ
645,SequentialLambda#4516,1715457689687,1,64130,64130,193861,0.0,0,0,0,2,SUCCESS,64130,Y0DxvUaOTiKkwYH5Uv1p-g
646,IntelligentAbstraction#8379,1715304063101,1,64336,64336,193526,0.0,0,0,0,2,SUCCESS,64336,s02dUjfDTPKr9gRewIaUtQ
647,ParanoidLA,1715412106316,1,64463,64463,194193,0.0,0,0,0,2,SUCCESS,64463,VHwGExaDTxKAZj2wEH_OlQ
648,ProvisionalBrackets#1339,1714935476454,1,64470,64470,193725,0.0,0,0,0,3,SUCCESS,64470,tieEz253RKKKFzMV4QChBA
649,MW-AB-PlayerToBeat#7081,1715373864266,1,64478,64478,203964,4.333333333333333,0,13,13,1,SUCCESS,64478,MMKBpNeCRT6qfw6RIJWC-Q
650,StructuredTag#8445,1715073785987,1,64594,64594,194058,0.0,0,0,0,1,SUCCESS,64594,v3elSoA1QGiWr44U4D2G0w
651,RocketScript#0732,1715226923486,1,64600,64600,194593,0.0,0,0,0,1,SUCCESS,64600,k7a5UQ2CSoWLVgTMMFzEpw
652,TabletSemicolon#8645,1715265235454,1,64602,64602,194254,0.0,0,0,0,2,SUCCESS,64602,oscbJm6ZTxe553YvGyn_bA
653,MSEDU-9690,1715219593183,1,64805,64805,194664,0.0,0,0,0,3,SUCCESS,64805,7OTX3fr6QhqxEXkZ-9NDaQ
654,GenerativeTest#1107,1714658082331,1,64868,64868,205928,0.3333333333333333,0,1,1,1,SUCCESS,64868,-kOx1o2DTLKHfUuqIHOA-g
655,TestableCoder#8466,1715585439985,1,64927,64927,225722,5.0,0,15,15,1,SUCCESS,64927,kj0gqMZCRe-yq8FHLYGpbA
656,UnicodeLanguage#8524,1715436915450,1,65067,65067,227660,1.0,0,3,3,2,SUCCESS,65067,wcj_8TpdTCqrhzGm5sbUuw
657,QualifiedSandbox#4803,1715017593824,1,65123,65123,197061,0.0,0,0,0,1,SUCCESS,65123,ig06wBVVQTGPYacXWpKqSA
658,QualifiedNumber#3918,1715128861498,1,65332,65332,228995,4.0,0,12,12,2,SUCCESS,65332,GTYn096DQ8uV0XrV4w6IXw
659,CocoAl-Coco,1714766744363,1,65395,65395,206134,3.3333333333333335,0,10,10,1,SUCCESS,65395,mvcwzoFpTZimfMLt92jreA
660,UpdatedMethod#0786,1714660895124,1,65407,65407,216126,0.6666666666666666,0,2,2,2,SUCCESS,65407,ZZrIorFnRfezocm5zc27jA
661,ReferenceEvaluation#5288,1714736555847,1,65455,65455,198662,0.0,0,0,0,1,SUCCESS,65455,l2GUOxNKQwinj8vodFTxxg
662,UrgentError#4324,1715445618912,1,65464,65464,207724,0.3333333333333333,0,1,1,2,SUCCESS,65464,h2kbULFTSEueNb_CLnKnow
663,TestingTag#1136,1715055192816,1,65466,65466,196857,0.0,0,0,0,1,SUCCESS,65466,8ZBkyI4sSriZImb2oG-E-w
664,EsteemedCallback#2163,1714737418917,1,65473,65473,197595,0.0,0,0,0,3,SUCCESS,65473,yLHTd1JDQlecYcjJTptIXQ
665,IterativeLanguage#7466,1715004606481,1,65523,65523,207189,0.3333333333333333,0,1,1,1,SUCCESS,65523,d6XDA1QLQGWh1rP5igmFgQ
666,HigherFunction#6543,1715273233210,1,65667,65667,197656,0.0,0,0,0,1,SUCCESS,65667,gIpIHrGKQZWIYAAUQOVc6g
667,MobileBuster#4358,1715220962447,1,65803,65803,221597,0.6666666666666666,0,2,2,1,SUCCESS,65803,73EvxxqURzqvUE0KaLqD1Q
668,NumericDescriptor#2251,1714660280307,1,65872,65872,217063,0.6666666666666666,0,2,2,1,SUCCESS,65872,I7oOyNpoTeOJcHihtnQY3w
669,BetaMethod#0864,1715075312680,1,66060,66060,211130,0.3333333333333333,0,1,1,1,SUCCESS,66060,p8cm4IdSSM22Z3zPQ0HZHg
670,ComplexTester#6782,1714877665730,1,66257,66257,201927,0.0,0,0,0,2,SUCCESS,66257,AAIOcGw7SB-uhZpwURo6zw
671,InfiniteAnalysis#8416,1714947784115,1,66265,66265,199590,0.0,0,0,0,1,SUCCESS,66265,urqFxTZORgatgdiulBLp6Q
672,ReferenceCallback#9052,1715254315442,1,66329,66329,200457,0.0,0,0,0,1,SUCCESS,66329,wY9a2elNTpO4ACM1IvsQEw
673,gcjordi-CA,1714660987300,1,66466,66466,200121,0.0,0,0,0,2,SUCCESS,66466,XyHlt47zQC6jUaoQpocyxw
674,BigMachine#4446,1714753662961,1,66475,66475,227952,1.0,0,3,3,1,SUCCESS,66475,LE4sLNsDTZCOula3diNRag
675,LITB-dfsj,1714756529358,1,66522,66522,230524,5.0,0,15,15,2,SUCCESS,66522,ubFS2yysT82HLM3_nLE2wQ
676,DraftCallback#4288,1714589430117,1,66533,66533,222589,4.666666666666667,0,14,14,2,SUCCESS,66533,mOEEcPwAQmedpgS24dFvEQ
677,HigherObject#9066,1714722403208,1,66599,66599,200320,0.0,0,0,0,1,SUCCESS,66599,MB8KdK_zSNe-tnIgUIBHcw
678,Eviden-Prince,1715080445482,1,66737,66737,211254,0.3333333333333333,0,1,1,2,SUCCESS,66737,0LiIvvl8Tw2BgOfGlj9JTQ
679,FungibleFix#6414,1714837030467,1,66742,66742,219330,1.6666666666666667,0,5,5,1,SUCCESS,66742,jBx3T3HGQI2lj7X05dYvPA
680,DeepDrivers,1714990635108,1,66866,66866,201264,0.0,0,0,0,1,SUCCESS,66866,spT-CxVxQ-KhpJo9lVTPGA
681,ReferenceScript#3918,1714606022475,1,66929,66929,217192,3.3333333333333335,0,10,10,2,SUCCESS,66929,oLjEcbxgTTCi2jUZ26FB2A
682,FunctionalWorkaround#8351,1714632901308,1,67123,67123,202255,0.0,0,0,0,2,SUCCESS,67123,ycdAN91JTlOw5V2pqfxJJw
683,xpyx,1714726723887,1,67124,67124,214187,0.3333333333333333,0,1,1,1,SUCCESS,67124,GhZYjURMSOSQd9QlyAsV8Q
684,Mayauna,1715256297242,1,67127,67127,203120,0.0,0,0,0,1,SUCCESS,67127,MVqM6M8uQ6yUPiYrCHZ_dQ
685,lguizard,1714643893380,1,67198,67198,205260,0.0,0,0,0,1,SUCCESS,67198,WnHIltdIQpW9NSxciZOXTQ
686,ImportantTester#8905,1715144783513,1,67464,67464,222120,0.6666666666666666,0,2,2,1,SUCCESS,67464,-k09zR0FR-OgEub86bc12g
687,AlphaResource#5115,1715134949122,1,67661,67661,206460,0.0,0,0,0,1,SUCCESS,67661,x3ey0NYeS_KvnFYNlOuiOA
688,HashableScope,1714530726807,1,67663,67663,236529,5.0,0,15,15,1,SUCCESS,67663,hETjovPkS1y0n1VzFbrqcA
689,HelpfulSchema#4448,1715204055248,1,67924,67924,233271,1.0,0,3,3,1,SUCCESS,67924,HN--3dybTFKH4RL04XonFA
690,AutomatedLambda#7451,1715173245255,1,67932,67932,204588,0.0,0,0,0,1,SUCCESS,67932,BRJ4oDBPSPajW7eJirbWUA
691,KevinCaioMarquesDosSantos-Unicamp,1715089258326,1,68075,68075,314519,6.666666666666667,0,20,20,1,SUCCESS,68075,jTk7Up8ZQRiesraDKR4ZHg
692,NTU-ME-G06-YI-HUNG-CHEN,1715073811030,1,68261,68261,225661,0.6666666666666666,0,2,2,1,SUCCESS,68261,T25qGj9dTeG6xjS6kXfHBw
693,CyberneticLog#1859,1715135641956,1,68267,68267,215195,0.3333333333333333,0,1,1,1,SUCCESS,68267,ZqTPECnWTC2iV_TtM0YM4g
694,NTU-ME-G07-XW,1715073811010,1,68400,68400,207528,0.0,0,0,0,1,SUCCESS,68400,pegTuh49Q9ymRr7n3XG3AA
695,FungibleError#1255,1714736353644,1,68667,68667,207127,0.0,0,0,0,1,SUCCESS,68667,zF7WVV4RSVqJYH-79Lz7vg
696,IterativeDeadline#2815,1715265121349,1,68730,68730,237262,2.0,0,6,6,1,SUCCESS,68730,FAIaCJ6CQ4WlLRaFreca-g
697,CodeTheory#4827,1715083599891,1,68809,68809,208455,0.0,0,0,0,1,SUCCESS,68809,S_Xw_ZuCRuu6JyJnplwCOw
698,CarrerDelBlanquer,1715438956107,1,69057,69057,208128,0.0,0,0,0,2,SUCCESS,69057,wyDhYQZKQjqw2ce93_2Ghw
699,RacingPhoenix,1714530685698,1,69206,69206,256268,5.666666666666667,0,17,17,1,SUCCESS,69206,czOx0b4wS2uL4vzU92TnCg
700,CompleteContext#9738,1715564838256,1,69471,69471,230331,1.6666666666666667,0,5,5,2,SUCCESS,69471,qsgqo_4vSeOKlnlvLFLrGQ
701,TestingOrder#0409,1714770863374,1,69533,69533,219725,4.333333333333333,0,13,13,1,SUCCESS,69533,JGoBDW4AShyuU4uCgphoYQ
702,Mentaiko-DevelopersIO,1715151447524,1,69537,69537,244335,5.333333333333333,0,16,16,1,SUCCESS,69537,Wt5C8BPAS0OPlzY3-txb-w
703,BetaValue#8585,1715135520583,1,69658,69658,210329,0.0,0,0,0,1,SUCCESS,69658,-1PQZPqsQAWXdf0Cz8thfg
704,MSEDU-S4,1715146017011,1,70265,70265,223812,0.3333333333333333,0,1,1,2,SUCCESS,70265,IJFlMlnyRKCQz3VTPM0BrA
705,ReferenceArgument#2418,1714664868020,1,70654,70654,214118,0.0,0,0,0,1,SUCCESS,70654,ellJWM68Rt6HXiAX2sR7YQ
706,AgileComment#2505,1715502459435,1,70662,70662,255054,2.3333333333333335,0,7,7,1,SUCCESS,70662,98qSfPawSsWXxDere1Qftg
707,Zero-dayLanguage#8473,1714804727180,1,70854,70854,213936,0.0,0,0,0,1,SUCCESS,70854,x-sylbgXRDS82clv5znRSQ
708,GlobalResource#9625,1715248999779,1,70854,70854,260727,1.6666666666666667,0,5,5,2,SUCCESS,70854,S2mEamlySemiqh0mxTOLAA
709,QualifiedPatch#4225,1715351265039,1,71599,71599,218922,0.0,0,0,0,1,SUCCESS,71599,b143ELpTSKCXQ9063Oag9A
710,NullOrder#5694,1715254881442,1,71796,71796,235990,4.666666666666667,0,14,14,1,SUCCESS,71796,UaLHM7DQQ4qjQUcVsJWJ8Q
711,Hannes1,1715158456891,1,71868,71868,220525,0.0,0,0,0,1,SUCCESS,71868,f69646294a9c46d58501fw
712,ManoelSilva-Senai1,1714530909428,1,71935,71935,251194,6.0,0,13,18,1,SUCCESS,71935,laBZQDhnRUaqbyFmk0Kk1g
713,uebertePereiraMalaquias-anima,1714612296080,1,71995,71995,216658,5.0,0,15,15,2,SUCCESS,71995,vTyn3CgJSB2kW7FMgAXuzQ
714,NestedSystem#3593,1714677680217,1,71998,71998,228263,1.3333333333333333,0,4,4,1,SUCCESS,71998,CDfWVR55RaOY8V6U5OkG6g
715,ConnectedSpec#1170,1715134862846,1,72061,72061,223318,0.0,0,0,0,1,SUCCESS,72061,e4_F1mgCSYCH793ogp3evQ
716,MSEDU-0228,1715520350402,1,72196,72196,219995,0.0,0,0,0,2,SUCCESS,72196,idoe4BkYRFK3aprjNGFUaQ
717,JavaFix#3672,1715217395894,1,72326,72326,217790,0.0,0,0,0,1,SUCCESS,72326,HlgGXmfTTxaQSYu3_JkZ_Q
718,ASCIICallback#1616,1715097777606,1,72396,72396,235858,1.6666666666666667,0,5,5,1,SUCCESS,72396,GQ8c65HlQnu3KhkKcsNvrQ
719,MSEDU-S1,1715133659890,1,72467,72467,234253,0.6666666666666666,0,2,2,1,SUCCESS,72467,71v06eGiTkyolFRnvsuWnw
720,HigherNumber#1783,1715440832612,1,72535,72535,217861,1.0,0,3,3,1,SUCCESS,72535,c44DZgFsQ_W4Hj0Ct1bpdg
721,MobileError#9929,1715568682923,1,72733,72733,293001,7.333333333333333,0,22,22,1,SUCCESS,72733,8EIql5SlQua7mynIqtCHcw
722,ComplicatedClass#1927,1714684442534,1,73054,73054,324591,8.333333333333334,0,25,25,2,SUCCESS,73054,Rhgee2HsQ-K9IBFWgLfMzg
723,ArtificialDebugger#5376,1715052993662,1,73132,73132,220130,0.0,0,0,0,2,SUCCESS,73132,ug5tIVZ1TS2RJvDW7LnVoA
724,SequentialCoder#1175,1715177119158,1,73133,73133,220798,1.0,0,3,3,1,SUCCESS,73133,Qv62_SpeRYq-ga7Ut4VMog
725,QuickTheory#3585,1715169033258,1,73464,73464,221261,0.0,0,0,0,1,SUCCESS,73464,KIvOODJgR4apQFAUkkSwcg
726,LeetDescriptor#0329,1715247205249,1,73592,73592,220795,0.0,0,0,0,1,SUCCESS,73592,S9EcBhHCR5G2nqSE5asDLA
727,CleanObject#5352,1715199934263,1,73744,73744,224934,0.0,0,0,0,1,SUCCESS,73744,qiJgbtuhQDWnzDkXCnX4zQ
728,Robot486#9074,1715587179160,1,73865,73865,254465,6.0,0,18,18,3,SUCCESS,73865,1xM5ltvdSv-0Lr7cCx_TWw
729,AlphaTable#8728,1714613084908,1,73931,73931,252658,6.0,0,18,18,1,SUCCESS,73931,16gqDtpoSbST5tX5qKWFqQ
730,JavaBrackets#4420,1714750724280,1,74007,74007,224459,1.0,0,3,3,1,SUCCESS,74007,MTVK4nPOQHOQWFe9dkj2xA
731,Zero-dayDigit#3803,1714894760579,1,74062,74062,222463,1.0,0,3,3,1,SUCCESS,74062,pHRJAi9PQYmZmTxVAXbFDA
732,SecureRequirements#1324,1714733287116,1,74191,74191,234864,1.3333333333333333,0,4,4,1,SUCCESS,74191,pTiCsKfwSOeNAUOnwa7jbg
733,ConnectedScript#2802,1715143367896,1,74384,74384,224255,1.0,0,3,3,1,SUCCESS,74384,D73MwxF2TmGrB3-ihEiswA
734,BrainyBraces#1817,1715233674692,1,74655,74655,225524,1.0,0,3,3,1,SUCCESS,74655,eWYNSesKT9iZZpC4LqcdLw
735,AbstractBrackets#6796,1715090649221,1,74797,74797,224663,1.0,0,3,3,1,SUCCESS,74797,1_xwoH0zRlmkWU1F8Fd_6g
736,NestedObject#0092,1714668886201,1,74866,74866,322192,7.0,0,21,21,1,SUCCESS,74866,Rbcz3p0GTLCOm-k7eZwhmg
737,SecureEvaluation#0927,1715124889404,1,74987,74987,237852,4.333333333333333,0,13,13,6,SUCCESS,74987,E12HJGRoQGmkSBsMGEYQig
738,AutomatedError#4746,1715177836424,1,75138,75138,228653,1.0,0,3,3,1,SUCCESS,75138,9H7pIYjuToKfEsNXwUHQgg
739,MobileClass#5203,1715071965374,1,75202,75202,249126,1.6666666666666667,0,5,5,1,SUCCESS,75202,5TSfjHONSU6FHjyH3kH1cA
740,CreativeFormula#5443,1715324714859,1,75333,75333,236995,1.3333333333333333,0,4,4,1,SUCCESS,75333,VVxtdM00QB2AfhKeN53SfA
741,AlphaTest#2074,1715273880232,1,75346,75346,226461,1.0,0,3,3,1,SUCCESS,75346,7qQC7yxzQHGFePNdQj-JaA
742,CleanTag#5918,1715013606837,1,75469,75469,259928,2.0,0,6,6,1,SUCCESS,75469,UX7OFdkpQsSCwwv8l_N3Yw
743,ProvisionalSandbox#3297,1714770263943,1,75473,75473,237523,1.3333333333333333,0,4,4,1,SUCCESS,75473,rqNNT0rsTRukRbHANcTBKA
744,MemorySwitch#2050,1715146588550,1,75522,75522,227586,1.0,0,3,3,1,SUCCESS,75522,_7vcfs1VR2GG-MqljetM5g
745,technopro#yamamotoshuhei,1714609254804,1,75528,75528,298264,5.333333333333333,0,16,16,2,SUCCESS,75528,c1_U8nFSSzm6MzpCG_JZSA
746,LoopingPresentation#0330,1714850358693,1,76141,76141,326107,8.0,0,23,24,6,SUCCESS,76141,_2jjrxB1QVK1fGAxcHvQZA
747,ImmutableFunction#9173,1714738456885,1,76202,76202,229463,0.0,0,0,0,1,SUCCESS,76202,n07x8fpfT2atlv4tiC9GDw
748,NTU-ME-G5-HsuanWei,1715073806013,1,76328,76328,245196,0.3333333333333333,0,1,1,1,SUCCESS,76328,bhWNtyB8T3yk28ceUnSzag
749,BlockchainPoint#5954,1715166944848,1,76334,76334,239660,1.3333333333333333,0,4,4,1,SUCCESS,76334,GsAIkgBnSnODYC9fC24XdQ
750,CyberneticGlyph#5232,1714544951477,1,76390,76390,249124,5.666666666666667,0,17,17,1,SUCCESS,76390,IwhN9wsnQK6WasMmHfG4vQ
751,ReferenceFormula#1832,1714583726629,1,76393,76393,234597,0.0,0,0,0,1,SUCCESS,76393,08LwhZm7QwGotzS1KbxoWw
752,10xTable#5443,1715268771536,1,76917,76917,249452,1.6666666666666667,0,5,5,1,SUCCESS,76917,PwDofzmoSzChXX7J5-nd8A
753,PyroBlast,1715351922024,1,77132,77132,231854,0.0,0,0,0,4,SUCCESS,77132,MB10XvaKSX6J6B20SMlmNg
754,InfiniteString#5460,1715142720082,1,77202,77202,242862,1.3333333333333333,0,4,4,2,SUCCESS,77202,9v5nnexCSkuMBMakG4Mdiw
755,TestingDiff#7884,1715504562477,1,77398,77398,252724,1.6666666666666667,0,5,5,1,SUCCESS,77398,jXScu4etQHCLGb8S3HoLJg
756,LeetPackage#1200,1715469241972,1,77402,77402,242273,1.3333333333333333,0,4,4,1,SUCCESS,77402,2gFomtkFT9ChGHqWlndRLQ
757,FormulaicLog,1714530706224,1,77447,77447,265116,6.0,0,17,18,1,SUCCESS,77447,_2DyfqG0R-OD66cZ-A49VQ
758,NumericBuster#4744,1715497717395,1,77532,77532,232867,1.0,0,3,3,1,SUCCESS,77532,yCOJBiokQ5iVFfSCUHSSig
759,miv,1715311224583,1,77736,77736,306690,4.333333333333333,0,13,13,3,SUCCESS,77736,SEO7f1y4SIujOOW647nZnQ
760,UsableEnvironment#3719,1715440391980,1,77802,77802,233724,1.0,0,3,3,1,SUCCESS,77802,s4aVqWFVQ0CECCTRn0xbxg
761,RecursiveDelta#7526,1714753985859,1,77932,77932,265929,6.0,0,18,18,1,SUCCESS,77932,QXVMSWrzSqq29mzfIHmWXQ
762,Ducks,1714538370487,1,77933,77933,269657,6.0,0,17,18,1,SUCCESS,77933,03c_1bWtRrGXm6OWRGgiCg
763,TDS,1714550015052,1,78063,78063,244599,5.333333333333333,0,16,16,1,SUCCESS,78063,0yucHm4oQP2AlvYQcHg3-w
764,AccessibleTest#4889,1714573031311,1,78197,78197,240984,0.0,0,0,0,1,SUCCESS,78197,Ni7TnE_OR1WVS9sglSdJVQ
765,ReferencePatch#4436,1715430442301,1,78401,78401,266831,6.0,0,18,18,1,SUCCESS,78401,q9EeQBhkQ2-JHzSyuYMyvw
766,WebDescriptor#5000,1714606605179,1,78536,78536,236725,1.0,0,3,3,1,SUCCESS,78536,wguDtq6xS4a-EbngTL6J7g
767,Whitehat,1714944457216,1,78600,78600,267804,6.0,0,18,18,1,SUCCESS,78600,ZFrvwT68QE6ju_WjViexDg
768,UnicodeComment#5420,1714600827394,1,78664,78664,279596,3.3333333333333335,0,10,10,1,SUCCESS,78664,FpqLo6xLRdaxbqWD0gGZ5w
769,ContinuousPointer#3652,1715569998483,1,78791,78791,289724,6.666666666666667,0,20,20,1,SUCCESS,78791,2h7mmrrDST26aePYlzNZMA
770,RUM,1715311205043,1,78791,78791,236990,0.0,0,0,0,2,SUCCESS,78791,x9czioTOTFy7HO6-zuxY0w
771,TestingPackage#5482,1714677402713,1,79198,79198,248531,1.3333333333333333,0,4,4,4,SUCCESS,79198,-TaPdciXQY6pRFVShCZ1Rg
772,MechanicalByte#4138,1714726604383,1,79328,79328,248790,1.3333333333333333,0,4,4,1,SUCCESS,79328,Yf1HsHtOQ0KU1bVXwpxVjg
773,HigherArgument#5637,1715477096002,1,80473,80473,242952,5.0,0,15,15,1,SUCCESS,80473,xVItIgm5T7G6L4gUSUuduw
774,ProvisionalBuster#7251,1714987343439,1,80995,80995,244927,0.0,0,0,0,1,SUCCESS,80995,qtoOH_0lSMC-Va5rxI-tBA
775,GT-Racing,1714608845947,1,81000,81000,411237,10.333333333333334,0,31,31,7,SUCCESS,81000,w9zvXqmyRFWjHCr1e_v0-g
776,CodeResource#8315,1714586482307,1,81000,81000,322195,6.333333333333333,0,19,19,1,SUCCESS,81000,RJJSLxZnQFeJxhZO7YtOIw
777,NeuralAbstraction#5773,1715262856090,1,81673,81673,246134,1.0,0,3,3,1,SUCCESS,81673,dksLYZxgSNqKIVKXQxWxhw
778,Eviden-DeliangGao,1714755645151,1,81736,81736,246122,6.0,0,18,18,2,SUCCESS,81736,fG2qFJJXSJe0vHMtXWDmQg
779,SecureBraces#8156,1715278787561,1,82264,82264,247389,1.0,0,3,3,1,SUCCESS,82264,aovQ_XNAQPueliK1BuEiag
780,SquareTheory#7509,1714788512253,1,82394,82394,267792,6.666666666666667,0,20,20,1,SUCCESS,82394,loEMoNnLQvKDV6WscW5Seg
781,LoopingUpdate#3487,1714585915701,1,82735,82735,283935,4.0,0,12,12,1,SUCCESS,82735,h-8pJaT-RuKVMqMt6m3Ghg
782,JPMC-MUM-AggRacer-2,1715447788578,1,82927,82927,249582,5.0,0,15,15,1,SUCCESS,82927,pQgTtgzQTQqT7SZKbX3-yA
783,Andre-Luis-IFPI-LABIRAS,1714939455913,1,83002,83002,270456,6.666666666666667,0,20,20,6,SUCCESS,83002,fHEcjIr4Qo2XFfDtevx1cA
784,TechSurge-,1714991818725,1,83186,83186,290793,6.333333333333333,0,19,19,1,SUCCESS,83186,kowwZ-cjTQSfYw39X_-8UQ
785,NeuralFunction#7059,1714991115718,1,83332,83332,272121,1.6666666666666667,0,5,5,1,SUCCESS,83332,1CcmgvkYRumNBaIY_DOF5A
786,NestedClass#9276,1715535439172,1,83521,83521,280325,3.0,0,9,9,1,SUCCESS,83521,F8kn_brpS9q5J55OqBIPlA
787,ImportantArchitect8a39be,1715222884667,1,83996,83996,283755,6.0,0,18,18,1,SUCCESS,83996,-IlEEwtwR8ONsW3ZLRvsoQ
788,BlockchainLoop#7552,1714892111041,1,84012,84012,293874,7.333333333333333,0,22,22,4,SUCCESS,84012,WahRVH13S5CnhjKVAh9siQ
789,This486#6300,1715140303592,1,84120,84120,253459,2.0,0,6,6,1,SUCCESS,84120,yZuc6yvGSNSnhOMhAkiwwQ
790,ArthurJoseSary-Unicamp,1714930910584,1,84283,84283,277545,3.6666666666666665,0,11,11,1,SUCCESS,84283,jcZ1izFGSs6gwZF9PAbg1A
791,AB032N1#Nandi,1715588253519,1,85061,85061,317659,8.0,0,24,24,1,SUCCESS,85061,2B1aG0VgQaurSKnA5cAFRg
792,ArchiePluto,1714876116691,1,85271,85271,319925,7.0,0,21,21,2,SUCCESS,85271,5KalbnaASYWClUEKmQS1FQ
793,QualityCallback#8191,1715067758815,1,85795,85795,278726,6.666666666666667,0,20,20,1,SUCCESS,85795,7iWD8hi4QzSwhkZiQ_OBAQ
794,ProgrammingSandbox#9602,1714770325314,1,85796,85796,343531,7.666666666666667,0,23,23,1,SUCCESS,85796,Llu6gdsvQR26FKyUUMqf5A
795,Mariano-HenkoAR,1714993069052,1,86534,86534,292250,7.0,0,21,21,1,SUCCESS,86534,XE1weiGGREujnfJv4Kt1wQ
796,SecureArchitect#4018,1714733951511,1,86995,86995,272461,2.3333333333333335,0,7,7,1,SUCCESS,86995,amztJ-xYTLiQ7L4kVX7iGw
797,KnullJedi,1715040700958,1,87008,87008,292397,3.0,0,9,9,4,SUCCESS,87008,EDDP17S0Q8OoRpMKTMMuUA
798,MSEDU-016,1715306577869,1,87201,87201,264184,0.0,0,0,0,1,SUCCESS,87201,T9uPXxfKQc6yLypIvwIA8A
799,JPMC-MUM-AggRacer-1,1715261920772,1,87267,87267,277136,2.0,0,6,6,1,SUCCESS,87267,zfH38agYRPe37lQEN1nJMg
800,LeMeilleur,1714581268569,1,87859,87859,273724,6.333333333333333,0,19,19,2,SUCCESS,87859,FLb08w_KTpS8Wv-vWBhWAw
801,NTU-ME-G08-WuChiahui,1715074028549,1,88394,88394,266264,0.0,0,0,0,1,SUCCESS,88394,Ve6dD73oRBq3HLHKF4EJ3Q
802,FunctionalBooster#2229,1715214335988,1,88674,88674,287203,6.666666666666667,0,20,20,1,SUCCESS,88674,zLH-xQHzQn2ZNUkvFy5bwA
803,RobotTech#3121,1715582860455,1,89133,89133,273132,2.0,0,6,6,1,SUCCESS,89133,UutVFGRCRJakJaqvn4db2w
804,AgileBreaker#1863,1715110622733,1,89269,89269,326394,8.0,0,24,24,2,SUCCESS,89269,PWd-yM03QQiUEXo_hmRQXQ
805,Saunaman,1715592250840,1,89530,89530,343188,8.333333333333334,0,25,25,6,SUCCESS,89530,MNT6Hfh2T2WHydoYAEBMIg
806,BooleanBraces#1590,1714629683228,1,90266,90266,315987,7.333333333333333,0,22,22,1,SUCCESS,90266,vCVpiI4ySRSWTfyI65Qn_A
807,ConnectedOrder#3952,1715149389999,1,91384,91384,369127,10.0,0,30,30,2,SUCCESS,91384,nyxKl432SEKrtqzh_A_azQ
808,SolvableTable#2841,1714710278132,1,91932,91932,288590,0.6666666666666666,0,2,2,1,SUCCESS,91932,d5TqWNVvTbGvTm6QHIQY_w
809,Skyline,1715348109701,1,92662,92662,286523,3.3333333333333335,0,10,10,2,SUCCESS,92662,Cx2mKru6STK283yFcFr-gg
810,GenerativeComment#8140,1715128558331,1,92928,92928,280256,3.0,0,9,9,2,SUCCESS,92928,dUqBUovjS8CCxXJXJW3wDw
811,RocketDocumentation#3898,1715256833594,1,93006,93006,289397,2.3333333333333335,0,7,7,1,SUCCESS,93006,6mQ3GEbfSaqlbLpsuGpq7A
812,ConnectedAnalyst#2952,1715557685963,1,93262,93262,335735,8.666666666666666,0,26,26,2,SUCCESS,93262,J8YHC6aFSCy7aPDOXY7SwQ
813,UrgentScript#0063,1714904169723,1,93264,93264,291207,3.3333333333333335,0,10,10,1,SUCCESS,93264,JavPVKvYTXy_FUdf-F9LGw
814,FamousAmous,1715310512133,1,93472,93472,430405,10.666666666666666,0,32,32,2,SUCCESS,93472,mUIBp7z7SgCdqw5Yr9tHqg
815,PythonArgument#8328,1715592746328,1,93738,93738,301260,7.666666666666667,0,22,23,2,SUCCESS,93738,PaHHTc3zQK667cDikq774g
816,BrainyAttention#5716,1715007245798,1,93793,93793,333185,8.666666666666666,0,26,26,2,SUCCESS,93793,AjPuNSQ9RzareBYtkmF6Og
817,MatheusMachado-Unicamp#1,1714978843960,1,93935,93935,334992,8.666666666666666,0,26,26,1,SUCCESS,93935,Nb-gmN1ZQ1eGHxDcUuSGkA
818,BrainyResource#8742,1715240070520,1,94535,94535,317123,4.0,0,12,12,1,SUCCESS,94535,nW26nD-FTVGrEQI8wbpV-Q
819,MSEDU-S2,1715133684533,1,94656,94656,306720,2.6666666666666665,0,8,8,4,SUCCESS,94656,6N7v5bxMQXa2htIr1fsu3w
820,VirtualSandbox#5308,1715190089949,1,94795,94795,284661,3.0,0,9,9,1,SUCCESS,94795,-znBrC8QSIGUZkIe7GEiUg
821,SpeedySteve,1715323056392,1,94867,94867,346629,4.0,0,12,12,1,SUCCESS,94867,o_4ewNrCRACJcx0VEw8AEw
822,BigEnvironment#9552,1715587568160,1,94871,94871,317139,8.0,0,24,24,1,SUCCESS,94871,omcsgp-zTR-FASFmIQ7mUA
823,ComplexTable#9101,1715067779638,1,95055,95055,317856,8.0,0,23,24,1,SUCCESS,95055,ASukbA5OSlCmUreQYCEIAg
824,ContinuousNamespace#2427,1714971153580,1,95132,95132,296863,3.3333333333333335,0,10,10,1,SUCCESS,95132,nOL6Kk7LTZulu0S8DeVoeA
825,Rocket486#5289,1715344711314,1,95341,95341,318457,8.0,0,24,24,3,SUCCESS,95341,RLcXU6_8ST2RsFPVrHv_sA
826,TestableToken#9364,1715457227522,1,95474,95474,361471,5.666666666666667,0,17,17,6,SUCCESS,95474,0tPdypVSScOtgQqq71Nbuw
827,CodeLanguage#8980,1715569117415,1,95530,95530,304995,1.6666666666666667,0,5,5,1,SUCCESS,95530,WQ5MbNGvQYqAPapy1giuyw
828,LoopingFormula#4376,1714587933811,1,95734,95734,297735,2.3333333333333335,0,7,7,1,SUCCESS,95734,QXXG4EbtTXadBVZLBE8RYA
829,CyberneticByte#5075,1715276273941,1,95801,95801,319329,4.0,0,12,12,1,SUCCESS,95801,11D201z5TYGT-hs3vUI94A
830,NumericSemicolon#1949,1714623659780,1,96138,96138,298803,5.333333333333333,0,16,16,1,SUCCESS,96138,9IJEkBwCQ8eqCwV0rbMAxA
831,The-Circus,1714669304867,1,96473,96473,300796,7.333333333333333,0,22,22,4,SUCCESS,96473,LA-DmLQgScKi-1BJnySCSw
832,MechanicalConsole#2634,1715544080393,1,96535,96535,311325,6.333333333333333,0,18,19,1,SUCCESS,96535,Px_MvQQzQRqhPvdesBkUag
833,FungibleLine#3400,1715311230477,1,97525,97525,294534,1.0,0,3,3,1,SUCCESS,97525,EcV0Jlt4SeGlg_hmDaIu0w
834,CreativeGlyph#3051,1715071151157,1,97536,97536,440930,11.666666666666666,0,35,35,1,SUCCESS,97536,lm5utSA2TQKp7dWLxaF8rw
835,CrypticInterface#8300,1715066387481,1,97672,97672,335602,8.333333333333334,0,25,25,1,SUCCESS,97672,WAvjm5fKQwCsKKSOL3I63A
836,AgileCoder#8183,1714631494034,1,98252,98252,327181,5.0,0,15,15,1,SUCCESS,98252,cDzKL7gEReCTI26iSzlGJg
837,CompleteSemicolon#9417,1714561271413,1,98271,98271,317520,3.6666666666666665,0,11,11,1,SUCCESS,98271,nT0eV_JaS3mzGOPb3jgbgA
838,Epic-ChenZong,1714559258388,1,98463,98463,308996,7.333333333333333,0,22,22,1,SUCCESS,98463,P51whDzXRPyLl2dWjRSQSg
839,RuanM-IFPI-LABIRAS,1715113282020,1,99071,99071,349803,8.666666666666666,0,26,26,1,SUCCESS,99071,iw2qpb4vS-KICvxe0yjuUA
840,EsteemedServer#3224,1714764696894,1,100008,100008,342182,8.333333333333334,0,25,25,5,SUCCESS,100008,n_9IdZV3SkeGVvA5Fkmv9g
841,CurlyFormula#6005,1714754845776,1,101191,101191,410991,11.333333333333334,0,34,34,2,SUCCESS,101191,HhiU29c1SrGb_u2JuJTCMg
842,NullBottleneck#9836,1714659820405,1,101332,101332,306211,2.0,0,6,6,1,SUCCESS,101332,6sEfdk7YTO-pupNGYOkHgA
843,UpgradedCoder#3923,1714538933378,1,102259,102259,327332,3.6666666666666665,0,11,11,1,SUCCESS,102259,q1J2EfnrTfewWK_aSjzYog
844,KinoTomo,1715138028793,1,102468,102468,358988,5.666666666666667,0,17,17,2,SUCCESS,102468,QKWTcdDPTxil0NTjZwkpzA
845,ComplexNetwork#3324,1715199609851,1,102931,102931,337793,9.0,0,26,27,2,SUCCESS,102931,cOMkf3UzSE-a9pKqx2mUMQ
846,Zero-dayDeadline#1631,1714567413798,1,102931,102931,330475,5.666666666666667,0,17,17,2,SUCCESS,102931,BhPpoe-HQSu3sdbxa32hwQ
847,MSEDU-S14,1715146031853,1,103802,103802,339401,8.666666666666666,0,25,26,1,SUCCESS,103802,X1lzkxwNSASyP2zgGtqZqg
848,Wasabi-DevelopersIO,1715159771068,1,104128,104128,376129,9.0,0,27,27,1,SUCCESS,104128,Fmb5j9UgQ_2xkleK0vwXOg
849,Eviden-Mittala-Nandle,1715354589922,1,104923,104923,398394,10.666666666666666,0,32,32,1,SUCCESS,104923,WIQPFnx4TLCpdsijMSRaLQ
850,VelocityHarv#16,1714718626498,1,105469,105469,340994,3.6666666666666665,0,11,11,1,SUCCESS,105469,PkyS14W_QiGNxcOKmLw_mg
851,NTU-ME-GXX-Morris,1715073901791,1,105735,105735,356865,5.333333333333333,0,16,16,2,SUCCESS,105735,IYmpJ5h1TvCllF3tgx9MDg
852,EncryptedFix#5563,1715354121730,1,105857,105857,320055,4.0,0,12,12,1,SUCCESS,105857,15P7AkMUR3urKUJRcjLdpA
853,BooleanLog#5771,1715067759046,1,106269,106269,383124,10.0,0,30,30,1,SUCCESS,106269,TO_l73jrQyWxBuZnoiGRYQ
854,ReferenceLog#8340,1715042688449,1,106536,106536,340337,4.666666666666667,0,14,14,1,SUCCESS,106536,X158QIz6TXqpf6_vGqyhJg
855,ImportantArchitect933b2e,1715223486437,1,106663,106663,350388,9.0,0,27,27,1,SUCCESS,106663,dOxK5sTiSPK2-0CjrUrz4w
856,MemoryDocumentation#7107,1714898506755,1,107599,107599,333933,4.333333333333333,0,13,13,1,SUCCESS,107599,BZYWyYPOTdaAVuKxsaGyEQ
857,GenerativePackage#9100,1715067977006,1,107921,107921,384862,10.0,0,30,30,1,SUCCESS,107921,XN02qwkGRfu45NUAu67-AQ
858,SequentialSchematic#7263,1715246973060,1,108069,108069,344994,4.666666666666667,0,14,14,1,SUCCESS,108069,yJ7yxIfKSXqXtCVDJhDjww
859,CodeCharacter#6433,1714850866603,1,108656,108656,407657,7.0,0,21,21,1,SUCCESS,108656,tUqBJGxwSXyP-KPpK0R7WA
860,FungibleUpgrade#2870,1714870701105,1,108725,108725,358525,9.0,0,27,27,1,SUCCESS,108725,nUaPFI37SZ6v_eDKLI7cdQ
861,GabrielTrindade-SENAICIMATEC,1715015532594,1,110132,110132,380931,9.666666666666666,0,27,29,1,SUCCESS,110132,I3iBiv5TQ4e4uj9SyozPuA
862,Tsurubo,1715571039865,1,110326,110326,350793,5.666666666666667,0,17,17,2,SUCCESS,110326,4iIvUizcSpanL2DdRF1bBQ
863,Gernreich,1714597146397,1,110665,110665,365394,9.0,0,26,27,1,SUCCESS,110665,-zlyfQkiRhOhhImK1VZMAw
864,NestedPointer#9826,1714852780338,1,110997,110997,436255,11.333333333333334,0,34,34,3,SUCCESS,110997,mDuRqvpQSqq9hAT5dPUNpg
865,NowSomeDonkeyCar,1714703727744,1,111332,111332,346064,8.333333333333334,0,24,25,1,SUCCESS,111332,d7Pg_Ma0QlmH09hFeOkSUg
866,FunctionalArchitect#9295,1715073815220,1,111729,111729,358004,8.666666666666666,0,26,26,1,SUCCESS,111729,wBlWt6yFTXGbQ2mUgRjWww
867,ProgrammingSchema#7295,1714599240001,1,111789,111789,356990,4.666666666666667,0,14,14,1,SUCCESS,111789,ln8zUl0ZSjCuDqLX_QcOkA
868,HashableMachine#3658,1715067794693,1,111791,111791,439991,11.666666666666666,0,34,35,1,SUCCESS,111791,X4Vd1qoeT_2qjgAe4j0eNQ
869,RobotPackage#6566,1714754448725,1,112066,112066,380528,10.333333333333334,0,31,31,1,SUCCESS,112066,tSvurXJbS_yYP2zivezmlw
870,ArtificialAttention#7744,1715143413311,1,112527,112527,363856,3.6666666666666665,0,11,11,1,SUCCESS,112527,ZAq09u8ZQ7uDAWpzM0qdbQ
871,NestedCoder#0679,1715570604993,1,112609,112609,410541,11.333333333333334,0,34,34,2,SUCCESS,112609,KqeuRrO0QLafNySpp8Af7Q
872,Gelp-aka-Chris-Bush-Eviden,1715376396854,1,112801,112801,392397,10.666666666666666,0,32,32,1,SUCCESS,112801,bZ8qEhpDQVWca-INY08zTw
873,LoopingComment#7638,1715345030238,1,115009,115009,345732,5.0,0,15,15,1,SUCCESS,115009,rKs9XD9zRDaomqF5Yz94FA
874,GlobalDataset#9384,1715096534574,1,115724,115724,357657,5.333333333333333,0,16,16,1,SUCCESS,115724,4XpvOKt2QeWORchrvDLVPQ
875,DesktopBuster#6912,1714766588162,1,116059,116059,358996,9.333333333333334,0,28,28,1,SUCCESS,116059,GRmy8kLlTdKc_4Lb4ZRrCQ
876,SuspendedLicense,1715097326146,1,116130,116130,380519,10.0,0,30,30,1,SUCCESS,116130,zt52B6sVTNu7cnUg6FU-xQ
877,UpgradedUpdate#5056,1715288369166,1,118854,118854,366319,5.333333333333333,0,16,16,1,SUCCESS,118854,zrpPS2czRsaupdq60SrHPg
878,GlobalLoop#1317,1714683779147,1,119329,119329,430931,11.333333333333334,0,34,34,1,SUCCESS,119329,WuiPGmweQha3lQ0LhJGteQ
879,UpdatedAttention#1617,1715354682143,1,119868,119868,391068,7.0,0,21,21,1,SUCCESS,119868,MeE8dt2gTJeZJ_cntNCYlg
880,ImportantArchitect4810cc,1715222945575,1,121125,121125,395123,10.0,0,30,30,1,SUCCESS,121125,9duwvyK1TgK6CtlhBzo1bA
881,PassingArgument#9866,1715087801489,1,121204,121204,477197,9.666666666666666,0,29,29,1,SUCCESS,121204,BGWE7ZA3SyWb295QoY6vpw
882,NHS-Deepracer-Admin,1715264580142,1,122597,122597,391528,6.666666666666667,0,20,20,1,SUCCESS,122597,246BoFQCRJGykKEWZLZKXw
883,RocketHypothesis#4193,1715440200373,1,122660,122660,547660,14.666666666666666,0,44,44,9,SUCCESS,122660,gb695DdHR5icCJqZ0ghk8A
884,WhiteHat,1714638230631,1,122796,122796,403185,11.0,0,33,33,1,SUCCESS,122796,kwUL5CQCTeCcWbYzLMta3g
885,BlockchainPresentation#1607,1714883096619,1,125596,125596,398723,0.0,0,0,0,1,SUCCESS,125596,pDWnxO3NTX6_Lr45S42mZg
886,PatricioValentinUFPB#3231,1715054768227,1,125935,125935,390188,7.333333333333333,0,22,22,2,SUCCESS,125935,t9ISeuTYT2uTW_lupvMdmw
887,ComplicatedTest#9366,1715054596346,1,127457,127457,433193,7.666666666666667,0,23,23,1,SUCCESS,127457,KiIBFnXjRx6Kfzdhh5L8uQ
888,QuickHacker#8012,1715081516880,1,128731,128731,389791,6.0,0,18,18,1,SUCCESS,128731,JzUmX4HCRmq-minDo_LmDA
889,JaroslawJankun,1714548911322,1,129266,129266,451858,12.0,0,36,36,2,SUCCESS,129266,k0orHGUeRmSmzNsgR4d2AQ
890,CreativeMachine#5082,1715135343580,1,131130,131130,455120,8.0,0,24,24,1,SUCCESS,131130,W5ETMo6XQKaGdvqEVJs7IA
891,DeepGame#1783,1715441227850,1,132056,132056,416535,7.666666666666667,0,23,23,1,SUCCESS,132056,4Q7nAapWSj2DrWigKI3wfg
892,ImmutableAbstraction#2957,1714734421936,1,133137,133137,430726,8.0,0,24,24,1,SUCCESS,133137,E1Ve-8erTYiT-gQIMEX1Ug
893,drdj,1714574737080,1,134394,134394,447056,11.333333333333334,0,34,34,1,SUCCESS,134394,OZK0S-bsRB2VxjFuxca3lg
894,ParametricAnalyst#3038,1715329624190,1,135409,135409,464869,9.0,0,27,27,1,SUCCESS,135409,NIjCxKrGRwC2b18L6svcLA
895,ComplicatedSemicolon#7368,1715568191814,1,136723,136723,453522,12.333333333333334,0,37,37,1,SUCCESS,136723,1Du56FJ5SuKglTuNl99IdQ
896,PrimeLanguage#5991,1715129210095,1,137868,137868,424584,7.333333333333333,0,22,22,1,SUCCESS,137868,hWP9qBJsQFqAL6d7OvbyFA
897,Galileo,1715593841838,1,138007,138007,467998,12.666666666666666,0,37,38,1,SUCCESS,138007,Y79AzaaOR-u4LVKMxu1Mdw
898,MechanicalState#2004,1715270859841,1,138124,138124,466054,8.666666666666666,0,26,26,1,SUCCESS,138124,P67gRVgNQsGzyzc_LoD5Sw
899,Zero-dayArchitect#6591,1715075009264,1,138521,138521,436722,7.666666666666667,0,23,23,1,SUCCESS,138521,OXFb_B9BT2CGS05ZlB1uHA
900,DraftCoder#9259,1715594061338,1,138597,138597,527792,11.333333333333334,0,34,34,1,SUCCESS,138597,NrPMp4WGSsC-TWKu30OSZg
901,UpgradedString#8298,1715594182588,1,138936,138936,427199,7.333333333333333,0,22,22,1,SUCCESS,138936,uoS_YtG0TbORXp-HC1VGaw
902,UnboundCharacter#4535,1714734399651,1,139122,139122,429527,7.333333333333333,0,22,22,1,SUCCESS,139122,AyYfJ14-TKauhjvBNeEpSA
903,JavaLanguage#4366,1715572080885,1,147535,147535,464931,12.666666666666666,0,38,38,2,SUCCESS,147535,Of-qWeTHSayix0sNFx0HDA
904,SmoothOperator#911,1714976290566,1,147670,147670,475999,13.0,0,39,39,1,SUCCESS,147670,J9pmrNk-TCSzOQNTIbKuGA
905,FormulaicGrid#8546,1714639417769,1,147734,147734,453537,12.333333333333334,0,37,37,2,SUCCESS,147734,nLMSUKniQcm4RG9B9Kv2LQ
906,LeetValue#7544,1715502864292,1,148536,148536,476329,11.0,0,33,33,2,SUCCESS,148536,PD8gqrVAS5qSzsjWGBrVPw
907,Zero-daySwitch#8615,1715119739993,1,153064,153064,552926,15.0,0,45,45,1,SUCCESS,153064,9pL7o1xTSEGuSilefthwKA
908,UrgentAttention#9090,1715138028615,1,153393,153393,506388,9.333333333333334,0,28,28,1,SUCCESS,153393,Zu7q_nmgQMOfaI7vrEzE_w
909,FungibleAbstraction#8631,1714765025423,1,153595,153595,481258,8.666666666666666,0,26,26,1,SUCCESS,153595,aa66HlhpRy2Jhad3Zy2xmA
910,FiniteCallback#9705,1715284169731,1,154257,154257,464327,9.0,0,27,27,1,SUCCESS,154257,Yfc0ohrPS9ipTPF9fMojlw
911,cyrustc,1715335626236,1,155201,155201,499130,14.0,0,42,42,2,SUCCESS,155201,HWPaXpDKR6u-wzlf7-KZ3A
912,ProcessingSpec#2882,1714819725865,1,155257,155257,539457,15.333333333333334,0,46,46,2,SUCCESS,155257,tge2wbvdSoideoSTyGCLkg
913,BMachineMares,1714987333751,1,160126,160126,491730,13.333333333333334,0,40,40,1,SUCCESS,160126,LzZQU6uAQ1uFwNPXyLhT7Q
914,CSR-Racer,1715151669609,1,160392,160392,503061,13.666666666666666,0,41,41,1,SUCCESS,160392,i-Ij4Nd8TH6jUO3dHTZR0Q
915,ImportantRequirements#2696,1715005554570,1,166187,166187,519462,11.666666666666666,0,35,35,3,SUCCESS,166187,uYSmTqz3RRGYd4sNGq1iOg
916,BlockchainDebugger#2256,1714733020963,1,167334,167334,512218,9.333333333333334,0,28,28,1,SUCCESS,167334,CBi3Qe9HRb6-2MQpBKFWqQ
917,CriticalExpression#0784,1715202183054,1,168200,168200,505263,10.0,0,30,30,1,SUCCESS,168200,oS64gmWERD-q9wOyNO_7kA
918,DigitalDebugger#4164,1715134762041,1,168664,168664,599123,13.0,0,39,39,1,SUCCESS,168664,l3-QNUM2RFaJEHWqXI-EBw
919,UrgentTheory#4810,1714905482752,1,169203,169203,539924,11.0,0,33,33,1,SUCCESS,169203,Rn2PP54jRW-RA6Buggok6Q
920,FormulaicServer#7601,1715330976827,1,172988,172988,532390,10.333333333333334,0,31,31,1,SUCCESS,172988,0x6W1QC_TCiQ6Vj3viWs-Q
921,VariableCallback#5992,1715476425980,1,174999,174999,602386,16.333333333333332,0,49,49,2,SUCCESS,174999,NWcI7_49TWCA0USgFLwwoA
922,SecureBraces#8058,1714734005232,1,176266,176266,581659,16.666666666666668,0,50,50,2,SUCCESS,176266,jL9reJNHS6Sk_cDPrM9xgg
923,BigMethod#1266,1714613726527,1,177139,177139,578473,12.666666666666666,0,38,38,1,SUCCESS,177139,sdxaDQDOSVWXpijb0QZzEw
924,FocusedLog#2730,1714927583511,1,178794,178794,557603,11.666666666666666,0,35,35,1,SUCCESS,178794,opwyCZTQRvqhAOrOsniS4g
925,VariableDiff#7201,1715475668076,1,178931,178931,585861,15.666666666666666,0,47,47,1,SUCCESS,178931,i7vJ9a_rQyOelctQ6McOmQ
926,AccessibleState#6361,1715182525812,1,179066,179066,576255,15.333333333333334,0,46,46,2,SUCCESS,179066,rlioN5_KQGesS6nsUHkV7w
927,Eviden-mw-arsh,1715091166712,1,181124,181124,554251,15.333333333333334,0,46,46,5,SUCCESS,181124,h10tx_QCThurWqFq8rIXKA
928,SequentialBraces#1125,1715080187204,1,182187,182187,557189,11.333333333333334,0,34,34,1,SUCCESS,182187,lMpAve7UQx6kpUZlyh1EFw
929,ASCIIFormula#4126,1715273013222,1,182294,182294,589822,11.333333333333334,0,34,34,1,SUCCESS,182294,pfuqnxDERAKfk1CoaHVpjg
930,BooleanRequirements#9934,1715052766113,1,182409,182409,558465,15.333333333333334,0,46,46,1,SUCCESS,182409,6eHWWIzDQmy-cxLzJpksxg
931,VariableSemicolon#9556,1714988000618,1,189796,189796,654062,18.666666666666668,0,56,56,1,SUCCESS,189796,kC0VBB7sQLuI793uTTprIA
932,okdream,1714576869645,1,190804,190804,667197,19.0,0,57,57,3,SUCCESS,190804,2ZrGrnCTTLac0_y0h4IxEQ
933,NTU-ME-G04-ChengHuanSun,1715073765807,1,193795,193795,603799,13.666666666666666,0,41,41,1,SUCCESS,193795,Uj5F9JvKQSK1-mYmVWE1iQ
934,CurlySpec#2528,1714560097262,1,202802,202802,609460,17.0,0,51,51,2,SUCCESS,202802,YB2-k5zBTHSjoiC1EQ_D7w
935,PrototypeNotation#9759,1715133017848,1,203406,203406,620864,14.333333333333334,0,43,43,1,SUCCESS,203406,FbIdPwi8T6yO_-wWCBaaEw
936,GammaToken#3508,1714600442942,1,206005,206005,647062,15.0,0,45,45,1,SUCCESS,206005,xnek5BMiSrOEgfaBu0HmIQ
937,BackloggedSystem#6075,1715173639393,1,207329,207329,623793,13.0,0,39,39,1,SUCCESS,207329,tjcbB5yMQneYc0Bp0DUT9g
938,akky,1715084470630,1,209605,209605,671858,18.333333333333332,0,55,55,1,SUCCESS,209605,maJwwe30R9m4xGgaxVY5tw
939,ProvisionalLoop#0020,1715522410982,1,211198,211198,634928,15.0,0,45,45,1,SUCCESS,211198,tKpJ1pulQmmBWy3D4oux3Q
940,NTU-ME-G07-R12522541,1715332905955,1,211331,211331,688193,14.666666666666666,0,44,44,1,SUCCESS,211331,P2NK7smdQNO5RdYvDmxwHA
941,PassingScript#6976,1715263963182,1,212732,212732,680257,19.333333333333332,0,58,58,1,SUCCESS,212732,XlSjo8dtRKyWnEodzRsCJg
942,Anhjayla,1715119682818,1,220189,220189,748060,21.666666666666668,0,64,65,1,SUCCESS,220189,BZ9p0jaeQVesHTtpQA85FA
943,Connected486#6740,1715585069797,1,221134,221134,782283,22.666666666666668,0,68,68,3,SUCCESS,221134,radA24L9Q_GhP7hMLDIDww
944,ArtificialCallback#2040,1714844326374,1,221327,221327,704730,16.333333333333332,0,49,49,1,SUCCESS,221327,qqU3afNOTLOPBlHhjXuQAQ
945,EsteemedRequirements#8479,1715269181133,1,221475,221475,685261,15.666666666666666,0,47,47,1,SUCCESS,221475,0mEESbAtRP-vMzmN60K1dQ
946,PrimeLog#2414,1714708458355,1,223123,223123,720259,16.666666666666668,0,50,50,1,SUCCESS,223123,TsFxJexOScCxQa_9reIBjw
947,PrimeTable#1545,1714588595573,1,223658,223658,753928,21.666666666666668,0,65,65,2,SUCCESS,223658,BWdY7539TgSuNfwJdGSiCw
948,MobileCallback#0119,1714770886454,1,223726,223726,786125,22.666666666666668,0,68,68,1,SUCCESS,223726,7vA6qZKnRH27Y-Z9yxQ08g
949,GabrielValenzuela,1715590764621,1,226864,226864,693860,11.333333333333334,0,30,34,1,SUCCESS,226864,UheLBtk5R-ioZAUvGV7xGA
950,UnboundScript#6678,1715338816791,1,228803,228803,687998,16.0,0,48,48,2,SUCCESS,228803,MS8E2QvqRdeOvN6QR7Wz_g
951,SolvableMethod#1146,1715001234175,1,231934,231934,728065,21.0,0,63,63,2,SUCCESS,231934,i-SqELz4Sdql1ZwpUd-D0w
952,WebEngineer#4781,1714776281381,1,232999,232999,719476,16.666666666666668,0,50,50,1,SUCCESS,232999,rF_WKJ4mR3ONR0kBu8zzoQ
953,LuizReis-IC-UFMT,1714687485918,1,237673,237673,785792,20.666666666666668,0,62,62,2,SUCCESS,237673,UxdOEH6JTVGhSbuoqRMIHA
954,ImportantSequence#3166,1715139909842,1,242601,242601,758196,18.0,0,54,54,1,SUCCESS,242601,6iFlT6y8QCeVbxTp4rQwSQ
955,ThisBraces#1613,1714540165676,1,243602,243602,773255,22.333333333333332,0,67,67,2,SUCCESS,243602,hKf5qapFTa-sm5W0siIjhw
956,ProvisionalModel#4645,1715134904145,1,243992,243992,742592,17.333333333333332,0,52,52,1,SUCCESS,243992,-73UIpfQT0CEPRdOs1U4aw
957,MemoryString#1464,1715159588044,1,249402,249402,792065,23.333333333333332,0,70,70,2,SUCCESS,249402,5vZTVX_7Ruq7AgSp33-Bvg
958,RocketBooster#0331,1714551855125,1,252410,252410,778330,18.666666666666668,0,56,56,1,SUCCESS,252410,9AxQryigQZ6Y0vK69-Dn8g
959,rorriml,1714645128615,1,252802,252802,779925,19.666666666666668,0,59,59,1,SUCCESS,252802,e1BperEsTy6NetyOogbo7w
960,ProcessingMachine#4931,1715216270318,1,253602,253602,991790,29.333333333333332,0,88,88,1,SUCCESS,253602,42-1Fz6lSG-l9wbsGqACGQ
961,mar5,1714700484594,1,254741,254741,922131,27.0,0,81,81,1,SUCCESS,254741,LGdlJN_OSFyyE_XcNZcM1Q
962,RuanMacedoSantos-IFPI-Labiras,1715095731641,1,255121,255121,1038987,30.666666666666668,0,92,92,1,SUCCESS,255121,Q8Km_n_eShWbQTzerzINZA
963,Lurian-CIC-UnB,1715081018880,1,260667,260667,856125,25.333333333333332,0,76,76,1,SUCCESS,260667,QlfZplXcRZO8-7BF-ypuqg
964,Zero-dayEvaluation#8426,1714590206787,1,262604,262604,838823,23.666666666666668,0,71,71,2,SUCCESS,262604,txVfy9mSR0K8DYJd1Ayq2g
965,F1-Ethan,1715347022623,1,262926,262926,851791,25.0,0,75,75,1,SUCCESS,262926,Q-pjOMOvSM-tUYCc1Ou0oQ
966,RecursivePatch#4873,1715096732166,1,266127,266127,828991,20.0,0,60,60,1,SUCCESS,266127,auZ8l0KnQN-SE_sFl1eLoA
967,AB026XR,1715590470546,1,273132,273132,831129,24.333333333333332,0,73,73,1,SUCCESS,273132,GAYYtmh_TtyvXRkwQEp2yg
968,PeytonC,1715178079760,1,274668,274668,843066,24.0,0,72,72,1,SUCCESS,274668,DpZ-jRZGQxGEy8Hk3lGOPw
969,TabletWorkaround#7419,1714611602498,1,274860,274860,897984,24.333333333333332,0,73,73,1,SUCCESS,274860,PoDUHNqoQeK5CbVR2p4Svg
970,AccessibleCallback#8567,1714771371819,1,275336,275336,837682,21.333333333333332,0,64,64,1,SUCCESS,275336,Z6VAazXRRBGg_v3hfsv7lw
971,RobotHypothesis#0367,1714592115194,1,276388,276388,840919,24.333333333333332,0,73,73,1,SUCCESS,276388,URNdiYP5SPWq9jdbBtkrhg
972,ImAI,1715502733050,1,276868,276868,878320,21.666666666666668,0,65,65,1,SUCCESS,276868,YrK4_u7FQT22tq5x5-sIww
973,StructuredBrackets#5854,1714529761314,1,277195,277195,904527,24.333333333333332,0,73,73,1,SUCCESS,277195,2K2wjXOYSTW-5hTBMg_maw
974,dRacer,1715192496829,1,277466,277466,853528,24.666666666666668,0,74,74,2,SUCCESS,277466,1gsxWB5dT1iOZPDCOgm00Q
975,Recursive486#5540,1715263133374,1,292651,292651,1002917,29.0,0,87,87,1,SUCCESS,292651,czi0sI2xTPGXb42w23Q8fA
976,CleanAnalyst#3258,1714979642516,1,293858,293858,976858,25.0,0,75,75,1,SUCCESS,293858,BS_qNYm1RMOk2mbRwfd__Q
977,MobileTech#9150,1714744585059,1,293934,293934,934994,23.666666666666668,0,71,71,1,SUCCESS,293934,wXUfViZVR3eo8cOBckH7NA
978,FunctionalBottleneck#6974,1715101818855,1,294325,294325,955924,24.333333333333332,0,73,73,1,SUCCESS,294325,pEwVEmMnQdWs2MF-ZrN9zw
979,ReadyPlayerWon,1715193982454,1,294727,294727,946989,24.0,0,72,72,2,SUCCESS,294727,uQMSQ3oqQgajt8bzmy8E8Q
980,CodeCallback#5817,1714566403062,1,294853,294853,977524,25.0,0,75,75,2,SUCCESS,294853,8gIsfImcRkigDYRD4Xq99A
981,Corredor1#8043,1715136982440,1,294989,294989,987727,29.333333333333332,0,88,88,1,SUCCESS,294989,HZ-uvP7KRzyCx0u_rJa-qw
982,NestedRequirements#3643,1715189952802,1,295061,295061,896186,22.333333333333332,0,67,67,1,SUCCESS,295061,P5CmHvQXQIeUkKSAk_KMFA
983,CodeMetaclass#0988,1715262405539,1,295121,295121,906527,22.666666666666668,0,68,68,1,SUCCESS,295121,TcZUWkWTQWmNmmkGhoW9bw
984,FuturisticPoint#7339,1715261616632,1,295795,295795,989193,25.333333333333332,0,76,76,1,SUCCESS,295795,-LB-j2BiQbadS2sev0_SVg
985,ariniemi,1714730249973,1,298987,298987,907185,24.333333333333332,0,73,73,1,SUCCESS,298987,2W6hrAvbSHmILmPVvaansw
986,MSEDU-2578,1715154986873,1,300200,300200,900796,24.0,0,72,72,1,SUCCESS,300200,cP0B5IPvTgy9Jvc0z6Y5Pw
987,ArtificialPatch#6568,1714574968070,1,304931,304931,947734,24.0,0,72,72,1,SUCCESS,304931,sPgUxf0gRgOJ-y3cpcFECg
988,LoopingSystem#2493,1715273489460,1,305202,305202,998129,25.666666666666668,0,77,77,1,SUCCESS,305202,0_tn7oJqRb-7DYcWNAbDVQ
989,InteractiveUpdate#9737,1715458953234,1,305467,305467,957189,24.333333333333332,0,73,73,1,SUCCESS,305467,xb1_pJ0HTjqsod8qsNlAbw
990,ParametricLoop#4371,1715067783330,1,308404,308404,948852,27.666666666666668,0,83,83,1,SUCCESS,308404,J2S-f0YJTwSMQxjyDoz4Kg
991,UsableMachine#1970,1714971689536,1,314731,314731,1018992,26.333333333333332,0,79,79,1,SUCCESS,314731,lczcRnLoTjeJ9k2dI5sMIw
992,IntelligentScript#6912,1715526339698,1,314736,314736,966192,24.666666666666668,0,74,74,1,SUCCESS,314736,eLQI6uUHSxOWuk1-7jjWKA
993,UpdatedSlice#2289,1714791652085,1,315133,315133,977076,25.0,0,75,75,1,SUCCESS,315133,CeAA5bvTTH2YbD2GLYw-RQ
994,Puffy,1714723531069,1,315268,315268,966861,24.666666666666668,0,74,74,1,SUCCESS,315268,F1I1wwEbRR23gWK5oIrMMQ
995,DraftShell#1248,1714810390136,1,315458,315458,997918,25.666666666666668,0,77,77,1,SUCCESS,315458,SE8MLHqdTOujxe_lKC3wZQ
996,NTU-ME-G10-KaoChiech,1715070579947,1,315528,315528,1008328,26.0,0,78,78,1,SUCCESS,315528,ek9lKCM1QkORmPB_fiMdwQ
997,AccessibleConsole#2169,1714628025604,1,315599,315599,977857,25.0,0,75,75,1,SUCCESS,315599,Bup-NQlrTtyrP1iNjSHfPg
998,SolvableSemicolon#5844,1714725735179,1,315725,315725,1008592,26.0,0,78,78,1,SUCCESS,315725,Z6sSTQSwSYyM3vyS3rQfHw
999,PathingPatch#0341,1715383413848,1,315803,315803,1008803,26.0,0,78,78,1,SUCCESS,315803,7rOP2pFPRRiXANJNTc8VWw
1000,EsteemedValue#0930,1714841839726,1,315858,315858,978260,25.0,0,75,75,1,SUCCESS,315858,7I7TrI9NRYy2TzeQcouP2g
1001,JavaFunction#2806,1715264711589,1,315860,315860,999591,25.666666666666668,0,77,77,1,SUCCESS,315860,uAnvHiD-StCZgXhITtwW9g
1002,CodeCircuit#5650,1714973747790,1,315996,315996,988190,25.333333333333332,0,76,76,1,SUCCESS,315996,Tul_6C-UTf2fKQn7tZNRXA
1003,ProvisionalError#2328,1715226669876,1,315997,315997,990119,25.333333333333332,0,76,76,1,SUCCESS,315997,oEYc4fZBRp2hVmEGkoscRQ
1004,UnicodeVariable#1328,1714987333657,1,316196,316196,988188,25.333333333333332,0,76,76,1,SUCCESS,316196,2Ic4GcTWRKyCD1X4bWULtA
1005,PassingState#9468,1715210865830,1,316398,316398,1040927,27.0,0,81,81,1,SUCCESS,316398,FhTqoQxKRcqaCBWEP5Tdkg
1006,MemoryDocumentation#1285,1714685946922,1,319199,319199,1021130,27.0,0,81,81,1,SUCCESS,319199,OQC_60T6ThSwRgcUETiCLw
1007,PrototypeExpert#9383,1714987403327,1,320744,320744,1003075,23.333333333333332,0,70,70,1,SUCCESS,320744,vjNjSw-rSWizdwcPjosPeA
1008,FocusedSchematic#7192,1715081561962,1,324663,324663,986655,25.333333333333332,0,76,76,1,SUCCESS,324663,Z7R7LO2bT7GGy8qkZW25QA
1009,PassingGlyph#9690,1715263219613,1,324797,324797,986794,25.333333333333332,0,76,76,1,SUCCESS,324797,CuID60fgSkmLnRU6P6JFmQ
1010,MechanicalState#6746,1714821439028,1,325198,325198,1000527,26.666666666666668,0,80,80,1,SUCCESS,325198,s-JquyTFQRmNPnMs8HXegw
1011,CreativeArgument#6519,1714558752019,1,325533,325533,988258,25.333333333333332,0,76,76,1,SUCCESS,325533,m4BcIyC3Q4Wj3Q_K_XQmBA
1012,FormulaicHacker#9628,1714999039348,1,325666,325666,998463,25.666666666666668,0,77,77,1,SUCCESS,325666,Qrz-GEIsSoidSK1GbPEacw
1013,BlockchainPresentation#0019,1714922011629,1,325729,325729,978200,25.0,0,75,75,1,SUCCESS,325729,hmy7-jdOQzWuLmEwhdnDWw
1014,PathingArray#9197,1714903087915,1,325735,325735,996812,25.666666666666668,0,77,77,1,SUCCESS,325735,WWSxykPyQ3q6iUwcO7si7A
1015,FungibleHypothesis#3958,1715029663805,1,325793,325793,1008794,26.0,0,78,78,1,SUCCESS,325793,KLeT5mqoRL2YCOdUmRkdrg
1016,GenerativeNetwork#8787,1715497621480,1,325987,325987,1009594,26.0,0,78,78,1,SUCCESS,325987,7dPLHlUCSgOt4kVwn4dMpw
1017,DeepConsole#6416,1715263502443,1,325989,325989,1008857,26.0,0,78,78,1,SUCCESS,325989,x5HlttfETdiywi1PTMNhFw
1018,RobotServer#3437,1715222277912,1,325996,325996,1030197,26.666666666666668,0,80,80,1,SUCCESS,325996,HJq78WPUTiGzn4-bybrtDQ
1019,EsteemedPoint#0093,1714682997277,1,325997,325997,1020189,26.333333333333332,0,79,79,1,SUCCESS,325997,i-GrEnJlS12JHti4CvMsfg
1020,TestablePatch#8448,1715189538201,1,326005,326005,1009009,26.0,0,78,78,1,SUCCESS,326005,0qEqK2fvToCBDCmBjJGtoA
1021,InteractiveTheory#0191,1714943005354,1,326387,326387,1008988,26.0,0,78,78,1,SUCCESS,326387,am5oio75RE-qZImvoZ4mQQ
1022,HSBC-HTC-12,1715403847757,1,331066,331066,1118928,33.0,0,99,99,1,SUCCESS,331066,X1BlQQSCRamxqwPDIDJKlg
1023,BooleanFix#4703,1715051345535,1,332125,332125,1007004,26.333333333333332,0,79,79,1,SUCCESS,332125,q5RB9ycdRqGpgjijnJfUJg
1024,RuanMaS-IFPI-LABIRAS,1715132672918,1,333656,333656,1041859,30.333333333333332,0,91,91,2,SUCCESS,333656,U9fKWJY2Q1K1p_KspHwMYw
1025,AsynchronousVariable#6413,1715073790649,1,333992,333992,1023326,25.666666666666668,0,77,77,1,SUCCESS,333992,KNo8ZSnBRPSlzLSk1IwhyQ
1026,IntelligentExpert#5339,1714863353231,1,335798,335798,1017723,26.666666666666668,0,80,80,1,SUCCESS,335798,sLe98iQSQYKlVYyX4jvZXA
1027,PrimeValue#2681,1715084479712,1,337668,337668,1033396,26.666666666666668,0,80,80,1,SUCCESS,337668,3KfUqzwtQRirtNJCI2CAlw
1028,MobileObject#9064,1714594638330,1,340133,340133,1113188,30.0,0,90,90,1,SUCCESS,340133,CVl6mA4RQkeWH4sMQ-hnZw
1029,ConnectedServer#1395,1714977903467,1,341125,341125,1034255,27.333333333333332,0,82,82,1,SUCCESS,341125,SfOooVVBRoOERYLlozQJmQ
1030,HelpfulWorkaround#4809,1715582527201,1,343784,343784,1072251,31.333333333333332,0,94,94,1,SUCCESS,343784,KWIjUpXdTRmF03Vd8ICFQA
1031,StructuredDocumentation#2695,1715409940936,1,345793,345793,1049126,27.333333333333332,0,82,82,1,SUCCESS,345793,eSblVU-QQ6me_-PCGFbWLQ
1032,GroupA-TeamA,1714848089253,1,357197,357197,1103320,32.0,0,96,96,2,SUCCESS,357197,678PW01aTKGL0sDOzBNB_w
