Rank,Alias,SubmissionTime,LapCount,AvgLapTime,BestLapTime,TotalLapTime,AvgResets,CollisionCount,OffTrackCount,ResetCount,SubmissionCount,LeaderboardSubmissionStatusType,RankingScore,UserId
1,CodeMachine,1723589696180,3,12130,11869,36391,0.0,0,0,0,8,SUCCESS,12130,b_WzN_r8ToGPle_8bl2tMA
2,Liao,1723363750113,3,12265,12000,36796,0.0,0,0,0,5,SUCCESS,12265,1mW7p6I1Q0-cB3Up-esBeQ
3,JPMC-BA-MiguelG,1723291877413,3,12487,12202,37462,0.0,0,0,0,11,SUCCESS,12487,ITPfFYXmSXKi3TqsvUHRKw
4,BSi,1723619301029,3,12797,12467,38392,0.0,0,0,0,9,SUCCESS,12797,2eb231b0a43f4940bfed3w
5,ZoD,1722536649725,3,12863,12734,38589,0.0,0,0,0,1,SUCCESS,12863,TFtvCas4TRWchrBPMyGh0A
6,Fr3d,1722748047027,3,13176,13003,39530,0.0,0,0,0,9,SUCCESS,13176,7x6nmMRlQiWawqJ8wUE7jA
7,janicedal,1723126275317,3,13243,13128,39730,0.0,0,0,0,8,SUCCESS,13243,OwKO9HTAS66Q0EhLegROgg
8,-SANTACLAWS-,1723285455570,3,13287,12868,39863,0.0,0,0,0,6,SUCCESS,13287,X_dNmJilS8SDBQ44yzd2fg
9,JPMC-Rogue-COL,1722862438962,3,13308,12933,39925,0.0,0,0,0,7,SUCCESS,13308,_W5Y-ICNSuGKBn7bvv8qzw
10,Kamiloj-ADL,1723413451318,3,13418,13068,40254,0.0,0,0,0,6,SUCCESS,13418,jmVlUw3DTUubDDSk3oOaPA
11,Eviden-Simon,1723573940955,3,13420,13135,40260,0.0,0,0,0,3,SUCCESS,13420,3XLO68TWRzyd6zo4IaoNYQ
12,Berbbobs,1723278933207,3,13485,13192,40457,0.0,0,0,0,10,SUCCESS,13485,bt0g0Yx0R7KyvbtojGlP4A
13,Jerec,1722919532387,3,13506,13198,40519,0.0,0,0,0,15,SUCCESS,13506,RH6ep-5mRmmVLqHClba8_Q
14,DaVinciDriver,1722843010351,3,13511,13130,40533,0.0,0,0,0,5,SUCCESS,13511,XtzXYz2pRByDnXz90XNGSw
15,DoomBuggy,1723614159543,3,13731,13468,41193,0.0,0,0,0,2,SUCCESS,13731,QakV_nzOTm2q_NhqUMwIJw
16,YA#88,1723808088050,3,13864,13142,41592,0.0,0,0,0,20,SUCCESS,13864,KBCP86t4SpaGJhXNb26AcQ
17,IcePandaBoom,1723105824438,3,13951,13659,41855,0.0,0,0,0,3,SUCCESS,13951,BTPWujqqTBOWGAFvEKyRaA
18,tranvietdung-DBS,1722903601121,3,14176,14067,42528,0.0,0,0,0,18,SUCCESS,14176,3OwVWi6tQDCpBzKpWfHj7Q
19,PITS-TK,1723298373542,3,14198,13792,42595,0.0,0,0,0,29,SUCCESS,14198,PVc7jVR2RxqbPMpBIhjZ0g
20,Eviden-Surojit2024,1722860230671,3,14353,13994,43061,0.0,0,0,0,21,SUCCESS,14353,J1wwkIv7THCEOtq7arFvXA
21,JPMC-Speedy-Gonzales-LATAM,1722867113703,3,14353,13942,43061,0.0,0,0,0,3,SUCCESS,14353,McOa_W8cTW2EErfZhOoKxA
22,JPMC-Spyder-HongKong,1723344625784,3,14441,14068,43324,0.0,0,0,0,14,SUCCESS,14441,zKdKXknwQVCObGdEgutObQ
23,DarkStar,1723189838667,3,14533,14001,43599,0.0,0,0,0,13,SUCCESS,14533,RqPwhBT9R1Oxro8xj4XNmA
24,AgileDiff#6224,1723888850664,3,14710,14340,44132,0.0,0,0,0,1,SUCCESS,14710,0L8NmRYJR6y-Sl0u8ZBBcA
25,QualifiedTag#2306,1723891175758,3,14842,14143,44527,0.0,0,0,0,1,SUCCESS,14842,RC74ZvKiQQqeMkGj8-NcKg
26,Eviden-Rob-Rixson,1723713280721,3,14862,14471,44586,0.0,0,0,0,5,SUCCESS,14862,YrXDx-_iShCKFcvX5KDIUw
27,HelpfulParameter#4276,1723888124262,3,14886,14537,44660,0.0,0,0,0,2,SUCCESS,14886,ioeJGVNfR5ap5K9pY7nBTg
28,DesktopEnvironment#6205,1723888697002,3,14953,14924,44859,0.0,0,0,0,1,SUCCESS,14953,cy8MvMPwRC6V3gndDKDEsg
29,PrimeMetaclass#1500,1723889061218,3,14997,14664,44993,0.0,0,0,0,1,SUCCESS,14997,QVkkFsPQRZWaO9We5s8sgQ
30,AccessibleSwitch#7151,1723890040648,3,14997,14795,44992,0.0,0,0,0,1,SUCCESS,14997,TwfinkRjT1u641ZG-Q3DHA
31,EncryptedObject#7667,1723888796270,3,15129,14730,45389,0.0,0,0,0,1,SUCCESS,15129,siycLIGgRruEkFlCYgavFg
32,EncryptedBrackets#5986,1723890258726,3,15175,14668,45527,0.0,0,0,0,2,SUCCESS,15175,punRbeOzRsSImKpvQEzhKQ
33,RocketOrder#0021,1723887368753,3,15178,14263,45535,0.0,0,0,0,2,SUCCESS,15178,Xbyr0pr6SdiuZ3qjIWfoaw
34,ImportantAbstraction#1314,1723614784448,3,15220,14735,45662,0.0,0,0,0,5,SUCCESS,15220,QlqdPBg3RsWlewthLKhMCw
35,IntelligentArchitect#1764,1723005742291,3,15223,14804,45669,0.0,0,0,0,47,SUCCESS,15223,7uPrHQ7sROeWEXcww5RhRA
36,AutomatedExpert#9816,1723891121293,3,15241,15000,45725,0.0,0,0,0,1,SUCCESS,15241,ohKaI6sqS2avbxmGo0F7AQ
37,SecureModel#2821,1723891642758,3,15244,15071,45732,0.0,0,0,0,1,SUCCESS,15244,voaPg-qBQl2NmuAVmDWpHg
38,NullNetwork#3977,1723888458997,3,15330,14874,45991,0.0,0,0,0,1,SUCCESS,15330,i4SJTHWiQ76xwokjLJMUDg
39,MachineZone#6305,1723891327751,3,15507,14986,46522,0.0,0,0,0,1,SUCCESS,15507,tLRHYBO2T-KjOaewNEOYGA
40,Ric-Mtl,1723160543291,3,15883,15668,47651,0.0,0,0,0,13,SUCCESS,15883,R5muw8HbTAmpfHCNU9rVpw
41,Guga,1722549376907,3,15999,15595,47997,0.0,0,0,0,5,SUCCESS,15999,617e83d68c1240be8b9abw
42,sharmaK10,1723539296482,3,16086,15455,48259,0.0,0,0,0,14,SUCCESS,16086,WGO4Cj8lSpCrYTMdr3MPsg
43,makit,1723321292687,3,16174,15737,48524,0.0,0,0,0,7,SUCCESS,16174,FQ4kxx42Rn-ywzWMVEad0A
44,Navn33t-Singh,1722596087409,3,16329,15931,48989,0.0,0,0,0,7,SUCCESS,16329,RMXf5sdlS-y4EWrenTSTbg
45,Ansh7,1723265851980,3,16332,14194,48996,0.3333333333333333,0,1,1,12,SUCCESS,16332,JCwxucKeRWO_Eij9nr98UQ
46,Kire,1722709212505,3,16466,16125,49399,0.0,0,0,0,12,SUCCESS,16466,N0y9CR6fQN-a4UlAFsTC5Q
47,GlobalModel#3440,1723387779032,3,16530,16138,49592,0.0,0,0,0,2,SUCCESS,16530,pUhrqUkZQyegGaRbKyXHfQ
48,JPMC-Delaware-NightFury,1723849667430,3,16555,16005,49665,0.0,0,0,0,10,SUCCESS,16555,wy53ZYAOTBeVC6RrlU2gzg
49,harinezumi-DNPds,1722998758033,3,16595,16063,49785,0.0,0,0,0,12,SUCCESS,16595,6hha6WtBQLCivJX9auQn6A
50,FormulaicSwitch#1263,1723389965001,3,16619,15933,49859,0.0,0,0,0,2,SUCCESS,16619,RHkB0IuAQByQ0IZHrSZilw
51,NullCharacter#4606,1723389919239,3,16641,16331,49924,0.0,0,0,0,2,SUCCESS,16641,RQPafGn6Qkq4YLk6rYEOug
52,AutomatedServer#1648,1723890784292,3,16676,15125,50029,0.3333333333333333,0,1,1,1,SUCCESS,16676,ehHvL1nXTySaK12lEMIEaQ
53,InteractiveError#2670,1723891273848,3,16710,15060,50132,0.3333333333333333,0,1,1,1,SUCCESS,16710,g6wsA4pKR6adbjEXU63ijQ
54,Seab,1722614103126,3,16753,16462,50260,0.0,0,0,0,5,SUCCESS,16753,mjD1OGTXQfKTXMPWVq29rg
55,UnicodeSemicolon#5521,1723134807181,3,16754,16463,50264,0.0,0,0,0,5,SUCCESS,16754,w1YFCshcQqiq5j4x5mcrmg
56,JeffreyMonte-sph,1723864616935,3,16781,14399,50344,0.3333333333333333,0,1,1,10,SUCCESS,16781,GLWDtaYeS2eKxZfMhQ6Xkg
57,ImportantLanguage#2598,1723890949362,3,16820,14868,50460,0.3333333333333333,0,1,1,1,SUCCESS,16820,VZNAivCdT3a_d77lH_09PQ
58,InfiniteCoder#4264,1723889766594,3,16841,15195,50525,0.3333333333333333,0,1,1,1,SUCCESS,16841,gGGev2t7RHGRGcv55_A2NA
59,JPMC-HYD-Optimizers,1723556687849,3,16863,15000,50589,0.3333333333333333,0,1,1,5,SUCCESS,16863,agIkde1WQJy_lP-RwwHieQ
60,PassingBrackets#2134,1723890201134,3,16886,14866,50658,0.3333333333333333,0,1,1,1,SUCCESS,16886,b18z7VHqT-esAuWVUDWDmg
61,AtomicString#4631,1723890895695,3,16891,14734,50674,0.3333333333333333,0,1,1,1,SUCCESS,16891,q9T0v5xOR7OuL_rGrxfkgQ
62,MechanicalTag#4918,1723890335780,3,16929,14600,50788,0.3333333333333333,0,1,1,1,SUCCESS,16929,7xRUPjyHTIWbrYAqlJJYCA
63,FunctionalNamespace#7287,1723889821202,3,16952,14600,50858,0.3333333333333333,0,1,1,1,SUCCESS,16952,yZrnLYxgTdip6tUu_BSyjw
64,BooleanGlyph#2484,1723888044694,3,16954,14805,50862,0.3333333333333333,0,1,1,2,SUCCESS,16954,NdGdVLZ5StOkEffBjg8Owg
65,QualityExpression#4006,1723889366605,3,16958,14604,50876,0.3333333333333333,0,1,1,1,SUCCESS,16958,Wyyivl5cS-W2FLLgZZWeUw
66,SolvableNotation#3583,1723887137083,3,16976,14864,50928,0.3333333333333333,0,1,1,2,SUCCESS,16976,cufuPieDR26XRl7VwxN8nA
67,LeetLog#5050,1723889420619,3,16995,15271,50987,0.3333333333333333,0,1,1,1,SUCCESS,16995,wcVvFwlhT-Oif1AsSEViIw
68,AgileDataset#3464,1723889256771,3,17040,14864,51120,0.3333333333333333,0,1,1,1,SUCCESS,17040,EfdizH22RHiYHyflHuVDDg
69,CleanCircuit#9016,1723891062362,3,17055,14548,51167,0.3333333333333333,0,1,1,1,SUCCESS,17055,3rpiTUeLRoCbUhOliwUodg
70,FungibleClass#6899,1723889608590,3,17086,15198,51258,0.3333333333333333,0,1,1,1,SUCCESS,17086,h_J-FH0WRbG5l-MKrv6JFw
71,Jianlong,1722561582416,3,17130,16868,51392,0.0,0,0,0,10,SUCCESS,17130,vpsHYdBtSIq__1M9j1R21Q
72,PassingDigit#4240,1723890836473,3,17159,14538,51478,0.3333333333333333,0,1,1,1,SUCCESS,17159,n6kWj4keQMWtaLKH7nxt0A
73,FungibleTest#3055,1723889202345,3,17263,15131,51790,0.3333333333333333,0,1,1,1,SUCCESS,17263,2KSZ5r9tStakokxj7xnqPA
74,CyberneticSandbox#3875,1723891545989,3,17267,15322,51803,0.3333333333333333,0,1,1,1,SUCCESS,17267,FhdKFv-PRNuMrdWz8J9p7Q
75,CrypticTable#7807,1723890093072,3,17329,14931,51989,0.3333333333333333,0,1,1,1,SUCCESS,17329,I_rEuXLtTEucbVPU4Y-sYQ
76,Yuliya,1723274584657,3,17442,17130,52327,0.0,0,0,0,28,SUCCESS,17442,JWJgkv8bSKeMIGYZ9roR-A
77,DraftArgument#8976,1723889875877,3,17468,15196,52405,0.3333333333333333,0,1,1,1,SUCCESS,17468,yoQbPdW5Th-8zPTJcysZ2Q
78,MobileAttention#9129,1723889555930,3,17530,15135,52592,0.3333333333333333,0,1,1,1,SUCCESS,17530,Xt_rqNX3RnyFBFQfCiPj0w
79,TimJWhite,1722585762996,3,17555,17196,52665,0.0,0,0,0,12,SUCCESS,17555,3dDHylmQSi-Rzd9uUamhlQ
80,HimaChand#78,1723013192806,3,17619,17069,52857,0.0,0,0,0,44,SUCCESS,17619,KWPBROM4QeuQvuJCrvuJUQ
81,Zero-dayLog#4124,1723891007553,3,17640,15002,52921,0.3333333333333333,0,1,1,1,SUCCESS,17640,dM4dAVTrQ9Gln9ZtCSMCVA
82,7th-MiddleVillage,1723496734619,3,17642,17525,52927,0.0,0,0,0,27,SUCCESS,17642,kCOufMbmQhywHFtX2ceTyA
83,ProgrammingValue#5487,1723890672883,3,17662,15463,52988,0.3333333333333333,0,1,1,1,SUCCESS,17662,NUlkH6d9TB-94vdhWogIqA
84,PITS-Kura,1722987807833,3,17840,17404,53520,0.0,0,0,0,11,SUCCESS,17840,0KlPowM7Rsm-6depdUzXOg
85,Rads1212,1722806078169,3,17883,17659,53650,0.0,0,0,0,8,SUCCESS,17883,3keqP30TQMS6jO8SRw_1uw
86,acoela-DNPds,1723079979930,3,17951,17453,53855,0.0,0,0,0,7,SUCCESS,17951,0lZyn5CUSVK9Llk2oSaS3w
87,VVIK,1722482212015,3,17974,17866,53924,0.0,0,0,0,1,SUCCESS,17974,9K4Cz2EiTz2YB5ZrAauVRA
88,JPMC-MarioX-HongKong,1723729107912,3,18085,17198,54257,0.0,0,0,0,3,SUCCESS,18085,3Qh1RgKkQ3WjNkMmCZy4yQ
89,JPMC-Leo-BuenosAires,1723550103734,3,18175,17273,54527,0.0,0,0,0,1,SUCCESS,18175,em6_g8XoRJCdnEEY-COhEg
90,Lienoli-JenBaeBae,1723867597232,3,18197,17869,54592,0.0,0,0,0,49,SUCCESS,18197,Zv1QSDGTRaiSIIktvkhhoA
91,Dexxtz,1722471611272,3,18753,18532,56259,0.0,0,0,0,8,SUCCESS,18753,tabxmSFdSiuDVkEWW34mTA
92,GenerativeTheory#7587,1723890727455,3,18775,15332,56325,0.6666666666666666,0,2,2,1,SUCCESS,18775,IPit65P7Skqt645nWojwiw
93,UrgentSlice#8285,1723891436735,3,18819,14799,56459,0.6666666666666666,0,2,2,1,SUCCESS,18819,qCwLBFTMQmqDYRYcEOMrBg
94,CloudArmee-Chuck,1722626552645,3,18820,18663,56462,0.0,0,0,0,9,SUCCESS,18820,Aozo2oixSJysh5iSzSBcpg
95,MemoryArithmetic#2453,1723889711825,3,18911,15001,56733,0.6666666666666666,0,2,2,1,SUCCESS,18911,_-d-1nwpTbqlujofYOYEKw
96,KingoftheTrack,1722816577460,3,18952,18862,56856,0.0,0,0,0,4,SUCCESS,18952,ACg6IYaIQNi--irQmpdiHg
97,BooleanDeadline#6968,1723889929972,3,19000,15143,57002,0.6666666666666666,0,2,2,1,SUCCESS,19000,32sm6rJtTjKTzT8WzqGzgA
98,DeepGrid#7733,1723890147190,3,19065,14995,57195,0.6666666666666666,0,2,2,1,SUCCESS,19065,eT6pU-UKQGq58LTSak1BHg
99,Alind,1722894748192,3,19086,16923,57258,0.3333333333333333,0,1,1,8,SUCCESS,19086,WQ9eQJteSeiuzRYlPqqljQ
100,StanCode-TeamBest,1722618597486,3,19197,17133,57591,0.3333333333333333,0,1,1,3,SUCCESS,19197,7qJcRpRSTGmam2s8NrErHg
101,FabioMaxV,1722873059116,3,19200,18602,57602,0.0,0,0,0,7,SUCCESS,19200,fkCXzcxUQAu40C7Qxc3EzA
102,EncryptedSchema#2914,1723889311251,3,19241,15335,57723,0.6666666666666666,0,2,2,1,SUCCESS,19241,ijEKIVwKRCe1aj4mUp63Xw
103,JPMC-Gla-CloudRacers,1722957270909,3,19269,16659,57807,0.3333333333333333,0,1,1,2,SUCCESS,19269,c134eede4abe4ba2bec68w
104,FiniteBreaker#4612,1723891382265,3,19285,15190,57855,0.6666666666666666,0,2,2,1,SUCCESS,19285,QW_r183mRuuBfwdAV3T1dw
105,barkingdog,1722525612066,3,19330,19131,57991,1.0,0,3,3,1,SUCCESS,19330,b3960b6c6f58458880ceew
106,rapirapi-BIP,1722816308600,3,19377,16664,58131,0.6666666666666666,0,2,2,1,SUCCESS,19377,qsYR-A-0S2OHA1cvbeFfSg
107,MobileSequence#6435,1723472707340,3,19551,19130,58655,0.0,0,0,0,11,SUCCESS,19551,uzXP6T4DSUy-TlhrhAFUHQ
108,DesktopSchematic#6629,1723891490406,3,19624,15395,58872,0.6666666666666666,0,2,2,1,SUCCESS,19624,SVUyygCRREawooQWkMeHsg
109,ParametricTester#3118,1723889006688,3,19706,14933,59120,0.6666666666666666,0,2,2,1,SUCCESS,19706,11HJKG4pQSS74PS9WwM3BQ
110,TPC-Tech,1722543436714,3,19730,15998,59190,0.6666666666666666,0,2,2,1,SUCCESS,19730,iEfWhIPLS865MMzpmLNdqQ
111,Badgercaim,1722713184006,3,19775,19529,59327,0.0,0,0,0,28,SUCCESS,19775,8Kb4MsxhS-SIZiV6wGQiZg
112,Origami,1722928056579,3,19930,19267,59790,0.0,0,0,0,50,SUCCESS,19930,xOcXWdU4QdeaSGZy6VYZjQ
113,GoodEveningWeAreFromUkraine,1722625715490,3,19974,18264,59923,0.3333333333333333,0,1,1,12,SUCCESS,19974,oX4dpYxLTFG2UU6NprA-7g
114,Cinderpelt,1722732153610,3,19975,19259,59926,0.0,0,0,0,4,SUCCESS,19975,1UgtHyGoRa-lnh8JgVEtuw
115,Minami,1722562101056,3,19996,19734,59988,0.0,0,0,0,4,SUCCESS,19996,lVwyaayLRzCAbFmqCUW9Rg
116,PITS-fuji,1722576623229,3,20241,19869,60724,0.0,0,0,0,4,SUCCESS,20241,4EUY_lqeRwWurkDRKtpL8w
117,Dfwdeepracer6,1723582396123,3,20373,19932,61120,0.0,0,0,0,19,SUCCESS,20373,RYbJ8xJQTVSZf8g7qeEOnQ
118,Zippitydo-data,1723542976479,3,20442,19733,61328,0.0,0,0,0,8,SUCCESS,20442,gSgHFy9WRhCfES9TO3-A6Q
119,JPMC-StreetRacer-Glasgow,1723283885026,3,20486,19602,61458,0.0,0,0,0,10,SUCCESS,20486,ynYx7eneQJi8IkcbiR0Szg
120,FabRacer,1722510900476,3,20601,20263,61803,0.0,0,0,0,13,SUCCESS,20601,YXjU-6WZTe65g7_YyZPJrA
121,BrainyLanguage#3415,1723890618879,3,20729,15255,62188,1.0,0,3,3,1,SUCCESS,20729,9yTrnTnwQq6_2cFR1mAtxQ
122,JPMC-MantaRay-HongKong,1722833707683,3,20730,16934,62191,0.6666666666666666,0,2,2,1,SUCCESS,20730,i9HdmaYUQZKtTq5skioE1A
123,ASCIIOrder#1674,1723682577538,3,20753,19932,62260,0.0,0,0,0,50,SUCCESS,20753,p4mBVl_9SXCXSLwaQQAUIw
124,Deepak-dpk,1722488035026,3,20798,20129,62396,1.0,0,3,3,1,SUCCESS,20798,gDTBFK77TM6wD6uObZlulA
125,Im-AI,1723712316359,3,20885,20529,62656,0.0,0,0,0,16,SUCCESS,20885,o3c-48v2QXiIOUudONGmfA
126,UrgentLine#6311,1723888951822,3,20930,15129,62791,1.0,0,3,3,1,SUCCESS,20930,6qPeAylIRhmidgr6heYqig
127,Rachel-Rudowich,1723655711310,3,21155,18593,63467,0.3333333333333333,0,1,1,14,SUCCESS,21155,Z3_keYp5Q_-OJ5zud4eWew
128,stanCode-AndyLin,1723029936447,3,21263,20595,63790,0.0,0,0,0,10,SUCCESS,21263,XOqa6DpoST68mZ25gDc_9g
129,DashArcher,1722562712160,3,21264,20001,63794,0.0,0,0,0,1,SUCCESS,21264,vF3Q2leYT5OVOJOygI1E3g
130,LukeG,1723474356369,3,21352,20463,64056,0.0,0,0,0,33,SUCCESS,21352,iRodzDVrRuaeVxruJO0SPA
131,MSalie,1723413387628,3,21462,20865,64386,0.0,0,0,0,8,SUCCESS,21462,hEzNKV4vR1mcLP8PRdw_JQ
132,MUTB-MNSpeedDemons-RyomaMiyashi,1723526653519,3,21464,21004,64393,0.0,0,0,0,2,SUCCESS,21464,O67Xfi94Rg-hPkTxD4B8oQ
133,C3R0,1722520800344,3,21465,19263,64396,0.3333333333333333,0,1,1,5,SUCCESS,21465,61QIIR_GTpCM0JoUAsdwew
134,Aurora-DNPds,1722929447399,3,21477,21227,64431,1.0,0,3,3,1,SUCCESS,21477,26fba66bedca4aa3bca47w
135,MUMSS-HaruMinoura,1723294073587,3,21487,20870,64463,0.0,0,0,0,13,SUCCESS,21487,o4vucXv5QciHdNF7EAFmJw
136,GammaContext#0742,1723393517962,3,21532,21332,64596,0.0,0,0,0,21,SUCCESS,21532,-nZahGAAQTaXrk0ESaajaA
137,FernandoMarciano-Senna,1723466567254,3,21684,19262,65053,0.3333333333333333,0,1,1,40,SUCCESS,21684,KvZRHgnxQcSWlCLldH5xsw
138,technopro#abdullahaljabir,1723161562381,3,21730,21463,65192,0.0,0,0,0,1,SUCCESS,21730,pgnD8_kHRnW4E2FIehFopQ
139,IterableAttention#3151,1723556158484,3,21778,19799,65335,0.3333333333333333,0,1,1,42,SUCCESS,21778,u007vSg9RrGV3oD7aLWoQA
140,gabrielkoo#HongKong,1723742605323,3,21907,20995,65723,0.0,0,0,0,15,SUCCESS,21907,ydUnMZutQDmeS4U2pIDYLg
141,DFW-JPMWealthRacers,1723755958831,3,22020,19533,66062,0.3333333333333333,0,1,1,12,SUCCESS,22020,JnPpPfPvSZyFbmipPbt0yA
142,KenielFloriano-LowRacer,1722625634035,3,22085,21867,66255,0.0,0,0,0,1,SUCCESS,22085,v6rmAMJ9Q8ynigO9N5u5ig
143,technopro#suzukik,1723711193824,3,22085,21406,66255,0.0,0,0,0,4,SUCCESS,22085,0Ghn_z-7QJ2CFSU7kJIMbg
144,EvertonBlockchainBoosters,1723035219333,3,22087,21598,66261,0.0,0,0,0,22,SUCCESS,22087,ZFsOX0QJT8GJJYI-efggAQ
145,ryu,1723789318201,3,22173,17450,66519,1.0,0,3,3,4,SUCCESS,22173,VJ3BbvBVTJul_5HJYllepg
146,KineticCruiser,1723549737576,3,22198,21999,66594,0.0,0,0,0,34,SUCCESS,22198,4gTWESbfSMOefvxyse-nlw
147,JPMC-Columbus-009,1723138009047,3,22218,18534,66656,0.6666666666666666,0,2,2,17,SUCCESS,22218,Iaa4wynzRHu0xnytRKVqCA
148,Archer-Lee,1723811914343,3,22219,20324,66658,0.3333333333333333,0,1,1,13,SUCCESS,22219,uetYAiyvTR21dtrw9EOoKA
149,YongsangLee,1722758967371,3,22353,19124,67059,0.6666666666666666,0,2,2,9,SUCCESS,22353,G0S3IBd5REKg-1M7X9MYtg
150,Fenerbahce-FAN,1722530064024,3,22353,22136,67060,0.0,0,0,0,4,SUCCESS,22353,-yBKpK66SoKcJrJWFnLvsA
151,Kazu,1723655406789,3,22375,22324,67125,0.0,0,0,0,5,SUCCESS,22375,dRemqKtnR0in8tuYGcrL5w
152,Mentaiko-DevelopersIO,1722817735446,3,22463,20542,67389,0.3333333333333333,0,1,1,1,SUCCESS,22463,Wt5C8BPAS0OPlzY3-txb-w
153,Echo1911,1723605500170,3,22508,16936,67526,1.0,0,3,3,1,SUCCESS,22508,4WgpazINRpS1KD3yKMjkrA
154,MangoSmoothie#8888,1723576887170,3,22709,20999,68128,0.3333333333333333,0,1,1,19,SUCCESS,22709,mVBbsKn2QQOtH-Wrmcxb8g
155,AccessibleCharacter#6647,1723640096017,3,22775,19395,68327,0.6666666666666666,0,2,2,41,SUCCESS,22775,-80Fq7cYSvO0QFn1LFb5Rw
156,SJTelford,1722509542779,3,22861,22531,68584,0.0,0,0,0,10,SUCCESS,22861,NED2O6MXQ-KumuqSTAQ14A
157,ImportantArchitectfb9ecb,1722576196851,3,22908,22732,68726,0.0,0,0,0,5,SUCCESS,22908,o32e9YSqSWWSn2dwRFCk2w
158,SecureTheory#8903,1723376838020,3,22931,20672,68793,0.3333333333333333,0,1,1,17,SUCCESS,22931,1LpusBAfTUOl8xjP-y37yQ
159,SilEye,1722474832641,3,22995,22721,68986,0.0,0,0,0,16,SUCCESS,22995,y-L1qKgjS2iMcNjbnxNC_Q
160,ThePriceIsRight-home,1722612531247,3,23085,22201,69256,0.0,0,0,0,6,SUCCESS,23085,Wo2HNVdVSLm4duJkkhzpSw
161,ImportantArchitecta40593,1722534807387,3,23087,20934,69262,0.3333333333333333,0,1,1,15,SUCCESS,23087,bLM2mvZ9QOyeSmuwTlHWPA
162,J-Hatton,1723114136122,3,23107,20798,69323,0.0,0,0,0,15,SUCCESS,23107,wzVzQyEMRsG8HTwNx0foiw
163,Yoga,1722683356799,3,23152,20860,69458,0.3333333333333333,0,1,1,19,SUCCESS,23152,9C5BCEtKRUOa2-8axwuEFQ
164,la-banda-del-parque,1723240279601,3,23153,20997,69460,0.3333333333333333,0,1,1,1,SUCCESS,23153,9QCsSCjxRQa5lkvgTz4J_w
165,NestedSchema#3547,1723706542342,3,23240,21461,69721,0.3333333333333333,0,1,1,1,SUCCESS,23240,QacLptDPSKuVIuxBfLu3Fw
166,LZGYM,1722588135772,3,23286,21603,69858,0.3333333333333333,0,1,1,3,SUCCESS,23286,v8hYNq6DRAGu0mTjTXUyfg
167,mame-BIP,1723115627470,3,23287,22731,69862,0.0,0,0,0,3,SUCCESS,23287,OFLMZkLLR_Kh3tjK02Kq_w
168,JPMC-LATAMVirtual-WomenBehindTheWheels,1723589650603,3,23308,22794,69925,0.0,0,0,0,1,SUCCESS,23308,v3rjYXzdRfCO1o7-kP69XA
169,ERRA,1723758952768,3,23374,23201,70123,0.0,0,0,0,12,SUCCESS,23374,e4QgqnVzRr6R3uAENsYedg
170,Gustavo-LowRacer,1722942094835,3,23420,23193,70260,0.0,0,0,0,2,SUCCESS,23420,uS2yKh5aTfaZd5fvyhwW9A
171,Adam-Alaraj,1723129818894,3,23421,22468,70263,0.0,0,0,0,13,SUCCESS,23421,ychPt_8tQwCqXU6lq0zV6g
172,technopro#tsuboihisashi,1723355832759,3,23442,22329,70327,0.0,0,0,0,1,SUCCESS,23442,xmSOes4ERl-qotjBG773GQ
173,Parv,1722902467193,3,23461,22600,70384,0.0,0,0,0,2,SUCCESS,23461,-1uTpWs8R4e3Kn-iP8Ggdg
174,Douglas-MacIntyre,1723621607708,3,23485,22931,70457,0.0,0,0,0,23,SUCCESS,23485,moWvhxBzRoKUvuFUdw9Dqg
175,LeoMtz,1723595724649,3,23508,22535,70524,0.0,0,0,0,21,SUCCESS,23508,bAuh9G8eSlaPuXBlDHo6mQ
176,MachSpeed,1722769381393,3,23555,21741,70666,0.3333333333333333,0,1,1,7,SUCCESS,23555,qRXknxO6T8eg8WfacvuKIw
177,BroCcoLLie-DNP,1723168842883,3,23575,22794,70725,0.0,0,0,0,3,SUCCESS,23575,BU_FxPDVTVK4r2AxbPBuPA
178,JPMC-NYC-01,1723776708175,3,23575,21133,70726,0.3333333333333333,0,1,1,16,SUCCESS,23575,61QqpgA2Q5u9aH4wE3B4TA
179,pgebski,1723020567599,3,23595,21398,70786,0.3333333333333333,0,1,1,41,SUCCESS,23595,gfTMAo7aSISFQCyBv6fR7Q
180,ImportantArchitect8de171,1722495666666,3,23599,19733,70797,0.6666666666666666,0,2,2,5,SUCCESS,23599,MMyN56YPSTKLtJlUPoJwCA
181,technopro#takahashi,1722538796857,3,23819,23402,71458,0.0,0,0,0,1,SUCCESS,23819,hxQVCapVRNaQKIkpBmbrJg
182,ImportantArchitecte7a4f2,1722539944618,3,23823,21925,71469,0.3333333333333333,0,1,1,2,SUCCESS,23823,PKq-O5XhQSyatUIcYnzybg
183,drunken-monkey,1722513592969,3,23840,23054,71521,0.0,0,0,0,1,SUCCESS,23840,c7a82cb998e44f9abd469Q
184,JOAO-WDC-DIGITAL-E-SISTEMAS-01,1722885309441,3,23843,21792,71531,0.3333333333333333,0,1,1,17,SUCCESS,23843,-Lz8V9_lS_uhIf3FQt1i9w
185,TheEconomist,1722868287575,3,23865,18673,71597,1.0,0,3,3,2,SUCCESS,23865,_sRt0zAsSvGdTJM-2XSBNg
186,CZ1-Tekai,1723629467932,3,23887,21532,71661,0.6666666666666666,0,2,2,10,SUCCESS,23887,wpjlmAUKR5ODe_gFEopSkg
187,MUTB-CPIMotorsInc-MasahiroTsunemi,1723288821767,3,23930,23398,71791,0.0,0,0,0,13,SUCCESS,23930,Z3ddQUgHTQiNEn3zBu01EQ
188,RecursiveArchitect#9449,1722889069758,3,23930,23138,71792,0.0,0,0,0,39,SUCCESS,23930,UPWesMmaT1-VE_LWVMk4Yw
189,EatMyGas,1723191991541,3,23952,21195,71858,0.3333333333333333,0,1,1,9,SUCCESS,23952,G49XjRGRR76Xv00WxIMvnQ
190,ImportantArchitect80d081,1722580373729,3,24040,21598,72120,0.3333333333333333,0,1,1,14,SUCCESS,24040,9SWAeGlISaSKVw1Ww7CbAg
191,reddevilgp,1723748249667,3,24084,23730,72253,0.0,0,0,0,14,SUCCESS,24084,luqmCfV3Qk6HWz85EeQ0XA
192,RRRkoopa,1723149449318,3,24196,23989,72588,0.0,0,0,0,3,SUCCESS,24196,TqM2G7_1Qji5ZRjCnrxPDA
193,don-chan-DNP,1723094943026,3,24197,24135,72593,0.0,0,0,0,7,SUCCESS,24197,0ziK21IUS3uClDGVSKbhIA
194,outOfBounds,1722555160457,3,24240,21794,72722,0.3333333333333333,0,1,1,7,SUCCESS,24240,f2MQOiXTTR629Mm7_GCoDQ
195,Alexandre-Solucoes-digitais,1723170386626,3,24284,21062,72854,0.6666666666666666,0,2,2,1,SUCCESS,24284,mzIJshEBQSiuFH_7joCzhQ
196,ImportantArchitectbb20c7,1722516120905,3,24290,23269,72870,0.0,0,0,0,1,SUCCESS,24290,VV8WkHbzQp21rjGGWR8PNg
197,ExaaApp,1722814883737,3,24308,23599,72926,0.0,0,0,0,3,SUCCESS,24308,cbpYWPp-QXOsUM9YYT9YEw
198,Akiva,1723381342541,3,24398,23733,73194,0.0,0,0,0,2,SUCCESS,24398,hsfJQ05mShW_UFBDkcXFyw
199,monstsquad,1722608812970,3,24464,24131,73394,1.0,0,3,3,1,SUCCESS,24464,DrMkcpQaSYCRAUD22iT2ng
200,Kuako,1722989835050,3,24486,21996,73459,0.3333333333333333,0,1,1,5,SUCCESS,24486,g3jpBKVBQrSJ7YjOu4pYhw
201,p2,1722532805740,3,24508,23600,73525,0.0,0,0,0,4,SUCCESS,24508,8eNxVKWZT16r_lAZ1JgR_w
202,MUTB-SafetyDrivers-KentaroOchi,1723194274257,3,24509,24342,73529,0.0,0,0,0,12,SUCCESS,24509,-rHPhHgVQm-DN6oSnRfwnA
203,NeuralFix#3649,1722492126943,3,24530,24192,73590,0.0,0,0,0,2,SUCCESS,24530,69kUv7qhScSY6tsp034yww
204,FuturisticModel#6028,1723464223875,3,24531,22402,73593,0.3333333333333333,0,1,1,9,SUCCESS,24531,yQ7Vba1nTM6-Fqspys1Nbw
205,JPMC-DEL-Sandbox01,1723470490482,3,24532,22208,73598,1.3333333333333333,0,4,4,7,SUCCESS,24532,9zv888f5T8WGnzte_yhjyg
206,GustavoGorges-TechTurbos,1722539331576,3,24551,20994,73655,0.6666666666666666,0,2,2,5,SUCCESS,24551,tqSZNJ3NTpqian1HeXOOZA
207,ImportantArchitectabc4ca,1722525676568,3,24552,20791,73656,0.6666666666666666,0,2,2,17,SUCCESS,24552,zbiCoY1_QCu9UeZ2lD8GWw
208,Sandbox7,1723596488768,3,24596,24262,73789,1.0,0,3,3,28,SUCCESS,24596,v7tPdEpcSY6jtk-hz5UQnA
209,MechanicalMethod#4013,1723440739094,3,24619,24129,73859,0.0,0,0,0,20,SUCCESS,24619,uq0n5x-ERrG3ij3foZcHFA
210,MUTB-Commons-MasatakaKonno,1723434773631,3,24685,22933,74057,0.0,0,0,0,20,SUCCESS,24685,1gtGXPG_SnyC4wrMaJVvHA
211,Adriana-tandler-AVM,1723168869799,3,24686,20997,74059,0.6666666666666666,0,2,2,6,SUCCESS,24686,DGwjK70sRkilyp15LIo5Jg
212,SilverBullet777,1722485434739,3,24730,24523,74191,0.0,0,0,0,1,SUCCESS,24730,9tyVk4VlRF-d6J3rlZDwjg
213,Wolfking7,1722493566073,3,24754,24401,74263,0.0,0,0,0,1,SUCCESS,24754,zDhMPmTYSn6gduZ26KjthA
214,TestDriver,1723173733588,3,24775,23133,74326,0.3333333333333333,0,1,1,36,SUCCESS,24775,tLCAjJUMSUeYdROrJX0K2w
215,Galaxy-Destroyer,1722534493325,3,24796,21456,74390,0.6666666666666666,0,2,2,10,SUCCESS,24796,R5dbzb_dTHeWKz89XJfXSQ
216,JosephUrbanek,1723073556622,3,24819,24732,74459,0.0,0,0,0,1,SUCCESS,24819,VcTxezb1QhipKUJgiok0jg
217,TabletAnalysis#3199,1722624867864,3,24820,22861,74462,0.3333333333333333,0,1,1,47,SUCCESS,24820,Hdix5wz-QNugPUX3cNYaXg
218,Eviden-DeliangGao,1722496508086,3,24842,22800,74528,0.3333333333333333,0,1,1,2,SUCCESS,24842,fG2qFJJXSJe0vHMtXWDmQg
219,VelocityVirtuoso#8123,1723025815907,3,24884,19070,74654,2.0,0,6,6,6,SUCCESS,24884,SOaLDMtJTQWr55eR6v710Q
220,TabletSchema#7033,1723782371162,3,24886,21264,74660,0.6666666666666666,0,2,2,19,SUCCESS,24886,zqa2Jft7R2GSXUeRDo4Kog
221,2024chuncheon-34,1723744405195,3,24905,22790,74717,0.3333333333333333,0,1,1,4,SUCCESS,24905,ETH4P_sERyOKqzE0NmYwnw
222,GustavoVoltolini-RelampagoMarquinhos01,1723144488798,3,24909,22807,74729,0.3333333333333333,0,1,1,23,SUCCESS,24909,gOanHlg3ToeL9BZ3qy4A0Q
223,MUTB-TeamChikamax-KatsueiTani,1723290719383,3,24953,23132,74859,0.3333333333333333,0,1,1,15,SUCCESS,24953,dlF2pJw0RKqmjdl2OKlzdQ
224,MUTB-TeamChikamax-SatoshiChikama,1722935177943,3,25021,23930,75065,0.0,0,0,0,14,SUCCESS,25021,_0P4cSW6TLu5t2ypymv0nw
225,Polaris-DNPds,1722493568723,3,25022,22663,75066,1.3333333333333333,0,4,4,1,SUCCESS,25022,2617874c942840f0a2fdbQ
226,UnboundConsole#8106,1723791173521,3,25061,21332,75183,0.6666666666666666,0,2,2,12,SUCCESS,25061,LdeWqnCkQC2a8Fpoo5_2rg
227,QualifiedByte#6691,1722470471056,3,25086,21334,75258,0.6666666666666666,0,2,2,1,SUCCESS,25086,EaKxFz_TTKWyd_GqUaHZwQ
228,ImportantArchitectf9c162,1722516775607,3,25108,24138,75325,0.0,0,0,0,18,SUCCESS,25108,IlcOyUujQvmFvYeNb0tZvQ
229,ImmutableArray#1894,1723133869904,3,25109,24799,75329,0.0,0,0,0,7,SUCCESS,25109,RkLJ4KAoTxyHkLaGnGzCHQ
230,BoltronRacingTeam,1723065962914,3,25109,24470,75327,0.0,0,0,0,1,SUCCESS,25109,Lkrg6gQPQ5qwn61K16MHhg
231,ImportantArchitecte3f173,1722537829898,3,25155,22798,75467,0.3333333333333333,0,1,1,1,SUCCESS,25155,0-K2_eFqQBKgFqNF6jjzgw
232,NitroBoostM,1723753051763,3,25175,24402,75526,1.0,0,3,3,2,SUCCESS,25175,BbeYnzdXRcmOwq351apTXQ
233,NeilSimon-PanSup,1722471722848,3,25242,22940,75728,1.3333333333333333,0,4,4,2,SUCCESS,25242,caj3LxcuQz297jcW58Y--Q
234,FocusedExpert#7259,1722639847323,3,25242,22998,75728,0.3333333333333333,0,1,1,18,SUCCESS,25242,3MZZuFygRjm1Za-OUz0ufg
235,MUTB-KazutakaKikkawa,1723390527897,3,25243,25002,75730,0.0,0,0,0,9,SUCCESS,25243,x_INy4dQRcuBdfxHOPWPRQ
236,AtomicMachine#1939,1722736225688,3,25330,25002,75992,0.0,0,0,0,8,SUCCESS,25330,ksv1FdgwTYa6qI7GpProLA
237,MUBK-TeamCoCo-ShioriTanaka,1723505414384,3,25374,21401,76124,0.6666666666666666,0,2,2,3,SUCCESS,25374,C013pakqRra7keXmOoUwew
238,MUMSS-Unvanillas-ShinKobayashi,1723036742434,3,25377,21267,76133,0.6666666666666666,0,2,2,14,SUCCESS,25377,oxmX4ZJyQyeEb6z9Wj94QA
239,MUTB-Yukibo-Shimma,1723283216051,3,25418,20390,76256,1.0,0,3,3,22,SUCCESS,25418,lpNqU1okREC7s7ZS_k9S1Q
240,MUBK-TakashiMatsunaka,1723468429813,3,25421,23462,76264,0.3333333333333333,0,1,1,9,SUCCESS,25421,OgDTOFHnRlqpgbD-_wGW_A
241,ImportantArchitectc96fc8,1722538087825,3,25421,24670,76264,0.0,0,0,0,21,SUCCESS,25421,pw-oXaaVRGOvObd8sCSZCQ
242,ImportantArchitectec2b8c,1722524831221,3,25550,25131,76651,0.0,0,0,0,11,SUCCESS,25550,9ATszFgvTsOSGeSUS8jctQ
243,ImportantArchitect975b2d,1722580186272,3,25642,25399,76926,0.0,0,0,0,3,SUCCESS,25642,YcvwlzxWTM6-O-gX5lh6TA
244,MUTB-Commons-JiroOmori,1723014768690,3,25663,24799,76989,0.0,0,0,0,8,SUCCESS,25663,fcOAITYEQaaq3gplUXjADA
245,Lucas-Sordi-Rambo-Neural-Nitro,1723132683347,3,25664,25520,76992,0.0,0,0,0,5,SUCCESS,25664,1TFQtRoGRcqkFwK3Vc-1DA
246,InteractiveResource#8611,1722522135636,3,25664,22001,76994,0.6666666666666666,0,2,2,1,SUCCESS,25664,-4pc5F3vQH6z5_FF4MoOWw
247,gcjordi,1722616620300,3,25688,25202,77064,0.0,0,0,0,14,SUCCESS,25688,4n-0HYIyQ2241dJ4tZirRg
248,ImportantArchitectceae90,1722540663303,3,25729,23068,77188,0.3333333333333333,0,1,1,6,SUCCESS,25729,l7P36DMlSSqvybHdpGBi0A
249,Predator96,1722868254180,3,25753,23468,77259,1.3333333333333333,0,4,4,2,SUCCESS,25753,pEZ4tYI0SCSpGKBMmPqfZw
250,RenanJacob,1723033762746,3,25779,23924,77337,0.3333333333333333,0,1,1,1,SUCCESS,25779,OM1QUtARRY-l1xAvb42l3A
251,JonatanMuller#CAPTOM,1722612378687,3,25802,24131,77407,0.3333333333333333,0,1,1,5,SUCCESS,25802,6T6TcO19RTi62rFJSm3cUg
252,DustyRacing,1722489661095,3,25820,22667,77462,1.6666666666666667,0,5,5,5,SUCCESS,25820,Vlo2vVAfQrqWadXhqFE38A
253,StanCode-gg788,1722918343738,3,25822,21400,77466,0.6666666666666666,0,2,2,15,SUCCESS,25822,218tPNZVSUSqhxC7e505sw
254,2024chuncheon-56,1723688231012,3,25840,25531,77522,1.0,0,3,3,2,SUCCESS,25840,n6nJB3-eRziIrpbAYzZkUQ
255,MikeyBoi,1722573225531,3,25863,25595,77590,0.0,0,0,0,4,SUCCESS,25863,ap2EZqbrQvOAO808YpJGYQ
256,JPMC-MUMBAI-007,1723168820232,3,25929,20734,77789,1.0,0,3,3,11,SUCCESS,25929,ZaQZzenOTEudI-YzqUr01g
257,NicoloRace,1722868317230,3,25976,23872,77928,1.3333333333333333,0,4,4,2,SUCCESS,25976,vr1lMXTfS2Gu6RIv8M6lAA
258,CleanNamespace#7117,1723734285109,3,25978,20338,77934,1.0,0,3,3,20,SUCCESS,25978,8Iil947WQiKhKyEtAX5hUA
259,ImportantArchitect7c6911,1722480337718,3,25995,24454,77987,0.0,0,0,0,5,SUCCESS,25995,s1PJfv_BQgiBOnUEslpNBA
260,MUBK-TakehikoTomita,1723379175727,3,26062,23995,78188,0.3333333333333333,0,1,1,16,SUCCESS,26062,Yfzj4NBjRq-sSCuxJ4PNBQ
261,ImportantArchitect6ea3a5,1722527864833,3,26064,23660,78192,0.3333333333333333,0,1,1,4,SUCCESS,26064,reTblg-3QKuWs4bubsorzQ
262,BJSS-Enginever,1723294828364,3,26105,25005,78317,0.0,0,0,0,3,SUCCESS,26105,Ym4u3vKwSOSEhejti-8AYQ
263,SG-JPMC-03,1723211959414,3,26132,25803,78397,0.0,0,0,0,18,SUCCESS,26132,LJzDpiNuTFeHu9dsqp1APw
264,ImportantArchitect68cb81,1722491671115,3,26150,25461,78452,0.0,0,0,0,3,SUCCESS,26150,cB4Y9O7rSCaXtZgjFdIxUA
265,ImportantArchitectfaf1bd,1722514844968,3,26153,25855,78459,0.0,0,0,0,10,SUCCESS,26153,-g4Hh8t7S3-Xff2bHJ9KJQ
266,BLR-DR-016,1722758850286,3,26197,23000,78592,0.6666666666666666,0,2,2,10,SUCCESS,26197,Jo66tsPYSXu-Edb3T3C6VQ
267,AugustoPatsch-Rust-eze-SPIA,1723039083066,3,26198,23673,78595,0.3333333333333333,0,1,1,4,SUCCESS,26198,iR-b210_TJuhsYHMrPJKdg
268,DXPF#demo,1722994581103,3,26218,22320,78654,0.6666666666666666,0,2,2,1,SUCCESS,26218,QfrZ05t4TAq3i5ugzYirOg
269,Eviden-WiroteP,1722470501162,3,26220,22798,78660,0.6666666666666666,0,2,2,1,SUCCESS,26220,ELFOqB6AT9GzSMNYz5innQ
270,teamEW,1723898980867,3,26242,26061,78726,0.0,0,0,0,28,SUCCESS,26242,Eqb88WDVTd6Eh7qqgk_42w
271,AsynchronousDigit#1151,1722532086847,3,26263,26071,78789,0.0,0,0,0,10,SUCCESS,26263,PzlqbcKpRUuopisnbmOEOg
272,EduardoLima-WEGMotorSport,1723121089567,3,26263,25334,78789,0.0,0,0,0,4,SUCCESS,26263,URBhs6ttSiCxQxM41L0kVQ
273,MUBK-ProjectD-ShukoTakamura,1723473318120,3,26351,25467,79054,1.0,0,3,3,12,SUCCESS,26351,mTEpTdKER2-vUaGiBVOLOg
274,ReferenceTable#7018,1723036392744,3,26352,23669,79058,0.3333333333333333,0,1,1,4,SUCCESS,26352,g-o5AbTKRVq0wlA9npa0KQ
275,ImportantArchitect3e5bfe,1722568185280,3,26377,22666,79133,0.6666666666666666,0,2,2,5,SUCCESS,26377,-XRvYM62TEuHOz1Dyur6Cg
276,Cloud-Ultra-Pro,1722961581139,3,26410,23164,79230,1.6666666666666667,0,5,5,2,SUCCESS,26410,R22FBKQsSMKmRaTpNdD76A
277,Airton-LoremIpsum,1723172746002,3,26419,24790,79258,0.3333333333333333,0,1,1,1,SUCCESS,26419,Bi-8hfPqQBCLqHyzrNmwpg
278,ImportantArchitect35c00a,1722522825245,3,26420,25803,79260,0.0,0,0,0,2,SUCCESS,26420,zvadXoZ2RE6NwKS2x7iozA
279,MUTB-MNSpeedDemons-TomohiroMaeno,1723426487908,3,26421,26126,79263,0.0,0,0,0,16,SUCCESS,26421,c8_o5D-aQkyP52RaYiz5ww
280,MUMSS-YutakaKunisato,1723304796381,3,26441,22203,79324,0.6666666666666666,0,2,2,16,SUCCESS,26441,WEGhVUuOTvujrLdAQkWIuQ
281,AleCi,1722500918521,3,26464,26139,79392,0.0,0,0,0,10,SUCCESS,26464,R3HcTqybRx26I4O6xo9Qcg
282,raZs,1723225876677,3,26464,24000,79393,0.3333333333333333,0,1,1,9,SUCCESS,26464,5PFarl3qQc-mTgORU3cmew
283,PedroHenrique-MachineDrivers,1722914066606,3,26466,26059,79398,0.0,0,0,0,6,SUCCESS,26466,bTRGL9F4QtGSKFbz0QVMqw
284,MiLKB,1722498891952,3,26486,22663,79458,1.6666666666666667,0,5,5,2,SUCCESS,26486,8KL8u0H3RIWxgP14x_RC6w
285,drdj,1722702442918,3,26487,24531,79462,0.3333333333333333,0,1,1,6,SUCCESS,26487,OZK0S-bsRB2VxjFuxca3lg
286,DiogoCP-DAJAlearning,1723493037786,3,26493,20798,79481,1.0,0,3,3,5,SUCCESS,26493,jIeGOnoUTO-VsnU5SGi90w
287,Dfwdeepracer1,1723620080412,3,26509,25532,79528,0.0,0,0,0,19,SUCCESS,26509,7470C6uKS4yC-Q7TV4qjGg
288,ImportantArchitect72165d,1722536853020,3,26551,24192,79653,0.3333333333333333,0,1,1,3,SUCCESS,26551,R1Ge14x2T2i36MQfYeEsLw
289,John-McSweeney,1723046804485,3,26556,23187,79668,0.6666666666666666,0,2,2,13,SUCCESS,26556,JLXYoOuGSr69rEk5jx7g3A
290,VanessaParpineli-IAstec,1723134183535,3,26598,26204,79794,0.0,0,0,0,10,SUCCESS,26598,cmWlNWc2S2KIhzyZdYFCBw
291,LightspeedLambda#5656,1723654936630,3,26618,26525,79854,0.0,0,0,0,11,SUCCESS,26618,OqxZuHTMQze9pAIYbLXE3Q
292,PrototypeConsole#2559,1723311223285,3,26623,26075,79869,0.0,0,0,0,1,SUCCESS,26623,AqYWapUhTo-MwIdPRVbwWw
293,CyberneticTech#5080,1722882765179,3,26642,25725,79928,1.0,0,3,3,10,SUCCESS,26642,61nU8icTQpCpX3EQjCG6CQ
294,JPMC-BLR-Ferrari,1723012494494,3,26643,26468,79929,0.0,0,0,0,10,SUCCESS,26643,A4724nyYRPSlfEM4-dPp9Q
295,JavaLambda#7813,1722994193272,3,26661,26058,79985,0.0,0,0,0,41,SUCCESS,26661,afLtBgqLSyKZISvcMV366g
296,RoydonAu-NTU-CCDS,1723625226587,3,26663,20726,79989,1.0,0,3,3,1,SUCCESS,26663,at8BAi9nR0aLCL7nfncCVA
297,FuturisticAnalyst#0733,1723344040749,3,26664,26131,79993,0.0,0,0,0,31,SUCCESS,26664,tsscUEEWR_qAuU2dt6w-OA
298,LionSita,1723460032354,3,26665,26399,79995,1.0,0,3,3,9,SUCCESS,26665,QNHXS5UdQkiLPbx_JJQk-A
299,DReds,1723229196732,3,26731,26534,80195,0.0,0,0,0,3,SUCCESS,26731,ExkMtW9TQvyfl6MLLNU-hA
300,UsableMethod#5619,1722636522881,3,26753,24875,80260,0.3333333333333333,0,1,1,14,SUCCESS,26753,pcb1uADoTJesJ5Ar5JuJhg
301,Ares#540,1723787983098,3,26754,24066,80262,0.3333333333333333,0,1,1,1,SUCCESS,26754,Ly5f-rjCTHq9oVAMho3xYg
302,ImportantArchitect3ba173,1722560390505,3,26755,24672,80265,1.3333333333333333,0,4,4,7,SUCCESS,26755,27GmeykTQouZxjSvd26o1g
303,JPMC-HYD-Expeditive,1722497297450,3,26829,21130,80488,2.0,0,6,6,1,SUCCESS,26829,0bHKxSFCR2aL2CUrGAZRVQ
304,SneedRacer,1722948123332,3,26842,26340,80527,1.0,0,3,3,1,SUCCESS,26842,EprA2JZ7SsihMmzbw-RxpQ
305,HameenHitain#42,1722498587488,3,26886,24337,80658,1.3333333333333333,0,4,4,4,SUCCESS,26886,44YjKeFtRFyv_g8ljvEg1w
306,sandbox08,1722707176347,3,26893,22867,80679,0.6666666666666666,0,2,2,3,SUCCESS,26893,kgey93DNSD25qbJ67RZ-wQ
307,SulaimanL,1722502826808,3,26897,26533,80692,0.0,0,0,0,6,SUCCESS,26897,uAHDbip4R1qtp5IJ1uaeJw
308,MUMSS-TatsuyaNagasawa,1723898402184,3,26931,22667,80795,0.6666666666666666,0,2,2,50,SUCCESS,26931,PMtjJ-2YSkGxMnw1fWVOMg
309,AndreyMurara-TheChickenFeet,1722513177864,3,26954,26402,80863,0.0,0,0,0,31,SUCCESS,26954,7SQZjq6ISoCHtj3y2KEu9A
310,ConnectedByte#8500,1723674827366,3,26996,26597,80990,1.0,0,3,3,5,SUCCESS,26996,t3IYYgidStuk1_4QWwfr5w
311,RocketBottleneck#3326,1722823852105,3,27043,22735,81131,0.6666666666666666,0,2,2,17,SUCCESS,27043,u3uViHoHTva1Ju7XlZlz1w
312,Elaine-CentroWEGSpeedAI,1723056199635,3,27086,22595,81260,0.6666666666666666,0,2,2,6,SUCCESS,27086,DlIeQS6UQGCyogk4p9X5HA
313,Clifi,1722524223519,3,27109,26599,81329,1.0,0,3,3,4,SUCCESS,27109,YdjWle2bQOGnAxo3udNZ9g
314,InteractiveBottleneck#9530,1722810526678,3,27131,22397,81395,0.6666666666666666,0,2,2,22,SUCCESS,27131,L6HKuOBRQKqDS5Zlom3ExQ
315,Pay-As-You-Go#0001,1723677163469,3,27131,26599,81394,0.0,0,0,0,8,SUCCESS,27131,2i5R3tXsQma8c2JQthei6w
316,BLR-DR-015,1723466553307,3,27153,20404,81461,1.0,0,3,3,5,SUCCESS,27153,fbr8oeOhRaOLNfGo_XpbUg
317,ImportantArchitect765482,1722583989857,3,27175,19729,81526,1.3333333333333333,0,4,4,2,SUCCESS,27175,got6tOiyRdGQDpuL3sMThA
318,TabletModel#2181,1722853945631,3,27197,26732,81591,0.0,0,0,0,8,SUCCESS,27197,Xa_uR5jWSA-IKZv0ptAeJw
319,RuyFerri#TheSOAPs,1723129521903,3,27199,26933,81599,0.0,0,0,0,3,SUCCESS,27199,8o1VeaWmTZeUY2RfzgxA6A
320,ImportantArchitect119b69,1722516909920,3,27202,23266,81607,0.6666666666666666,0,2,2,25,SUCCESS,27202,X8js0l8CSlWxOq0c9vHtqw
321,Kave4Lumen,1723493809930,3,27241,23522,81724,0.6666666666666666,0,2,2,21,SUCCESS,27241,w5n24VrgSL6pBUmTgu8ugw
322,SamiraUnidosdoRPA,1723130532182,3,27241,25067,81725,0.3333333333333333,0,1,1,2,SUCCESS,27241,2eOkjgJgQhiHtwcOt5RNqA
323,Thais-Certipliance,1722817833137,3,27308,24933,81926,0.3333333333333333,0,1,1,3,SUCCESS,27308,6_G82wDkSjKO_zePQ7GUfQ
324,MUBK-YokoSato,1723438666327,3,27329,27067,81988,0.0,0,0,0,4,SUCCESS,27329,z9NhgmcJRV2w6RcuMgE2ug
325,MUMSS-JunichiTakamura,1722693036228,3,27332,25335,81996,0.3333333333333333,0,1,1,13,SUCCESS,27332,TzVErklxTkego2g28jQTAQ
326,SecureBrackets#3118,1722478259430,3,27374,27134,82123,0.0,0,0,0,16,SUCCESS,27374,wd3enUxTSieYCSW1i9Et9w
327,JPMC-Hyd-CodeCrusader,1723583264898,3,27379,23384,82138,0.6666666666666666,0,2,2,8,SUCCESS,27379,8afnJoZMQ66K60JaXgi0nw
328,Duane-ZOE-version#1363,1723648342766,3,27396,26466,82189,0.0,0,0,0,15,SUCCESS,27396,0DUyOm_cQJSTxbVliQqfoQ
329,RecursiveNode#6429,1723584977262,3,27397,27128,82191,0.0,0,0,0,16,SUCCESS,27397,2B5jLWtdRDmTFfMjo7qGag
330,ImportantArchitect02920b,1722514872978,3,27398,25732,82196,0.0,0,0,0,5,SUCCESS,27398,U7jtS7LRSgSJ231nusOiBA
331,JPMC-TPA-SB000,1722602134891,3,27419,26538,82259,2.0,0,6,6,7,SUCCESS,27419,WTUg-fcURfyu_1IFEzaAng
332,MUBK-MizukiMori,1722694209133,3,27443,26268,82330,0.0,0,0,0,6,SUCCESS,27443,aA7HNNe8RLaxqF9BzFqfeg
333,CurlyCallback#4692,1723115746993,3,27464,23461,82392,0.6666666666666666,0,2,2,7,SUCCESS,27464,G_X5Nq8ARRqHHIyTvLROxw
334,Marianne-Marciano,1723736410059,3,27465,25202,82396,1.3333333333333333,0,4,4,17,SUCCESS,27465,s7-Egmv7TIOcSfFqCzHe3w
335,ImportantArchitecta91311,1722535558415,3,27467,23859,82401,0.6666666666666666,0,2,2,1,SUCCESS,27467,rkqqk_6STq21QFwkznzVgA
336,MUTB-TeamBullMK2Hotshots-KotaFujiwara,1723496872111,3,27485,24803,82456,0.3333333333333333,0,1,1,30,SUCCESS,27485,6-UXMduETMOSMi0nkUjguw
337,FormulaicScope#1424,1722545205804,3,27487,23200,82461,0.6666666666666666,0,2,2,2,SUCCESS,27487,hasqo84dRKOawdQGRA_Dzw
338,RecklessEndagerment,1723361174857,3,27488,26134,82464,0.0,0,0,0,22,SUCCESS,27488,HjS2YH5eQbeZs8X_5Kc1JA
339,ImportantArchitectdba785,1722530208541,3,27552,27266,82657,0.0,0,0,0,1,SUCCESS,27552,rXYggX7JTzK8OTX3eK_R6Q
340,gottueagles,1723301071365,3,27574,25733,82722,0.3333333333333333,0,1,1,10,SUCCESS,27574,nEn813DYTiqk78BFD7lWCw
341,Yousuf,1722882597643,3,27596,27201,82788,0.0,0,0,0,21,SUCCESS,27596,AUUgWPINQyOVDV0ty-nKZw
342,DraftBraces#1654,1723302289517,3,27598,17533,82794,1.6666666666666667,0,5,5,4,SUCCESS,27598,PyzaPGikQuyijL6DFTc9Dg
343,Mike211,1723884058644,3,27598,26938,82794,0.0,0,0,0,4,SUCCESS,27598,rgZhd0J7TBGwBO4GPYC3yg
344,ImportantArchitect615e14,1722525727179,3,27620,21593,82862,1.0,0,3,3,9,SUCCESS,27620,KW5eHM_bSaGdcbogjXTW1g
345,ImportantArchitectedc973,1722521805043,3,27620,22131,82862,1.0,0,3,3,7,SUCCESS,27620,d_spYT2yQLOsdawUoHFy9A
346,MUTB-TeamBigcranes-DaisukeKomori,1722761477476,3,27662,27130,82988,0.0,0,0,0,2,SUCCESS,27662,9pf9dBqKTHa5I5iMZBUB1A
347,ImportantArchitect7b7415,1722499118586,3,27664,23195,82992,0.6666666666666666,0,2,2,6,SUCCESS,27664,zjmx3s2vRjir20NWkvKeuQ
348,ImportantArchitect2eb42f,1722526941725,3,27684,27537,83052,0.0,0,0,0,1,SUCCESS,27684,bMu8_MSRQDylel1bsTqYqQ
349,MUBK-ShihoIbaraki,1723299059996,3,27709,25539,83129,0.3333333333333333,0,1,1,7,SUCCESS,27709,5ptgLTusTuGVcpgk07NO5A
350,MatheusBrondani-RunIA,1723030987622,3,27753,25201,83260,0.3333333333333333,0,1,1,1,SUCCESS,27753,qJxrpkUeQ6ayQwL9hfM6jA
351,MUTB-TeamChikamax-Makiko,1722698809402,3,27775,27534,83326,0.0,0,0,0,23,SUCCESS,27775,b671fdBNSheUF-Sgwe-t8A
352,BrunoZendron-BAJAWTD,1723129698075,3,27775,23599,83327,0.6666666666666666,0,2,2,4,SUCCESS,27775,QW6B-QQxRgyawEzV5X-ndQ
353,LeandroVieira-QuickDogs,1722637153453,3,27775,26657,83327,0.0,0,0,0,3,SUCCESS,27775,_yHyhRNuQKO7VJ-X4Xe7-g
354,MUTB-TeamChikamax-KazunoriTerawaki,1723334629090,3,27797,25801,83392,0.3333333333333333,0,1,1,8,SUCCESS,27797,aHgIbwInSyOGTj6rfm8WSw
355,ImportantArchitect9d4c96,1722571366858,3,27841,23998,83524,0.6666666666666666,0,2,2,3,SUCCESS,27841,VhTazqB1Qze0p3wGczBp7A
356,HashableNode#4592,1723039093345,3,27843,26803,83529,0.0,0,0,0,1,SUCCESS,27843,ga8sJ_LyRSmK7b1MW22mMA
357,Back2TheFuture,1723025249001,3,27843,27671,83529,0.0,0,0,0,4,SUCCESS,27843,sEx9JVCKTV-D_-iYO6-t4g
358,ImportantArchitectd53c99,1722509763961,3,27883,25869,83651,0.3333333333333333,0,1,1,12,SUCCESS,27883,ih-04i3OSBiPNR6rsvSY8Q
359,MUTB-AnzenUnten-TaroOkanojo,1723533994382,3,27886,25934,83660,0.3333333333333333,0,1,1,6,SUCCESS,27886,7JrUQSytTieEoOlp7U5xlQ
360,PrettoGustavo-WBSMaveriks,1722899158538,3,27888,25400,83664,1.3333333333333333,0,4,4,5,SUCCESS,27888,RjZZhFQwSdKJ9z3dBne8yQ
361,Marshmellow,1722910173480,3,27907,25533,83723,1.3333333333333333,0,4,4,2,SUCCESS,27907,3aa3b191d34f4a2f94dc1Q
362,kk#0303,1723106589028,3,27907,26253,83723,0.3333333333333333,0,1,1,3,SUCCESS,27907,Y7vzesooTjCgUcZmu6sdNw
363,ImportantArchitect1cdaa4,1722572206646,3,27910,23801,83732,1.6666666666666667,0,5,5,5,SUCCESS,27910,uzOO4-eWSJuLrij8lK6JSA
364,Danna#CAPTOM,1722595721423,3,27911,27661,83735,1.0,0,3,3,7,SUCCESS,27911,2G4iMKwvSQiWwJ7DzsWzZg
365,CyriacEdappully,1722521228178,3,27928,23394,83785,0.6666666666666666,0,2,2,18,SUCCESS,27928,PbW7huPoSuqWo3ql0A5OqA
366,MUBK-TeamTIDBSmanagement-JakeEdwards,1723199576672,3,27999,24272,83999,0.6666666666666666,0,2,2,6,SUCCESS,27999,junh0vtuT5KuN66z4Oo_8w
367,MUBK-HikaruSakakibara,1722755166679,3,28021,22404,84064,0.6666666666666666,0,2,2,7,SUCCESS,28021,VXGNeFHwQQycM5GQO6TnGQ
368,MUBK-TeamCoCo-MahiroHata,1723636072865,3,28064,24534,84193,0.6666666666666666,0,2,2,17,SUCCESS,28064,vjfe21XNTwC_DKvkAx1CSQ
369,Archer,1723197822924,3,28085,27667,84255,0.0,0,0,0,21,SUCCESS,28085,p7ErzLtPRnecmAE047BoEA
370,Takoyaki#23,1723567689266,3,28108,25932,84326,0.3333333333333333,0,1,1,13,SUCCESS,28108,5nGRLPa_TGCDMavpn6uBZw
371,JPMC-HK02-HongKong,1723712122998,3,28110,26133,84331,0.3333333333333333,0,1,1,37,SUCCESS,28110,wQl2h07uTuOPY9Uvk9DIEw
372,BenjiTheMaltese,1723432947432,3,28111,27810,84334,0.0,0,0,0,4,SUCCESS,28111,OmOSfTaNRo2MkfqTaqOryg
373,weis-NeuralNetNinjas,1723139108756,3,28151,27939,84455,0.0,0,0,0,3,SUCCESS,28151,S6GAfORLRkyxpcW-xXqT4A
374,TKU-CSIE-wei,1723726478041,3,28153,27866,84460,0.0,0,0,0,10,SUCCESS,28153,bBKLpMzqRS2YZTuLYVUmcA
375,BLR-DR-002,1723781300784,3,28171,24783,84513,0.6666666666666666,0,2,2,7,SUCCESS,28171,Igj2rvcYQPiqLSD6Zzkhhw
376,BLR-DR-014,1722686347873,3,28173,24261,84519,1.6666666666666667,0,5,5,8,SUCCESS,28173,ucq3ap_uS_GSIauKXIXgew
377,2024chuncheon-26,1723479999315,3,28180,24401,84542,1.6666666666666667,0,5,5,3,SUCCESS,28180,scxS__QBTf667xwEV6kxwQ
378,Team-Chicane,1723584503695,3,28198,27926,84594,0.0,0,0,0,10,SUCCESS,28198,eEarCTBMTe-9dFD9jM28oQ
379,Eviden-KnightRider,1723039796071,3,28218,25731,84656,0.3333333333333333,0,1,1,2,SUCCESS,28218,xa3ZvVNDTLCAoBUnUrjtSQ
380,ImportantArchitectd979f6,1722497991106,3,28241,27928,84724,0.0,0,0,0,10,SUCCESS,28241,dL8kmdu6TyCj29HFmVLTuw
381,PlzWork#5681,1723753874861,3,28242,27002,84728,0.0,0,0,0,8,SUCCESS,28242,8PJmM0eCQT-D6lDH936reQ
382,BJSS-ST,1722498406641,3,28305,27981,84917,1.0,0,3,3,1,SUCCESS,28305,R3eSbMS4SDWkKslTpQyhbQ
383,StructuredDocumentation#5939,1722992463012,3,28309,22200,84928,1.3333333333333333,0,4,4,1,SUCCESS,28309,YcRurcXFQtK1liiR9uzFYg
384,BrainySystem#7545,1723679458379,3,28309,24400,84929,0.6666666666666666,0,2,2,7,SUCCESS,28309,BwZNJt1VSuCLWqOxUYu-Cw
385,MechanicalSpec#3919,1723511369166,3,28314,26397,84942,0.3333333333333333,0,1,1,1,SUCCESS,28314,dUr-w3xSTOSB6x0pfuk2aQ
386,SREEEEE#4518,1723744065274,3,28332,27475,84998,2.0,0,6,6,33,SUCCESS,28332,a5N-TIQ-QA6rb9x2lHW2CA
387,--E2--,1722594422205,3,28332,24674,84996,1.6666666666666667,0,5,5,1,SUCCESS,28332,4eJQf1tiRFK1yE7PUW6CdA
388,Rukhsar-Bakhtaj,1723811795934,3,28354,25535,85062,0.3333333333333333,0,1,1,1,SUCCESS,28354,681NkhJESxmvjFnSCfz6OQ
389,AnaClaraSouzaSantos-CircuitBreaker,1723157667512,3,28417,27999,85252,0.0,0,0,0,15,SUCCESS,28417,gLT82cnrRLySJPO5Cwo2rA
390,JPMC-NYC-08,1723503519134,3,28440,23394,85322,1.0,0,3,3,10,SUCCESS,28440,vk8cQj0YQIiMydxWnDF8Pg
391,FuturisticArgument#3792,1723613543684,3,28442,24532,85327,1.6666666666666667,0,5,5,7,SUCCESS,28442,iv9S7YJTTKqB1EVXjanfPw
392,GodSpeed#5177,1723646098608,3,28486,21862,85460,1.0,0,3,3,9,SUCCESS,28486,ED7_1-v4QsCy7uJay5jxTA
393,AndrePeresGalera-DeepWeg,1723129121697,3,28507,24062,85522,0.6666666666666666,0,2,2,3,SUCCESS,28507,eECG0wNZTLq9yZkadV7iDw
394,wellinton-wdcautomacao02,1722527552141,3,28538,26135,85616,0.3333333333333333,0,1,1,3,SUCCESS,28538,LIONoPjLRdGd5_G5puUCzA
395,TestableTester#6925,1723658167233,3,28552,24667,85657,0.6666666666666666,0,2,2,7,SUCCESS,28552,Qr2cLREISbahw6wdECBZXw
396,MUBK-EijiUrata,1723629562770,3,28573,27188,85720,0.3333333333333333,0,1,1,1,SUCCESS,28573,BHfvtVVZQP-8fxdfKNXH-w
397,JPMC-Columbus-001,1722528566208,3,28575,28533,85725,0.0,0,0,0,18,SUCCESS,28575,7af1a95891764d3493afdw
398,ImportantArchitectcdf0dc,1722575923549,3,28597,27733,85791,0.0,0,0,0,20,SUCCESS,28597,LU8aCGgPQKCH2McWSA12iA
399,RobotExpression#9170,1722960373705,3,28683,23719,86049,1.0,0,2,3,6,SUCCESS,28683,ULYtNeS6Q0GAr_bAmibmiw
400,MUTB-TeamAnzenUnten-AkikoIshii,1722953461584,3,28686,28200,86058,0.0,0,0,0,23,SUCCESS,28686,3gqW8i28QbGj4wOTorxvWQ
401,TeamB#wuyidan,1723092975852,3,28712,25066,86136,0.6666666666666666,0,2,2,1,SUCCESS,28712,EoufMaFHTROBSQkkZ6T0-w
402,MUMSS-AyumuTominaga,1723091968512,3,28752,26201,86258,0.3333333333333333,0,1,1,13,SUCCESS,28752,tjONpUc0ShqUtZ9dXEmSwA
403,761242500723-SG23-prakashph,1722674930782,3,28777,26335,86333,1.3333333333333333,0,4,4,5,SUCCESS,28777,z3Dr5_R7TpSBzhiXoJKspw
404,CriticalFormula#8261,1723368058468,3,28797,26398,86391,1.3333333333333333,0,4,4,19,SUCCESS,28797,-jDfOHfuTbGn1BZAIOpmFA
405,ImportantArchitect887904,1722543501142,3,28798,25068,86395,0.6666666666666666,0,2,2,5,SUCCESS,28798,b0s3VqGDTlimRhUQwwUPGw
406,QuickBreaker#6249,1723773083527,3,28819,24535,86459,1.6666666666666667,0,5,5,29,SUCCESS,28819,Wd8oy29tSieqtn9yTSmJVw
407,TeamB-Kui,1723102925557,3,28840,26605,86521,0.3333333333333333,0,1,1,3,SUCCESS,28840,mfTzRRsjQ9yj8NyjovSkKw
408,DavidAndrewsAIMachine,1723156291683,3,28863,26863,86590,1.3333333333333333,0,4,4,3,SUCCESS,28863,7bp1IdCFTpGjsAJKszX6Pg
409,EliezerLuisSchwab-AVM-Racers,1722536145062,3,28907,24131,86722,0.6666666666666666,0,2,2,9,SUCCESS,28907,9B7Ly1JaRgSyr-DL8j8_Gw
410,MUTB-TeamGeekRacer-KatsuhikoEbata,1723044691241,3,28908,27274,86726,0.0,0,0,0,12,SUCCESS,28908,buKJYH9FS4-NiqLU9EXAVw
411,Eviden-SharanJeevangi-India,1722502889073,3,28909,28133,86727,0.0,0,0,0,6,SUCCESS,28909,ahNlbPHuRHe5OrNByB0ojQ
412,LoopingNumber#3597,1722661506090,3,28910,26930,86730,0.3333333333333333,0,1,1,3,SUCCESS,28910,uvk8QMtlSkqj3IZQD4h0oA
413,Lucas-Alves-AVM-Racers,1723170755653,3,28914,25938,86742,1.3333333333333333,0,4,4,13,SUCCESS,28914,Jx4zTpa_RLCZVxrPOEerrA
414,MylenaAlves-IAstec,1723043877217,3,28952,28400,86858,0.0,0,0,0,8,SUCCESS,28952,-9as6c2oQWK72gQ3Zx5PUw
415,ImportantArchitectc8d105,1722564371719,3,28952,28400,86856,1.0,0,3,3,9,SUCCESS,28952,w0jlv6_mRjuYU-SEROVGtw
416,2024chuncheon-29,1723757478851,3,28954,25532,86862,1.6666666666666667,0,5,5,6,SUCCESS,28954,zuTgAAqKQ5ifsy64rhuhSQ
417,CleanCharacter#1442,1722869732135,3,28976,28190,86928,0.0,0,0,0,24,SUCCESS,28976,VaZ74EOtQ42poyIf-WvXtQ
418,Randal-VITURBORACER,1722594702315,3,29041,26800,87123,0.3333333333333333,0,1,1,17,SUCCESS,29041,GiJ3af0kScSfD6EJDS67XA
419,JPMC-PALO-ALTO-SGP-RACER,1723346040131,3,29041,24863,87124,1.0,0,3,3,11,SUCCESS,29041,B-rDqv6aRBOIaN0CGuCUmA
420,PrototypeSandbox#1292,1723723839113,3,29045,25596,87136,1.6666666666666667,0,5,5,13,SUCCESS,29045,Egglr0DmSw61LvmubS2fHQ
421,AlexandreKirchner-WDCAutomacao01,1723138539565,3,29133,23533,87401,1.0,0,3,3,1,SUCCESS,29133,U0JEmHGRRJ-QVLDriYquFA
422,Ricardo-AIrtonSennaRacers,1722952759507,3,29154,26603,87464,1.3333333333333333,0,4,4,1,SUCCESS,29154,_d82lw7KTt2xILAE204yNQ
423,ImportantArchitect61d41d,1722583959396,3,29174,28668,87523,0.0,0,0,0,4,SUCCESS,29174,6ykDFN5ST6OKj6bSm91OLg
424,BLR-DR-147,1723825066620,3,29175,25871,87525,0.3333333333333333,0,1,1,13,SUCCESS,29175,lG16OjobQNqG71BZDatuTw
425,LoopingVariable#3383,1723753334702,3,29177,25339,87533,1.6666666666666667,0,5,5,8,SUCCESS,29177,V3Lp2x4IQYiXt77GkovCAg
426,TheUltimateRacer#F1,1722552969431,3,29221,27064,87664,0.3333333333333333,0,1,1,18,SUCCESS,29221,Vadtk8BRQQC0AQ7bMnBnWg
427,MUTB-YusukeTanaka,1723367738387,3,29243,26726,87731,0.3333333333333333,0,1,1,10,SUCCESS,29243,I0K_lLr2TNCIsukVtctgyw
428,ImportantArchitectd67925,1722522939252,3,29263,25400,87791,0.6666666666666666,0,2,2,1,SUCCESS,29263,uVJ2ZFvuRfaeP4p7cGCz-g
429,BasifrankRacer,1722493284635,3,29264,27664,87793,0.6666666666666666,0,2,2,12,SUCCESS,29264,SB6mlB4JQW29RWtMdVvRgA
430,Zaiwalla,1722580511774,3,29265,18931,87797,2.0,0,6,6,3,SUCCESS,29265,trMFvtDhRrSUINayOPX5ew
431,CompleteTheory#1130,1723192344792,3,29286,25931,87860,1.6666666666666667,0,5,5,6,SUCCESS,29286,Vl3NLa5-ShGNDIW9QXRFAw
432,IterativeAttention#5183,1723904585116,3,29287,28931,87862,0.0,0,0,0,1,SUCCESS,29287,Ssu7eiuFQNihtXVhLhDECw
433,raj-1205,1722630573952,3,29308,28527,87926,0.0,0,0,0,4,SUCCESS,29308,558a49745f8843aea7db6w
434,LDCR,1722874827924,3,29309,28935,87929,0.0,0,0,0,2,SUCCESS,29309,uoj5kKiISqSJRfrul1omdQ
435,FocusedArgument#4146,1723747453894,3,29326,27068,87980,0.3333333333333333,0,1,1,2,SUCCESS,29326,3tTfG1tiTAqZHqQcEpB9bA
436,GabrielMeurer-UnidosDoRPA,1722868087892,3,29330,27935,87991,0.0,0,0,0,1,SUCCESS,29330,kKEi1dnPRoSApemC73vC9Q
437,ImportantArchitecte606a3,1722516928048,3,29351,23790,88053,1.0,0,3,3,1,SUCCESS,29351,nx_t5H5qRnabSf17ImmuZA
438,tkd,1722978601092,3,29397,26400,88193,0.3333333333333333,0,1,1,41,SUCCESS,29397,4rgR_Q-3S86LDC0IYYKlqA
439,ImportantArchitect174de1,1722572960638,3,29423,24538,88270,1.0,0,3,3,3,SUCCESS,29423,NniOyTsRRR27pRzIQEcsyg
440,DuaneNoWayWeLose#5529,1723644414541,3,29443,23869,88331,1.0,0,3,3,4,SUCCESS,29443,tGT-oO1CQJGEv3H3lP2osw
441,HelpfulArray#4560,1723441363261,3,29486,22129,88460,2.3333333333333335,0,7,7,8,SUCCESS,29486,0z6dhaxSQXWSI34-cYgBaw
442,Lucas-Butzke-WDC-DIGITAL-E-SISTEMAS-01,1723149242282,3,29506,29332,88520,0.0,0,0,0,5,SUCCESS,29506,I4F2t3SYQvS-_iV7bP1HKA
443,ThisTable#4016,1722843172395,3,29509,28999,88527,2.0,0,6,6,9,SUCCESS,29509,gQ4LlRxTSKK6q0CTp3wf4w
444,ImportantArchitecta9ed50,1722523095449,3,29553,28936,88659,0.0,0,0,0,4,SUCCESS,29553,uawqVQwHQWKDC4YRqyUGxA
445,Throttle-Jammer,1722711190778,3,29555,28804,88665,0.0,0,0,0,1,SUCCESS,29555,ezHHndnyQeal4j3gnF1CwQ
446,ImportantArchitect6b09db,1722572541051,3,29619,27000,88857,1.3333333333333333,0,4,4,8,SUCCESS,29619,FyaqaGMuQMqJEc0afF_uhw
447,TestableCoder#5557,1722480440885,3,29642,29344,88928,0.0,0,0,0,4,SUCCESS,29642,1IMUJAeyTfqzxzl79X5p5A
448,Zero-dayMethod#1072,1723471483800,3,29644,21665,88932,1.3333333333333333,0,4,4,3,SUCCESS,29644,lsvuZOS2SgaXFG6gFxjUXw
449,ImportantArchitectd39524,1722502867180,3,29644,28530,88932,0.3333333333333333,0,1,1,15,SUCCESS,29644,tlPntaeYTpmc1zNUA3BJeg
450,ImportantArchitectf00eba,1722522771120,3,29664,20868,88994,1.6666666666666667,0,5,5,2,SUCCESS,29664,5aBh1FbMRymDJKY-PcGwxg
451,ImportantArchitecte6d681,1722506460729,3,29664,25530,88993,0.6666666666666666,0,2,2,2,SUCCESS,29664,0isZYaVKQmmjh1ltNivWmw
452,karthik-sekar,1723005780490,3,29664,28594,88992,1.3333333333333333,0,4,4,1,SUCCESS,29664,6OV3KUpzR3qmKPEdhkGOsA
453,ImportantArchitect2b8412,1722569799241,3,29665,26731,88996,0.3333333333333333,0,1,1,8,SUCCESS,29665,V_0z2BsUS4SEjmo8nICHHg
454,MUBK-TeamCoCo-KYamamoto,1723459151860,3,29665,29339,88996,0.0,0,0,0,4,SUCCESS,29665,xqwr66fDQg2ZFfZ4h_yTmw
455,IterableFunction#7929,1723490529798,3,29687,25127,89061,0.6666666666666666,0,2,2,4,SUCCESS,29687,2NXMBaezRmmIU8qQqP0_EQ
456,MUBK-TeamSasaki-YujiKawai,1722961111176,3,29707,28804,89123,0.0,0,0,0,33,SUCCESS,29707,iyIy9um4Szum_9cSmuG1Eg
457,FelipeAdriano-FeijoadaTurbo,1722803365377,3,29710,27665,89132,0.3333333333333333,0,1,1,5,SUCCESS,29710,hjaIW5iETUCqngXekivgGg
458,ImportantArchitect770721,1722532206414,3,29732,25668,89197,0.6666666666666666,0,2,2,2,SUCCESS,29732,hSJlnnVCTX2_caBE0xuVHA
459,MUBK-TeamCoCo-RikoIkeda,1723428091463,3,29750,26005,89250,0.6666666666666666,0,2,2,9,SUCCESS,29750,vhKmfPKfSXyjq4gyDC28HQ
460,EsteemedValue#2822,1723485964084,3,29755,26655,89265,0.6666666666666666,0,2,2,3,SUCCESS,29755,Ql4ydVsrRViz1W90GQjTLw
461,MUTB-Safetydrivers-YujiNiino,1722883378388,3,29796,28464,89390,0.0,0,0,0,4,SUCCESS,29796,w-eg61iSQQK_AJCBW6zSTw
462,ImportantArchitect286898,1722552009414,3,29797,27926,89392,1.3333333333333333,0,4,4,2,SUCCESS,29797,_jLVS4eUQhmTkdjWMkZUJg
463,TabletLambda#7585,1723167681445,3,29819,29666,89457,0.0,0,0,0,1,SUCCESS,29819,_MLO358tR8-Y8SXLXbl3Mg
464,ImportantArchitectc76291,1722576522101,3,29864,22470,89593,1.3333333333333333,0,4,4,13,SUCCESS,29864,4vsmR5zvRwy_ZzsFgT93KA
465,ImportantArchitect516aba,1722506928859,3,29887,24260,89661,1.0,0,3,3,5,SUCCESS,29887,l1esXjo1TwueRMDuPs49Qg
466,RecursiveWorkaround#9905,1723769787051,3,29890,29668,89672,2.0,0,6,6,7,SUCCESS,29890,jibuK2SZSmiBadcDojSkMQ
467,KDsMinions#7032,1723658198325,3,29910,27666,89731,0.3333333333333333,0,1,1,5,SUCCESS,29910,j7wBkv_cQvy9J8k_ou7VKg
468,MUBK-TeamSasaki-ShotaSasaki,1722573360232,3,29932,28063,89797,0.3333333333333333,0,1,1,1,SUCCESS,29932,k3GiWGTYTbGHCVxqH-R5ZQ
469,Sukanya,1722488611477,3,29932,20732,89796,1.6666666666666667,0,5,5,9,SUCCESS,29932,_GK0Ve_QTYazWBo_7MxktA
470,ImportantArchitect7436e0,1722510470987,3,29974,29003,89922,0.0,0,0,0,5,SUCCESS,29974,InQRm9hDSiiT5HCdEHiFYw
471,CC-Racing-Team-1,1722934525689,3,29975,29261,89926,1.0,0,3,3,4,SUCCESS,29975,-g70SzeWQ1e9Tpox0rRJjQ
472,LorenHicks-WilliamDoughetry,1723002322537,3,29998,25199,89996,0.6666666666666666,0,2,2,6,SUCCESS,29998,3MEyzQ-KTL2e6AAdPkhedw
473,ShreyPareek,1722560559007,3,29998,29728,89995,0.0,0,0,0,14,SUCCESS,29998,26P6__7dRYKF1ofUhND1kw
474,ImportantArchitectef59bb,1722516517919,3,29999,22136,89999,1.3333333333333333,0,4,4,1,SUCCESS,29999,B9uwKl7GRHKmLySCIjo3BQ
475,Artificially-IntelliGent,1723116915459,3,30063,28390,90190,0.3333333333333333,0,1,1,22,SUCCESS,30063,uAga7uCXR_OIayA6v3lHpg
476,ImportantArchitect6541ec,1722579478348,3,30065,29604,90195,2.0,0,6,6,6,SUCCESS,30065,Xa8QqHSDS8SdvmdSE7o4wQ
477,SauroLeite-IAControls,1722865230172,3,30066,29530,90199,0.0,0,0,0,11,SUCCESS,30066,K2jlrcRsRqiLMDMyCXKuWw
478,MUTB-MotonariSakai,1723364949134,3,30086,28460,90259,0.3333333333333333,0,1,1,11,SUCCESS,30086,fvYA78xpSMybUeMjbiihag
479,MUMSS-UnVanillas-RyoYoshiike,1723216877820,3,30088,29673,90264,0.0,0,0,0,19,SUCCESS,30088,SxG3zKFoQiKrPCopo0RZAQ
480,teste1,1723091138356,3,30105,29132,90316,0.0,0,0,0,1,SUCCESS,30105,n04oeSe7SyOcl6OoM5CBwQ
481,MUTB-TkmKwd,1723043348809,3,30130,28933,90390,0.0,0,0,0,1,SUCCESS,30130,Mitaq78UR4uH6CJYM9BIOA
482,JPMC-HOU-Gatcha,1723312761631,3,30131,27732,90395,1.3333333333333333,0,4,4,29,SUCCESS,30131,bKdLY_UJRQmXDOl1I8vbnA
483,JoaoVitorSarti-MachineDrivers,1723052119326,3,30157,24736,90471,1.0,0,3,3,1,SUCCESS,30157,0o1bp65xSkCPpz5uPsEk3A
484,ProgrammingString#5821,1722903410790,3,30218,26198,90655,1.6666666666666667,0,5,5,15,SUCCESS,30218,UEa5mCLaQ3i7-fSw0tG3Mw
485,ThisResource#2182,1723354042879,3,30263,27870,90790,2.3333333333333335,0,7,7,2,SUCCESS,30263,m2zmj8P9QiqBRiIC1jpCuA
486,AlexandreScatolin,1723150015179,3,30265,27532,90796,0.3333333333333333,0,1,1,6,SUCCESS,30265,Sx9J7VdmS2GbMcE1DNFTHw
487,DC-BR-st,1723845729666,3,30307,30136,90922,2.0,0,6,6,16,SUCCESS,30307,efK1ZabCSO-zz1OtjiXcAA
488,KasztP,1722861408184,3,30350,27643,91050,1.6666666666666667,0,5,5,5,SUCCESS,30350,B_NHhZzIT7yLboMZHKC3Qw
489,BetaTheory#5379,1722524421691,3,30352,26592,91056,0.6666666666666666,0,2,2,3,SUCCESS,30352,TT6kg7b5TYWIGr5HlDv3wA
490,ImportantArchitect2ec3ee,1722586167950,3,30352,22268,91058,1.3333333333333333,0,4,4,1,SUCCESS,30352,_DeVWqxMTWG0dj2GLzlAFw
491,sandbox01,1723902553396,3,30353,24659,91061,1.0,0,3,3,8,SUCCESS,30353,1nhNKBkaQMKwuxDtW6koQw
492,racecarnull,1723668335711,3,30355,30203,91066,0.0,0,0,0,3,SUCCESS,30355,6pXhHsyYRzavN-lgQoG6qw
493,Vanez,1722600507863,3,30356,30202,91068,2.0,0,6,6,2,SUCCESS,30356,x4V4UB83S8SrnXIYzp8ufw
494,ImportantArchitect132a48,1722495105502,3,30375,28001,91126,0.3333333333333333,0,1,1,6,SUCCESS,30375,Ph1EDy0zTxWcPAUHwJ_WVQ
495,ProvisionalDeadline#5209,1722501602754,3,30377,28329,91131,2.3333333333333335,0,7,7,3,SUCCESS,30377,NKxKnDlzT4CN3v7-BaMcnQ
496,bekiryildirim,1723854490387,3,30419,30128,91259,1.0,0,3,3,1,SUCCESS,30419,gjVFrGzuRIKVgbEbrJWZgg
497,MUBK-MasaakiHigashiura,1723278023888,3,30420,26865,91262,0.6666666666666666,0,2,2,6,SUCCESS,30420,TB0Zus9-QKGflS6nZwU0Yg
498,ImportantArchitect8f487a,1722577101078,3,30422,28463,91266,0.3333333333333333,0,1,1,10,SUCCESS,30422,NUOizdnRT7ursS9eA9HY0w
499,JPMC-DFWDR-DataDrivenDrifters-Yari,1723236228836,3,30436,26598,91308,0.6666666666666666,0,2,2,3,SUCCESS,30436,IpXzPXjOQiGGeTcxXr3DcQ
500,MUTB-TeamBigCranes-YuraInomata,1723298462776,3,30440,30066,91322,0.0,0,0,0,7,SUCCESS,30440,FENWDWiXQVu0YCVdEP-GCA
501,JPMC-JC-MACS-RACERS,1723733876153,3,30441,24734,91325,2.0,0,6,6,1,SUCCESS,30441,PlB6UYgYSK-JUbiKTqUF8Q
502,MUBK-SeiyaTateiri,1722785531161,3,30442,28463,91326,1.3333333333333333,0,4,4,7,SUCCESS,30442,KsRcWG8TSsGMH73IeGbHew
503,2024chuncheon-52,1723738981895,3,30444,30135,91333,2.0,0,6,6,2,SUCCESS,30444,4d-m4ehlQNqbmr383gWqfw
504,KDsMinions#48541,1723586946028,3,30445,28805,91337,1.3333333333333333,0,4,4,14,SUCCESS,30445,FjYL14V5SWKflYo28p0dag
505,DIEGOKRAUSE-TNE-IA,1722484539841,3,30485,26597,91455,0.6666666666666666,0,2,2,13,SUCCESS,30485,ZXCZtwZXQiWGxbFO7qKvfg
506,Renan-Wacky-Racers,1723127644734,3,30490,25790,91472,1.0,0,3,3,6,SUCCESS,30490,1bRJopxlRcS64LypD1KduA
507,LearnAndBeCurious#6304,1723746088463,3,30507,28731,91523,0.3333333333333333,0,1,1,9,SUCCESS,30507,5eNhDYCKTliSMrI5KBODWQ
508,JPMC-NY-NitroKnights,1723603543385,3,30510,29931,91532,0.0,0,0,0,8,SUCCESS,30510,LPqSQTz6T22eT_XnK6kkJw
509,ImportantArchitect00e6f0,1722539420773,3,30573,27786,91720,1.6666666666666667,0,5,5,4,SUCCESS,30573,iPEFZlw_RuuaJ95P7aQ-_g
510,ImportantArchitectdd8ab6,1722587766488,3,30575,24601,91725,1.0,0,3,3,1,SUCCESS,30575,mD1oFTIcRteY-bNq15KyMw
511,ImportantArchitect4df40c,1722548876239,3,30595,28262,91785,0.3333333333333333,0,1,1,1,SUCCESS,30595,K9rquXuyQgOSz_uaC7STbw
512,ImportantArchitect26d209,1722481645899,3,30599,28326,91798,0.3333333333333333,0,1,1,6,SUCCESS,30599,snVvJ78bSHus9mRHQz44nQ
513,MatheusMandel-Rust-IAZE,1723114416344,3,30600,30329,91800,1.0,0,3,3,9,SUCCESS,30600,Dd6gxmKrS6ibRix8lUkQiQ
514,MUTB-AnzenUnten-EmiShiozaki,1722870160864,3,30619,26537,91858,0.6666666666666666,0,2,2,24,SUCCESS,30619,9v1f90-oSCeHvNg61-_3Mw
515,MUBK-KaoriYamada,1722657139620,3,30620,28463,91860,0.3333333333333333,0,1,1,15,SUCCESS,30620,BCz2zUw_TruJLq_Cc5p8ow
516,BigPatch#8607,1723033556420,3,30666,24332,91998,2.0,0,6,6,1,SUCCESS,30666,S4xlIvynRqCUXxuWgH6tdw
517,MUTB-YukiHashimoto,1723531304363,3,30667,28405,92001,0.3333333333333333,0,1,1,5,SUCCESS,30667,NEaD-dvPRq-nuIqch8Tc1g
518,LucasMader-Innovators,1722514228815,3,30687,29004,92063,0.3333333333333333,0,1,1,3,SUCCESS,30687,x4DSiUnhRCK5j62NxnBZjw
519,David-Bunn-Sage,1722874671239,3,30707,26864,92122,0.6666666666666666,0,2,2,3,SUCCESS,30707,ubQZdFq2R_Cb8VAwq_oUag
520,Weslley-TechTurbos,1722629887648,3,30715,25322,92146,1.0,0,3,3,7,SUCCESS,30715,kfDFCfMxRA-mLzzxS9JecQ
521,Cleber-WMOMotores02,1722962280206,3,30731,29599,92194,1.3333333333333333,0,3,4,2,SUCCESS,30731,0HR-RhNcSI6LaHt01KJEVA
522,EliasPagnan-Rust-eze-SPIA,1722631178102,3,30752,26923,92256,1.6666666666666667,0,5,5,9,SUCCESS,30752,n_7Bpw9hQkyeCfroQ2Wvhg
523,GiovaneSabel-MachMachine,1722947555036,3,30775,26799,92325,1.3333333333333333,0,4,4,6,SUCCESS,30775,7Jdi5ninQt-nT9cREr6-Pw
524,HumbertoSilva-IAControls,1723203080176,3,30795,30471,92387,2.0,0,6,6,9,SUCCESS,30795,SdxBIcxoQ2-8QDwb6b74-g
525,ImportantArchitect6029c4,1722583337549,3,30797,28796,92391,0.3333333333333333,0,1,1,9,SUCCESS,30797,Tqqc0pS0RkyTOfzWQ9UbKQ
526,ImportantArchitect5893e9,1722496965920,3,30798,25659,92394,2.0,0,6,6,2,SUCCESS,30798,D7CuZhOmQaa-akrNbS79sw
527,HCAlsos,1723117895195,3,30817,30665,92453,1.0,0,3,3,12,SUCCESS,30817,Munh160SQROTssQHBnCB4A
528,MatheusErnanReichert-AIrtonSenna,1723147339606,3,30819,27333,92459,1.6666666666666667,0,5,5,4,SUCCESS,30819,tLvULZMyS8-K04wK34N7-w
529,ImportantArchitect3cd4d4,1722495026251,3,30841,22731,92523,1.3333333333333333,0,4,4,4,SUCCESS,30841,Alj9dvlXSUioXlf1kN1cag
530,MUBK-YIijima,1723052534390,3,30863,28667,92589,1.3333333333333333,0,4,4,6,SUCCESS,30863,iSjNg-hDTgSJO-uFbaXRKw
531,WebAbstraction#4770,1722661005546,3,30886,30264,92658,2.0,0,6,6,3,SUCCESS,30886,JB32fh2oSqy1N1I2gtLVHw
532,ProvisionalObject#9208,1722949477936,3,30911,29463,92735,0.3333333333333333,0,1,1,3,SUCCESS,30911,nH7vv5pDSoGnWD9Ksr_pHg
533,MikeGutierrez,1723084148432,3,30930,24532,92792,1.0,0,3,3,1,SUCCESS,30930,-mew1Dr_TP2jPMS1pHhMuA
534,ImportantArchitect9ab049,1722582965004,3,30952,26999,92857,1.6666666666666667,0,5,5,2,SUCCESS,30952,03c5W6VtS266TmhMYcwrGw
535,ComplicatedEngineer#2276,1723544080713,3,30953,30660,92859,1.0,0,3,3,12,SUCCESS,30953,wrbfirOVTQmZN7eUon-ChA
536,ImportantArchitectdcb82d,1722495729177,3,30953,29137,92861,1.3333333333333333,0,4,4,7,SUCCESS,30953,QLd20QKSRDimpu9bEuPw4g
537,ImportantArchitectd933ea,1722563810936,3,30974,26934,92923,0.6666666666666666,0,2,2,13,SUCCESS,30974,ucR_0sDnRSCZ6sre8fVfxg
538,ImportantArchitecta7c5fd,1722515700681,3,30976,27599,92930,0.6666666666666666,0,2,2,7,SUCCESS,30976,53CRNmbaT8S1szSUawflSg
539,Costa-CertipliancePilots,1722855824359,3,30977,25926,92931,1.0,0,3,3,3,SUCCESS,30977,mho9ATJvRsGZqOC1Xvxatg
540,QuirkyTech-IsaiahGoh,1722916256174,3,31022,30737,93066,2.0,0,6,6,5,SUCCESS,31022,SvvoeT6xQ3WZgKR14S_xLw
541,TopGRacer#8889,1722472535955,3,31042,27524,93126,0.6666666666666666,0,2,2,4,SUCCESS,31042,xOrnIcTTQ4ySmRsVfZ8rtw
542,SequentialUpdate#9580,1723657257182,3,31087,30736,93263,0.0,0,0,0,11,SUCCESS,31087,JLiDQcURSBaBSjrnlhkP9w
543,RicRacer,1723056094205,3,31108,30667,93326,1.0,0,3,3,3,SUCCESS,31108,K_td2U_EQfa-eQhDntlIYg
544,ImportantArchitectee1fd4,1722533610669,3,31110,29258,93330,0.3333333333333333,0,1,1,7,SUCCESS,31110,d4RWIQeCRTyOV2BiVNxWBQ
545,MUTB-Yukibo-HirokiTaniguchi,1723415800804,3,31118,28789,93354,0.3333333333333333,0,1,1,13,SUCCESS,31118,t3fPtn68TpeiE3BB11_1xA
546,ImportantArchitect386802,1722532395920,3,31130,26606,93390,0.6666666666666666,0,2,2,5,SUCCESS,31130,PI6PuXcjSPSB5UC-X3vqEw
547,Team-F#Li,1723100351927,3,31132,28994,93396,0.3333333333333333,0,1,1,4,SUCCESS,31132,0SWukmKzRga5nEtIpioT1g
548,MateusLanz-Senna,1723168708015,3,31174,25199,93524,1.0,0,3,3,2,SUCCESS,31174,GH3rHOuVR7G5EcyaYcQF_w
549,GeovaneCarvalho-IAControls,1722872096980,3,31218,28863,93656,1.3333333333333333,0,4,4,21,SUCCESS,31218,u70M56HZSi61nw-f8JFTKg
550,Gasda-BAJAWTD,1723161224700,3,31241,30189,93725,2.0,0,6,6,3,SUCCESS,31241,TDFRK1_dSuGi8D0aWKtNiQ
551,TeamC#gaoxing,1723097066001,3,31241,27334,93725,0.6666666666666666,0,2,2,2,SUCCESS,31241,47H0UEbDQ3iAOsAWdararg
552,FuturisticTech#9451,1723748783438,3,31241,24732,93725,1.3333333333333333,0,4,4,8,SUCCESS,31241,RPhI8o8KTqGmgHa2BN1yTg
553,PedroParra--Papa-leguas,1723069156880,3,31242,27731,93728,1.6666666666666667,0,5,5,1,SUCCESS,31242,LSWuKgLKSOyRswB5vi0I_g
554,CleanSchema#9516,1723827124509,3,31262,27473,93788,1.6666666666666667,0,5,5,4,SUCCESS,31262,0s5TjuTKS5CPKCtmRlQJgg
555,elyssajkim,1722777473031,3,31263,31066,93789,0.0,0,0,0,1,SUCCESS,31263,DcaljxMzTrmTkYH0_hNRyw
556,BA84,1722510026530,3,31264,27531,93794,0.6666666666666666,0,2,2,4,SUCCESS,31264,PGA8tUQbRsOdAkFm-FY_YA
557,LuisScher-WMOMotores04,1722646559559,3,31307,30989,93921,2.0,0,6,6,1,SUCCESS,31307,XzqVv0UlQVyXguKnk-yzmw
558,ImportantArchitect6e25e1,1722576946972,3,31309,24666,93928,2.0,0,6,6,7,SUCCESS,31309,6XchYYNHSzGBR3Eqq7p6Iw
559,ImportantArchitecte8157d,1722580940011,3,31331,29133,93993,2.3333333333333335,0,7,7,9,SUCCESS,31331,giDyS-9STTqameRb5HehoQ
560,ImportantArchitectb2b33d,1722543303790,3,31352,31071,94058,0.0,0,0,0,16,SUCCESS,31352,UPmDPFrSQDKIXDIKHDsTbg
561,BooleanString#2654,1723651624652,3,31353,29395,94061,2.3333333333333335,0,7,7,8,SUCCESS,31353,TEeV6K8mR4iCXlRnUJD-1w
562,Bill-Faley-Eviden,1723774789334,3,31355,31200,94066,0.0,0,0,0,4,SUCCESS,31355,hlxkpMPcTIuKbwm6P8OXMA
563,MUTB-AyakaKanbe,1723179501774,3,31373,30586,94120,0.0,0,0,0,13,SUCCESS,31373,fST9scxlSqigvv--FII-Lw
564,LucaAlfaroRampineli-SymphonyAI,1722967038154,3,31375,28333,94125,1.3333333333333333,0,4,4,7,SUCCESS,31375,OvRitHXKTGWB0mDV6_RRXg
565,MUBK-YutakaHara,1723456755696,3,31397,26587,94192,1.0,0,3,3,3,SUCCESS,31397,sT176xNjRjiflGGCAsGDUg
566,JPMC-Columbus-002,1722491029570,3,31409,27135,94229,1.6666666666666667,0,5,5,7,SUCCESS,31409,bf79533e497f4bb89ea79w
567,JPMC-JC-AlphaRacer,1723563030017,3,31419,30468,94258,0.0,0,0,0,1,SUCCESS,31419,Qbnf9ut5TDONrlhRBCXFOA
568,MUBK-ShizumaTakahashi,1722739972441,3,31419,29462,94257,1.3333333333333333,0,4,4,6,SUCCESS,31419,6GaQIL49QU6GLnX7khM2Hw
569,EncryptedDebugger#4892,1723128347580,3,31420,31069,94262,2.0,0,6,6,8,SUCCESS,31420,Br2sh58aR8-JDJ5B38oczw
570,Angelica-ComissionaRacing,1723166902907,3,31420,29272,94260,0.3333333333333333,0,1,1,10,SUCCESS,31420,cvZlWAeKTdaJ78KA7ZuNhQ
571,LoopingBreaker#9506,1723022178793,3,31421,30734,94264,0.0,0,0,0,14,SUCCESS,31421,g9ZPkDqxQIOU9ryMKz-G1A
572,CZ1-JH,1723616488233,3,31461,31074,94385,0.0,0,0,0,6,SUCCESS,31461,kbCHtOEuQP2dTZCVd7OKdQ
573,JoaoPaivaDeepWeg,1722942662540,3,31463,27472,94389,0.6666666666666666,0,2,2,1,SUCCESS,31463,tc8_UZvLS6iu3Qbt0ypFaw
574,mamanyo-BIP,1723539586008,3,31507,30527,94522,0.0,0,0,0,1,SUCCESS,31507,Uw7Ecs_RT8qV5yWn1M58yA
575,TeamC#mapengfei,1723101792918,3,31507,29204,94522,0.3333333333333333,0,1,1,3,SUCCESS,31507,01WwXE6sTTq9GEm08bR_Tg
576,ImportantArchitectbf8c24,1722498597979,3,31553,23865,94661,1.0,0,3,3,2,SUCCESS,31553,9jmTMop4SRGzd-c8o4NUyg
577,PeccyDay1Fans#123,1723740303192,3,31580,26204,94741,1.0,0,3,3,9,SUCCESS,31580,ziwkRHUCQtiWqLH3B5qUiw
578,LucasBordignon-VingadoresDoAlgoritmo,1722726336386,3,31595,29395,94787,0.3333333333333333,0,1,1,10,SUCCESS,31595,qSsHK8iiRBa6gQj5iJccSA
579,Gilvani-WMO-Motores-03,1723163297992,3,31596,29599,94790,0.3333333333333333,0,1,1,2,SUCCESS,31596,fYS5Rq3QTCO0iSILPYNP0Q
580,ImportantArchitectf78e1b,1722566971054,3,31641,27134,94924,1.6666666666666667,0,5,5,40,SUCCESS,31641,IGdv5oUeT3eLeVO_tqbsSQ
581,DraftState#7280,1723479053753,3,31641,31066,94925,0.0,0,0,0,2,SUCCESS,31641,iBb7P1W0SeCQsXeQv2R_Gw
582,MUBK-YukoNozawa,1723447634652,3,31644,28730,94933,0.3333333333333333,0,1,1,3,SUCCESS,31644,8dmuz_jRSFKERD_oTMMpow
583,CleitonLubawski-IAstec,1722518708458,3,31661,31402,94984,0.0,0,0,0,8,SUCCESS,31661,rbTLrc6bSlWtVZ0HHFH4mw
584,TDS,1723623317702,3,31664,28460,94992,0.6666666666666666,0,2,2,1,SUCCESS,31664,0yucHm4oQP2AlvYQcHg3-w
585,MUBK-EMotoshige,1723474467109,3,31667,30528,95001,0.0,0,0,0,9,SUCCESS,31667,ztj3E9JDQNmrcOFsT-xmSw
586,RenanVianaOliveira-FeijoadaTurbo,1722604408979,3,31688,29457,95064,1.6666666666666667,0,4,5,3,SUCCESS,31688,bYXDy8_RQEGxun0Te6VD8A
587,Quost-MaqIndGensetMotoresSincronos,1723142919361,3,31709,30199,95127,0.3333333333333333,0,1,1,1,SUCCESS,31709,5lG-_vK_TcCr3jDch1E0Og
588,KyleFryer-Sage,1722870332981,3,31730,25658,95190,1.0,0,3,3,14,SUCCESS,31730,JJdtuJIfSDGwyuxfLSG72A
589,PrototypeDeadline#4280,1722534183844,3,31772,27726,95316,0.6666666666666666,0,2,2,1,SUCCESS,31772,sPxVL1vuQAGXkkk1hkaYtg
590,ImportantArchitect9cf179,1722575500662,3,31773,28391,95321,0.6666666666666666,0,2,2,2,SUCCESS,31773,WxSEhSa8StSnp-qufHeIxQ
591,MUBK-ProjectD-MasahikoKaneko,1723398207246,3,31775,29532,95327,1.3333333333333333,0,4,4,10,SUCCESS,31775,iDdvRIGXRBuqhsI0cyMhrA
592,ntxracer,1722975371917,3,31819,30064,95459,2.3333333333333335,0,7,7,1,SUCCESS,31819,f-E0BiKNRrCumpV8ivZjXQ
593,GoodmanKR,1723802687456,3,31841,28406,95523,1.6666666666666667,0,5,5,50,SUCCESS,31841,f905b742ca594aadb529eQ
594,claudIA,1722622307038,3,31842,31068,95526,1.0,0,3,3,2,SUCCESS,31842,xVcZGyC6Q5qUevYccVUqSw
595,Matheus-WEGCorporativo03,1722877412871,3,31885,27195,95655,1.0,0,3,3,13,SUCCESS,31885,SaDe8PyJSA2jCdJ_rthe1w
596,10xState#5081,1723219057138,3,31888,31201,95666,1.0,0,3,3,2,SUCCESS,31888,OnXaS5A2RoC-Azfy7G32vg
597,SpeedThrills,1723842311767,3,31909,31399,95729,0.0,0,0,0,7,SUCCESS,31909,Qo-9lOdqQq2yuIKhbp-u-g
598,ASCIIBuster#2600,1723136483677,3,31953,26331,95859,2.0,0,6,6,4,SUCCESS,31953,WGywk2HMQK6ofBTXGvi05g
599,Pinto,1723500454883,3,31954,27998,95862,0.6666666666666666,0,2,2,3,SUCCESS,31954,2HK9bkKhSKK55xXkhFQ6dw
600,Guna-Reddiar,1722526430977,3,31985,24658,95957,1.3333333333333333,0,4,4,1,SUCCESS,31985,qnAnPKi9SqGYigx_FBi12Q
601,MUTB-GeekRacer-HiroyukiMizukaki,1722859194008,3,32020,27998,96060,1.6666666666666667,0,5,5,11,SUCCESS,32020,28UcoDWuRGSpMGH0c7vz9g
602,DraftResource#1894,1722511603972,3,32022,27136,96068,1.0,0,3,3,3,SUCCESS,32022,sK7XA7vpR6S2A5vNUtWp1g
603,onlythree,1722585222335,3,32041,26862,96123,2.0,0,6,6,9,SUCCESS,32041,23e254b25ea0443389ed6w
604,LCDR-Training,1722805641894,3,32064,28727,96193,1.6666666666666667,0,5,5,1,SUCCESS,32064,9X8ZFrkbRju9ubMMlP5GSw
605,PDRulz,1723796669089,3,32085,31663,96257,0.0,0,0,0,1,SUCCESS,32085,ULueF2HaQpmer8GQw5bLhQ
606,Gunny,1722656215516,3,32085,28398,96257,0.6666666666666666,0,2,2,2,SUCCESS,32085,m5-I630sTqyWjEYTg5eO9Q
607,CrashOuts,1723736426557,3,32087,29931,96261,1.3333333333333333,0,4,4,6,SUCCESS,32087,I5r8T0nHQfqLE-1JzHBnPA
608,CrypticDebugger#1967,1723076549539,3,32106,28598,96319,0.6666666666666666,0,2,2,2,SUCCESS,32106,yE53L9WjS2ykZFMxehrlFQ
609,LDCR-Camille,1722864943158,3,32130,30936,96391,0.0,0,0,0,3,SUCCESS,32130,IU88pK3GQyW_3u4sVDPpyA
610,GabrielDeSouza-WMO-Motores-01,1722881294174,3,32131,31733,96393,0.0,0,0,0,21,SUCCESS,32131,L77ZcbN3RA-3AStjzOW-bQ
611,MUBK-TakEnomoto,1723510925146,3,32131,30597,96394,0.3333333333333333,0,1,1,15,SUCCESS,32131,IghO4p8bTWGH2vjCH6Ltrw
612,Henrique-tshydro,1723117435861,3,32132,31863,96396,2.0,0,6,6,2,SUCCESS,32132,o7hQ_zs1TyKanlScVNKeAg
613,Fabiola-RelampagoMarquinhos,1723142685818,3,32151,30607,96455,0.0,0,0,0,4,SUCCESS,32151,BdrXI1bpT7ix6N8RqwAZFA
614,MUBK-HiroyukiMotoyoshi,1722610845948,3,32153,29539,96461,0.6666666666666666,0,2,2,38,SUCCESS,32153,mjCmTnuCS6ONEOpY3Ej45Q
615,HelpfulDigit#1796,1723841422817,3,32175,28659,96526,0.6666666666666666,0,2,2,3,SUCCESS,32175,I2eFlT1UR-29UynyCIhzzQ
616,LucasAz,1723151654060,3,32220,26339,96661,1.0,0,3,3,3,SUCCESS,32220,bVxQOk-iT1yqfrgsomAGTQ
617,QueenBees,1722491690267,3,32220,28667,96660,0.6666666666666666,0,2,2,4,SUCCESS,32220,zCedWvvPRdi1jA_4BcCaPA
618,SG-JPMC-01,1723164779848,3,32286,26532,96859,0.6666666666666666,0,2,2,2,SUCCESS,32286,a7S2V2QUTU6tPOYpA8RePQ
619,SG-JPMC-04,1723302737382,3,32308,29526,96926,1.3333333333333333,0,4,4,4,SUCCESS,32308,N_mQ_JMLRjul1Dirr3mkPg
620,ImportantArchitectbb79f0,1722520155384,3,32308,28267,96926,1.6666666666666667,0,5,5,5,SUCCESS,32308,BDKqoz2pQHqlQP4Pr0uvQw
621,ImportantArchitect474daa,1722517438591,3,32314,29876,96944,1.3333333333333333,0,4,4,3,SUCCESS,32314,IE5Vgc72RCychV-t61v6sw
622,ImportantArchitectfc93b3,1722506089442,3,32328,25661,96985,1.0,0,3,3,13,SUCCESS,32328,DWuEliZ5Tx6BtITTn-eQDQ
623,MarceloF-IAstec,1722627158500,3,32331,29204,96995,1.3333333333333333,0,4,4,11,SUCCESS,32331,gvQvJHJJQaKGuSf_-bMbDQ
624,RacerX#0789,1723667971466,3,32331,28794,96993,0.6666666666666666,0,2,2,13,SUCCESS,32331,2v6BmeYDQ4-SileGd_GG1A
625,InfiniteSchematic#4523,1723056898956,3,32353,31935,97059,0.0,0,0,0,1,SUCCESS,32353,P_tUa7UBTlWtdhsJDW9gdQ
626,ImportantArchitectc5a9de,1722496825646,3,32353,24728,97059,1.3333333333333333,0,4,4,4,SUCCESS,32353,G9eW2B-mQ-ya1uBebUB4IQ
627,uuuhhhhhhh#5384,1723657590981,3,32353,27739,97059,0.6666666666666666,0,2,2,7,SUCCESS,32353,PrNFncgrRea1GAd5MXhFtw
628,TeamA-chenliteng,1723093481605,3,32354,30937,97062,0.0,0,0,0,1,SUCCESS,32354,CXjtwn6QRF2JiR7G7SCsDw
629,MUBK-TakahiroIshii,1723219547375,3,32354,31521,97064,0.0,0,0,0,11,SUCCESS,32354,u97vzIOJQrWZ3Ex6xhgDJQ
630,ThisDescriptor#6221,1722566561220,3,32381,29865,97143,1.3333333333333333,0,4,4,20,SUCCESS,32381,ZXn9pqDuQj2_FOCJntsDSQ
631,Mach5#2294,1722941615063,3,32395,32132,97186,0.0,0,0,0,10,SUCCESS,32395,NDHnKgvrSEqrBpnW7lhPsQ
632,PaulShields,1723127907814,3,32396,30199,97189,1.3333333333333333,0,4,4,1,SUCCESS,32396,Y-vRfb4hQgC7MFkW2WEoNw
633,Mariano-HenkoAR,1722826755447,3,32421,30199,97263,1.3333333333333333,0,4,4,1,SUCCESS,32421,XE1weiGGREujnfJv4Kt1wQ
634,ImportantArchitect96ebd9,1722492587611,3,32461,30795,97385,0.0,0,0,0,2,SUCCESS,32461,WOi_FAbgS-qZMpHOX9LWMg
635,JPMC-MUMBAI-001,1722693856697,3,32486,28262,97459,0.6666666666666666,0,2,2,11,SUCCESS,32486,ZCj8B6bLQXe3PHdAV99vKw
636,MUTB-TAHARA-RACING-MasakiUchiyama,1723509742154,3,32507,26399,97523,2.0,0,6,6,22,SUCCESS,32507,Ln2E2qsQS6iPsyVo2uldKw
637,TheDream-Kiruthika,1723453161121,3,32522,28532,97566,1.6666666666666667,0,5,5,2,SUCCESS,32522,fYxSGGA1RZ2YekX51dTHXg
638,ImportantArchitect7cc7fa,1722493746315,3,32530,31726,97591,0.0,0,0,0,3,SUCCESS,32530,iJUAzu4oTaCQrgQA6t0Keg
639,UrgentUpgrade#3596,1723128293810,3,32537,30336,97613,2.3333333333333335,0,7,7,2,SUCCESS,32537,fawrrXzSSHKlDYXFgdB26g
640,RocketEvaluation#0267,1723814515168,3,32552,30665,97658,0.3333333333333333,0,1,1,1,SUCCESS,32552,zERVS77JTSaPb-aBOMtvHQ
641,ImportantArchitectf9fd46,1722509087437,3,32553,31729,97659,0.0,0,0,0,13,SUCCESS,32553,GqIqbhlpRn-y0FTe9Itp4A
642,MUTB-YasushiImajo,1722772191846,3,32620,27062,97860,1.6666666666666667,0,5,5,2,SUCCESS,32620,YsBlXYEQTEeatWkfDW1j8g
643,AbstractRequirements#4597,1722587962242,3,32636,30636,97909,2.3333333333333335,0,7,7,4,SUCCESS,32636,7c5iD_vOTDiT_LGSNDIc-A
644,ImportantArchitect120283,1722498543010,3,32642,28199,97927,0.6666666666666666,0,1,2,1,SUCCESS,32642,NxquBZ2_SZmejjgBqynKyQ
645,ImportantArchitectc73335,1722533651171,3,32666,26863,97998,2.0,0,6,6,2,SUCCESS,32666,Nd5hJMBfScKLB8t-n8bYJg
646,MUTB-Moonwalker-NorihiroShimoda,1723301328852,3,32687,30536,98063,2.3333333333333335,0,7,7,8,SUCCESS,32687,6PVXmlrCSAqBsU9tPROUSw
647,MUTB-MisaMinami,1723121816802,3,32699,30604,98097,0.3333333333333333,0,1,1,3,SUCCESS,32699,3hdVh_BSQ5eRSUuc-M8DGw
648,TokyoDrift880,1723670172622,3,32707,26263,98122,1.3333333333333333,0,4,4,2,SUCCESS,32707,9E9chXGvSvCvmoWMkgJO6w
649,Arthur-Wacky-Racers,1723199289077,3,32710,29868,98130,1.6666666666666667,0,5,5,2,SUCCESS,32710,uMYTlRcqSeWVk3SurTK3dg
650,Chicago-02,1723551303290,3,32715,32268,98147,2.0,0,6,6,5,SUCCESS,32715,nY_dnhQ_Q2qOXz1zdfRD-Q
651,BigThinkers#1879,1723750846632,3,32732,27272,98197,1.0,0,3,3,8,SUCCESS,32732,0WZwMoe9Q7qEKAbC2wOVhg
652,MUBK-TeamTequilaNiki-MasaIshi,1723355319835,3,32752,32333,98258,0.0,0,0,0,20,SUCCESS,32752,kwtMXT0JTKGCi4oYchbPwg
653,AdamWarlock,1722767800759,3,32752,29329,98258,2.6666666666666665,0,8,8,3,SUCCESS,32752,gmcic2kiSECD6PPvIXYrxQ
654,JPMC-MUM-006,1723722081435,3,32754,24262,98262,2.3333333333333335,0,7,7,6,SUCCESS,32754,mvhmcw-ET5igAaFz3O6kGw
655,Team-G#WZF,1723093021509,3,32795,28664,98387,0.6666666666666666,0,2,2,1,SUCCESS,32795,PcIpOhwLQt2cKWnXcOex0Q
656,PrototypeArgument#0814,1723474044722,3,32863,27592,98591,1.0,0,3,3,4,SUCCESS,32863,qewcwHFdSFyZO4U3Zw3YSQ
657,2024chuncheon-60,1723765932878,3,32865,28992,98595,2.6666666666666665,0,8,8,1,SUCCESS,32865,zj7OpJUHQd2PBfFsvl4vhA
658,DanielCostantinRacer,1722678374982,3,32888,20797,98665,2.0,0,6,6,1,SUCCESS,32888,GhOikLJ-TeiygB5I18GAzA
659,Team-F-Wuji-Zhang,1723095479103,3,32908,29067,98726,0.6666666666666666,0,2,2,2,SUCCESS,32908,enR82eP6SrOVWYVMrgkMMw
660,Rhyan-WDC-Automacao02,1723134299662,3,32930,31994,98791,1.0,0,3,3,17,SUCCESS,32930,4yaYVemVR2Ox9bXsndEncg
661,CyberneticGrid#6104,1723316715438,3,32930,28199,98791,1.0,0,3,3,5,SUCCESS,32930,3QN5QibKR9WIXe7udMKx8w
662,AndreLeite-DAJAlearning,1723218641894,3,32953,25590,98859,2.3333333333333335,0,7,7,5,SUCCESS,32953,jyTK-9qxRlCLc-225XO4eA
663,PEDROLUCAS-TNE-IA,1723139220046,3,32953,30531,98861,1.3333333333333333,0,3,4,3,SUCCESS,32953,xUZ79vUwQSGQylMNpAxFqA
664,ImportantArchitect529645,1722575107350,3,32972,27342,98916,2.0,0,6,6,2,SUCCESS,32972,0k6pYffsQUuuP_w7Qyx4VA
665,AbstractToken#0824,1723136470660,3,32974,26467,98923,1.0,0,3,3,13,SUCCESS,32974,f_OHRsTISg6WBXe0h4NrGg
666,SquareComment#9580,1723659839779,3,32975,32063,98926,0.0,0,0,0,10,SUCCESS,32975,bJLouwHURsGylzUbTthurw
667,CrypticBottleneck#4508,1723054576407,3,32976,28736,98928,0.6666666666666666,0,2,2,11,SUCCESS,32976,Xtsr-ftkSrK4CzaAMZHBDw
668,ImportantArchitect1ec235,1722574939053,3,32978,23729,98935,1.6666666666666667,0,5,5,6,SUCCESS,32978,h81CVMReS3S_qUUxfJs_NA
669,MUBK-YukaTajima,1722926820937,3,32995,28595,98986,0.6666666666666666,0,2,2,10,SUCCESS,32995,2HvH_y9VQ-OP3eGb4WdyCA
670,MUTB-ToshiyaNakamura,1723477331065,3,33020,30595,99060,1.3333333333333333,0,4,4,14,SUCCESS,33020,K5f65U_xRkaECuHfbIDs6w
671,teamA#feichixianfeng-shuo,1723100008387,3,33024,28459,99073,1.0,0,3,3,2,SUCCESS,33024,Sp1SuOq1S_mNuv-Lbs-HCA
672,RenanMiqueloti-Rust-eze-SPIA,1723039657474,3,33064,30998,99192,2.3333333333333335,0,7,7,2,SUCCESS,33064,a8BoFPwuQnSa-MI0aBvlvA
673,MUTB-CPIMotorsInc-ShingoImagawa,1722739279618,3,33108,32334,99325,0.0,0,0,0,5,SUCCESS,33108,DhQ_ya8ITKGWAimmXdZShQ
674,WaldecirHang-ManutIX,1723123658672,3,33108,31137,99324,2.3333333333333335,0,7,7,6,SUCCESS,33108,y0WLcH9aTRCt_XsGh4W8Rw
675,ValdirLanger-RelampagoMarquinhos01,1723135974534,3,33130,29533,99391,1.6666666666666667,0,5,5,11,SUCCESS,33130,G9Oap8nARASZZPrnrF4bNA
676,NewBackLogged,1723674251184,3,33134,32798,99404,1.0,0,3,3,7,SUCCESS,33134,AUEW9LJsTW62gYPT-bG6zQ
677,PaulVelez,1723774145208,3,33176,23395,99529,1.6666666666666667,0,5,5,1,SUCCESS,33176,FPHFh_NqSN6Qc7AkgR5Vag
678,ImportantArchitect133f13,1722531105646,3,33179,24271,99537,1.6666666666666667,0,5,5,1,SUCCESS,33179,lCM_ni9wTPGrnR9DliL-vg
679,MechanicalArgument#6169,1723903058051,3,33197,29723,99593,1.6666666666666667,0,5,5,1,SUCCESS,33197,CRXu9HyBRjSEuBQdW29GlA
680,GenerativeWorkaround#9220,1723137575341,3,33200,31468,99601,2.3333333333333335,0,7,7,3,SUCCESS,33200,UJJWIjpxQiaeqlGSBhTRbA
681,Eduardo#CAPTOM,1722522031206,3,33221,28799,99663,1.6666666666666667,0,5,5,3,SUCCESS,33221,ZnZphTaiQAWmF7kNjWnuCg
682,RaulSantosFerreira-L3PLUS,1723047911588,3,33238,30398,99716,1.3333333333333333,0,4,4,7,SUCCESS,33238,38KLEYYkSh63svK0sA86bw
683,ImportantArchitect5032e5,1722572770120,3,33241,31330,99724,0.3333333333333333,0,1,1,12,SUCCESS,33241,df7Wf1aJR3CHbILPeyHPKw
684,HelpfulScope#6839,1723459745098,3,33262,32918,99787,1.0,0,3,3,7,SUCCESS,33262,8C3UMmjbRYm5p5F7IS75QA
685,TeamWhatever#Jeremy,1723092960667,3,33306,33071,99920,0.0,0,0,0,1,SUCCESS,33306,Y9t4eJ7sQDSfp4Khmfz-pg
686,QuabillionMilesPerHour,1723653328576,3,33309,31008,99929,1.3333333333333333,0,4,4,1,SUCCESS,33309,1XkOfvP0TFuscbpksgNkkw
687,ImportantArchitectbe37fc,1722564285791,3,33310,24115,99930,1.6666666666666667,0,5,5,1,SUCCESS,33310,7ShoP7HpQDqlM9GDe-GrnQ
688,ImportantArchitect212acd,1722560346668,3,33375,29669,100126,1.6666666666666667,0,5,5,1,SUCCESS,33375,9JT3_6A2SMmLHBr5cwmHFw
689,MUBK-YukariHirose,1723127103499,3,33375,31261,100125,0.3333333333333333,0,1,1,5,SUCCESS,33375,9JHQiNP6Si61ndyzERU4sQ
690,KarolineStiss-AUDI,1722970731303,3,33434,29732,100304,1.6666666666666667,0,5,5,10,SUCCESS,33434,NPjYDWksSIqYLs0f_Srk7w
691,JPMC-Columbus-005,1722871659493,3,33440,31200,100322,2.3333333333333335,0,7,7,11,SUCCESS,33440,f63cda10bd9344af8bf6cQ
692,ImportantArchitect58243a,1722580082270,3,33463,30061,100390,0.6666666666666666,0,2,2,2,SUCCESS,33463,UrDwoISmQkeNZjp35etLTQ
693,HigherMetaclass#4995,1722866161754,3,33507,31600,100522,1.3333333333333333,0,4,4,3,SUCCESS,33507,mwDbrzFrRp2GzqWdkwYpHw
694,raulhugoml,1723220871133,3,33510,33206,100530,2.0,0,6,6,1,SUCCESS,33510,3JfLtgmDT2yazed94XL1tg
695,ImportantArchitectbc7c05,1722507290456,3,33528,31465,100586,1.3333333333333333,0,4,4,3,SUCCESS,33528,nLklbraKQ7GZbf81mqUTMw
696,ConnectedBraces#6463,1723142983185,3,33552,32792,100657,0.0,0,0,0,11,SUCCESS,33552,wan1ZEetR4KD2D-uZBXaLQ
697,VitorFernandes-wegtisegsau,1722980023370,3,33554,28468,100664,2.0,0,6,6,19,SUCCESS,33554,_AaA770iRjONjqUfrCcg9g
698,ImportantArchitecte2f6d7,1722558753715,3,33576,32464,100728,1.0,0,3,3,2,SUCCESS,33576,HC07NpJjQtWxb1x3Sn8Few
699,JoseFarias-IAControls,1722717544516,3,33596,33398,100788,2.0,0,6,6,12,SUCCESS,33596,qo6VunW_S7ShswBvXsF8Kw
700,MUTB-AnzenUnten-OsamiMiyamoto,1723030112616,3,33607,27543,100821,1.0,0,3,3,23,SUCCESS,33607,M4KM2LHGQGezv5jeRxdncA
701,QuickRequirements#0199,1722604434903,3,33618,33190,100855,1.0,0,3,3,5,SUCCESS,33618,Y8AgNyQKSJ2OkEdfdgiAYQ
702,BLR-DR-,1723551947915,3,33620,30465,100861,2.6666666666666665,0,8,8,3,SUCCESS,33620,FJ2CDWDHTm27SCfHqEpdXQ
703,FabioVidal-Wacky-Racers,1723069112480,3,33621,30132,100863,1.6666666666666667,0,5,5,2,SUCCESS,33621,cPQcgxx_SNGBJmJChFCEog
704,BrewinUpAStorm#0001,1723674251242,3,33683,30190,101049,1.6666666666666667,0,5,5,7,SUCCESS,33683,9DWUZ6sFR8GoxKWEhxVu8g
705,GenerativeBraces#0178,1723029782546,3,33686,26069,101059,1.3333333333333333,0,4,4,2,SUCCESS,33686,bmnew9T9TNGHdvjsn_Zjrg
706,GT-Racing,1722963789151,3,33691,30613,101075,2.6666666666666665,0,8,8,1,SUCCESS,33691,w9zvXqmyRFWjHCr1e_v0-g
707,Mario-FINdretti--aka-Justin-Rich,1723831705001,3,33708,27799,101124,2.0,0,6,6,1,SUCCESS,33708,6UwCLBPLQzmf-hsXdqSCUg
708,TeamE-YaNingRacing-01,1723094337297,3,33710,31203,101132,0.3333333333333333,0,1,1,3,SUCCESS,33710,tIDgNTLRSlOERNATfugSoQ
709,ImportantArchitect902bef,1722495967134,3,33730,31453,101192,0.0,0,0,0,7,SUCCESS,33730,FRLXpgQtREy3-jvGWLrDmQ
710,ImportantArchitectaf8898,1722535164839,3,33752,22401,101258,2.0,0,6,6,1,SUCCESS,33752,Ledmhpz_QEi1RaK6R3iOZw
711,lambda#31,1722532790424,3,33752,31934,101257,2.3333333333333335,0,7,7,2,SUCCESS,33752,nSlF2455R3aAy7FXlqAuRg
712,JothanCloud,1723586273680,3,33775,25927,101325,1.3333333333333333,0,4,4,1,SUCCESS,33775,Sczguk9eQYuhmYroidQYCw
713,ImmutableBrackets#2982,1722954202792,3,33795,33130,101387,2.0,0,6,6,5,SUCCESS,33795,1-MW_1A2Sta8oSd0fAtCXw
714,H-H,1722505644394,3,33818,33462,101455,2.0,0,6,6,6,SUCCESS,33818,pQOdL2agT4ezzXI0z_VU-A
715,LearnAndBeCurious2-,1723659269912,3,33818,25721,101456,1.3333333333333333,0,4,4,12,SUCCESS,33818,VWUA-aCNTMGdtjvDb0Xb1w
716,MUTB-Moonwalker-KenjiSuda,1722500061216,3,33818,32666,101455,0.0,0,0,0,4,SUCCESS,33818,pL5aa9ASRuiJhAcTVgabsQ
717,JPMC-NYC-04,1722989926011,3,33820,27200,101461,1.0,0,3,3,7,SUCCESS,33820,CQmbtdifSrqcGDZpv7aPyw
718,ClovisAllanWENE01,1723144102032,3,33821,31871,101464,1.3333333333333333,0,4,4,13,SUCCESS,33821,-VYqNYTpR1O4eQWnzYc2gg
719,MechanicalBuster#7941,1722504570981,3,33840,32325,101522,0.6666666666666666,0,1,2,4,SUCCESS,33840,bgKdrh6sQNubapa6K9gmug
720,ImportantArchitectce770d,1722577985224,3,33843,28595,101529,2.0,0,6,6,1,SUCCESS,33843,zlZTKAw2Shevum9bcaxJZw
721,TeamC#kangzhuang,1723099376412,3,33887,29666,101661,0.6666666666666666,0,2,2,2,SUCCESS,33887,7zFs7_VXQlqQ0853MJkXlw
722,MUBK-YachiyoIchimura,1722565058741,3,33887,26127,101663,1.3333333333333333,0,4,4,7,SUCCESS,33887,bSByAEchQKeU6ocrLECdTg
723,ImportantArchitect17b4dd,1722538895955,3,33887,31405,101661,1.3333333333333333,0,4,4,14,SUCCESS,33887,yG8jo_H4RWW55rPkqitoDA
724,DeepDivers#4505,1723668003928,3,33908,33205,101725,0.0,0,0,0,11,SUCCESS,33908,-aFEWqFuSaC91_YJUhgIag
725,Highspeed,1723681794726,3,33930,30125,101792,1.6666666666666667,0,5,5,7,SUCCESS,33930,MR86sgINRlmdarBq6oOdjg
726,nl-Kuako,1722977229539,3,33952,33399,101858,1.0,0,3,3,2,SUCCESS,33952,-qFSOGr2T9y3d8GVQ53U_g
727,DeepDivers#4511,1723500566569,3,33953,30869,101860,1.6666666666666667,0,5,5,12,SUCCESS,33953,sExY3egQQKmTdZRUmJj3ug
728,CleideJuliezeMacedo-QuickDogs,1723052787712,3,34020,30536,102062,0.3333333333333333,0,1,1,14,SUCCESS,34020,l-zpOJZXQuCjuuPtLMhorg
729,UrgentBraces#5911,1722724888715,3,34024,31872,102073,2.3333333333333335,0,7,7,3,SUCCESS,34024,nwc3XxbcTzqCaP_LB42UmA
730,GenerativeCoder#4262,1722719994944,3,34028,28391,102084,1.0,0,3,3,8,SUCCESS,34028,AdTASr2pT9iEJX7i-oMiPQ
731,Henrique-KOOPA,1722476746647,3,34043,33667,102130,1.0,0,3,3,2,SUCCESS,34043,FPoPJiO-QSCMB__IsGEb2Q
732,TeamB-qamar,1723092975828,3,34109,32134,102328,0.3333333333333333,0,1,1,1,SUCCESS,34109,-EK7Gj4RTzOTyWq_jrLjsw
733,GuilhermeTobias-WBSMavericks,1723041098188,3,34116,30796,102348,2.6666666666666665,0,8,8,2,SUCCESS,34116,puAvGtdXQKSR631iqA7Ydg
734,Daniel-Vinicius-Stolf-Vendas-WAU-1,1723032227851,3,34130,33268,102391,1.0,0,3,3,3,SUCCESS,34130,AAPa2x5tRnytPEU0kjHyIQ
735,BoogieTimeProductions,1723103890020,3,34153,33268,102461,2.0,0,6,6,2,SUCCESS,34153,MUyQlFafT0yFhQr1sApn9Q
736,MUBK-Linahe,1723388773356,3,34172,34000,102518,2.0,0,6,6,15,SUCCESS,34172,vWDhyw94R1WkbO6mqjuZ-w
737,ImportantArchitect43109c,1722487731825,3,34174,30464,102523,1.6666666666666667,0,5,5,1,SUCCESS,34174,2vLH2v1KRyOf7gSQtF0MFA
738,IntelligentDebugger#7484,1723047517562,3,34175,32133,102526,2.3333333333333335,0,7,7,3,SUCCESS,34175,87cevtkdTIGXHpItI7HYog
739,-RobinHood-,1723796383197,3,34180,32527,102540,0.3333333333333333,0,1,1,1,SUCCESS,34180,FVcTwo8YTqOsE47tiP0VpQ
740,ImportantArchitect2cc5df,1722540010852,3,34197,23131,102591,1.6666666666666667,0,5,5,7,SUCCESS,34197,i6_GZecmTF66tbBmNc5Rgw
741,RichardMeijerink-RunIA,1723140003583,3,34199,33470,102597,2.0,0,6,6,3,SUCCESS,34199,-Jlu0lRER2STmrYK0PaQfw
742,JPMC-MUMBAI-003,1722526705489,3,34218,33599,102655,3.0,0,9,9,6,SUCCESS,34218,csyvQme2QeaNSkzYeCHjkA
743,MUMSS-SouichirouHarada,1723303624468,3,34221,31735,102663,2.3333333333333335,0,7,7,4,SUCCESS,34221,NFB_Ir5uQj2dPQENspHg6A
744,CoderKiller#89,1723371389779,3,34221,30266,102663,0.6666666666666666,0,2,2,6,SUCCESS,34221,aQ-VEoHARwafSVeTlcYQow
745,ImportantArchitect8cf3d7,1722571405561,3,34242,34137,102728,2.0,0,6,6,6,SUCCESS,34242,SU90ncjdTqe7PaokqHFRMg
746,JoaoLucas-ComissionaRacing,1722604379244,3,34265,34065,102795,3.0,0,9,9,1,SUCCESS,34265,X8Kgh6yXQDq7DkA6Ou10IA
747,ProcessingNode#1848,1723423429302,3,34285,29998,102857,2.6666666666666665,0,8,8,12,SUCCESS,34285,jBoqEF3vQee2l9mu3We7eQ
748,MUMSS-Unvanillas-ShioriKajimoto,1723397272357,3,34289,28862,102868,2.0,0,6,6,2,SUCCESS,34289,cLtVqOf1R9mfYWOgZJMwKw
749,MUBK-HaruhikoYoshida,1723250989219,3,34352,28131,103058,1.0,0,3,3,17,SUCCESS,34352,doV1ix0QRFSGiB7d-9sHRw
750,FellipeGorges-thechickenfeet,1722590041218,3,34374,32132,103124,1.3333333333333333,0,4,4,10,SUCCESS,34374,ur-7H6A_SZaMlVE-vpcbQA
751,MUMSS-TsuyoshiYoshida,1723374956709,3,34376,34204,103128,2.0,0,6,6,13,SUCCESS,34376,z8zimF-mTN6eonfH_d6Eew
752,ImportantArchitectfb77f3,1722543045916,3,34396,32330,103189,1.3333333333333333,0,4,4,1,SUCCESS,34396,9E14e58ISXe-N5aOlDCbyA
753,ReferenceSchema#5634,1722675456993,3,34397,30867,103191,1.3333333333333333,0,4,4,2,SUCCESS,34397,RdEbY2QdSjeejDRxCIe8Ag
754,ImportantArchitecta07b5b,1722492461008,3,34404,32205,103212,2.3333333333333335,0,7,7,5,SUCCESS,34404,aX8MIERMQHy_IVBhS7teJg
755,RogerioEduardo-WindRace,1722809499326,3,34422,27328,103267,2.3333333333333335,0,7,7,2,SUCCESS,34422,B1-pRFy1QXaHVxVZd7VAhQ
756,MUBK-THoshino,1723299291889,3,34442,33930,103328,1.0,0,3,3,1,SUCCESS,34442,JaxM-uEgTRWFKxGnXUo_GA
757,JPMC-TPA-Reboot-Rookies,1723049560607,3,34484,30465,103454,0.6666666666666666,0,2,2,2,SUCCESS,34484,x3z_O9BuRgaKhrOyrLX6SQ
758,PathingError#9084,1723174380498,3,34508,29203,103525,2.0,0,6,6,6,SUCCESS,34508,VJOoh9qRTpamU6vlAhBOHQ
759,ImportantArchitect349d78,1722545049021,3,34531,28197,103593,2.0,0,5,6,25,SUCCESS,34531,g9Qk6PQoSyun6ibqEdOz3g
760,Cleverson-Solucoes-Digitais,1722960454632,3,34551,34405,103654,0.0,0,0,0,15,SUCCESS,34551,IINL2t25SeuIWMnTTA0BnA
761,MUTB-TAHARARACING-JinTsumita,1723465138603,3,34573,33718,103719,2.0,0,6,6,19,SUCCESS,34573,b1hiZnQTQOmhNiLJzD1vgg
762,CrystianJordan-L3PLUS,1722972200267,3,34599,32538,103797,2.3333333333333335,0,7,7,2,SUCCESS,34599,v44oVmkCQcqXdkMJ227Xzg
763,FlyWheels,1723510641974,3,34619,28933,103859,3.0,0,9,9,19,SUCCESS,34619,mmRcs-QHTsOL3sF6dd4few
764,vishleshak,1722513769811,3,34640,29067,103922,2.0,0,6,6,1,SUCCESS,34640,40faf93f6fbe487cadee4w
765,JPMC-MUMBAI-005,1723879718035,3,34641,30596,103925,2.6666666666666665,0,8,8,1,SUCCESS,34641,wsym9JMCT7uKuhqeBcuXsw
766,ImportantArchitect5dc455,1722504707058,3,34686,30397,104058,1.6666666666666667,0,5,5,11,SUCCESS,34686,Q8PwNFy_QaSHks2qQ5KK5w
767,Joao-SIERS,1722600031010,3,34687,34135,104062,2.0,0,6,6,4,SUCCESS,34687,BcNpy9TvT_uc76P3nuj1nA
768,ImportantArchitectad7bde,1722563346190,3,34694,31005,104084,2.6666666666666665,0,8,8,1,SUCCESS,34694,_wBEQii2SlWjGVbO635mhA
769,JPMC-Columbus-003-Agent,1722550764600,3,34707,30997,104121,2.6666666666666665,0,8,8,9,SUCCESS,34707,dfd8d6cc9bde40599a66fw
770,ImportantArchitect40af12,1722497710877,3,34713,29668,104139,1.0,0,3,3,2,SUCCESS,34713,kHSF9k8kRzKsdatl4SQRTw
771,ImportantArchitect16b1ae,1722487747216,3,34730,33932,104191,2.0,0,6,6,8,SUCCESS,34730,WdnhU2zCQoSWHkuVOwWIjA
772,ImportantArchitectfa6254,1722504036481,3,34730,34261,104192,0.0,0,0,0,8,SUCCESS,34730,klwfPLLFSqWSo0EI79BSyw
773,10xCharacter#3356,1722837512402,3,34731,32999,104193,3.3333333333333335,0,10,10,18,SUCCESS,34731,1Ey27eiNQ-yM_zXx3WZWog
774,ImportantArchitected92d2,1722556038381,3,34823,34270,104471,1.0,0,3,3,1,SUCCESS,34823,7lDtetESRdydAHAc0H3Rsg
775,MatheusSilveiraBadin-Senna,1723062646206,3,34842,30658,104527,0.6666666666666666,0,2,2,11,SUCCESS,34842,FGVMeaMMQmaQK5nSi77Rug
776,2024chuncheon-7,1723628238087,3,34866,29862,104598,3.0,0,9,9,2,SUCCESS,34866,0E5Yok6oRXeZdRnXwpZ44w
777,MartinN,1723193199509,3,34889,30666,104669,1.6666666666666667,0,5,5,2,SUCCESS,34889,SAOslO2LQ6Sw9s-FGbLnIg
778,ASCIIValue#7758,1722505382563,3,34907,30324,104721,2.0,0,6,6,2,SUCCESS,34907,pSpQc11qRAm7cPtkxrRxOQ
779,MUTB-TeamGeekRacer-Ikuko,1722955509748,3,34908,34528,104725,1.0,0,2,3,9,SUCCESS,34908,RUgXyzTDTD6CEEsHvsf0dw
780,DelarMonst,1722520013591,3,34928,34130,104786,3.0,0,9,9,1,SUCCESS,34928,qSEKGhVTT7-GRnhNxjedug
781,feichixianfeng-huyafan,1723099351169,3,34929,30328,104787,1.6666666666666667,0,5,5,2,SUCCESS,34929,CZWxVHN4SOqTPSdNryGExA
782,NDix,1722866439395,3,34930,29267,104792,2.0,0,6,6,4,SUCCESS,34930,G5jpFvXhTeiPc0_X_bBdiw
783,RecursiveTech#1107,1723727307609,3,34931,32000,104793,0.6666666666666666,0,2,2,3,SUCCESS,34931,FV7DIA-UTR-e8MBrWN4gFw
784,AndrewD,1722501413242,3,34953,26996,104860,2.3333333333333335,0,6,7,3,SUCCESS,34953,hyBODeEXTIeVuja7jrzB8Q
785,ImportantArchitectc2da72,1722484467065,3,34998,32733,104995,2.3333333333333335,0,7,7,4,SUCCESS,34998,SkT1xbuSQIuBMJXWMtQA9Q
786,IterativeServer#0820,1723600376464,3,34998,33000,104994,2.3333333333333335,0,7,7,5,SUCCESS,34998,iEBeIkMJTtqXnhGsFb_qGw
787,roovy,1722494661924,3,35019,34807,105059,0.0,0,0,0,2,SUCCESS,35019,JZrnLqJeTeKdlsVGiORWqA
788,MUMSS-SatoruNagasaka,1723448670590,3,35022,34936,105067,0.0,0,0,0,6,SUCCESS,35022,F5e_PrKFTkKaffdga5rivg
789,2024chuncheon-24,1723536619522,3,35041,32669,105125,3.3333333333333335,0,10,10,1,SUCCESS,35041,zbvyi7fZTcuLzytM0aR_cg
790,PassingTheory#8420,1722504614025,3,35042,29796,105127,2.0,0,6,6,2,SUCCESS,35042,RKNn_EPlTQiM1xEDqpA8EQ
791,Groovy-DNPds,1723059081712,3,35086,33460,105259,3.3333333333333335,0,10,10,4,SUCCESS,35086,a4fb0e167d0e4112942c1Q
792,PassingNamespace#7598,1723040124968,3,35196,31658,105589,2.6666666666666665,0,8,8,1,SUCCESS,35196,uGh8UGyvTu28BrjjBDoH9Q
793,inu12345-BIP,1722554517486,3,35220,30201,105662,0.6666666666666666,0,2,2,1,SUCCESS,35220,BK-KWJrzTUy0yOv_G3xBkg
794,McRae-Racing,1723806253485,3,35287,26466,105862,1.3333333333333333,0,4,4,4,SUCCESS,35287,DC5U72g_S9-xFZ_rUUTBlQ
795,MUTB-KoSato,1723255961768,3,35287,33258,105861,0.3333333333333333,0,1,1,2,SUCCESS,35287,x91JbvILT3-nmXoITwEVKg
796,ImportantArchitecta24ab9,1722494605850,3,35288,24673,105864,1.3333333333333333,0,4,4,3,SUCCESS,35288,rgVhjazUTPKRPrOUOAUCdg
797,MUMSS-AtsushiHatake,1723245521927,3,35308,27666,105926,1.3333333333333333,0,4,4,18,SUCCESS,35308,0fEn88d-Rj2hwp0o12FNaQ
798,MUBK-ProjectD-SatosiTakada,1723294276174,3,35374,28128,106124,2.3333333333333335,0,7,7,8,SUCCESS,35374,FLTMFACuRK2MZinTNtz-8Q
799,MachineVariable#9753,1723502816057,3,35442,33931,106326,0.0,0,0,0,6,SUCCESS,35442,xvbZGX_WR7GVBzckWO0BLg
800,MUTB-BullMK2Hotshots-MitsuhiroYoneda,1723289266368,3,35462,33260,106386,0.3333333333333333,0,1,1,1,SUCCESS,35462,HF9Eetp1Ta63QRjgLYIDrw
801,JavaNitro,1723414619860,3,35486,35333,106459,0.0,0,0,0,26,SUCCESS,35486,YLGWXT0YT8GF-Qy0-LrLNg
802,FuturisticPresentation#0041,1723167298242,3,35508,31990,106524,1.6666666666666667,0,5,5,3,SUCCESS,35508,qWUj5ZeaQrS9uFnp_IK98A
803,JuanSalies-ReLU-tantes,1723059172721,3,35531,31061,106593,1.0,0,3,3,1,SUCCESS,35531,PigrJ9H3T7qk7YRlNz1soQ
804,ImportantArchitect8ed84a,1722504571164,3,35532,24653,106597,2.0,0,6,6,2,SUCCESS,35532,LYf3DRVySaKOaXPOEzDgyw
805,AbstractDigit#7584,1723138011243,3,35553,35330,106659,0.0,0,0,0,1,SUCCESS,35553,wTtufdDiTFeyjmt_FtSDLg
806,TeamF#XueLong,1723093006186,3,35554,29342,106662,1.0,0,3,3,2,SUCCESS,35554,_Ao0uT7RSVK7yOOUf5V2uQ
807,FernandoKarsten-DSMLAB2,1723120213660,3,35555,32934,106665,2.3333333333333335,0,7,7,2,SUCCESS,35555,4y5gMPyOSjODhYQljm_26Q
808,WolneyLeoni-CastingRacers,1722972463840,3,35574,31665,106724,1.6666666666666667,0,5,5,1,SUCCESS,35574,4vIqMh-ZQka-HTsAd9DFNw
809,SuperDandyMachine#1,1723679099713,3,35575,31199,106725,1.0,0,3,3,1,SUCCESS,35575,0ruLaH-vTkuqAkDLwogD9Q
810,ImportantArchitect31d7bf,1722565176209,3,35596,27731,106789,2.3333333333333335,0,7,7,2,SUCCESS,35596,j8AQdlE2R2yltagnQQvo5w
811,ImportantArchitect9f2d14,1722567517102,3,35642,22932,106928,2.3333333333333335,0,7,7,3,SUCCESS,35642,qJ5TmEWTQECKVUKa1EYSXQ
812,MUBK-KaoriHorikoshi,1722758916997,3,35708,30996,107124,1.6666666666666667,0,5,5,10,SUCCESS,35708,PK52AM8YQniE39e-xIAqmQ
813,DuaniTedesco-WMOMotores05,1722543056526,3,35709,34401,107128,1.3333333333333333,0,4,4,3,SUCCESS,35709,sxETtkHFRV2upAWAHxFa4g
814,Diego-S-Martins-C2DJ,1723080810578,3,35731,32005,107193,2.6666666666666665,0,8,8,2,SUCCESS,35731,n95A88JQR_SheTp_vft3ZQ
815,Jhonatas-BAJAWTD,1723116247846,3,35798,32934,107395,1.6666666666666667,0,5,5,2,SUCCESS,35798,bIjDizDTR12_XhZduXgL4A
816,JPMC-HYD-TECHRIDERS,1723736063432,3,35842,33991,107526,2.3333333333333335,0,7,7,8,SUCCESS,35842,liKDowM7Rka8dOtW9yyAQw
817,LoopingUpdate#1453,1722542949326,3,35864,31794,107593,0.3333333333333333,0,1,1,4,SUCCESS,35864,wsOMraeWQgmsNL2yn1hsYw
818,Allana-FilhasdePaython,1723821957040,3,35864,28596,107594,2.3333333333333335,0,7,7,5,SUCCESS,35864,EfiyAHMyTkeihht_j9sMUQ
819,FiniteDataset#6905,1722497593665,3,35886,32134,107660,1.6666666666666667,0,5,5,4,SUCCESS,35886,cusI9Xo6RKi2rl5reP8kCg
820,LucasTavaresL3,1723134238771,3,35887,29799,107662,3.3333333333333335,0,10,10,6,SUCCESS,35887,-FSY2UJ3SDKoR1rjBijRGQ
821,ABHT166-Hari-Absa,1723705575994,3,35908,32332,107725,1.6666666666666667,0,5,5,2,SUCCESS,35908,vM041pmoSFyVi-whp1pPHA
822,JPMC-JC-go-anime,1723293208435,3,35930,35001,107791,1.0,0,3,3,1,SUCCESS,35930,252ec499ac2d4391836a6Q
823,PathingPoint#8770,1723146577806,3,35930,32725,107791,0.3333333333333333,0,1,1,2,SUCCESS,35930,TozbLf0YQRShPvN45TLIsA
824,ImportantArchitect214a8e,1722508166636,3,35974,30528,107923,2.0,0,6,6,5,SUCCESS,35974,0wqG6ZVvQr24kB7s9jBbig
825,GammaSchema#7386,1723813816859,3,35975,34795,107925,0.0,0,0,0,4,SUCCESS,35975,Umm-jp76TNWa59VFUHvxPw
826,JPMC-NYC-03,1723042365052,3,35976,35528,107928,0.0,0,0,0,5,SUCCESS,35976,6U69qHOwR4GliMnFtWP4hA
827,RobotExpression#3341,1722679083781,3,35976,29805,107930,3.0,0,9,9,7,SUCCESS,35976,LsafnU4OQdiIR-jdEbF_1Q
828,JPMC-HYD-26,1722838773166,3,35977,29074,107931,1.3333333333333333,0,4,4,36,SUCCESS,35977,n_DmP_mQS96SZ4XA8YwSaA
829,ProvisionalEvaluation#6229,1723034213943,3,35997,28331,107991,2.3333333333333335,0,7,7,1,SUCCESS,35997,4Jdy2OYMR-e1DQnJWlqObw
830,MUTB-YujiOtsuru,1722601162016,3,36064,33456,108192,0.3333333333333333,0,1,1,2,SUCCESS,36064,mpsqAvJFTpqoRUzZrT7utg
831,ImportantArchitect678123,1722521711593,3,36066,27528,108199,2.6666666666666665,0,8,8,3,SUCCESS,36066,EDJZv8mtSaaBM7oaNMrKAQ
832,teamH#zhangzhihao,1723094565674,3,36086,33997,108260,0.3333333333333333,0,1,1,3,SUCCESS,36086,kfZAGcSQSSitAhZeG8a2SQ
833,HigherPackage#8241,1723145070571,3,36092,26590,108277,1.6666666666666667,0,5,5,9,SUCCESS,36092,vDBUO4SUR0i0nkuXWwbD1g
834,BJSS-LG,1722526139638,3,36108,34064,108326,3.3333333333333335,0,10,10,1,SUCCESS,36108,2c9dUbSMQq6YMaO0nam9QQ
835,ImportantArchitect7080a2,1722502968393,3,36110,27726,108330,2.6666666666666665,0,8,8,7,SUCCESS,36110,ZL_cQh07RFalAgkQkwX9dg
836,WeeMeng,1723023928200,3,36128,33926,108384,3.3333333333333335,0,10,10,2,SUCCESS,36128,7W9dv4LLQC2jIlQ7OB95KQ
837,TeamD#Winfred,1723094672289,3,36130,32324,108391,1.6666666666666667,0,5,5,2,SUCCESS,36130,jt4RGM00S-qARWxCI3W8TA
838,Tdyangrui,1723099771799,3,36130,33993,108392,2.3333333333333335,0,7,7,1,SUCCESS,36130,eFwStADtRqmE0YdKZNtXEg
839,MUBK-TeamSasaki-KaoriMurata,1723368038659,3,36132,33599,108396,2.3333333333333335,0,7,7,4,SUCCESS,36132,MRBg_FogQEiyZciPMk4T2w
840,ContinuousTech#4928,1723728672849,3,36199,29930,108597,1.0,0,3,3,4,SUCCESS,36199,DRJuQBv5TcKArIo58sj0DA
841,ComplicatedNumber#5126,1723829520997,3,36242,35667,108727,0.0,0,0,0,6,SUCCESS,36242,jIdQtfuiS0CLU-n7idtMEQ
842,MUMSS-HirokiSengan,1723437007857,3,36286,35997,108859,3.0,0,9,9,15,SUCCESS,36286,rlob7lJ-TAaSf7gcwJprbw
843,RicardoWBesser-WEGTechRacers,1722994206686,3,36351,32131,109055,2.6666666666666665,0,8,8,6,SUCCESS,36351,RWuN1sDyRrOuyfNo6MxsDQ
844,ImportantArchitect4a38d1,1722532163477,3,36352,35995,109057,0.0,0,0,0,5,SUCCESS,36352,vrZ3jeN-Qk-7qIDqTvnmSg
845,HabibizModelday2,1723661868776,3,36352,34534,109057,2.3333333333333335,0,7,7,11,SUCCESS,36352,Ewx105wVTMWxNr3jpd41KA
846,LeetBuster#4662,1722619716657,3,36395,36064,109185,3.0,0,9,9,2,SUCCESS,36395,DlOqs4PWSHa0KvT_cwmeKw
847,MarcosAurelioDalMagro-AlgoritmosTurbo,1722804046075,3,36418,32524,109255,2.6666666666666665,0,8,8,2,SUCCESS,36418,J7-GrTcCSRKfj8aPCMi1sw
848,teamD-lifuhua,1723093683907,3,36441,32864,109325,1.6666666666666667,0,5,5,2,SUCCESS,36441,cWXWspDQSi-0cCD4t5tprQ
849,HigherTest#1459,1723043390678,3,36462,33385,109387,3.6666666666666665,0,11,11,6,SUCCESS,36462,lN4CpkkRR0m9x2GNxFzGOw
850,PayAsYouGo#0002,1723760815796,3,36463,32399,109389,0.6666666666666666,0,2,2,4,SUCCESS,36463,3IeJtOZDTeSjik4W7cSyUA
851,DiogoBrolini-RelampagoMarquinhos01,1722876470606,3,36484,34653,109453,2.3333333333333335,0,7,7,21,SUCCESS,36484,NMSLdT2cR2-KSWKUjgnjlA
852,CrespoPilot,1723117170395,3,36485,32533,109456,2.6666666666666665,0,8,8,12,SUCCESS,36485,7qYwYo_LRwOBGzvpPB0fKw
853,JPMC-NYC-06,1723862079138,3,36487,31729,109463,2.0,0,6,6,2,SUCCESS,36487,jTvrM1mASGG6DfqMz1y-tg
854,TeamE-shanyaozhixing#9528,1723096765105,3,36507,36266,109522,3.0,0,9,9,2,SUCCESS,36507,tPE_fdT7RjiOW0ccFe-DXg
855,ArthurBenedettiKatchau,1723048564605,3,36528,32724,109585,1.6666666666666667,0,5,5,8,SUCCESS,36528,uQMFjWxIR_-ptjMxt8G2mA
856,Forgotten-Indicators,1723816308756,3,36553,31194,109659,3.0,0,9,9,7,SUCCESS,36553,snQ_0pvuSv-aeWcf9ge0Mw
857,ImportantArchitectcdf8f6,1722528166703,3,36553,36473,109661,0.0,0,0,0,2,SUCCESS,36553,3ZsXAT-sRKCpXicq5kGA7w
858,Wagner-Racer-Solutions,1723165851247,3,36601,34727,109803,2.3333333333333335,0,7,7,1,SUCCESS,36601,rOUUItaATg-kMK7RiahNXg
859,WeslinMartinsRibeiro-LowRacer,1723138003585,3,36620,36134,109860,3.0,0,9,9,2,SUCCESS,36620,tcKlvrI5ST-Dj9k301YzxA
860,ImportantArchitect6ede95,1722523965998,3,36641,30864,109925,2.0,0,6,6,1,SUCCESS,36641,13FAN0YjT3-N-Jr2cMNh7w
861,RicardoMombru,1723136827809,3,36643,26127,109930,2.0,0,6,6,3,SUCCESS,36643,dszNfs_HQQC-RAXiNtBM4A
862,Ruan-Usinagem-de-Eixos,1723153039354,3,36686,32663,110059,2.6666666666666665,0,8,8,12,SUCCESS,36686,SGVJr_HcTLWCdtsEcHDlbQ
863,Joao-Solucoes-Digitais,1723163206993,3,36686,34135,110058,1.3333333333333333,0,4,4,3,SUCCESS,36686,LCccx_7GTSOAINAKBZ8DKw
864,FuturisticScript#2810,1722719557936,3,36706,34331,110118,3.3333333333333335,0,10,10,1,SUCCESS,36706,PqVshhzdQS2_DGyd4ILE1w
865,RCaetano,1723368114569,3,36707,36268,110121,0.0,0,0,0,4,SUCCESS,36707,xJP657TNSZOJ-leq6qiDrQ
866,Chencho,1722739773878,3,36707,35986,110122,0.0,0,0,0,1,SUCCESS,36707,FmKNTlC8Qh6a31oWmZcdcQ
867,AnthonyB,1723632215349,3,36710,36667,110131,2.0,0,6,6,2,SUCCESS,36710,LVYCO3KlRFyIxywxV2legA
868,GiovanHornburg-CastingRacers,1722972690627,3,36842,35204,110528,0.3333333333333333,0,1,1,2,SUCCESS,36842,KP2fkgZoQyKEfVgSawHBYw
869,teratagu,1723716855058,3,36952,34935,110858,2.0,0,6,6,2,SUCCESS,36952,sq7udaN3RHS5ukoqvtcE-Q
870,MUBK-TeamTequilaNiki-Ryoichishimamura,1723429739028,3,36997,29198,110991,2.3333333333333335,0,7,7,8,SUCCESS,36997,n08jQQtySk-NMrR3mXJ-AQ
871,TrainingSeason-by-LLM,1722481590507,3,37019,33194,111058,2.6666666666666665,0,8,8,3,SUCCESS,37019,2ZrGrnCTTLac0_y0h4IxEQ
872,GlobalTheory#6922,1723147296007,3,37043,31730,111130,3.0,0,9,9,4,SUCCESS,37043,Nn74AmdiRKKrzYQnUHeOVQ
873,ImportantArchitecteb1ccb,1722577169578,3,37130,36327,111391,2.0,0,6,6,6,SUCCESS,37130,CA9vfZwoSY6gwtofFvdCyw
874,PedroHenriqueBunn-WMOMotores05,1722884566558,3,37131,30999,111394,2.0,0,6,6,2,SUCCESS,37131,aU1Ev1faS86cyYRxhwZKpg
875,ThiagoD,1722714759143,3,37175,33265,111527,3.6666666666666665,0,11,11,2,SUCCESS,37175,hEXm0S5DSuKhb9giUIfrwA
876,AndersonSantos-BlockChainBoosters,1723041404460,3,37215,34733,111647,0.3333333333333333,0,1,1,6,SUCCESS,37215,4KnWvpbnTuCHy26BpUQvcA
877,MUBK-TomokoOuchi,1722689747104,3,37266,37004,111798,0.0,0,0,0,2,SUCCESS,37266,6TiSPLXeR7awA2FatIMddg
878,Bruno-WindRace,1723050891150,3,37266,32265,111798,2.0,0,6,6,2,SUCCESS,37266,-yBNQjkTTraLEbZI_5ungg
879,DiegoRengel-WEG-Corporativo04,1722622339959,3,37350,29273,112050,2.3333333333333335,0,7,7,1,SUCCESS,37350,gP4FfCTRQvmt85KsPfHMBQ
880,MUBK-TeamTIDBSmanagement-HayatoEgashira,1723307046192,3,37375,34133,112126,1.6666666666666667,0,5,5,4,SUCCESS,37375,s_K4-SzQSJORaiG3iK4PCQ
881,AndreLuisHaeberlin-WEG-ITJ-01,1722527002552,3,37398,36337,112194,0.0,0,0,0,5,SUCCESS,37398,DtQqehncQqiXtSjtVgC2hw
882,teamH-gaofeng,1723093218794,3,37441,33135,112323,0.6666666666666666,0,2,2,1,SUCCESS,37441,xiB9_at4RliToHDb3A6Rzg
883,imdaub,1723220983321,3,37446,33467,112340,2.6666666666666665,0,8,8,3,SUCCESS,37446,So_nYDJnSfmy21n_aSYNdg
884,Kono,1722492003969,3,37465,30857,112397,1.0,0,3,3,19,SUCCESS,37465,1cbNtvq_SlKsplu-EyE_IQ
885,magnus-stensmo,1723504605632,3,37509,33337,112529,2.6666666666666665,0,8,8,2,SUCCESS,37509,YWN83YN6Q2SOVdwwwyyGpQ
886,ImportantArchitect028498,1722566271589,3,37512,31670,112536,2.3333333333333335,0,7,7,5,SUCCESS,37512,5A4zBbSdTviMDAXg7neQcw
887,Luan-ReinforcedRacers,1722865317929,3,37531,35858,112593,0.3333333333333333,0,1,1,7,SUCCESS,37531,M_nFck4eS3CqWMgJSDWuHg
888,GabrielaBonugli-NeuralNetNinjas,1723146018528,3,37532,36932,112597,1.0,0,3,3,6,SUCCESS,37532,JsEl9g8BSXuZNBg2or8NaQ
889,Dots,1722492379425,3,37559,30814,112678,2.3333333333333335,0,7,7,4,SUCCESS,37559,eFanxdl4R22QTt5v53RaGQ
890,InfiniteDataset#8789,1722507860174,3,37593,25536,112780,3.0,0,9,9,1,SUCCESS,37593,ADUudPJGSOWPTNoomfu5kg
891,Handerson#CAPTOM,1722533878671,3,37599,35666,112797,2.3333333333333335,0,7,7,6,SUCCESS,37599,L9ayZW_KRd2TQrpLu9GPFA
892,ImportantArchitect54d2a3,1722483661639,3,37617,27465,112853,2.3333333333333335,0,5,7,1,SUCCESS,37617,OzSv2ZQuRFajCAcXHyat5A
893,Guilherme-IAplicacao,1722952625838,3,37621,36666,112863,3.0,0,9,9,1,SUCCESS,37621,ScdDu5MkRMm_38jWr8MWTw
894,ImportantArchitecte83afe,1722492020071,3,37665,35607,112997,0.6666666666666666,0,2,2,1,SUCCESS,37665,7m9VnkvTRyec9rJIrOP8Qw
895,MUBK-TeamOjisans-MasakazuIto,1723295606980,3,37689,37074,113067,2.0,0,6,6,9,SUCCESS,37689,VQnP2V1DRDW2pYVyvpba8w
896,AnaCarolina-FilhasdePython,1722613900251,3,37715,31346,113146,2.0,0,6,6,2,SUCCESS,37715,qqG4igr6QTuchwc3P8u1PA
897,ImportantArchitect6b201e,1722579343975,3,37776,37130,113328,2.0,0,6,6,3,SUCCESS,37776,Q-Xoja0UT_SYqjAwCYcuVQ
898,GuilhermeBecker-AgentesAgeis,1722963210637,3,37796,33996,113390,3.6666666666666665,0,11,11,1,SUCCESS,37796,hpCGdl6ZSNKYWPyCdZ-51w
899,BLR-DR-001,1723885697620,3,37797,36252,113391,1.3333333333333333,0,4,4,12,SUCCESS,37797,YvlaCbHmTcK1pwMngoUyBw
900,ImportantArchitect83839b,1722512459381,3,37797,33663,113392,3.6666666666666665,0,11,11,4,SUCCESS,37797,Up7Rge49T0uh9kBo3aXkUQ
901,ImportantArchitect4c699c,1722503114392,3,37817,30071,113452,3.3333333333333335,0,10,10,3,SUCCESS,37817,pDA7VskwT2aULUm-YsEXqA
902,gcjordi-eH,1722508942519,3,37841,35467,113524,0.3333333333333333,0,1,1,1,SUCCESS,37841,hxnXJKpMRKSykoLhfHojdg
903,MUTB-GoFellows-MasafumiTamura,1722782452193,3,37907,37405,113722,0.0,0,0,0,10,SUCCESS,37907,KbgYHastTPWX-J4_QrCGFw
904,JPM-MUM-008,1723123322013,3,37933,36666,113800,3.3333333333333335,0,10,10,3,SUCCESS,37933,eyM5c5hRSrSBVBnujg6OJA
905,TMC-weijin,1723093390402,3,37936,36006,113809,2.3333333333333335,0,7,7,1,SUCCESS,37936,Stb3dgiVR5OrvPA1pnJ8Sw
906,StructuredShell#2015,1723653465147,3,37951,30600,113853,1.0,0,3,3,1,SUCCESS,37951,-KSpXy5jQuqD-RfZyly-Jg
907,JPMC-HYD-PunnyPythonRacers,1722979459546,3,37974,33732,113924,2.6666666666666665,0,7,8,5,SUCCESS,37974,iYLTZyzKQ--9KmFjlHv2Bw
908,BPM-F1Racer,1723665817807,3,37975,26869,113925,2.0,0,6,6,3,SUCCESS,37975,qkLjjMV_Q_uiQg5lRmhWhQ
909,JPMC-Columbus-Lightning-McQueens,1722605298512,3,37976,36865,113928,3.0,0,9,9,1,SUCCESS,37976,Eh_9cNbsTReAXGzLNizDVA
910,BLR-DR-013,1723516022551,3,37976,34201,113930,3.6666666666666665,0,11,11,4,SUCCESS,37976,9TUvai2zT6-jC5J4VM6uAQ
911,GustavoAbreu-Bitheads,1723060027536,3,37998,34926,113996,2.3333333333333335,0,7,7,10,SUCCESS,37998,X8FC7gqATyOxYlsn9Q-mwQ
912,IterativeFix#6123,1722548681258,3,38002,31798,114008,3.0,0,9,9,1,SUCCESS,38002,riaTjANNSg21MoIWBiIY0A
913,DFWZoomer,1723722057919,3,38019,28202,114059,1.3333333333333333,0,4,4,14,SUCCESS,38019,hkuztZUMREyTdSOOq-O6RA
914,SpeedDemons#3250,1723752041980,3,38045,34129,114135,0.6666666666666666,0,2,2,4,SUCCESS,38045,_l8qNUt5Q2aWuqERYJN8VA
915,MUTB-Teamkonnemi-EmikoKondo,1723262470393,3,38064,36199,114193,1.3333333333333333,0,4,4,4,SUCCESS,38064,Bs5SkvxWRkKYB09uV0mwNw
916,WellintonGandin-MachMachine,1722512671900,3,38086,33674,114259,2.6666666666666665,0,8,8,1,SUCCESS,38086,t_jaFTDOT8mitW6rY1YCYg
917,JerryLee,1723448268922,3,38105,34669,114315,3.6666666666666665,0,11,11,1,SUCCESS,38105,BMjoJ3L7ShGsF5gA1lHdkw
918,NumericResource#4781,1722792700280,3,38132,31999,114398,2.3333333333333335,0,7,7,4,SUCCESS,38132,qr78lH_MQXegaK1uu9wYMw
919,Fernanda-Austin50s,1722908045907,3,38155,36069,114465,2.3333333333333335,0,7,7,1,SUCCESS,38155,vH7ePs3ZTlyo0fMh_n5qEA
920,jordi-WTDTransmissaoeDistribuicao02,1722962295461,3,38177,35068,114531,3.3333333333333335,0,10,10,5,SUCCESS,38177,xfRL2DKySQexWTq_VfwwDg
921,Ana-LuizaElert-VITurboRacers,1722877128795,3,38194,35125,114584,3.6666666666666665,0,11,11,20,SUCCESS,38194,9jgkyVtRTKam82H66pRwqQ
922,SpinCrashBang,1723634499429,3,38197,38008,114593,0.0,0,0,0,4,SUCCESS,38197,Wpq2wN6vSCepTU_lOAjRuw
923,AndreAlbuquerque-DAJAlearning,1722888591664,3,38197,32865,114593,2.0,0,5,6,4,SUCCESS,38197,cotjEFMVQRyNjLlWyzdNkQ
924,Leonardo-DataDrivenDrifters,1723563970615,3,38218,32733,114655,3.0,0,9,9,1,SUCCESS,38218,S32jQ-gCQUyLmrwSD5V0nA
925,MUBK-HideakiSuzuki,1722768221526,3,38239,36268,114718,0.3333333333333333,0,1,1,11,SUCCESS,38239,jLsd-0tYRlmJFicLmFgsuw
926,toxicas#8061,1723751901780,3,38243,32335,114730,1.0,0,3,3,3,SUCCESS,38243,wjwJbtTvR5SbPy8m-bXbeQ
927,MUMSS-AtsushiMiura,1722670357858,3,38282,32587,114847,3.0,0,9,9,1,SUCCESS,38282,J_gWTrIWTSKP4J8dYHa__w
928,Jung-Moon,1723478450768,3,38329,32728,114988,3.0,0,9,9,1,SUCCESS,38329,1T-GumMOTqmrzKpDv_NQvw
929,MUMSS-KeiyuGoto,1722952644696,3,38352,30667,115058,3.3333333333333335,0,10,10,2,SUCCESS,38352,1Q2zsB1vTPu2tek7Pygn3g
930,ImportantArchitect50b8ab,1722497758129,3,38397,38133,115191,3.0,0,9,9,1,SUCCESS,38397,G49ZM00XSM-zw13cugwadw
931,AlineBertholdi-QuickDogs,1722880414743,3,38421,32196,115264,2.0,0,6,6,5,SUCCESS,38421,8mpcvfGvSJGNGe6X5uwORQ
932,PathingToken#6469,1723669135402,3,38509,36004,115528,1.3333333333333333,0,4,4,9,SUCCESS,38509,OIobBAniTW2LJO2R1V5UHg
933,CleanBuster#3041,1723116890028,3,38575,36732,115727,0.3333333333333333,0,1,1,9,SUCCESS,38575,3tQ-Wf1oTMi_7WNM13Uxvg
934,ImportantArchitect1a4b8e,1722577523460,3,38575,32130,115727,1.3333333333333333,0,4,4,5,SUCCESS,38575,gVSzA2rCTVmbFTfzxlMEew
935,LucasRibeiroLopesLeites#OeMEolica,1723643440785,3,38596,35464,115790,3.3333333333333335,0,10,10,1,SUCCESS,38596,tbEgCofCRAmVvuR23UTnDg
936,PedroMilano-DataDrivenDrifters,1722616308287,3,38600,29066,115800,2.6666666666666665,0,8,8,1,SUCCESS,38600,ScsUmmqCTHeKJcxRbPli-Q
937,yichi-lei,1723435668918,3,38600,36545,115800,2.3333333333333335,0,7,7,5,SUCCESS,38600,_vgyyLSGQQy3wpzjDXREIQ
938,ImportantArchitectf06865,1722502695406,3,38621,29333,115864,3.6666666666666665,0,11,11,1,SUCCESS,38621,sul3sT2AQ0yb8oODqvodsQ
939,MUTB-TeamKonemi-IkunoriMurayama,1723513944255,3,38665,35460,115997,0.3333333333333333,0,1,1,2,SUCCESS,38665,md_qqZphRQORcPO3O1xm0g
940,MUTB-SafetyDrivers-HideakiObara,1722954103401,3,38729,35325,116189,0.6666666666666666,0,2,2,8,SUCCESS,38729,CLuItpF9SEuT9Es-G6gU3A
941,SuperDandyMachine,1723652954401,3,38751,34731,116253,0.6666666666666666,0,2,2,4,SUCCESS,38751,8DuGN-lFTjqcJmbNP9BLOg
942,AsynchronousCircuit#6467,1723675980510,3,38775,35067,116325,1.6666666666666667,0,5,5,1,SUCCESS,38775,PQ2udtfyR-66oDcz2CND8w
943,TeamB#GOAT,1723096418641,3,38798,34932,116396,3.6666666666666665,0,11,11,3,SUCCESS,38798,zajUcah-RaejohT6J1w6iQ
944,ImportantArchitecte3aff0,1722577623276,3,38798,32804,116396,3.0,0,9,9,2,SUCCESS,38798,GH-afm3eQYCGNZhu897Evw
945,CZ1-SM,1723105453337,3,38841,38336,116525,2.0,0,6,6,8,SUCCESS,38841,7UKmrml-TL2NloKBTDgn6g
946,Vitor-Couto-Neural-Nitro,1723125526106,3,38844,34470,116534,2.6666666666666665,0,8,8,5,SUCCESS,38844,Hs_sHYn6Su6YRZ9IaWdbaQ
947,MarceloBackAraujo-BatteriesInWheelRace,1722702879689,3,38886,34534,116659,0.6666666666666666,0,2,2,3,SUCCESS,38886,nLHtbQ-jQpeBpPMST0HDcg
948,LuizaStringhiniLinhares-SIERS,1723142547224,3,38892,34144,116676,2.0,0,6,6,4,SUCCESS,38892,9vU8lSIQQem3GV_oHEupfw
949,TeamH-shenweidong,1723092976015,3,38973,37129,116920,0.3333333333333333,0,1,1,1,SUCCESS,38973,ldaraig_RSCmT0m-lmNu4w
950,Yuto,1722694547935,3,38975,36330,116925,2.6666666666666665,0,8,8,1,SUCCESS,38975,NpyoHiypQve2DTtRMPlTYQ
951,Luiza-MaqIndGensetMotoresSincronos,1722513020972,3,39019,37792,117057,3.3333333333333335,0,10,10,1,SUCCESS,39019,wGZIwAYUSF6oUuaRwqECtA
952,ImportantArchitect6d7b96,1722499490275,3,39065,32996,117195,2.0,0,6,6,1,SUCCESS,39065,_YMHLmHMQXqvYauQVpgHJA
953,Quick486#2862,1722878753915,3,39085,36998,117257,2.3333333333333335,0,7,7,25,SUCCESS,39085,SEHU_yzKQZ6woIaQv4AYnw
954,JPMC-TPA-SB002,1723226187557,3,39107,35465,117322,0.3333333333333333,0,1,1,2,SUCCESS,39107,b_KkyuRPQMyQOTa46DZejw
955,MachineInterface#7100,1723421614123,3,39152,37989,117456,0.3333333333333333,0,1,1,3,SUCCESS,39152,g5Gh8sP2Q_iL6r66Mb5LOA
956,GSabel,1722630500629,3,39174,34126,117522,3.0,0,9,9,1,SUCCESS,39174,CSLltKALTeWnTlo_9NCMFw
957,ImportantArchitectac909e,1722512413428,3,39222,35466,117668,3.6666666666666665,0,11,11,11,SUCCESS,39222,BKlBmZDJTi6PgqapaMrH8A
958,ImportantArchitectc565cd,1722504391672,3,39244,34271,117733,1.6666666666666667,0,5,5,2,SUCCESS,39244,ANCaI6bBRI-zHSKzYPZ4tA
959,CarolineAUDI,1722970651227,3,39265,35599,117797,0.6666666666666666,0,2,2,7,SUCCESS,39265,FtOdDch_TzeFfCSRuaFjjw
960,ImportantArchitect0eb48e,1722567957586,3,39289,28800,117869,3.0,0,9,9,5,SUCCESS,39289,wgT_GXteQ42t0uz5MgO-Vw
961,SamAu,1723618269149,3,39308,32264,117924,2.0,0,6,6,1,SUCCESS,39308,BteX7647QUyM2a2hexL2ZA
962,CriticalMachine#0073,1722607597091,3,39331,34259,117994,1.0,0,3,3,3,SUCCESS,39331,fNA1iZ94QgmnpLbGH695Ig
963,SecureEvaluation#6336,1723475938505,3,39443,33462,118329,3.0,0,9,9,1,SUCCESS,39443,TvP2qPvNQG-nFVAOqyKqSQ
964,WELLINGTON-TNEIA,1723134342438,3,39463,31190,118391,2.3333333333333335,0,7,7,4,SUCCESS,39463,qY_TIcWUTWWwTM84F1zSNA
965,JiaWen,1722670166509,3,39554,35864,118662,1.6666666666666667,0,5,5,1,SUCCESS,39554,ee3a7LM-T-6x1C2BVHm21g
966,JPMC-NYC-00,1723491471232,3,39597,29934,118791,2.6666666666666665,0,7,8,2,SUCCESS,39597,JR7eIcEUSgCg6T4sjIEWSA
967,RobotValue#2932,1723465736374,3,39620,34067,118860,2.0,0,6,6,5,SUCCESS,39620,exWTV1lbR0GzHhZGdhnIew
968,GabrielPellizzon-TheFathers,1723057626535,3,39623,39340,118871,3.0,0,9,9,1,SUCCESS,39623,3ezuNS0cQmuHiWXEbJ3odA
969,ImportantArchitect2222ae,1722519599236,3,39645,33732,118937,4.0,0,12,12,2,SUCCESS,39645,KIpCfP-nQR6OZn3a5DfJeg
970,Falcon-TLL#7351,1723670732371,3,39685,37532,119057,1.3333333333333333,0,4,4,1,SUCCESS,39685,lkxDHfMVS9-nyqU7m7-jPQ
971,CleanGrid#2910,1723531617615,3,39729,36196,119189,3.6666666666666665,0,11,11,1,SUCCESS,39729,NKFsNxIHSb-JPvBnA25e2A
972,J5t3313,1722816415309,3,39753,33461,119260,1.0,0,3,3,1,SUCCESS,39753,ba8OFedYTg6487OyzafR8g
973,GABRIELNUNES-PCP-WMO,1722950573908,3,39771,35468,119313,2.6666666666666665,0,8,8,2,SUCCESS,39771,xHytdo1-TaS_5pCL89C5HA
974,ImportantArchitectd7fcb2,1722568245387,3,39776,37860,119328,0.3333333333333333,0,1,1,5,SUCCESS,39776,oRZxEn06R-O4W9njzBONdA
975,ImportantArchitect30d200,1722573396124,3,39781,38009,119344,3.3333333333333335,0,10,10,1,SUCCESS,39781,-gL0IOT7TiW3cil2epYw3w
976,LuizFernandoRosaDeSouza-Rust-IAZE,1723113579230,3,39819,26267,119458,2.3333333333333335,0,7,7,13,SUCCESS,39819,4AK98g4-Tbiaey-rJojg1A
977,DigitalOrder#6547,1723839607210,3,39862,37725,119586,0.0,0,0,0,5,SUCCESS,39862,2nXDXbC2SFqoJvJHWXQNMQ
978,ImportantArchitect5a5d00,1722577365620,3,39888,33137,119665,1.3333333333333333,0,4,4,2,SUCCESS,39888,TRifLkkPSpyTxgiETXXRiA
979,GammaFormula#0190,1723033879585,3,39907,35138,119721,4.0,0,12,12,1,SUCCESS,39907,2NpFbi8JSS21xG2I2xY29g
980,TestingString#4077,1722589970412,3,39975,39457,119925,1.0,0,3,3,3,SUCCESS,39975,uEaHEUbPTia6_8_OYzVMzg
981,Gunter,1722730396928,3,40040,36263,120122,2.6666666666666665,0,8,8,1,SUCCESS,40040,zDR-toQJQl6ooh9RzPIroQ
982,ImportantArchitectd83d08,1722507546463,3,40040,36331,120120,2.6666666666666665,0,8,8,6,SUCCESS,40040,f21bgqCNQTKVALF4_aKfIg
983,HaakonEriksenDrange,1722980452363,3,40064,38603,120193,0.0,0,0,0,4,SUCCESS,40064,9iWaqT8JSZiedlCJLh3BSQ
984,MobileTable#0292,1722874676425,3,40086,36664,120259,0.3333333333333333,0,1,1,3,SUCCESS,40086,Ntp403JAQp-UR2wgM8a5Rw
985,JPMC-HYD-09,1722881246044,3,40154,31927,120464,1.3333333333333333,0,4,4,1,SUCCESS,40154,vA_gK0vxTNWI-MTWEWLAxw
986,ImportantArchitecta3309c,1722510420045,3,40219,35004,120657,2.0,0,6,6,5,SUCCESS,40219,dIKuAfDfR8Ck-0Rc4XxwiQ
987,VirtualOrder#6384,1723057923493,3,40240,35396,120721,1.3333333333333333,0,3,4,8,SUCCESS,40240,hgtOck11Q7ygO9-L-LNnvQ
988,ImportantArchitect7f656c,1722530002901,3,40261,39267,120785,4.0,0,11,12,7,SUCCESS,40261,ZwbT9n5-TX-96gYJlGl_5g
989,JPMC-Columbus-006,1722613466326,3,40263,38266,120789,4.333333333333333,0,13,13,5,SUCCESS,40263,rIIziACfQnGou4zeDTbyTg
990,AndreH,1722510217016,3,40264,37132,120793,0.3333333333333333,0,1,1,2,SUCCESS,40264,rhKjDBCnTnqdYg_ofek7ww
991,SidneiVolpi-Senna,1722937550993,3,40285,35065,120856,3.0,0,9,9,12,SUCCESS,40285,eCgc7PxxQHKOdYC5OSXcmg
992,Rafael-Maverick,1722940405213,3,40286,34400,120860,1.0,0,3,3,9,SUCCESS,40286,svB16FOZRMKm2BwiqnVSdA
993,JuliaEnder-CircuitBreakers,1722876827982,3,40352,32921,121058,3.3333333333333335,0,10,10,11,SUCCESS,40352,rcWjgGYHSX2jg2CpLNkYhg
994,robert-heitz,1723818149894,3,40399,33132,121198,2.3333333333333335,0,7,7,2,SUCCESS,40399,X5gQbhHfROucMDEmnfo34Q
995,NestedCoder#7030,1723692522516,3,40420,35195,121260,4.0,0,12,12,2,SUCCESS,40420,a55-CsL2RMmyaF-PIUiGjg
996,TeamC#xumengxin,1723093006263,3,40420,35451,121261,1.0,0,3,3,2,SUCCESS,40420,jcJ108RETbqrlYg48LVzqQ
997,DiegodosSantosLima-CastingRacers,1723139982789,3,40421,36064,121263,1.6666666666666667,0,5,5,9,SUCCESS,40421,VaN15NtaQIq-GITknZzQyg
998,ImportantArchitecte4dedc,1722576820169,3,40441,36058,121324,3.6666666666666665,0,11,11,4,SUCCESS,40441,e421xwpHSEK7fr_RTKBToQ
999,JoaoVGarcia-RustIAzee,1723132049482,3,40470,37327,121411,2.6666666666666665,0,8,8,6,SUCCESS,40470,JryAdlK3S2iaklvhWbFzNg
1000,AWStinMartin,1722632320598,3,40508,30457,121525,2.0,0,6,6,1,SUCCESS,40508,yWTTjHhbThO5PlHw1opwnA
1001,Guilherme-TS-HYDRO,1723112530985,3,40553,36799,121659,3.6666666666666665,0,11,11,2,SUCCESS,40553,QOOCqsSfSD6cZPEZrpgY3A
1002,MUTB-Commons-YutoIchiba,1723381989025,3,40561,36804,121683,3.6666666666666665,0,11,11,3,SUCCESS,40561,hCEB4gN9TDSStCXQpwUGfQ
1003,MUBK-TID-Team-Kataoka,1722611427880,3,40574,40339,121723,0.0,0,0,0,2,SUCCESS,40574,6rHVgisuRQKOt39WmYO9dw
1004,FunctionalDelta#5714,1723829788823,3,40575,38990,121727,2.3333333333333335,0,7,7,1,SUCCESS,40575,4-foK5k-R7mZcWLyi0F4xg
1005,JPMC-HYD-23,1722952893320,3,40685,38603,122057,4.333333333333333,0,13,13,3,SUCCESS,40685,_x0Cn4fqTQK9YuuWSD5IsQ
1006,ACE#8242,1723742998157,3,40752,38065,122258,1.3333333333333333,0,4,4,2,SUCCESS,40752,YFo6O53MRV-bK0YKpTGfIg
1007,ImportantArchitect400d80,1722576471919,3,40797,35134,122393,2.6666666666666665,0,8,8,5,SUCCESS,40797,5FzI5guqT8SvSvcNpiI8qA
1008,Juliano-DAJAlearning,1723199798528,3,40825,38335,122476,1.6666666666666667,0,5,5,4,SUCCESS,40825,4pr76mxOSrqGZ4JnXmyCiA
1009,Ederson-ReLUtantes,1722485091549,3,40931,40668,122793,0.0,0,0,0,1,SUCCESS,40931,6PinR2DHSi294paLrIjUmw
1010,MUTB-MNSpeedDemons-TNakamichi,1723253630857,3,40998,39071,122994,0.0,0,0,0,15,SUCCESS,40998,WJlVR8bhTMu-FI8vVsnFOw
1011,ImmutablePatch#4297,1723557468798,3,41086,37665,123260,0.3333333333333333,0,1,1,23,SUCCESS,41086,bbVpHYApTZWe5YjQHe0uzg
1012,ImportantArchitect9fcb48,1722523369685,3,41097,38329,123292,2.3333333333333335,0,7,7,1,SUCCESS,41097,8gwWU-DmQougYTEJK1LSnQ
1013,SquareByte#0440,1723240881632,3,41110,35003,123331,4.0,0,12,12,6,SUCCESS,41110,kThHx1hbS4-O50dVI3hWwQ
1014,LitzaHille-SIM,1723162782814,3,41112,34467,123338,3.3333333333333335,0,10,10,1,SUCCESS,41112,bV-YudAcTDGNl-OHS_3tHg
1015,ImportantArchitect9812c4,1722536927537,3,41130,36992,123390,0.6666666666666666,0,2,2,6,SUCCESS,41130,q_v1zrRjS4SfmrskQ9Hahg
1016,GustavoBortolon-SCOSpeedRacer,1722474351548,3,41151,38123,123455,1.6666666666666667,0,5,5,3,SUCCESS,41151,uvmRcr9vQb6gJlVWJPCmAQ
1017,WTrentin-CapiSpeedRacingAI,1723140740815,3,41152,39525,123458,2.3333333333333335,0,7,7,9,SUCCESS,41152,3rpy9CiaRpSRFo43OTmlFQ
1018,ImportantArchitecte7f0eb,1722499896801,3,41153,37132,123459,0.6666666666666666,0,2,2,2,SUCCESS,41153,qSmNjvDBT--KdvMk9cuJSw
1019,Renato-WDS-WEG-Digital-Sistemas-01,1722708320184,3,41208,35661,123626,3.0,0,9,9,2,SUCCESS,41208,1B4z3UzYRUmCluqpi5vgMg
1020,SecureScope#1361,1722610831275,3,41218,36260,123656,3.0,0,9,9,1,SUCCESS,41218,SMjS8LX6QhuvBkRSrydJxw
1021,MUTB-MitsukoMatsumura,1723273108803,3,41220,40800,123662,0.0,0,0,0,4,SUCCESS,41220,QjbebwuESsauGTfNXxNx9w
1022,AndesRacer,1723837847948,3,41240,38254,123720,1.3333333333333333,0,4,4,2,SUCCESS,41240,w_983SqET26FI7fAAT3ZrQ
1023,test-lht#3762,1723099285339,3,41241,39195,123723,0.3333333333333333,0,1,1,4,SUCCESS,41241,CTHbwoOdR_G881Tt0JeymA
1024,Not-The-Stig-Just-Joseph-Hissong,1723043361177,3,41264,40532,123792,5.0,0,15,15,1,SUCCESS,41264,QZMj-A5BRxyIL_0m1RXQag
1025,ImportantArchitect440d03,1722490856245,3,41309,38861,123929,3.6666666666666665,0,10,11,2,SUCCESS,41309,NDhg3HkmSZqqLPtYNL9Gxw
1026,JPMC-HK04-HongKong,1723709958620,3,41330,37266,123990,3.6666666666666665,0,11,11,16,SUCCESS,41330,EgVFNiAfQeyFls3WLMSOgA
1027,pablo-ezequiel-inchausti,1723589966205,3,41396,33790,124190,3.3333333333333335,0,10,10,1,SUCCESS,41396,S5tsQuiDTZaSYiUn5Pd9gg
1028,ImportantArchitectbe6eb9,1722572050854,3,41418,37124,124255,2.0,0,6,6,2,SUCCESS,41418,cZNdct2PQOiQi1h_bd3d6g
1029,ImportantTag#7872,1723619734281,3,41420,39527,124261,0.3333333333333333,0,1,1,4,SUCCESS,41420,4XyuKHboRgylczmZOSh1Vw
1030,LucasBruhmuller-AstecWAU,1722943707059,3,41530,35069,124591,2.3333333333333335,0,7,7,1,SUCCESS,41530,EfqDyTV5RBaClvAfhVaLzg
1031,GenerativeDiff#5074,1723795091728,3,41537,41004,124612,2.0,0,6,6,5,SUCCESS,41537,gEtXhksdReGrbKSY6rRUXw
1032,Leticia-L3plus,1723133323573,3,41554,38073,124664,3.6666666666666665,0,11,11,2,SUCCESS,41554,ssdkd3R8QCiQGEuljaRghw
1033,LettyOrtiz,1723543843163,3,41574,39531,124723,3.3333333333333335,0,10,10,2,SUCCESS,41574,ex6fC6pgTHyMhXixY4ATtA
1034,NestedVariable#6841,1723840960667,3,41603,36481,124810,4.0,0,12,12,4,SUCCESS,41603,2en_CfklT-CF11FDfjra2Q
1035,MUTB-MNSpeedDemons-Yoshino-buNoguchi,1723466715115,3,41644,35467,124933,2.6666666666666665,0,8,8,9,SUCCESS,41644,3WEy-8a5TQSP5NhKjc7ZQg
1036,Chicago-01,1722631492167,3,41665,34069,124997,4.333333333333333,0,13,13,5,SUCCESS,41665,Rsid4h0pT0WDVmvYWi4ymw
1037,NullAttention#8179,1722514746429,3,41797,38534,125391,3.6666666666666665,0,11,11,3,SUCCESS,41797,aLAkitFMSCu7CyzwGoXpEg
1038,ImportantArchitect73b476,1722519968681,3,41950,35458,125852,3.3333333333333335,0,9,10,1,SUCCESS,41950,KGgtZHFRSJe_YrkBdfzyOA
1039,ImportantArchitecteb5900,1722576671892,3,41952,37262,125857,2.6666666666666665,0,8,8,1,SUCCESS,41952,XLwqcAbITUOUztBqFsPX-Q
1040,ImportantArchitect401c3c,1722515560924,3,41952,39735,125856,2.3333333333333335,0,7,7,1,SUCCESS,41952,G33iD-e6Q2WNo4ETxa1CrQ
1041,Adiba-Baksh-Sage,1723641617795,3,42153,35535,126460,4.0,0,11,12,3,SUCCESS,42153,uiMYuqVGRzWhcQQld6CGAQ
1042,UpdatedDataset#2630,1723870726681,3,42241,41722,126724,2.0,0,6,6,8,SUCCESS,42241,VvljX_vWQ1WbbhXk7mZEFw
1043,MUBK-YoheiAshie,1723250415760,3,42243,39861,126730,0.3333333333333333,0,1,1,5,SUCCESS,42243,dKPIgZJ2RVu-H2RGzigPJQ
1044,luanLabigalini#TheSOAPs,1723138936261,3,42287,37464,126861,2.6666666666666665,0,7,8,1,SUCCESS,42287,QVn_QfhETe-tN8DHsKrMRA
1045,Lira-TheOfficers,1723144585016,3,42309,36802,126928,4.0,0,12,12,3,SUCCESS,42309,j3dDjbd9Se2vdlxdx9eeMw
1046,NestedState#3936,1723272665541,3,42376,42121,127128,0.0,0,0,0,1,SUCCESS,42376,yl8dAseAQLWA3p2OvykeOg
1047,ImportantArchitectf373c8,1722544563686,3,42383,38806,127150,2.6666666666666665,0,7,8,1,SUCCESS,42383,82332UIVQeqBxQ13OWuZyw
1048,Thairo-WMOMotores03,1723056941395,3,42397,32134,127192,3.6666666666666665,0,11,11,13,SUCCESS,42397,F3pYTA66SvijPr8mnSrN2A
1049,ImportantArchitecta1fdba,1722498778672,3,42618,42201,127856,4.0,0,12,12,2,SUCCESS,42618,gaT_X47ZTWqmdTtAKYFE0A
1050,JPMC-NYC-07,1723038759690,3,42661,39120,127984,3.6666666666666665,0,11,11,2,SUCCESS,42661,qbj3rFaNQ0We8e9bGSZBSg
1051,ImportantArchitectdf9c82,1722577048483,3,42665,36258,127995,4.0,0,12,12,2,SUCCESS,42665,1f5MhdZ-TJWeu2uAfCMDAA
1052,PythonInterface#1881,1722499750989,3,42706,42673,128118,0.0,0,0,0,3,SUCCESS,42706,pjteaYhuQJyY9pXRAv83rg
1053,PatrikReisner#WBSMavericks,1722992109949,3,42717,33533,128151,3.6666666666666665,0,11,11,2,SUCCESS,42717,NvHarqOJRHysi91Hn-y-6Q
1054,highspeed#7464,1723675637959,3,42773,33727,128320,3.6666666666666665,0,11,11,14,SUCCESS,42773,jHlMN6IZSbavs14q6KjGBQ
1055,ImportantArchitect77efb7,1722501353038,3,42867,33600,128603,2.6666666666666665,0,8,8,2,SUCCESS,42867,iCyNEUMSQrSb56WTilF1yA
1056,FlavianoCP7,1723118826348,3,42994,32866,128984,3.6666666666666665,0,11,11,1,SUCCESS,42994,cBEmCh1qRd2ogWfGb0mPaQ
1057,Henryck-Weglocidade,1722519898070,3,43018,40336,129056,2.3333333333333335,0,7,7,6,SUCCESS,43018,2lTiDWzbQ1eXAoqXIXb8hQ
1058,HussainJolt,1723721983203,3,43064,35461,129194,2.3333333333333335,0,7,7,1,SUCCESS,43064,NraKOuxPQF2Lb4AwDX-5uA
1059,MUBK-TeamSasaki-MasatoNamiki,1723461751433,3,43112,39943,129336,3.6666666666666665,0,11,11,1,SUCCESS,43112,s3nS_LojQVWGm9fWqYpt3w
1060,ImportantArchitectea4e12,1722513678525,3,43151,39002,129453,3.6666666666666665,0,11,11,1,SUCCESS,43151,3RMMGG7iS6uoqsPFBPhXyQ
1061,Ramon-Herrero-WDS-Automacao01,1723138057381,3,43198,34133,129596,4.666666666666667,0,14,14,1,SUCCESS,43198,g58MO8GfSQSGYL5gsol4mg
1062,BrainyPoint#6137,1722532001255,3,43239,37322,129719,2.3333333333333335,0,7,7,1,SUCCESS,43239,Fbp8MpK4Tkm49kKWVNrowg
1063,UndercoverRacer,1722947039338,3,43284,43126,129853,4.0,0,12,12,1,SUCCESS,43284,rnfzzA5fTtuJ9_R3GA3r_w
1064,RenanAmorim-ByteRacers,1723148457211,3,43308,42998,129925,1.0,0,3,3,1,SUCCESS,43308,MRDe2L5KSrmICFa_oYb0FQ
1065,GabrielStorti-DESPROD-WEN,1722620725499,3,43309,37730,129928,4.0,0,12,12,1,SUCCESS,43309,SdLhRoRLRDCCQqLocKC43Q
1066,ImportantArchitecte495d4,1722518131553,3,43399,41405,130199,4.333333333333333,0,13,13,1,SUCCESS,43399,1iAdJHw8SJK1KjoWOSx-mA
1067,ImportantArchitect9f9111,1722516552514,3,43441,42737,130325,1.0,0,3,3,1,SUCCESS,43441,11lkTDUgTf25PPPeVKzJhg
1068,WebFormula#1964,1723734115590,3,43446,39333,130340,3.6666666666666665,0,11,11,2,SUCCESS,43446,sPzDuQfTRBKELDKfV08org
1069,ReferenceSandbox#3875,1723403308413,3,43487,40523,130463,0.6666666666666666,0,2,2,1,SUCCESS,43487,OsM9xue6TCOuaeEB3_VdMg
1070,ImportantArchitect299f61,1722542049585,3,43550,38796,130652,2.0,0,6,6,11,SUCCESS,43550,Y1ygORj8RROhxH-1bfKHjw
1071,ImportantArchitect2bd850,1722510042977,3,43573,39918,130720,1.6666666666666667,0,5,5,1,SUCCESS,43573,50DVrp8USLesnvweWDJbNQ
1072,TestingBraces#6434,1722604819263,3,43619,40996,130859,0.3333333333333333,0,1,1,1,SUCCESS,43619,R5NIiB0sQ5yZt950Z62NSg
1073,ProvisionalTester#6291,1722610298854,3,43642,39794,130926,3.6666666666666665,0,11,11,1,SUCCESS,43642,PLGWJMOTSQS935Zt2bVFRw
1074,ImportantArchitectf1e805,1722542995776,3,43684,41338,131053,3.0,0,9,9,6,SUCCESS,43684,ZomX3XlVRv2B5l5UOIaQsg
1075,Lucas-Barros-WDC-DIGITAL-E-SISTEMAS-01,1722945559996,3,43797,41798,131391,4.333333333333333,0,13,13,4,SUCCESS,43797,aHj19AywTqGTHTU7YS8L1w
1076,2024chuncheon-17,1723715667059,3,43818,39399,131455,4.666666666666667,0,14,14,2,SUCCESS,43818,-KYRIAxOSmuTycv_DbYKzQ
1077,CrypticValue#8130,1722617265055,3,44024,33876,132073,4.666666666666667,0,13,14,1,SUCCESS,44024,xdX4SgcFTX-XTL68ITFXnA
1078,IterableEnvironment#0185,1723367686702,3,44086,43736,132259,4.0,0,12,12,2,SUCCESS,44086,xFywi52TQUOPQXMkEZXABA
1079,DigitalSlice#6853,1722981250485,3,44108,40466,132326,3.3333333333333335,0,10,10,10,SUCCESS,44108,JzhIMwjMQoOW-fc7dF9HXg
1080,StructuredFunction#8292,1723068607051,3,44178,42338,132535,4.333333333333333,0,13,13,2,SUCCESS,44178,rP4n8dmQQTWsR9VFPBOJ7w
1081,ImportantArchitect3b071c,1722522847690,3,44243,27604,132729,2.6666666666666665,0,8,8,2,SUCCESS,44243,0sejf4MJS2e_vI3GP_K1Ag
1082,Arang,1723744758522,3,44265,35124,132796,4.666666666666667,0,14,14,1,SUCCESS,44265,abxB9RhBStiA52QKMWkNiw
1083,FocusedLambda#0247,1723402099692,3,44306,40189,132920,3.6666666666666665,0,11,11,1,SUCCESS,44306,uIRn2WQWQKCTxsZGojYhTA
1084,JavaRequirements#2955,1723136797740,3,44309,39657,132928,3.6666666666666665,0,11,11,3,SUCCESS,44309,lt7H6Td6SMSMRn8MOb1KCQ
1085,MSEDU-S6,1723787796023,3,44351,43199,133055,0.0,0,0,0,1,SUCCESS,44351,l8qpZuSeTOmmeM2UKo4iSQ
1086,DanielDeschamps-Senna,1722956707798,3,44419,39136,133258,4.0,0,12,12,1,SUCCESS,44419,URbwdw18SQ2jWiCjHMLsUg
1087,SolvableDocumentation#9297,1722514787714,3,44440,38395,133322,1.0,0,3,3,2,SUCCESS,44440,Fmchj-tjTBiLQZBApOeE_g
1088,ParametricDeadline#6633,1723700129773,3,44442,40600,133328,1.6666666666666667,0,5,5,8,SUCCESS,44442,eBWp1q4AT02wOGRhdVOleg
1089,MUBK-NaokiInagaki,1723369381150,3,44617,39202,133852,4.0,0,12,12,1,SUCCESS,44617,DOP2XiU7TV-yfCRHtMSE3w
1090,EvertonSchmitz-ManutencaoIX,1723034855528,3,44620,42130,133861,4.333333333333333,0,12,13,2,SUCCESS,44620,8M-2_rjrTQ64NYxQXq4DyQ
1091,TestableSemicolon#5033,1723542528724,3,44662,44528,133986,0.0,0,0,0,1,SUCCESS,44662,y1iyFz_ZRm2lBV8O0LaDxg
1092,ImportantArchitect1bc0c5,1722526872484,3,44666,38199,134000,3.0,0,9,9,1,SUCCESS,44666,5BMCE96lQcuXo9ljigcPMw
1093,MurilloRomano-VendasWAU1,1722977124928,3,44666,42535,133998,4.333333333333333,0,13,13,7,SUCCESS,44666,v6AaTMcaSPOBPwZftK2pNA
1094,HelpfulAttention#6862,1723105373421,3,44713,40869,134140,3.6666666666666665,0,11,11,3,SUCCESS,44713,ZOQB6ogrRlS4wDmb1Zw5gw
1095,ImportantArchitect8839bc,1722484177969,3,44842,41927,134527,1.6666666666666667,0,5,5,1,SUCCESS,44842,gV21syqfRq2_KYzzU_G9YQ
1096,teamD6,1723092960593,3,44953,39267,134861,2.0,0,6,6,1,SUCCESS,44953,TjQECTnRQlu7MHW9hOOHfQ
1097,Bubblesome,1723530789072,3,45020,41731,135060,2.6666666666666665,0,8,8,1,SUCCESS,45020,PtMTywODSJSeGuxBt3K4uw
1098,MSEDU-S14,1722833360835,3,45173,44267,135521,3.0,0,9,9,3,SUCCESS,45173,X1lzkxwNSASyP2zgGtqZqg
1099,ProgrammingDigit#9415,1723030100817,3,45287,36467,135861,3.6666666666666665,0,11,11,3,SUCCESS,45287,wafb5kHFRsC6F3HrykOl0A
1100,Willian-SGISpeedRacers,1723001599677,3,45465,36267,136396,3.6666666666666665,0,11,11,3,SUCCESS,45465,rzsGdrO1QjO7GkqiuzNJeQ
1101,FilipeFloriani-TechTurbos,1722510398939,3,45577,42997,136731,3.3333333333333335,0,10,10,1,SUCCESS,45577,_PkZi8AtSDKx5h_jybwf5g
1102,ComplicatedArchitect#7160,1722843410613,3,45597,40731,136792,4.333333333333333,0,12,13,1,SUCCESS,45597,WSJj16sJT7WLZnTH2H_PSg
1103,TeamE-shanyaozhixing#9527,1723093006083,3,45640,38259,136921,4.333333333333333,0,13,13,1,SUCCESS,45640,i2LmnGTbTaGNDNyQ-7rNkw
1104,RobotValue#7337,1723571165852,3,45662,40730,136987,4.0,0,12,12,1,SUCCESS,45662,cGeXoMZaQT24njpRoZbN_Q
1105,ImportantArchitect0e76da,1722579118981,3,45664,42928,136994,3.6666666666666665,0,10,11,1,SUCCESS,45664,ypppQIdVQ5uIycArZcQxcw
1106,LucasFritz-CircuitBreaker,1723038870930,3,45750,39066,137252,4.0,0,12,12,7,SUCCESS,45750,3Ko-MiL9QoiXCHvXhbjK7w
1107,reddy-01,1722862262085,3,45751,41804,137253,4.666666666666667,0,14,14,4,SUCCESS,45751,UCFR4laeSSaayVrHBUcdmA
1108,FungibleCallback#6829,1723019305759,3,45798,38467,137396,4.333333333333333,0,13,13,5,SUCCESS,45798,ujG3LJ63RGW9Am23-VxQgg
1109,Zero-dayOrder#7271,1723580185493,3,45822,43607,137466,0.3333333333333333,0,1,1,1,SUCCESS,45822,RwxnBaXqSiyzftTJf7RpcQ
1110,HelpfulSchema#6626,1723795560592,3,45908,37598,137726,3.0,0,9,9,6,SUCCESS,45908,-WpfJfMtRqqIKEXHtrDAHw
1111,AndreiaRossini#TheSOAPs,1723036437283,3,45998,39271,137996,3.6666666666666665,0,11,11,6,SUCCESS,45998,xyAgwysCQ3aADMcPPHfqbQ
1112,mike-mu,1723842246979,3,46089,37601,138267,2.3333333333333335,0,7,7,3,SUCCESS,46089,IPdOjwLOSpKLAkUPv58Zlw
1113,JPMC-MUMBAI-013,1723213798415,3,46195,44998,138586,5.0,0,15,15,2,SUCCESS,46195,_X2IQa66SmKytXegf3OWaQ
1114,MSEDU-S12,1723786107446,3,46198,45928,138595,2.0,0,6,6,1,SUCCESS,46198,qvJMDIpNQVqyFlDVwNYPjw
1115,ImportantArchitect3549a0,1722576623939,3,46202,41136,138606,4.666666666666667,0,14,14,1,SUCCESS,46202,7LWHemPnSXyTENLubYVMuw
1116,MUTB-KazuhaHashimoto,1722682975984,3,46219,39400,138657,1.0,0,3,3,7,SUCCESS,46219,NQc6EmM3TuuhEFmAXZXvew
1117,The-Slow-and-the-Furious-Tokyo-Crash,1723536668934,3,46265,42400,138795,4.666666666666667,0,14,14,2,SUCCESS,46265,Ft3eWStjQWO1c0j8DyJfUg
1118,WebRequirements#3389,1722985608524,3,46599,38864,139797,5.333333333333333,0,16,16,6,SUCCESS,46599,PyD5TITtRR6mAdVIRlhzew
1119,PathingUpdate#9749,1723734730367,3,46641,44601,139924,5.333333333333333,0,16,16,1,SUCCESS,46641,wkMfST3WTjKoUohDrlNf-g
1120,MatheusMachado#Unicamp,1722632613884,3,46662,42258,139988,4.0,0,12,12,1,SUCCESS,46662,rhU6WezOQBqMpXRGINP30w
1121,matthew-page,1723829081213,3,46730,42536,140190,0.6666666666666666,0,2,2,2,SUCCESS,46730,eqNRe-5PSt6ovMkgm6ATTg
1122,Testing486#0333,1722696489215,3,46775,46599,140325,5.0,0,15,15,1,SUCCESS,46775,hA2U2ufhTOCg-vECWiqsgQ
1123,JPMC-HOU-RacerStars,1722479407160,3,46783,45064,140349,5.333333333333333,0,16,16,2,SUCCESS,46783,64bbcd919ce94266a0594w
1124,ComplexDelta#9076,1723566807864,3,46843,44666,140529,5.333333333333333,0,16,16,1,SUCCESS,46843,x2CO-RPPRY2SoCnkAMj8gw
1125,ImportantArchitecta51f93,1722523237769,3,47039,44867,141119,5.333333333333333,0,16,16,1,SUCCESS,47039,-sTkwtLnTIq42zuAkV5Q2Q
1126,SquareModel#4282,1723846386464,3,47049,41674,141147,4.0,0,12,12,2,SUCCESS,47049,e66aw5DJT6qE6fOIfhc2tQ
1127,JPMC-MUMBAI-012,1723110548966,3,47086,30533,141260,4.0,0,12,12,3,SUCCESS,47086,atxS3LDBSyKFLQLUxhvOUA
1128,F1Test,1723575401095,3,47086,40189,141258,5.333333333333333,0,16,16,4,SUCCESS,47086,85VnI5X9RtSJ4YMrE4u0hQ
1129,CZ1-SAM,1723759831840,3,47131,46529,141395,1.0,0,3,3,8,SUCCESS,47131,Y10Q5ErTSVuGxqeFimd62g
1130,DanielFEGarcia-WMOMotores-07,1723043791295,3,47153,43927,141461,0.6666666666666666,0,2,2,1,SUCCESS,47153,0C8BXHYsRE2-iwxdAQQ0cA
1131,DFW-Octane94,1723072111131,3,47154,47069,141462,0.0,0,0,0,2,SUCCESS,47154,lu9IPjxGSSmnbtbQ6ic8Hw
1132,MachineState#0981,1722942858524,3,47222,39531,141666,5.333333333333333,0,16,16,3,SUCCESS,47222,FJyWNxXRQ9OrX1XuqxiBxg
1133,ImportantArchitect6fb0fa,1722571868672,3,47243,37332,141729,4.666666666666667,0,14,14,2,SUCCESS,47243,li3WutVUT1OTint9DbUPow
1134,MUTB-KenjiAikawa,1722580001863,3,47285,43731,141857,0.6666666666666666,0,2,2,1,SUCCESS,47285,e7gEqrXfT1C4X5cMdXiGtA
1135,ImportantArchitect775aba,1722534862314,3,47286,45395,141860,5.333333333333333,0,16,16,2,SUCCESS,47286,_ONXh2ebRuOvh_nv0mcjMQ
1136,PLZWORK#4019,1723657572895,3,47352,43856,142058,0.3333333333333333,0,1,1,2,SUCCESS,47352,LGZs0lYQThWX_Ri7zohXPg
1137,SoulSociety-darshan,1723883632036,3,47510,39861,142532,5.333333333333333,0,16,16,1,SUCCESS,47510,J2imSs8jQUWukW2T5GYz1g
1138,JoseLino-WBSMavericks,1723128784935,3,47573,42724,142719,5.0,0,15,15,4,SUCCESS,47573,lFSjcalKRyCgv3mlRRsNhA
1139,InfiniteDiff#2122,1723476777967,3,47577,46868,142731,0.0,0,0,0,1,SUCCESS,47577,kpjmHU7URniQMAlPqSTJdg
1140,ImportantArchitect930265,1722573780170,3,47619,42266,142857,5.0,0,15,15,1,SUCCESS,47619,U2_HSjylSLKiyI2sj45n9A
1141,SolvableScope#7476,1722883646272,3,47753,40130,143259,4.333333333333333,0,13,13,11,SUCCESS,47753,suzU353QS3uTePW7zU3uGg
1142,DraftCommand#6258,1723050253099,3,47796,42003,143390,5.0,0,15,15,1,SUCCESS,47796,JaGiJokPRm2QaVnPtl5LaA
1143,WebPatch#3321,1723813316738,3,47842,42992,143528,4.0,0,12,12,1,SUCCESS,47842,q9D0mhHgRW6aETg77jjZmw
1144,Lenilson,1722861667484,3,47897,43127,143692,1.0,0,3,3,1,SUCCESS,47897,A-M6QeHpQmaw7rITMl7AYA
1145,Team-Feichimenghu-LbY,1723092935436,3,47908,45999,143724,0.0,0,0,0,1,SUCCESS,47908,43PNgD1ITE-EF6VCi74yZg
1146,MUMSS-TatsuyaSuzuki,1723166589534,3,48018,46067,144056,5.333333333333333,0,16,16,6,SUCCESS,48018,rARzOB32QzCF7WvRSj_qDA
1147,ImportantArchitectf5fc7c,1722537644359,3,48064,47539,144194,0.0,0,0,0,3,SUCCESS,48064,A4ECivF7R8ik3VB9Q783gg
1148,JPMC-HOU-CARS,1723055156408,3,48087,42659,144262,5.0,0,15,15,2,SUCCESS,48087,CiEQCxxhSvCqDjBMOW_aZg
1149,GlobalNotation#6223,1722549957413,3,48108,47794,144326,0.0,0,0,0,6,SUCCESS,48108,VvgxwKNxQEqEsx5qYja-uQ
1150,LeetDebugger#7632,1723370573261,3,48152,47990,144456,0.0,0,0,0,1,SUCCESS,48152,JmRTWJaJRUeaOngSqlJsig
1151,JamesDj,1723033869667,3,48197,47869,144591,4.0,0,12,12,1,SUCCESS,48197,gPL_fFKYR36iyPaaXn4OZw
1152,JPMC-HYD-10,1722607558874,3,48286,45534,144858,2.3333333333333335,0,7,7,5,SUCCESS,48286,sty1wzZ2QtyiGgFt1Lt_Qg
1153,JPMC-Columbus-UpRoar-Penny,1722835703490,3,48351,41137,145055,3.3333333333333335,0,10,10,4,SUCCESS,48351,Vb_Y1j67Qs27FM0BP3PUyg
1154,ParametricInterface#6754,1723062508474,3,48375,45402,145126,0.6666666666666666,0,2,2,1,SUCCESS,48375,MyErrN5FS9-xhLnOZm8FQQ
1155,ImportantArchitect40e0a3,1722506129840,3,48462,48055,145388,5.0,0,15,15,5,SUCCESS,48462,h12M3sl2Qc6le9ZiMWobRg
1156,ComplicatedModel#1904,1722477327197,3,48465,48204,145395,0.0,0,0,0,2,SUCCESS,48465,Dr0DTMDqTEmk45MHve7OTg
1157,SquareOrder#2703,1723662060869,3,48485,42731,145455,5.0,0,15,15,1,SUCCESS,48485,B9e5nyooRzSZjDY2fa_H1g
1158,FungibleModel#2314,1723660139217,3,48487,46395,145461,5.333333333333333,0,16,16,1,SUCCESS,48487,ugALebcBTm2pyblpvAuAdA
1159,MajRod#0042,1722950664768,3,48576,46737,145728,4.333333333333333,0,13,13,1,SUCCESS,48576,GHex-qaGQlCoGfkZRKBQPw
1160,ImportantArchitectd2b1b0,1722518951622,3,48577,48136,145732,5.0,0,15,15,1,SUCCESS,48577,l_DZH3GoSVGBFeft5fDvaw
1161,LeonardoAcostaRodrigues-TheFathers,1722890724939,3,48642,38663,145928,4.666666666666667,0,14,14,1,SUCCESS,48642,3sWnvXr9SoSaX1i4x6qEgA
1162,AlphaGame#0059,1722765774333,3,48752,48534,146257,0.0,0,0,0,4,SUCCESS,48752,Gqy4-23PRb29NSdRr7HLMA
1163,Alan-Lawhead,1722549252470,3,48807,45001,146422,4.666666666666667,0,14,14,1,SUCCESS,48807,6-5G3hP_RbulzYTfg0Hy3Q
1164,MUTB-team-konnemi-ShunNawa,1723375446894,3,48818,46864,146456,5.333333333333333,0,15,16,19,SUCCESS,48818,5OAYvgjNQEiY8KavJ2RHKw
1165,LetsRide,1722936931802,3,49020,48733,147062,0.0,0,0,0,2,SUCCESS,49020,ajwD7jE4Qk6b_EALc_rXVw
1166,JPMC-JC-CtrlAltCompete,1723352591167,3,49044,44597,147133,5.666666666666667,0,17,17,1,SUCCESS,49044,qc7OJpyiQMiAKhSLS39utQ
1167,ImportantArchitectce6039,1722529390839,3,49176,41601,147528,1.3333333333333333,0,4,4,2,SUCCESS,49176,T_TM5pdoQ1qY-9AfyQgtKA
1168,JeanLuisResner-VITurboRacer,1723150015054,3,49240,45721,147721,5.666666666666667,0,17,17,2,SUCCESS,49240,WsFu3NqwQ32Tr3S3N1sGcQ
1169,ImportantArchitect5201f2,1722522492196,3,49264,49139,147793,0.0,0,0,0,1,SUCCESS,49264,3tZBb3LXRlalamTdqoocBQ
1170,CleanUpdate#4648,1722493670574,3,49307,49068,147921,0.0,0,0,0,1,SUCCESS,49307,o4arc3fCTh-xba_CvTzMdg
1171,Gabriel-Wau,1722966802767,3,49326,46449,147979,5.666666666666667,0,17,17,1,SUCCESS,49326,qHAGQWEMTP-ODMDCjhfxIw
1172,NumericComment#1009,1723758593328,3,49397,49068,148191,0.0,0,0,0,1,SUCCESS,49397,2liLi6aNQ86o-AwXgw-PRw
1173,Sartori-CapiSpeedRacingAI,1723135310684,3,49508,45994,148525,4.666666666666667,0,14,14,1,SUCCESS,49508,kELiYzTnS5-fgh85Nh6L7Q
1174,ImportantArchitectd7c13f,1722575120562,3,49530,46467,148592,2.0,0,6,6,1,SUCCESS,49530,9cZOc1HRQBu0IFnwA7Utew
1175,MUBK-YuichiroKikuchi,1722649876383,3,49600,45267,148801,1.0,0,3,3,1,SUCCESS,49600,_9gwlgHOSXO_PbcT7YOktQ
1176,CriticalCoder#7714,1722992823206,3,49663,49329,148991,5.0,0,15,15,4,SUCCESS,49663,AU3neUU5TnewQXOunerG2Q
1177,Arlene-Lytle,1723570917977,3,49665,47072,148995,0.6666666666666666,0,2,2,2,SUCCESS,49665,6BddDwiGSaqHHmVvoBnDXA
1178,ProcessingTest#9417,1722703779569,3,49731,49529,149194,0.0,0,0,0,1,SUCCESS,49731,UAFrOtc0TnaGFFEr1HT32Q
1179,Bruna-FilhasdePython,1722471473149,3,49869,34335,149607,4.666666666666667,0,14,14,2,SUCCESS,49869,f3wkp-TaStmxaXxulqpaHg
1180,DeepClass#6162,1723752600867,3,49886,46339,149659,0.0,0,0,0,3,SUCCESS,49886,Q7gMFgQvQYmqQVBBsVbAeQ
1181,AsynchronousState#2731,1723092697840,3,49913,48070,149739,2.3333333333333335,0,7,7,1,SUCCESS,49913,cWFJWtDURT2PSWmC5Qj3Bg
1182,CodyNeftin,1723821047036,3,50018,47939,150056,4.333333333333333,0,13,13,1,SUCCESS,50018,WmfWiEr1T6aBChWohFV-UA
1183,Scot-McElheny,1723773149306,3,50020,44669,150061,6.0,0,18,18,2,SUCCESS,50020,9gmt8VTOQVGFCtrq1RPjEQ
1184,Flavio-EnergIA,1722514549311,3,50062,49928,150188,0.0,0,0,0,1,SUCCESS,50062,W0x9Y39_RNe3G_0jZY7_Ew
1185,Captain-A,1722962385833,3,50152,48936,150457,0.0,0,0,0,2,SUCCESS,50152,7o2dd8cWRBmZQ8Eupvvn7A
1186,ImportantArchitect7a4948,1722575843116,3,50154,41207,150462,4.666666666666667,0,14,14,3,SUCCESS,50154,qryEp3XST6KDnsyTnQQpsA
1187,TestableTable#2446,1722630222668,3,50173,49667,150521,0.0,0,0,0,1,SUCCESS,50173,oH8Ey0w_SYe4bMrNVUZD2Q
1188,Kelly-Health,1722966145044,3,50241,50001,150725,0.0,0,0,0,1,SUCCESS,50241,sgi3LbrYSFO8qnW4ey-9ew
1189,MarlonBergahn-WMOMotores07,1722608793574,3,50244,49667,150732,0.0,0,0,0,1,SUCCESS,50244,_kpGNB-FR2G4JY-8HctaEA
1190,EsteemedInterface#9099,1722483766842,3,50263,49933,150791,0.0,0,0,0,1,SUCCESS,50263,uw_ZB6YLSeCxz5UgWpSt8w
1191,EncryptedArchitect#9900,1723056184481,3,50374,49725,151122,0.0,0,0,0,1,SUCCESS,50374,QVxZH7kjSHKUFqi0vv1Sxg
1192,FungibleSchema#7889,1722606487876,3,50419,49936,151259,0.0,0,0,0,1,SUCCESS,50419,xmk1oX6rSU2UIViPHaELjw
1193,ImportantArchitecte0c79e,1722559754798,3,50463,43857,151390,4.333333333333333,0,13,13,17,SUCCESS,50463,kILCqj4mTdmbanAW00Jdng
1194,TenDot,1723223699336,3,50499,49526,151499,0.0,0,0,0,1,SUCCESS,50499,MsThekRoRy-V31dmW9kmCg
1195,JavaAbstraction#1260,1723593730440,3,50530,50457,151590,0.0,0,0,0,1,SUCCESS,50530,rHFv0O2USROImnptHCCkIg
1196,saina-r,1723477419150,3,50619,49266,151858,1.0,0,3,3,13,SUCCESS,50619,2-Nym-syQw28rSTO4RWENw
1197,ASCIINamespace#7933,1723723833761,3,50675,48943,152025,2.3333333333333335,0,7,7,4,SUCCESS,50675,y7yh-gXCRKeUffJKQmjeXQ
1198,ImportantArchitectf23815,1722518930807,3,50930,50867,152792,0.0,0,0,0,3,SUCCESS,50930,AR08bbRnSKaaxOurkKy-7g
1199,onTOP,1723672243673,3,50930,48266,152792,0.0,0,0,0,1,SUCCESS,50930,bYSYkzUfRdCUARyOWBeERg
1200,MUBK-TID-Team-NaoAshida,1722787214433,3,50974,50926,152923,4.0,0,12,12,1,SUCCESS,50974,_oMpDQ-UQDWDmI39rG_ZSw
1201,CriticalLoop#7397,1722952530604,3,51042,46529,153127,5.666666666666667,0,14,17,1,SUCCESS,51042,WLclct1YSBm3tcS3H2Feug
1202,Victor-Trichez-WMO-Motores-05,1723166882631,3,51086,48396,153260,5.333333333333333,0,16,16,1,SUCCESS,51086,slVpepbOTbCpuAZPOtkWyQ
1203,WebBraces#5278,1722584172380,3,51111,45066,153335,5.0,0,15,15,1,SUCCESS,51111,Gyo5SULqSlmU6DiLOd0e1Q
1204,IsaK-TheOfficers,1722958978242,3,51198,39466,153595,6.0,0,18,18,2,SUCCESS,51198,T3exRM9jQmOSjZ5mL912iA
1205,SequentialDescriptor#9401,1723354764972,3,51240,50999,153722,0.0,0,0,0,1,SUCCESS,51240,xHORn-JGQE6K4AkyzbvKPQ
1206,Vitor-Comissionaracing,1723067838611,3,51353,45007,154060,6.0,0,18,18,6,SUCCESS,51353,86eb6VMjRV2YOrOBs5OdYA
1207,PaigeMc,1723556330851,3,51376,44268,154129,5.333333333333333,0,16,16,1,SUCCESS,51376,gRuWv8kJSVO0Iy-8wmTyBg
1208,BrainyBooster#6245,1723856321076,3,51397,38597,154193,6.0,0,17,18,2,SUCCESS,51397,wZEEYPZRQB2Lcwa0cPaVqQ
1209,LetsDriver#2627,1723836260478,3,51485,48864,154455,0.0,0,0,0,2,SUCCESS,51485,JsQgDIUhQhqyK8n5_mT3pQ
1210,JPMC-Columbus-004,1723228465322,3,51487,51256,154461,0.0,0,0,0,1,SUCCESS,51487,1fecd68ded4342dfb484cQ
1211,WebModel#3671,1722941351179,3,51507,50722,154522,0.0,0,0,0,1,SUCCESS,51507,7qDbcFLkTZObr5V_6dSGrw
1212,MSEDU-S15,1722833466961,3,51509,45402,154529,0.6666666666666666,0,2,2,1,SUCCESS,51509,T57qcbSsRx2crkWJ1QfOqg
1213,LeetFormula#9569,1723819604775,3,51598,51534,154794,0.0,0,0,0,2,SUCCESS,51598,qpzVGvCLR96bxJB0KBuP_g
1214,FunctionalBuster#3818,1723256614572,3,51708,51195,155125,0.0,0,0,0,3,SUCCESS,51708,2M-9MPNgQSuRRgEAyd4XBA
1215,10xAnalysis#9692,1722883860045,3,51843,51274,155530,0.0,0,0,0,1,SUCCESS,51843,vA0XUF3ZSair7kBZ4Qb_JA
1216,TestingGrid#7298,1722940809987,3,51907,51326,155722,0.0,0,0,0,2,SUCCESS,51907,P7cmTSpKQC2XllIot1APMg
1217,ImportantArchitectd6073e,1722496371598,3,51910,49269,155732,5.333333333333333,0,16,16,1,SUCCESS,51910,X4Ke7yGFRB-jlzncxm4OUg
1218,MUTB-RyojiKuroba,1722784032289,3,51930,48265,155792,5.666666666666667,0,17,17,2,SUCCESS,51930,Kv3HxmzuQoWx7LFuK7cTjw
1219,DigitalSemicolon#2461,1722677251444,3,51995,50051,155985,0.3333333333333333,0,1,1,4,SUCCESS,51995,UTcEpMjdSYqJ1ZjKWBnrtg
1220,MemorySandbox#0250,1723825552069,3,52020,48453,156060,4.666666666666667,0,14,14,2,SUCCESS,52020,wrNdReiUR8-ekXstESMzcg
1221,RocketDataset#6771,1723093001406,3,52064,51863,156193,0.0,0,0,0,1,SUCCESS,52064,_uLRguFGRUiuSnlj57qddw
1222,Gunsett,1722543066481,3,52107,51662,156323,0.0,0,0,0,1,SUCCESS,52107,05_egjE7SJy4rE0JRVH6Qg
1223,Andre-IAplicacao,1723076883339,3,52176,44332,156529,6.333333333333333,0,19,19,1,SUCCESS,52176,7N92eNwzTmKk6N2176WcGQ
1224,VEGA,1723209483467,3,52311,51937,156933,0.0,0,0,0,1,SUCCESS,52311,Kq_9iLnBR_WNulNhElhxzA
1225,DigitalSwitch#0424,1723661231574,3,52396,51921,157190,0.0,0,0,0,2,SUCCESS,52396,iiHia_zcTmqQ9tjTAycQvA
1226,MSEDU-S11,1722833249629,3,52398,47403,157196,2.0,0,6,6,2,SUCCESS,52398,vozWxgXXSmacnaGFzic_dQ
1227,Tokyogrift880,1723735150138,3,52442,48859,157328,0.6666666666666666,0,2,2,4,SUCCESS,52442,KUsltOLfRze4Ftab22t9LA
1228,DraftNamespace#9468,1723663107189,3,52461,52333,157384,0.0,0,0,0,1,SUCCESS,52461,Eax37M1uT4qVeEtSo-X5Zw
1229,KingGeorge,1723478445695,3,52508,50994,157525,0.3333333333333333,0,1,1,7,SUCCESS,52508,umIM6RWmSQ-Ptn7-kyFVVA
1230,CreativeError#3898,1723150733720,3,52508,49804,157526,5.666666666666667,0,17,17,1,SUCCESS,52508,ZThWsJshTBWsYMI6BOYdIw
1231,EmmaMills,1723645670928,3,52529,49802,157587,3.6666666666666665,0,11,11,1,SUCCESS,52529,gHOL6Dr9SFijr7LuBy7qVg
1232,PythonTheory#2269,1723665610489,3,52573,52466,157721,1.0,0,3,3,14,SUCCESS,52573,b_EobayHS5qQCp1_5VoQCg
1233,ALL0085,1723566741378,3,52605,50622,157817,5.333333333333333,0,16,16,1,SUCCESS,52605,SY480IxqRgmgd_T1Ry6QDA
1234,Lucas#UnidosDoRPA,1722951312047,3,52641,51856,157925,0.0,0,0,0,1,SUCCESS,52641,wQvwNwwxSWqUSIO5DwD-2A
1235,QualityShell#9819,1723555197820,3,52665,52334,157995,0.0,0,0,0,1,SUCCESS,52665,K8G9gzDUThSkqFdFz0Q_uw
1236,HigherEnvironment#7155,1723536537559,3,52685,51929,158055,0.0,0,0,0,1,SUCCESS,52685,SVa7-3yjTMaZDlUWEssU-A
1237,New1earn5,1722569531375,3,52688,52595,158066,0.0,0,0,0,1,SUCCESS,52688,-lDhQhsSQOK9qr8SDACLPQ
1238,DanielMainbirdMann,1723122103054,3,52729,51731,158189,0.0,0,0,0,1,SUCCESS,52729,bYR9d0ivTrmPG-M2m9bnTw
1239,Flashpoint#8878,1723665238095,3,52777,52596,158332,0.0,0,0,0,3,SUCCESS,52777,61pjlHZ7RJKKdSU7N5VN1Q
1240,MateusBartczakCamargo-PeDComercial,1723206123071,3,52777,47929,158331,1.3333333333333333,0,4,4,4,SUCCESS,52777,mEc-g9_GTcqfhVvNxE042Q
1241,teamA-feichixianfeng-chengkaixin,1723092986160,3,52884,52525,158653,0.0,0,0,0,1,SUCCESS,52884,56NQ5uuuTkG8i_HT7z6iVw
1242,GMS,1722836423393,3,52907,48120,158722,5.0,0,15,15,1,SUCCESS,52907,Dm2TataLTy2Q7N4_-B7UTA
1243,FiniteLine#8836,1722518035634,3,52908,52669,158724,0.0,0,0,0,1,SUCCESS,52908,f4_gY0eATpu-rRT0KR84Pg
1244,ImportantArchitect6f24ee,1722498374841,3,52931,51061,158793,5.333333333333333,0,16,16,1,SUCCESS,52931,lsZNdr1GTi2pTjdZTGvIbQ
1245,ImportantArchitect43cfab,1722506089218,3,52951,51130,158855,0.0,0,0,0,2,SUCCESS,52951,qiTzMdDFS-6G2b5LCJAd2w
1246,IgorBecker-KernelPanicSquad,1723044377852,3,53042,47467,159126,5.0,0,15,15,3,SUCCESS,53042,WrCg-CNFRzuJJZru6tkU0A
1247,BackloggedMetaclass#1689,1723727332920,3,53091,51066,159275,0.3333333333333333,0,1,1,1,SUCCESS,53091,znjct6jeTT-e6RZfoPe1lQ
1248,ParametricClass#0735,1723049201780,3,53108,52924,159324,0.0,0,0,0,1,SUCCESS,53108,PrxIFEoGQ6yTO7RO5FErGw
1249,10xFunction#7447,1722990561676,3,53153,49200,159459,0.6666666666666666,0,2,2,2,SUCCESS,53153,lyhWNzI7THuVTew7BVklMg
1250,Higher486#1848,1722521668629,3,53153,51061,159459,3.3333333333333335,0,10,10,1,SUCCESS,53153,sFuOEWHFQ0a7V2fKrJxKeA
1251,ImportantArchitect68f8f5,1722500772826,3,53174,52800,159523,0.0,0,0,0,1,SUCCESS,53174,kjgSpmdWR5OVpnfl3gH50Q
1252,SolvableGame#1625,1723310405598,3,53308,52600,159926,0.0,0,0,0,1,SUCCESS,53308,79-LP56-T5Ku7oO2NC36lA
1253,CreativeSlice#1443,1722733491103,3,53397,49267,160191,0.6666666666666666,0,2,2,2,SUCCESS,53397,P0Qv7FdDSaaOZ7ZRogSgSA
1254,LeetSwitch#0552,1723255087141,3,53485,53267,160455,0.0,0,0,0,2,SUCCESS,53485,f4tXe86dT3WqpHiuULhdSg
1255,TeamEMASIYUAN,1723100539318,3,53509,52873,160528,0.0,0,0,0,3,SUCCESS,53509,ZAfozwSQQK2AfmIdDVJ8kg
1256,BigDiff#0101,1722966067424,3,53511,53126,160534,1.0,0,3,3,3,SUCCESS,53511,fVU83uQ8TC2xGGhZOVVzdA
1257,MUBK-ProjectD-KentaroFujikata,1722539484514,3,53621,49667,160864,5.666666666666667,0,17,17,1,SUCCESS,53621,BaB8Qj34Tpar_GPxLjFLhA
1258,CottonCandySugarRush#6801,1723319316327,3,53707,53545,161121,0.0,0,0,0,1,SUCCESS,53707,K-eidJyPQKeoxVHkjy_6ew
1259,TayroDiretti-AlgoritmosTurbo,1722542429199,3,53709,50659,161127,4.333333333333333,0,13,13,1,SUCCESS,53709,c3CWw0pmSOuWDqVKgsgVIA
1260,GodSpeed#1317,1723653176836,3,53753,52202,161260,0.0,0,0,0,3,SUCCESS,53753,wUSBEdNJSD6OKpP10CY1bg
1261,MUMSS-HirokiMiyazaki,1722861640540,3,53930,53400,161792,0.0,0,0,0,1,SUCCESS,53930,P9InNdbTQZC6WRuFxHJSrg
1262,DeepFunction#0680,1723004506874,3,53931,51794,161793,0.3333333333333333,0,1,1,2,SUCCESS,53931,qEvgYLd7Q0-cXn5ia9C4wQ
1263,TechnicalObject#2069,1723253530832,3,53956,51741,161868,0.3333333333333333,0,1,1,2,SUCCESS,53956,Ov39Eas4QD-VmkpplROaRQ
1264,AbstractVariable#9948,1723713157772,3,53977,51939,161931,0.3333333333333333,0,1,1,1,SUCCESS,53977,Z98FN2YXRSWYkC-6RGs3aw
1265,HigherArithmetic#2435,1722958204596,3,53979,53064,161937,0.0,0,0,0,1,SUCCESS,53979,JVpzsIO9RZ-c5V1lxfa7Mw
1266,MadeJayaMaleh#2356,1722622309639,3,53996,53931,161990,0.0,0,0,0,1,SUCCESS,53996,N6TdZMKKSRingKP4-4XjrQ
1267,MeissaMintakaaa,1723671697660,3,53997,52662,161993,0.0,0,0,0,3,SUCCESS,53997,Gj60bBoKRieX2WEsCelb8g
1268,JoseLinoWBSMavericks,1722881447144,3,53998,53735,161994,0.0,0,0,0,1,SUCCESS,53998,N4bwIvwTRWiE-s5aCji1wA
1269,Leandro-FeijoadaTurbo,1723006999318,3,54044,51869,162134,6.333333333333333,0,19,19,1,SUCCESS,54044,ztSVX_fbQJOHJpphUbA2Cg
1270,teamH#zhangxuyang1111,1723092955524,3,54065,53727,162197,0.0,0,0,0,1,SUCCESS,54065,FmvCxP4BR0SISKenH06DcQ
1271,MobileArithmetic#1108,1722630617050,3,54175,50728,162527,5.666666666666667,0,17,17,1,SUCCESS,54175,6CkREU-aQsCgZb7B2woIWw
1272,RacingRooster,1723488214321,3,54196,53261,162589,0.0,0,0,0,2,SUCCESS,54196,4QTCG6i-T1uekNWDa2KGnw
1273,MUBK-ShunFHukuoka,1722647957377,3,54241,50595,162723,5.666666666666667,0,17,17,1,SUCCESS,54241,EvIz0DpwQiyIAHtSSwL7yw
1274,Thiago-IAplicacao,1722978656871,3,54418,53071,163256,1.0,0,3,3,1,SUCCESS,54418,hPqVEOXMRuus34DxgVh8Ng
1275,MUTB-Yukibo-Toyomaki,1723145747905,3,54463,51678,163391,1.3333333333333333,0,4,4,7,SUCCESS,54463,HZeV8WZ3R0ejCzspCxj1uw
1276,AutomatedTech#8421,1723641956685,3,54555,50334,163666,0.6666666666666666,0,2,2,3,SUCCESS,54555,c7QDs1oZTFKOSZpzd-h-DQ
1277,GlobalOrder#6803,1723893247578,3,54731,54274,164195,0.0,0,0,0,1,SUCCESS,54731,otIY69XmQzOPA0267yH7sg
1278,2024chuncheon-18,1723642747119,3,54739,48948,164217,7.0,0,20,21,3,SUCCESS,54739,AvF1tHOXQKWw67P9bngFfQ
1279,Fast-N-Fab,1722538746134,3,54754,54199,164262,0.0,0,0,0,1,SUCCESS,54754,Xpn-JhQfReWaWZh-8Ng0lw
1280,2024chuncheon-50,1723769734205,3,54775,46801,164327,6.333333333333333,0,19,19,1,SUCCESS,54775,fDNwl8uySj6cAGi_lZQHeA
1281,EncryptedSemicolon#6484,1722873836498,3,54819,54131,164457,0.0,0,0,0,4,SUCCESS,54819,fwPyQNExRa2ttHEVNCyDkA
1282,ImmutableBraces#3943,1723312335351,3,54820,54665,164460,0.0,0,0,0,1,SUCCESS,54820,d-18Qoj0Q3GDW7I9Li9PzQ
1283,ImportantArchitectc54941,1722525858838,3,54932,50867,164798,6.666666666666667,0,20,20,1,SUCCESS,54932,Va71VNMDSvqaNRbGXj6fxQ
1284,QualifiedZone#5448,1723582658141,3,54974,54267,164923,0.0,0,0,0,1,SUCCESS,54974,NLE9N94CRYysHVB7uFH1Ew
1285,ValborgJohannesen,1722973757748,3,55042,49327,165127,1.0,0,3,3,3,SUCCESS,55042,BtapwHYCTY-C1PPvCKFA6g
1286,SolvableVariable#0833,1722473162065,3,55064,54739,165194,1.0,0,3,3,2,SUCCESS,55064,ldWODc53Q4KeyX-EUZRAow
1287,Zaid-Racer,1723733779512,3,55065,49933,165196,0.6666666666666666,0,2,2,2,SUCCESS,55065,a8vAH6lbS36MMzLvSiqtKw
1288,BigInterface#0395,1723818953784,3,55287,54341,165861,0.0,0,0,0,3,SUCCESS,55287,_vQmRpeMRP2MaBuFcNK3hQ
1289,NowSomeDonkeyCar,1722691368945,3,55293,47542,165879,5.333333333333333,0,16,16,1,SUCCESS,55293,d7Pg_Ma0QlmH09hFeOkSUg
1290,SequentialTech#2264,1723309417392,3,55353,55068,166059,0.0,0,0,0,1,SUCCESS,55353,sKk7AWEjSiCNwkXGCkvNuQ
1291,PayAsYouGo#0003,1723662197489,3,55396,46853,166188,2.3333333333333335,0,7,7,2,SUCCESS,55396,1l6b2cPQTxSOqNowYpUPlA
1292,MarcosB-WTD-TransmissaoEdistribuicao-01,1723056634542,3,55397,43329,166193,7.0,0,21,21,28,SUCCESS,55397,ZQSV_nOGRS6qgYsHCiyt9w
1293,GenerativeBraces#5480,1723815465312,3,55421,53459,166264,6.333333333333333,0,19,19,1,SUCCESS,55421,Neqc98AxRiW2-6-RobXx7w
1294,RodeoRacer,1722986397234,3,55441,55398,166325,0.0,0,0,0,1,SUCCESS,55441,tkcQ5OBfSrqJS2jHz8uYeg
1295,QuickToken#5165,1723669271535,3,55462,53332,166388,5.333333333333333,0,16,16,1,SUCCESS,55462,j5UXBkjvSjuM_7PoaEbvfA
1296,AsynchronousError#0099,1723193166508,3,55486,55397,166458,0.0,0,0,0,1,SUCCESS,55486,WQdMET7xSd6DNRxiQtl9kQ
1297,ImportantArchitectcea9d7,1722532735297,3,55530,54463,166592,0.0,0,0,0,1,SUCCESS,55530,orm2rC_4RAGELv6ve785nA
1298,JPMC-HYD-22,1722844592168,3,55598,45067,166794,2.0,0,6,6,4,SUCCESS,55598,2W0Uz-JGSGCBf6O5-rejAQ
1299,JoseWAU,1722949166252,3,55642,51923,166927,1.0,0,3,3,5,SUCCESS,55642,8sBkcUSjSxmzmn7hDamR2Q
1300,IvelisseLapadula,1722865124876,3,55887,41664,167661,5.666666666666667,0,17,17,1,SUCCESS,55887,aSsgZq8jRFamkiVRr9rWIw
1301,Automata001,1723529375735,3,55906,48789,167720,2.3333333333333335,0,7,7,2,SUCCESS,55906,D1l2x690SomV9zxTk8SV_w
1302,ProvisionalToken#1813,1723154192166,3,55929,51318,167789,4.666666666666667,0,13,14,1,SUCCESS,55929,GuQSCCGtTLe_hbDDMaNuCw
1303,TabletServer#9291,1722771383425,3,55932,53932,167797,0.3333333333333333,0,1,1,1,SUCCESS,55932,yaE8l72MTwi7pZod3Nlpxg
1304,EDS#2342,1723659052181,3,55954,51399,167863,0.6666666666666666,0,2,2,2,SUCCESS,55954,Gy1RJu0oQlColddIMYMYLQ
1305,CyberneticConsole#1130,1723744808274,3,56020,51662,168061,2.6666666666666665,0,8,8,3,SUCCESS,56020,i-gznEXeQqeGsvM0sXgOew
1306,UsableBuster#3988,1722960970223,3,56064,55463,168192,1.0,0,3,3,1,SUCCESS,56064,FQsHBXBpT-2nDDZplmYwlQ
1307,JohnnySantos-SynapsePDI,1723154548817,3,56177,54266,168531,3.3333333333333335,0,10,10,2,SUCCESS,56177,-VF69SGjQeygkz1VkMMXOQ
1308,GridAIDeepRacer,1722583695548,3,56443,53536,169330,7.333333333333333,0,21,22,2,SUCCESS,56443,T0JlQwm9TbOc7Wzim3Sf6Q
1309,Marconi-VingadoresDoAlgoritmo,1722705169569,3,56553,52525,169659,6.666666666666667,0,20,20,11,SUCCESS,56553,JpVEe_0ZTBCI4_1X7aymZg
1310,TechnicalLoop#0608,1722958659385,3,56575,54731,169725,0.3333333333333333,0,1,1,1,SUCCESS,56575,rW5-Rz9nTuqiQFLeLGlB6Q
1311,Cezao,1722568711060,3,56598,48330,169795,6.333333333333333,0,18,19,2,SUCCESS,56598,FYOWTw3fQs-byowXBR0RsQ
1312,PassingScope#8605,1722859421538,3,56664,54798,169992,1.3333333333333333,0,4,4,1,SUCCESS,56664,zV6SYnZDSe2jmUDAomIc3w
1313,JavaCommand#8218,1723817654413,3,56710,51736,170132,2.0,0,6,6,1,SUCCESS,56710,Klzg1j9hT3WjT4QOqxAXpg
1314,Ildo#EdgeStorm#7763,1723115787619,3,56754,50868,170262,7.0,0,21,21,1,SUCCESS,56754,I6F7pLDDSK-c3kIdJvq7Cw
1315,DigitalCoder#8027,1722799419019,3,56799,56463,170397,1.0,0,3,3,2,SUCCESS,56799,ydcGg6haQxuDlVZuWouRFw
1316,SolvableEngineer#1159,1722604364317,3,56933,50201,170801,1.0,0,3,3,5,SUCCESS,56933,Y3BrvXNLT5Szs4ksBtMxXw
1317,gcjordi-CA,1722509970836,3,56951,56600,170853,0.0,0,0,0,1,SUCCESS,56951,XyHlt47zQC6jUaoQpocyxw
1318,LeandroFeder-SynapsePDI,1722902282335,3,57021,51796,171064,7.0,0,21,21,1,SUCCESS,57021,sJgmMd5eQjGRf6a2IsXWvQ
1319,Zooom#32289216,1722513421341,3,57042,49927,171126,7.333333333333333,0,22,22,1,SUCCESS,57042,cLBKyiaZRMSvEyXhvbnxNg
1320,NullMachine#3004,1723092991200,3,57108,55002,171326,0.3333333333333333,0,1,1,1,SUCCESS,57108,F1G_T_y0QP2UPv7ziSW0QA
1321,Matheus-Health,1722532260126,3,57152,51599,171458,6.0,0,17,18,3,SUCCESS,57152,O-nqsZSgSLW8WeeJ3k1wKg
1322,TestingArray#5589,1723541153572,3,57263,56457,171790,0.0,0,0,0,1,SUCCESS,57263,a4iZJuB-RnmWgU9WIyAvUA
1323,FiniteConsole#4226,1723057928913,3,57331,50059,171994,7.333333333333333,0,22,22,1,SUCCESS,57331,BqEelMqiQgiYBz9teEaceA
1324,ImportantArchitectbe2ca0,1722495415528,3,57377,56795,172131,0.0,0,0,0,1,SUCCESS,57377,iiQ9qQWjRhKh3RHSO1htUw
1325,InfiniteParameter#4834,1722994794804,3,57397,53602,172193,6.666666666666667,0,20,20,1,SUCCESS,57397,_HNEjfEoTqeQ3VFsSHPd7w
1326,ThisCommand#3765,1723824118978,3,57574,55399,172722,0.3333333333333333,0,1,1,2,SUCCESS,57574,bYFoUXogTwmj_vxUqnRBLQ
1327,EquityAlgo-No1,1723899416016,3,57689,46265,173069,6.0,0,18,18,2,SUCCESS,57689,z5oi31xPRLKKYI8AWeku1w
1328,SolvableScript#9316,1723754831378,3,58019,56257,174058,0.3333333333333333,0,1,1,1,SUCCESS,58019,Yn6TTcpSSH60PXJF3PraWg
1329,TeamExzz,1723094103476,3,58109,54394,174327,0.6666666666666666,0,2,2,2,SUCCESS,58109,oRGa0YH1ReawLYV3tJ10_A
1330,UrgentGame#0862,1722905121019,3,58175,51733,174525,6.0,0,17,18,1,SUCCESS,58175,SWvEi8QFQZSCFRDB-1BHJg
1331,BLR-DR-011,1723563052418,3,58217,50461,174653,7.333333333333333,0,22,22,1,SUCCESS,58217,WFY8eLPuRrKoch8ySW9ybg
1332,ThomasM-BugBusters,1722875803491,3,58396,57735,175188,0.0,0,0,0,1,SUCCESS,58396,JMwn3hPVS9GlX-QwylgTHg
1333,Christian-Schafer,1723572414733,3,58463,57659,175391,0.0,0,0,0,2,SUCCESS,58463,Ae3Q7TaCRRmLtneUjoH6Eg
1334,CyberneticAnalysis#8156,1723816173766,3,58572,57377,175717,1.0,0,3,3,1,SUCCESS,58572,s4p9eK0RQvSw7mQk_aL66w
1335,GustavoAndre-InjecaoUltra,1722528398619,3,58595,51451,175787,7.333333333333333,0,22,22,4,SUCCESS,58595,csnhG3UeTLCZ7Kar-DYcmQ
1336,MUBK-JohnnyLi,1723267660835,3,58597,54860,175791,7.666666666666667,0,23,23,1,SUCCESS,58597,VTm-jesQROiIrrHz9PvD_g
1337,MUBK-TID-Team-Miki,1723264405574,3,58663,56135,175990,6.333333333333333,0,19,19,1,SUCCESS,58663,Ie3MqKVxTzWV2VTCIHkHZw
1338,ImportantArchitect11c4e6,1722520843652,3,58688,43332,176066,6.666666666666667,0,20,20,1,SUCCESS,58688,LGygQoMWSZSTb20ifkCQiA
1339,NumericNotation#8341,1723257934400,3,58689,56393,176067,1.3333333333333333,0,4,4,2,SUCCESS,58689,vvHE8sl0RPGMDt5YdRvTHw
1340,Feichimenghu-Team-MMT,1723092980986,3,58956,57067,176869,0.3333333333333333,0,1,1,1,SUCCESS,58956,Uy9Mu4y6Sb-UGbapXhCm5w
1341,2Fast2Furious#1915,1722988177158,3,59062,56994,177188,3.3333333333333335,0,10,10,3,SUCCESS,59062,PTMZoP9vRR6A9Fd523IpuA
1342,ProvisionalDescriptor#8330,1723591783557,3,59398,49932,178194,7.666666666666667,0,23,23,1,SUCCESS,59398,ebfrMKV2SIyKXlllRVaE2w
1343,Faize,1722950280994,3,59419,52135,178257,7.666666666666667,0,22,23,1,SUCCESS,59419,eKxPNoYWTziEJoyv-eYYrQ
1344,ImportantArchitect1de87a,1722506927717,3,59666,59329,179000,6.0,0,18,18,1,SUCCESS,59666,GLHlDYEiQLui1L7rvuUwxg
1345,Fabricio#AIrtonSenna,1723147624746,3,59687,56732,179063,1.3333333333333333,0,4,4,1,SUCCESS,59687,49ihg-GaRnWUL2YcDT318A
1346,andrew-argueta,1722536192818,3,59732,52400,179197,7.333333333333333,0,22,22,1,SUCCESS,59732,G6HEOFdXS9a2OaFtH6Hs_w
1347,ImportantString#9024,1723903610160,3,59885,59329,179657,1.0,0,3,3,2,SUCCESS,59885,jhud_wppQQOUefJU3xKCuw
1348,IkeaPencilThief,1723366842331,3,60041,54798,180125,5.0,0,13,15,1,SUCCESS,60041,dso75QpHSZa17wPwhvI2vA
1349,JavaInterface#6668,1723753941410,3,60065,58601,180196,0.0,0,0,0,3,SUCCESS,60065,JH4SeArJQE6c5VtXbaOR1g
1350,RafaelGeronimo-UnderfitOverdrive,1722891528787,3,60153,58531,180461,0.0,0,0,0,1,SUCCESS,60153,fBFV-Eh1RzynbfSQGp-1Pw
1351,onTOP1234,1723746290129,3,60240,58464,180721,0.0,0,0,0,1,SUCCESS,60240,VVGqO2LfQXqrteq35L6BAA
1352,HashableBreaker#0905,1722982974536,3,60331,56597,180995,6.666666666666667,0,20,20,1,SUCCESS,60331,ncejMy4LSwmO7np5LfiZnA
1353,ProvisionalNumber#2785,1722721807549,3,60377,59933,181131,1.0,0,3,3,1,SUCCESS,60377,PJCBETMwRSWN4SJYBxqPFA
1354,VariableBraces#2326,1723812633949,3,60575,59802,181725,1.0,0,3,3,1,SUCCESS,60575,iIHrAutFSh-8SdtErIq0Tg
1355,BetaMetaclass#1196,1722623699740,3,60620,60395,181860,1.0,0,3,3,1,SUCCESS,60620,KbgWDxHSTnC8EBmaDHP4DA
1356,HelpfulLoop#4911,1722906634364,3,60708,58791,182125,1.3333333333333333,0,4,4,1,SUCCESS,60708,2opQ-zqtSDGizS5hMuQGXA
1357,RocketLog#6207,1723803265539,3,60933,57470,182800,1.6666666666666667,0,5,5,1,SUCCESS,60933,iXtu8qQMRyiOJfkkTyG3mw
1358,JPMC-HYD-06,1722659049047,3,61288,53204,183865,5.333333333333333,0,16,16,3,SUCCESS,61288,u5StnMv9QNmxDwE06MKSbA
1359,Zero-dayServer#4290,1723520475452,3,61288,58264,183865,6.666666666666667,0,20,20,3,SUCCESS,61288,TmurwHP-R_GCAC4qMNmkaw
1360,TabletClass#8374,1723834774121,3,61310,59407,183930,0.0,0,0,0,2,SUCCESS,61310,hshLOcrvQG6zjfi7zkLGeA
1361,TabletSystem#8965,1723789601283,3,61396,55668,184190,0.6666666666666666,0,2,2,2,SUCCESS,61396,5OZ_FUuQTyWwiT61uSqEDw
1362,ContinuousSequence#0047,1723699155384,3,61397,60927,184192,1.0,0,3,3,1,SUCCESS,61397,PaKtpahgSH-DCFh54sqQlQ
1363,DigitalNotation#4857,1722607483958,3,61530,54522,184591,2.3333333333333335,0,7,7,1,SUCCESS,61530,q441RVxWTCyarBE7NNuunA
1364,Austin50sJohnyKlein,1723151542775,3,61532,57997,184596,7.666666666666667,0,23,23,1,SUCCESS,61532,Vr1X4Tz_QtOROLtm-o3fQw
1365,RecursiveMachine#2632,1723489397974,3,61729,61535,185188,5.0,0,15,15,1,SUCCESS,61729,v5kpFZSjT2ODdMl06ZLt7A
1366,UpgradedEvaluation#6485,1722759688254,3,61733,60999,185201,0.0,0,0,0,1,SUCCESS,61733,XbKu2icFSWipjnU5RfJyJg
1367,UrgentLanguage#6306,1723890232884,3,62840,60596,188522,8.333333333333334,0,25,25,1,SUCCESS,62840,2_tBpSssS3OfGvIdTYHQnA
1368,BooleanNetwork#2912,1723785833859,3,64087,59795,192263,1.6666666666666667,0,5,5,1,SUCCESS,64087,1Zq-2PGKTaOPZTd-qKcD5g
1369,FiniteSchema#9386,1723741395703,3,64264,58600,192793,8.0,0,24,24,1,SUCCESS,64264,5jy2WRUDSISgQV9OjV4BGg
1370,InteractiveAbstraction#6769,1723248525479,3,64465,59261,193395,9.0,0,27,27,4,SUCCESS,64465,edc5gqfLQkS-b1hZF1-QMw
1371,CrypticTest#7876,1722476322736,3,64577,56195,193733,1.3333333333333333,0,4,4,1,SUCCESS,64577,o8_QBkXRQNe4WSKqgsLlSg
1372,VisheshBreja,1723726993217,3,64817,63535,194453,2.0,0,6,6,1,SUCCESS,64817,wPI8NJMaThGAHgUmwXCoFA
1373,DesktopCharacter#8660,1722616737435,3,64886,62990,194659,2.3333333333333335,0,7,7,1,SUCCESS,64886,yXpJfFOZQV6QnsOecH9swA
1374,AccessibleSpec#0877,1722948100964,3,65288,61467,195866,0.6666666666666666,0,2,2,1,SUCCESS,65288,u4Rr2SY-Sb2VVneIp6JTMw
1375,CriticalArray#4426,1722588044345,3,65352,61602,196056,1.6666666666666667,0,5,5,1,SUCCESS,65352,YqD_8ey0R_q8BG0TqB8MTA
1376,UpdatedClass#9361,1723142218352,3,65375,60125,196126,9.0,0,27,27,1,SUCCESS,65375,DLAZ00JLRe-6ycQTULKFyg
1377,FunctionalCallback#4167,1723815196368,3,65439,61600,196318,1.6666666666666667,0,5,5,2,SUCCESS,65439,rSrjjV_kT_WMrXHleBvArg
1378,SquareGrid#7612,1722508239278,3,65505,62864,196515,2.3333333333333335,0,7,7,1,SUCCESS,65505,v2oqhXBeRUSAnyK_5XQgrw
1379,ImportantArchitect363dac,1722584626972,3,65772,59066,197316,8.333333333333334,0,23,25,1,SUCCESS,65772,Mg8ZmzVmQ5CEsfAb12lXhw
1380,ContinuousPatch#2149,1723211912541,3,66019,64139,198059,0.3333333333333333,0,1,1,1,SUCCESS,66019,D8B9tG1NSYKvfn9rK87QfQ
1381,ArtificialAnalysis#8774,1723815197368,3,66041,65934,198124,2.0,0,6,6,1,SUCCESS,66041,_ykYyRK8SMKeUHO6xHv_LQ
1382,AtomicRequirements#3388,1723148513677,3,66308,64456,198925,9.333333333333334,0,28,28,1,SUCCESS,66308,ldPS9yRITUOGl30SMnf8sA
1383,TechnicalExpert#8456,1723058141144,3,66379,64867,199137,1.0,0,3,3,2,SUCCESS,66379,7epqhmMYRSaBpi1zChvbuQ
1384,ImportantSlice#6070,1723711212456,3,66530,58598,199591,8.333333333333334,0,25,25,2,SUCCESS,66530,c9Jg3gEzRR68b2fr4CWGMw
1385,ProvisionalTable#6017,1723048491814,3,67173,61655,201519,2.0,0,6,6,4,SUCCESS,67173,DWZwQ35QRQav3tVd_pfmuA
1386,ImportantArchitect0ee759,1722514356877,3,67819,62267,203458,7.0,0,21,21,1,SUCCESS,67819,Q2XmJ768RvKvIfOItJxpXQ
1387,CriticalParameter#9185,1723223884902,3,67887,65334,203663,2.3333333333333335,0,7,7,1,SUCCESS,67887,LEQYEVYqRzu2L_55152CUw
1388,LucasClivatti-LDCR,1722627335433,3,68199,57399,204598,9.0,0,27,27,1,SUCCESS,68199,l-m5aOwgTpmHEAzEtNqBzw
1389,UnboundMetaclass#8684,1723254162759,3,68284,62062,204853,3.0,0,9,9,2,SUCCESS,68284,L5mspM2GS2O1qBesRIpRog
1390,AsynchronousResource#8722,1723293542970,3,68312,66270,204938,3.3333333333333335,0,10,10,3,SUCCESS,68312,6pTNDH8nT-SAoFKWMxYERg
1391,AccessibleDataset#9495,1722528576021,3,68530,61134,205591,2.3333333333333335,0,7,7,1,SUCCESS,68530,x6c_EMhMSZ683wVZI2ID6g
1392,ImportantArchitect01db3e,1722528826292,3,69797,64134,209391,7.0,0,21,21,1,SUCCESS,69797,zdp7f583TKaVVvqvwHHChw
1393,RichardMeijerinkPessoal,1722606331488,3,70041,65856,210125,5.666666666666667,0,17,17,1,SUCCESS,70041,3xquoSsmQs-0NQezbSvciQ
1394,PathingConsole#2393,1722835302167,3,70064,64199,210192,3.0,0,9,9,1,SUCCESS,70064,8mbp8A8XSo-K65dSqBOdhw
1395,Urgent486#0193,1723788403917,3,70241,65533,210724,1.6666666666666667,0,5,5,1,SUCCESS,70241,-_t7rcr-Rh2xxKxzuvra0Q
1396,ImmutableSchema#4942,1723636971754,3,70376,64864,211128,10.0,0,30,30,1,SUCCESS,70376,VcNRhZAdTR2o0DkhUlv_iA
1397,ProcessingResource#6430,1722539873425,3,70396,65401,211189,2.0,0,6,6,2,SUCCESS,70396,rKAhCjqESqWpq1MfiFJy9w
1398,IanRosa-PeDComercial,1723144337520,3,70486,67856,211460,0.3333333333333333,0,1,1,1,SUCCESS,70486,D9x_pL5qTpGXu6sKc0dKJA
1399,Vinicius-Bonatti-Benner-Innovators,1722539843952,3,70580,68804,211741,4.333333333333333,0,13,13,1,SUCCESS,70580,KlD_CHZ9RTWZ-Ha6RGXBiQ
1400,Clezar-DesenvProduto-WEN,1722596305413,3,70642,64870,211926,10.0,0,30,30,1,SUCCESS,70642,piHV66A8QpmzOF0Gxp2WBg
1401,PrimeDebugger#5760,1722705634841,3,71291,63283,213875,3.3333333333333335,0,10,10,1,SUCCESS,71291,D1MhshO_QLOsXkJ6BEH03w
1402,FungibleEngineer#9500,1722602498541,3,71644,64465,214934,4.333333333333333,0,13,13,1,SUCCESS,71644,VUIVMtS9QJycV2pHmceD4A
1403,SquareContext#9772,1723663051679,3,71910,63736,215730,3.3333333333333335,0,10,10,1,SUCCESS,71910,shFHxky7Qaip1XXxtgE0Bg
1404,Talysson-Weg-Tech-Racers,1723038825367,3,73085,67329,219257,10.0,0,30,30,2,SUCCESS,73085,aqKNXK4ZRtm9GcCgB932UQ
1405,IYF8287,1722475297962,3,73554,67462,220663,4.0,0,12,12,1,SUCCESS,73554,NranaaJjQmC_5zxOLvBd3w
1406,RobotInterface#8768,1723491981216,3,73799,68000,221398,3.0,0,9,9,1,SUCCESS,73799,ka8IXPB_QCCtjB272-vlHg
1407,ImportantArchitect410260,1722523612283,3,73909,65126,221728,10.666666666666666,0,32,32,1,SUCCESS,73909,14CjChHcTsqlMpi-TXuc2Q
1408,MSEDU-S13,1722833244360,3,74020,64073,222060,10.666666666666666,0,32,32,1,SUCCESS,74020,8D-SZSM3TuewjJJMXAs_3w
1409,ASCIICallback#9382,1723389689190,3,74975,69863,224926,4.0,0,12,12,1,SUCCESS,74975,dE2V0zTmQ4G_KhWnizYwXw
1410,MSEDU-S8,1723786127681,3,75556,70997,226668,2.0,0,6,6,1,SUCCESS,75556,XBCt2kNaSzSz5MegDelbNg
1411,NumericMethod#1160,1722626966630,3,76486,70601,229460,11.0,0,33,33,1,SUCCESS,76486,xeig3Q0aR9K-z8rfojB9WA
1412,FiniteLine#5574,1722974632432,3,76599,72868,229799,7.666666666666667,0,23,23,1,SUCCESS,76599,YD-70cuwR6CIwJBATo3xcg
1413,ImportantArchitectedce5c,1722508982650,3,78465,50668,235395,5.333333333333333,0,16,16,2,SUCCESS,78465,SLvFBwjmRb6IGAdwHuGnoQ
1414,walid,1723858011411,3,78697,71068,236093,2.3333333333333335,0,7,7,1,SUCCESS,78697,5674e4a5460343dc8290eQ
1415,MSEDU-S10,1723786102416,3,79841,70461,239523,4.666666666666667,0,14,14,1,SUCCESS,79841,0EzNuH94QBmwlhatlXOByg
1416,JPMC-NYC-09,1722628195388,3,80397,77663,241193,7.666666666666667,0,23,23,1,SUCCESS,80397,Ccw0RaEzRcWxAwgadmIlWg
1417,VirtualConsole#2535,1723408965092,3,80580,71075,241741,5.666666666666667,0,17,17,1,SUCCESS,80580,dHEXExU1TCetASy4OLXfdA
1418,QualifiedMethod#9780,1723767865887,3,81840,65739,245522,10.0,0,30,30,1,SUCCESS,81840,XLuOq1yOSde_5NtkD2TOzw
1419,GuilhermeLinzmayer#TheSOAPs,1722966261565,3,82128,76329,246386,5.0,0,15,15,1,SUCCESS,82128,6Z9GxOA9QQiKYd1qxtgMhg
1420,CapeKaosMage,1723627214609,3,83218,78857,249656,11.666666666666666,0,35,35,1,SUCCESS,83218,jZ6bzgY2R76ODc1I_5Mpzw
1421,QualityAnalyst#8965,1723865946108,3,83353,74526,250059,6.333333333333333,0,19,19,1,SUCCESS,83353,_Aj42Wm9RIm1HDiFi98eXQ
1422,EncryptedDeadline#6646,1723698731621,3,84776,84466,254329,6.0,0,18,18,1,SUCCESS,84776,y_DmQb7NT7Sj-80vOZOojQ
1423,UpdatedTag#5208,1723253797923,3,85263,75868,255791,5.666666666666667,0,17,17,3,SUCCESS,85263,krInMubvRauRQnPKMmC44A
1424,FQT-Graham-Wenz,1722630081767,3,87353,74468,262061,9.333333333333334,0,28,28,1,SUCCESS,87353,dLhgk29PQV-GLx-o1S3aFA
1425,MUBK-TatsuyaMinami,1722876202343,3,87798,53128,263394,12.333333333333334,0,37,37,1,SUCCESS,87798,wlA5zrZ7Rme6tcmnsQQiyQ
1426,CompleteAttention#6225,1722526142053,3,88492,86398,265478,6.333333333333333,0,19,19,1,SUCCESS,88492,pHQoAis8Tq-kVNa96KCiTg
1427,NiltonRochaMartinsFilho-AIrton-Senna-01,1723165922081,3,88951,73857,266853,12.666666666666666,0,38,38,1,SUCCESS,88951,59q1HOyyTRy5zgxz4u9bqA
1428,CompleteAnalyst#5429,1722775802847,3,89378,83336,268136,13.0,0,39,39,3,SUCCESS,89378,vn-Q96DcS9mFflQd-sxvOQ
1429,FormulaicClass#2914,1722544174254,3,89420,87533,268260,6.333333333333333,0,19,19,1,SUCCESS,89420,ha_W-bbZREWJiVH71AKiCA
1430,FocusedObject#9964,1722616843531,3,89685,75530,269056,10.666666666666666,0,32,32,1,SUCCESS,89685,alrnvAsVQByXAN_mK8wdSQ
1431,AtomicByte#3264,1723253762460,3,89757,88002,269272,6.333333333333333,0,19,19,1,SUCCESS,89757,al4Kz9IlRgmjhuRewwirNA
1432,QualifiedError#5631,1722963554172,3,89975,83791,269925,6.0,0,18,18,1,SUCCESS,89975,y7cNd3OgSZK_MwC06YfhkQ
1433,ImportantArchitect364380,1722498500676,3,90266,81403,270798,6.666666666666667,0,20,20,3,SUCCESS,90266,f6IFiCogSSqyKzXPb0A7aA
1434,Djamilton-WEG-Tech-Racers,1722536421156,3,90953,83995,272860,12.333333333333334,0,37,37,1,SUCCESS,90953,8N96r_sNS6SAE2dbSiN4iQ
1435,EncryptedBrackets#0362,1723253504688,3,96110,91531,288332,7.666666666666667,0,23,23,1,SUCCESS,96110,vfTJpjigSJ2cjcpuwHrbjg
1436,MSEDU-S1,1723784605948,3,96886,96600,290660,14.0,0,42,42,1,SUCCESS,96886,71v06eGiTkyolFRnvsuWnw
1437,ImportantArchitect6a30e1,1722568914838,3,97004,92599,291013,12.666666666666666,0,38,38,1,SUCCESS,97004,PQRrZEK-QsufY3NojLKrLw
1438,Socram,1723158664910,3,97085,93131,291257,14.666666666666666,0,44,44,2,SUCCESS,97085,9FwHZ012T8ehzN41h6W29Q
1439,HelpfulError#6939,1723253600799,3,97306,96659,291919,8.0,0,24,24,2,SUCCESS,97306,p-BYyrxdSEybYJXH0x6FSg
1440,10xArgument#4812,1723328653796,3,99108,89742,297325,14.666666666666666,0,44,44,1,SUCCESS,99108,Jrl6ri5pR2Sw5FJJdfDgwg
1441,Secure486#9274,1723253520385,3,99937,98332,299813,8.333333333333334,0,25,25,1,SUCCESS,99937,7Pn1oJgzQTuFQC8oC_4I8Q
1442,Oistarsracer#5457,1723212240947,3,101731,94531,305195,15.0,0,45,45,2,SUCCESS,101731,6GKTasRORHq-gQ2OAh5gGA
1443,ComplexCircuit#1464,1723118937099,3,102086,98338,306259,9.666666666666666,0,29,29,1,SUCCESS,102086,auIhkH70TG-kGzXtQ_TknA
1444,JavaSlice#7775,1723275196989,3,102109,98798,306329,8.666666666666666,0,26,26,1,SUCCESS,102109,cs-pioVfQw2WfbNoXcYFBA
1445,TestingError#7397,1723253531022,3,103706,101869,311120,9.333333333333334,0,28,28,1,SUCCESS,103706,6YJWyEh-SLOCK40yyfjvSw
1446,LucasClivatti-LDCR3,1723239719102,3,104977,100138,314932,15.0,0,45,45,1,SUCCESS,104977,36UQtcIYToKAZ__29fHesA
1447,PassingCharacter#5535,1722960888421,3,105597,99601,316792,16.0,0,48,48,2,SUCCESS,105597,DRZ3WWaTSF2hrivrYS6MQA
1448,SequentialRequirements#8710,1723600212029,3,106508,101926,319526,10.0,0,30,30,1,SUCCESS,106508,kyWFHL1YSDiIuw4l2VcxrQ
1449,PathingModel#7526,1723299215253,3,107286,99732,321859,16.333333333333332,0,49,49,1,SUCCESS,107286,IHMqw6l7So6zApvtVebjcA
1450,HashableTag#0811,1723169769633,3,107952,102269,323858,16.0,0,48,48,3,SUCCESS,107952,RUl6C7uuSB6y7KPVvI2WWw
1451,InfiniteValue#5904,1723849536221,3,109886,107796,329660,16.333333333333332,0,49,49,1,SUCCESS,109886,IaN1_yV5RqOMOv8GxLBM9A
1452,RO,1723248970621,3,111332,91057,333996,15.666666666666666,0,47,47,6,SUCCESS,111332,6DarpfsUQUSRuBlTMnb7fw
1453,MUTB-CPIMotorsInc-tanaka,1722655237508,3,111485,105870,334457,16.0,0,48,48,1,SUCCESS,111485,3qa0FPjGTLOn5iIOYbAZpg
1454,Supersonic#8212,1723738477299,3,111997,106195,335992,17.0,0,51,51,1,SUCCESS,111997,ViaqQmUmQcWcEaK6gnfbwQ
1455,GabrielTabarelli-MachMachine,1722508033501,3,113778,111861,341334,16.333333333333332,0,49,49,1,SUCCESS,113778,0ca6QT6ZSsaJIzFlvYdbzg
1456,GammaScript#5560,1723253550449,3,113952,112065,341856,11.333333333333334,0,34,34,1,SUCCESS,113952,3RI5XwTESXKL1vXskRfohA
1457,v1t3ls0n,1723042987136,3,114619,103204,343859,17.0,0,51,51,2,SUCCESS,114619,6-CC-F8NQxuxIXWKFDdLIA
1458,AbstractDelta#8760,1722748404373,3,114773,114726,344321,11.0,0,33,33,1,SUCCESS,114773,bgBT_n2rTbaX9LUvSn1Q7w
1459,BrunoXavier-AstecWAU,1722947706747,3,115241,104390,345724,17.0,0,51,51,1,SUCCESS,115241,D9kxHlQFSoqaOFVRDySqdw
1460,JavaToken#2622,1723751169920,3,115465,107930,346397,17.333333333333332,0,52,52,4,SUCCESS,115465,kq5hf2i_QA-1TNVjVs5-FQ
1461,GustavoHP#WMOMotores07,1722606852040,3,115999,112795,347999,16.666666666666668,0,50,50,1,SUCCESS,115999,ifVfA5tJR_G9B8PDfB06Qw
1462,MSEDU-S2,1723784469307,3,116818,97334,350456,11.666666666666666,0,35,35,1,SUCCESS,116818,6N7v5bxMQXa2htIr1fsu3w
1463,DesktopBraces#9470,1723617274491,3,117152,109669,351456,17.333333333333332,0,52,52,1,SUCCESS,117152,v5uD9tfgS3igAx6Bta8bwQ
1464,NumericWorkaround#0034,1722482937328,3,117484,115467,352454,15.333333333333334,0,46,46,1,SUCCESS,117484,qhHt4eknSgeRjxbGdW8jtw
1465,ProgrammingDebugger#4643,1723892562950,3,117664,113994,352994,17.0,0,51,51,1,SUCCESS,117664,2XxA4TM9SFaDJRFSxoVkbw
1466,FiniteTech#2627,1723473915766,3,121533,109334,364600,12.333333333333334,0,37,37,1,SUCCESS,121533,ii04tfu2SNCU1pDNJK-Wow
1467,ImportantArchitecta9be7a,1722534283128,3,123597,93604,370792,18.333333333333332,0,55,55,2,SUCCESS,123597,_FTxKi92Suuo8THzbuocUw
1468,UrgentSchema#3558,1722625818378,3,124486,124128,373460,13.0,0,39,39,1,SUCCESS,124486,IpgHvLqxQpijGIPzIsxH5Q
1469,Caio-DMSLAB1,1722617863311,3,125620,121404,376862,19.666666666666668,0,59,59,1,SUCCESS,125620,_BJDJM2PQSGItXrKjZAcwA
1470,EraldoPaulPaciello-DrivesApp,1722621303151,3,125950,115272,377852,17.0,0,51,51,1,SUCCESS,125950,ZIBzzvUQSl6VUgqaFfRpDA
1471,ParametricDeadline#1125,1723334457067,3,129801,119668,389404,14.0,0,42,42,1,SUCCESS,129801,lurQSDtSQyKrF6q4lGtDPA
1472,ImportantArchitect013ad9,1722532767200,3,130089,124739,390269,14.0,0,42,42,6,SUCCESS,130089,5eYM71PEReiHS-7kOcupYA
1473,EncryptedExpression#9505,1722589081141,3,131486,123135,394460,14.333333333333334,0,43,43,1,SUCCESS,131486,Yzx4eCh2TwW7-swQihm4ug
1474,Interactive486#0569,1723253783056,3,132733,130263,398200,14.333333333333334,0,43,43,1,SUCCESS,132733,rXkGBPHSRIWRMAirln4P2Q
1475,PrototypeBottleneck#8241,1723253854300,3,133374,118798,400123,14.666666666666666,0,44,44,1,SUCCESS,133374,LUrb-vccSl2YwXn-HopC5A
1476,HashableTest#9306,1723814191670,3,133686,125132,401059,14.666666666666666,0,44,44,1,SUCCESS,133686,2YChNHnjRomUKXg0BXSWBA
1477,UrgentTech#4509,1722863613165,3,134220,126661,402661,20.333333333333332,0,61,61,1,SUCCESS,134220,L23y0r8sTFOpPenUYR9xBg
1478,JPMC-MUMBAI-009,1722691282099,3,134842,123931,404528,15.0,0,45,45,1,SUCCESS,134842,RK5IYvQeTW2vGQ6hLR0J1A
1479,InnoServe-Too-sticky-Ah-Bang,1723264910698,3,137264,135393,411792,15.333333333333334,0,46,46,2,SUCCESS,137264,F-WrylIlS8GuoMh1FFuq8Q
1480,ImmutableUpdate#0515,1723829986004,3,137716,130482,413150,15.333333333333334,0,46,46,1,SUCCESS,137716,-eznV35bQY2EFr5_fzkFmA
1481,AlphaArgument#0959,1722659180829,3,138063,130601,414191,15.333333333333334,0,46,46,1,SUCCESS,138063,uO1QmHNUS0GvtMLpWnyyRQ
1482,mechworks,1722663705154,3,139022,134862,417066,15.666666666666666,0,47,47,1,SUCCESS,139022,VOjQIclOQVKj9OmZzX8NrQ
1483,ProvisionalPointer#8247,1722564866964,3,139155,120270,417466,15.666666666666666,0,47,47,1,SUCCESS,139155,sMDfMvQKRnWi8fS1WZBtQw
1484,Python486#8598,1723253525602,3,139246,135475,417740,15.666666666666666,0,47,47,2,SUCCESS,139246,zRA4psY_Rc-MlxePrImJog
1485,IterativeBrackets#3308,1723460496842,3,139485,130326,418457,15.666666666666666,0,47,47,3,SUCCESS,139485,So8PIpJDTu27WwOfi1B4DA
1486,GenerativeInterface#8855,1722723796242,3,139536,135535,418608,15.666666666666666,0,47,47,1,SUCCESS,139536,75SjV_0DTuCsiEaT3bh7jw
1487,JPMC-HYD-REINFORCER,1722589141607,3,140887,124534,422663,16.0,0,48,48,1,SUCCESS,140887,rbJUl3YSSxqJgG-QaNpNag
1488,MachineClass#8939,1723868524666,3,141219,136124,423659,16.0,0,48,48,1,SUCCESS,141219,dfaMn0nhRly2CHHAbIJhtA
1489,UnboundLine#0935,1723253520335,3,141643,139469,424929,16.333333333333332,0,49,49,2,SUCCESS,141643,nkA_Pd9oT6-6FxKfyNEI_Q
1490,Gomes,1722535781324,3,141708,134256,425124,11.333333333333334,0,34,34,1,SUCCESS,141708,lHKRgSM-TyCzWVNG2VQrxg
1491,AtomicDeadline#9942,1722577495615,3,142818,135928,428455,16.333333333333332,0,49,49,1,SUCCESS,142818,1svs4d7zSZGmXHDDFCgUVg
1492,ConnectedTheory#6334,1722476620888,3,143019,136265,429059,16.333333333333332,0,49,49,1,SUCCESS,143019,ftyAsVheTsOhe6_l71rj_A
1493,RocketBottleneck#6628,1722535035362,3,144329,142257,432988,16.333333333333332,0,49,49,1,SUCCESS,144329,a5sC9xkIQjejPTnhTnnsKQ
1494,NullSchema#9236,1723253545245,3,146707,141934,440121,17.0,0,51,51,1,SUCCESS,146707,o0wd717kRTScbKgEVnFgqA
1495,MSEDU-S4,1723784479216,3,147531,142593,442593,13.666666666666666,0,41,41,1,SUCCESS,147531,IJFlMlnyRKCQz3VTPM0BrA
1496,ImmutableAbstraction#0447,1723341579983,3,149042,145924,447128,17.666666666666668,0,53,53,1,SUCCESS,149042,h_jQLlLuRdKHwhum7rlAMQ
1497,teste2,1723134911308,3,168154,160266,504462,27.333333333333332,0,82,82,1,SUCCESS,168154,nEtKsuFCTKaJTI2cYp1mfQ
1498,MobileAnalyst#4194,1723805364272,3,171398,155064,514195,28.0,0,84,84,1,SUCCESS,171398,rAu-E732RqqAvOv2JeISHg
1499,PrototypeArray#4143,1723583614050,3,179907,177723,539721,29.333333333333332,0,88,88,1,SUCCESS,179907,YEs8ypPMQsCTvsKppxB6fA
1500,2024chuncheon-28,1723443996415,3,187087,183661,561262,28.666666666666668,0,86,86,1,SUCCESS,187087,kOa6ER4ATcOd8hWrwzmzWw
1501,PythonBreaker#8486,1723253515415,3,200729,198661,602187,27.333333333333332,0,82,82,1,SUCCESS,200729,mbl-2VqwR8O3tgrGXbMpCQ
1502,GIST-DeepRacer16,1723008667379,3,219641,210652,658923,30.666666666666668,0,92,92,1,SUCCESS,219641,CYgqzDnVRCaEbMDQ7iKJFQ
1503,NeuralLog#7354,1723276032469,3,220821,218393,662465,33.666666666666664,0,101,101,1,SUCCESS,220821,-yzklXP-QzmxfMjOqI63xQ
1504,MUBK-TeamTIDBSmanagement-Matsuba,1723770828961,3,222843,219669,668530,32.333333333333336,0,97,97,1,SUCCESS,222843,QEU422OUSK2wy7CNF-z59A
1505,LucasClivatti--LDCR,1723082075555,3,247021,243004,741064,41.666666666666664,0,125,125,1,SUCCESS,247021,oegixL8nRV-08q1c_XjqfA
1506,ImportantArchitectf76bc4,1722499964281,3,248708,248258,746124,40.0,0,120,120,2,SUCCESS,248708,Hl_355yvRxebDIl4TM7ujQ
1507,JPMC-MUMBAI-010,1723127794574,3,253331,241733,759994,35.0,0,105,105,1,SUCCESS,253331,LSTNMdQvRom0468lg0eksA
1508,MSEDU-S3,1723784433532,3,273263,269590,819789,43.666666666666664,0,131,131,1,SUCCESS,273263,610JeP3hRkmjuhaESDa1Dw
