Rank,Alias,SubmissionTime,LapCount,AvgLapTime,BestLapTime,TotalLapTime,AvgResets,CollisionCount,OffTrackCount,ResetCount,SubmissionCount,LeaderboardSubmissionStatusType,RankingScore,UserId
1,rosscomp1,1724345730409,3,11885,11528,35657,0.0,0,0,0,15,SUCCESS,11885,fb0d597a87f94697aa1c6w
2,Nariox,1724965202584,3,12041,11802,36124,0.0,0,0,0,24,SUCCESS,12041,AUWR9HasSr2j2V1bbAptNw
3,CodeMachine,1723589696180,3,12130,11869,36391,0.0,0,0,0,9,SUCCESS,12130,b_WzN_r8ToGPle_8bl2tMA
4,EvidenMarkRoss,1724945519439,3,12154,11800,36462,0.0,0,0,0,6,SUCCESS,12154,9OT4p4dXQ2K2J5pOUfeGfg
5,ZoD,1724959503575,3,12176,11735,36529,0.0,0,0,0,11,SUCCESS,12176,TFtvCas4TRWchrBPMyGh0A
6,JJ,1724507499169,3,12197,11866,36592,0.0,0,0,0,1,SUCCESS,12197,afdcX_4vRH6Ussd0mbg5LQ
7,Liao,1724504925066,3,12218,11802,36655,0.0,0,0,0,17,SUCCESS,12218,1mW7p6I1Q0-cB3Up-esBeQ
8,flatearth,1724623979262,3,12267,12070,36801,0.0,0,0,0,5,SUCCESS,12267,9e3a9607a4e04ba2b1a49w
9,AIDeepRacer,1724276185357,3,12309,11933,36927,0.0,0,0,0,7,SUCCESS,12309,pIRbdCx6QYatgVXm2p5GbA
10,JPMC-BA-MiguelG,1724887045891,3,12376,12133,37128,0.0,0,0,0,33,SUCCESS,12376,ITPfFYXmSXKi3TqsvUHRKw
11,LeadingAI,1724603586078,3,12641,12267,37925,0.0,0,0,0,25,SUCCESS,12641,VP5wwaH5T4GciaMX2ocEvQ
12,BSi,1724298492337,3,12687,12469,38063,0.0,0,0,0,20,SUCCESS,12687,2eb231b0a43f4940bfed3w
13,AsynchronousSpec#1681,1724895618959,3,12752,12468,38258,0.0,0,0,0,1,SUCCESS,12752,4bq1EB_VR_mojDz6q1J1eg
14,TonyJ,1724941864316,3,12773,12469,38321,0.0,0,0,0,50,SUCCESS,12773,af962be5a4ed4c57af807w
15,MattCamp,1724319142573,3,12820,12660,38460,0.0,0,0,0,50,SUCCESS,12820,9z8BN2mkSj-Dlb_Chg_0Hw
16,Fr3d,1724001431883,3,12820,12599,38460,0.0,0,0,0,22,SUCCESS,12820,7x6nmMRlQiWawqJ8wUE7jA
17,DaVinciDriver,1724682374942,3,12821,12595,38464,0.0,0,0,0,13,SUCCESS,12821,XtzXYz2pRByDnXz90XNGSw
18,JPMC-Rogue-COL,1724711997020,3,12862,12464,38587,0.0,0,0,0,12,SUCCESS,12862,_W5Y-ICNSuGKBn7bvv8qzw
19,Eviden-Simon,1724922682255,3,12886,12588,38660,0.0,0,0,0,39,SUCCESS,12886,3XLO68TWRzyd6zo4IaoNYQ
20,RaptorsCA,1724203978397,3,12886,12599,38660,0.0,0,0,0,7,SUCCESS,12886,SLiCNy3KQr-X3LCO9wrkoA
21,Kamiloj-ADL,1724806281970,3,12887,12665,38663,0.0,0,0,0,43,SUCCESS,12887,jmVlUw3DTUubDDSk3oOaPA
22,SuperShawn,1724107944770,3,12951,12661,38855,0.0,0,0,0,35,SUCCESS,12951,ua_u7fduQnCT1hn-GumqVQ
23,-SANTACLAWS-,1724841611969,3,12953,12736,38860,0.0,0,0,0,20,SUCCESS,12953,X_dNmJilS8SDBQ44yzd2fg
24,barkingdog,1724880978839,3,12976,12612,38928,0.0,0,0,0,34,SUCCESS,12976,b3960b6c6f58458880ceew
25,janicedal,1724641383844,3,13019,12599,39057,0.0,0,0,0,21,SUCCESS,13019,OwKO9HTAS66Q0EhLegROgg
26,sxpnp,1724000887691,3,13065,12799,39196,0.0,0,0,0,38,SUCCESS,13065,GPJ-D-O9QSaDEqnHgTcAhQ
27,Jerec,1724857179450,3,13377,12867,40131,0.0,0,0,0,35,SUCCESS,13377,RH6ep-5mRmmVLqHClba8_Q
28,TorontoBill,1724884378346,3,13398,13000,40194,0.0,0,0,0,35,SUCCESS,13398,BYJnwsm1RZya9TK3DltTsQ
29,Berbbobs,1723278933207,3,13485,13192,40457,0.0,0,0,0,14,SUCCESS,13485,bt0g0Yx0R7KyvbtojGlP4A
30,JPMC-Frank,1724639430844,3,13553,13333,40659,0.0,0,0,0,1,SUCCESS,13553,pupR9DS8SGyUro7tPCHWeQ
31,Cjliop,1724852844835,3,13595,13401,40785,0.0,0,0,0,1,SUCCESS,13595,OJ19svsYQNGVmY0FaFh3Sg
32,MattKreder,1724941587305,3,13709,13334,41129,0.0,0,0,0,20,SUCCESS,13709,cVk-aYKdRUmuL0qmjyzmag
33,DoomBuggy,1723614159543,3,13731,13468,41193,0.0,0,0,0,4,SUCCESS,13731,QakV_nzOTm2q_NhqUMwIJw
34,KG-Unicron,1724939335361,3,13774,13397,41323,0.0,0,0,0,1,SUCCESS,13774,qCUk7KKqT1CaxjgrIH2KWw
35,DarkLi,1724584327766,3,13774,13727,41323,0.0,0,0,0,2,SUCCESS,13774,BmsTvnRoQgq6GOBu5L6t1A
36,DavidLiu,1724865431638,3,13795,13594,41387,0.0,0,0,0,7,SUCCESS,13795,p8Kq8gVIS0W9DoFRPItxlA
37,KkluoTa,1724646512087,3,13818,13470,41455,0.0,0,0,0,8,SUCCESS,13818,rq7Fy2tDRkCbVSX2uG3W1Q
38,JPMC-BlessedAcceleration-Chicago,1724758673622,3,13819,13598,41457,0.0,0,0,0,39,SUCCESS,13819,TeJiUXqUQTu71GIEMrzmSg
39,YukanQu,1724853431652,3,13841,13395,41523,0.0,0,0,0,1,SUCCESS,13841,s1PoRnDbTP-EwMmDQ6ZkXw
40,CZ1-LJ,1724655177420,3,13842,13462,41526,0.0,0,0,0,8,SUCCESS,13842,zoARU6fMRiyVawODM_e9VQ
41,Lementee666,1724679455784,3,13861,13466,41585,0.0,0,0,0,1,SUCCESS,13861,gkBKvqkZQ9GHjGFIN8j8sw
42,JPMC-Nancy,1724852655609,3,13864,13667,41593,0.0,0,0,0,1,SUCCESS,13864,t9Qvf2S0TFi7pFUnzLsgfw
43,YA#88,1723808088050,3,13864,13142,41592,0.0,0,0,0,29,SUCCESS,13864,KBCP86t4SpaGJhXNb26AcQ
44,DJ-Maik,1724666265474,3,13864,13735,41594,0.0,0,0,0,1,SUCCESS,13864,xo7bICV4TCmlALspkE9lQA
45,Janyi,1724589972293,3,13884,13600,41653,0.0,0,0,0,3,SUCCESS,13884,RHAU6aFVT4WXEWIYx5Wmtg
46,MadCross,1724564374792,3,13907,13660,41723,0.0,0,0,0,1,SUCCESS,13907,Msh-oGccTR2Yn31a5coUHA
47,69827750,1724647656651,3,13908,13729,41725,0.0,0,0,0,8,SUCCESS,13908,sHKRria7Swyrqpst0Y58rQ
48,ddqj-San,1723983366405,3,13908,13734,41726,0.0,0,0,0,1,SUCCESS,13908,pae4ouqhSEquDq6abpx06A
49,86JPCY,1724635374160,3,13908,13468,41724,0.0,0,0,0,1,SUCCESS,13908,LBmdwU19ToW2xjafyOHFpg
50,JunaiMg,1724584329235,3,13908,13789,41725,0.0,0,0,0,2,SUCCESS,13908,BWad8cNhSLyPGEJmf6f_UQ
51,Sanj-rr,1724647609897,3,13908,13597,41726,0.0,0,0,0,8,SUCCESS,13908,jRGFJdegSAW7eJSk30cv5g
52,LOL-Nacy,1724595522819,3,13909,13466,41728,0.0,0,0,0,1,SUCCESS,13909,WiYGZBfiT1eUaKXD3hxOBA
53,DFS-ZSF,1724589970838,3,13928,13666,41785,0.0,0,0,0,4,SUCCESS,13928,_LR-fxghQsimzgQdQUMwfg
54,JPMC-Lan,1724637898568,3,13929,13733,41788,0.0,0,0,0,1,SUCCESS,13929,McObgxOVQu6aa17XY7yJ-g
55,XjxLin,1724583243746,3,13930,13597,41791,0.0,0,0,0,2,SUCCESS,13930,5jFpYnmRSrSeKFnNFvMl6w
56,JPMC-David,1724643313833,3,13931,13539,41793,0.0,0,0,0,1,SUCCESS,13931,7RxXrwxiSDms1gX8XF5Amg
57,IcePandaBoom,1723105824438,3,13951,13659,41855,0.0,0,0,0,3,SUCCESS,13951,BTPWujqqTBOWGAFvEKyRaA
58,LOL-Jam,1724593148733,3,13973,13465,41921,0.0,0,0,0,1,SUCCESS,13973,OaTvm9z_TrWSiMvPXy6KuA
59,KandyShub,1724852466104,3,13973,13738,41921,0.0,0,0,0,1,SUCCESS,13973,t9fhpo2PRK2dfbRmWtQ0Pw
60,LYC-Lucy,1724652988940,3,13975,13731,41926,0.0,0,0,0,8,SUCCESS,13975,esLK4PN9R_-YvyzFDNdL6Q
61,Yangzifeng,1724579263761,3,13977,13664,41932,0.0,0,0,0,1,SUCCESS,13977,FED2sJJ2SjqaSs2B-0fxAg
62,Liziqi935,1723981669005,3,13996,13669,41990,0.0,0,0,0,1,SUCCESS,13996,MSxy-KUzQXGf7z8wfm8wBQ
63,LinZF-D,1724559518764,3,13997,13867,41991,0.0,0,0,0,2,SUCCESS,13997,GSohefsTRuWQ-Nxv7Vw3jw
64,NurutaQuu,1724641842937,3,13997,13802,41991,0.0,0,0,0,1,SUCCESS,13997,aldA1u59Riuhj13-KCABlA
65,Frank-LLY,1724655079031,3,13998,13733,41996,0.0,0,0,0,8,SUCCESS,13998,klGCvDceQreyxRzKObv5mg
66,JPMC-Spyder-HongKong,1724851300673,3,14019,13733,42059,0.0,0,0,0,24,SUCCESS,14019,zKdKXknwQVCObGdEgutObQ
67,Dov-L,1723986190040,3,14020,13735,42062,0.0,0,0,0,1,SUCCESS,14020,PM-aJTMITnqQPM_2B-uKMQ
68,Mungi,1724521317475,3,14020,13741,42060,0.0,0,0,0,18,SUCCESS,14020,RgTvucbNQja7yiYbgh2p9A
69,Deepicakflina,1724586528676,3,14021,13604,42063,0.0,0,0,0,3,SUCCESS,14021,O4FIop7dTvu80FyOnDhCwQ
70,BeaterJan,1724937691386,3,14041,13990,42125,0.0,0,0,0,1,SUCCESS,14041,Uu-cg9LfSCyXEd1On-FWww
71,LYC-Lancy,1724517278838,3,14063,13797,42190,0.0,0,0,0,1,SUCCESS,14063,7OrGwFllQpqBasJsjhD2Zg
72,DFS-ZZL,1724572520387,3,14063,13870,42190,0.0,0,0,0,1,SUCCESS,14063,9Zbtfj0VTmGDf4vOgoGPMA
73,dXiL,1724636550556,3,14064,13731,42194,0.0,0,0,0,1,SUCCESS,14064,Ipsv00J3Quuzsg-w_AcYlA
74,LauBu9898,1723980280655,3,14066,13871,42199,0.0,0,0,0,1,SUCCESS,14066,lmPFntSxTQG4jwKrjZFpQA
75,LOL-liFal,1724600732175,3,14084,13670,42254,0.0,0,0,0,1,SUCCESS,14084,q_WUx9STSV6iOvRWExp6Jg
76,LSQZX,1724580609311,3,14088,13732,42266,0.0,0,0,0,1,SUCCESS,14088,Zffa0HF5Q1ieM-mhRp29_Q
77,JooZ,1724597956133,3,14107,13469,42323,0.0,0,0,0,1,SUCCESS,14107,Z6DaIpqxSfiW9hinicH0gQ
78,ZY-Jan,1724568353277,3,14107,13799,42322,0.0,0,0,0,2,SUCCESS,14107,UyscRfXBSfaeOggXZNGP3g
79,LiHR1818,1724568119256,3,14108,13800,42325,0.0,0,0,0,5,SUCCESS,14108,iVdBR8M1TaWHdESTueyPPQ
80,LLiymhan,1724853039761,3,14129,13869,42389,0.0,0,0,0,1,SUCCESS,14129,2jG3WR5VSsmfqWX6KrVtOQ
81,Vansoli,1724646510729,3,14130,13719,42390,0.0,0,0,0,8,SUCCESS,14130,2JWM3_f7RRyHvYHCbttBmQ
82,Cattline-Diga,1724560858328,3,14134,13864,42402,0.0,0,0,0,2,SUCCESS,14134,axTphhrEQUuBk6laD1FJrg
83,PanduroMan,1724853242436,3,14152,14062,42457,0.0,0,0,0,1,SUCCESS,14152,1Lw2pIOGRKeBoG7Oj5FcqA
84,JPMC-Jaro,1724514752595,3,14153,13929,42461,0.0,0,0,0,1,SUCCESS,14153,cSMUahRoSAixKfbOdXCmQw
85,QiuKj-D,1724517645792,3,14175,13668,42526,0.0,0,0,0,1,SUCCESS,14175,HAlczXboSt2ToqcVv1YRyQ
86,tranvietdung-DBS,1722903601121,3,14176,14067,42528,0.0,0,0,0,21,SUCCESS,14176,3OwVWi6tQDCpBzKpWfHj7Q
87,CJ-Rong,1724528171715,3,14196,13995,42589,0.0,0,0,0,1,SUCCESS,14196,ATBBBuK9RfqmfdceYJOVOw
88,LuoZX-D,1724509022665,3,14197,13865,42592,0.0,0,0,0,1,SUCCESS,14197,_USTJi73T361o1Fd6VyG0Q
89,FcccLccc,1724938071137,3,14197,13865,42592,0.0,0,0,0,1,SUCCESS,14197,l-Yu919hQVWq_Tvocx1KCw
90,Dov-Yarra,1723984969743,3,14198,13938,42595,0.0,0,0,0,1,SUCCESS,14198,-EUyO_KKRES6bS_I0F6sgg
91,Marktt-San,1724645431972,3,14198,13743,42595,0.0,0,0,0,2,SUCCESS,14198,KKX8NMkHSvSHx1ouaKy3Uw
92,PITS-TK,1723298373542,3,14198,13792,42595,0.0,0,0,0,45,SUCCESS,14198,PVc7jVR2RxqbPMpBIhjZ0g
93,CJ-Joe,1724653039241,3,14199,14000,42599,0.0,0,0,0,8,SUCCESS,14199,4BGeuP8uTkyGDj6php7PLA
94,Ultraman-Simon,1723988790205,3,14218,14013,42655,0.0,0,0,0,1,SUCCESS,14218,d3tq4e-uQueaomxq79Vo3w
95,DarkStar,1724059578706,3,14241,14004,42725,0.0,0,0,0,15,SUCCESS,14241,RqPwhBT9R1Oxro8xj4XNmA
96,LYY10899,1724557600134,3,14241,13998,42724,0.0,0,0,0,1,SUCCESS,14241,NCPlirCER9a-BaLF6Gi14g
97,LYC-Jam,1724524179250,3,14241,13933,42725,0.0,0,0,0,1,SUCCESS,14241,fGm2irm5RxKAJMzFZoMm7g
98,ZhanMsi699,1723982723438,3,14242,13868,42727,0.0,0,0,0,1,SUCCESS,14242,vUVyLqVXTA2iW1Ao2qZ9Fg
99,Lovely9899,1724515993786,3,14243,13868,42729,0.0,0,0,0,1,SUCCESS,14243,tW66NInvQb-5oVhp0ng5Iw
100,Jacquelynn,1724939535812,3,14262,14070,42787,0.0,0,0,0,1,SUCCESS,14262,4utj_DQGRuORrYEj_g4iFQ
101,DavidCs,1724584703489,3,14264,13735,42794,0.0,0,0,0,1,SUCCESS,14264,_73uScNqQYihHeT6zDdt0g
102,PTTPY,1724634030670,3,14329,13797,42988,0.0,0,0,0,1,SUCCESS,14329,U-7D3B0wRzSNcKSU4MuTmg
103,Eviden-Surojit2024,1722860230671,3,14353,13994,43061,0.0,0,0,0,21,SUCCESS,14353,J1wwkIv7THCEOtq7arFvXA
104,Eviden-Rob-Rixson,1724945902392,3,14353,13932,43059,0.0,0,0,0,13,SUCCESS,14353,YrXDx-_iShCKFcvX5KDIUw
105,JPMC-Speedy-Gonzales-LATAM,1722867113703,3,14353,13942,43061,0.0,0,0,0,9,SUCCESS,14353,McOa_W8cTW2EErfZhOoKxA
106,JPMC-London-Griffc,1724874106191,3,14416,14136,43248,0.0,0,0,0,50,SUCCESS,14416,S1EcBZeaRjW2s85WNzBBog
107,Lululenmeno,1724765059892,3,14421,13933,43264,0.0,0,0,0,1,SUCCESS,14421,3Fh-F1r9RwenPijqGm7Tgg
108,JPMC-HYD-Optimizers,1724930370727,3,14483,14329,43450,0.0,0,0,0,24,SUCCESS,14483,agIkde1WQJy_lP-RwwHieQ
109,JPMC-HYD-FANTASTIC-FOUR,1724909706429,3,14665,14276,43997,0.0,0,0,0,16,SUCCESS,14665,V0qPcq3FQhyn3gy0ysuUHw
110,AgileDiff#6224,1723888850664,3,14710,14340,44132,0.0,0,0,0,1,SUCCESS,14710,0L8NmRYJR6y-Sl0u8ZBBcA
111,SanJLul,1724601216790,3,14753,14536,44259,0.0,0,0,0,1,SUCCESS,14753,LjXdG5KXTlqisfLrlEhBtg
112,SequentialEngineer#1805,1724507720966,3,14796,14532,44390,0.0,0,0,0,2,SUCCESS,14796,1O3A0yYKQ--NVe2_VPGhbg
113,GenerativeTheory#7587,1723967845109,3,14797,14730,44393,0.0,0,0,0,2,SUCCESS,14797,IPit65P7Skqt645nWojwiw
114,ImmutableFormula#8838,1724507011380,3,14840,14598,44520,0.0,0,0,0,1,SUCCESS,14840,3A-RuvxiSN-x6j8r2hVV9Q
115,QualifiedTag#2306,1723891175758,3,14842,14143,44527,0.0,0,0,0,2,SUCCESS,14842,RC74ZvKiQQqeMkGj8-NcKg
116,JeffreyMonte-sph,1724009097497,3,14863,14003,44591,0.0,0,0,0,23,SUCCESS,14863,GLWDtaYeS2eKxZfMhQ6Xkg
117,kashi,1724948924263,3,14863,14400,44591,0.0,0,0,0,9,SUCCESS,14863,oq7yCLy5QAeEP6k7o53L8A
118,TabletExpression#4723,1724507238574,3,14865,14662,44596,0.0,0,0,0,1,SUCCESS,14865,VIPrCXuxSL-h1TZP2WwaTQ
119,HelpfulParameter#4276,1723888124262,3,14886,14537,44660,0.0,0,0,0,2,SUCCESS,14886,ioeJGVNfR5ap5K9pY7nBTg
120,Navn33t-Singh,1724924464050,3,14907,14467,44723,0.0,0,0,0,30,SUCCESS,14907,RMXf5sdlS-y4EWrenTSTbg
121,ImmutableArchitect#0561,1724507054039,3,14908,14665,44724,0.0,0,0,0,1,SUCCESS,14908,4WWCFFBSQ4mENNkfYaXKtQ
122,IterableNumber#9565,1723984199672,3,14952,14535,44858,0.0,0,0,0,2,SUCCESS,14952,WQ4BH0DaRYC6cyS2OssCDg
123,DraftAnalyst#5920,1723963725319,3,14952,14067,44858,0.0,0,0,0,1,SUCCESS,14952,s2nbAU2OQCO7BNzu4qVLwg
124,DesktopEnvironment#6205,1723888697002,3,14953,14924,44859,0.0,0,0,0,1,SUCCESS,14953,cy8MvMPwRC6V3gndDKDEsg
125,ProvisionalSchema#9159,1723983276077,3,14953,14604,44859,0.0,0,0,0,1,SUCCESS,14953,GxFMAKraQqafaNOVVBA1Cw
126,JPMC-HYD-SmartAccelerators,1724169030658,3,14956,14809,44869,0.0,0,0,0,7,SUCCESS,14956,6jJ_fiuUQb2PZXOGkr3V7g
127,EncryptedMethod#5133,1724508455032,3,14975,14667,44927,0.0,0,0,0,1,SUCCESS,14975,5FR6WncGSJiHILpneFgLnQ
128,MV-THEYA,1724869771171,3,14996,14465,44990,0.0,0,0,0,18,SUCCESS,14996,lEMJa_knTkmYUf8sZq7p8w
129,PrimeMetaclass#1500,1723889061218,3,14997,14664,44993,0.0,0,0,0,1,SUCCESS,14997,QVkkFsPQRZWaO9We5s8sgQ
130,AccessibleSwitch#7151,1723890040648,3,14997,14795,44992,0.0,0,0,0,2,SUCCESS,14997,TwfinkRjT1u641ZG-Q3DHA
131,Project-Zero,1724814613708,3,14998,14800,44995,0.0,0,0,0,14,SUCCESS,14998,YSbI1jRjSbazQENoTf3hBQ
132,AccessibleSchema#4882,1724508090442,3,15019,14331,45057,0.0,0,0,0,1,SUCCESS,15019,dBPf6ZwzSCmZXXFWEi9ozQ
133,FormulaicSlice#9936,1724573923139,3,15042,14736,45128,0.0,0,0,0,1,SUCCESS,15042,r5fKdPqKSgaM_VmC9qa62g
134,MobileValue#5684,1724507183612,3,15042,14998,45128,0.0,0,0,0,1,SUCCESS,15042,004HfhskT6e0XFkcSzzwuA
135,DesktopSchematic#6629,1723968821096,3,15043,14734,45129,0.0,0,0,0,2,SUCCESS,15043,SVUyygCRREawooQWkMeHsg
136,RobotPatch#3389,1724507848941,3,15043,14729,45130,0.0,0,0,0,1,SUCCESS,15043,eNz8ak1xR0ahMQEcW5CNbg
137,CriticalByte#9603,1723967409849,3,15063,14929,45191,0.0,0,0,0,1,SUCCESS,15063,AHTS8hivS3OznhrTEH_7nA
138,ComplicatedArithmetic#3856,1723964497686,3,15085,14864,45256,0.0,0,0,0,1,SUCCESS,15085,Va1yenxoRXa8ghT4467ISA
139,BlockchainBreaker#2346,1724508539182,3,15107,14802,45321,0.0,0,0,0,1,SUCCESS,15107,EtTIamvkRSKA3gcPB3FMTA
140,Kire,1724495897653,3,15108,14929,45324,0.0,0,0,0,35,SUCCESS,15108,N0y9CR6fQN-a4UlAFsTC5Q
141,VVIK,1724815257778,3,15109,14732,45327,0.0,0,0,0,25,SUCCESS,15109,9K4Cz2EiTz2YB5ZrAauVRA
142,EncryptedObject#7667,1723888796270,3,15129,14730,45389,0.0,0,0,0,1,SUCCESS,15129,siycLIGgRruEkFlCYgavFg
143,CurlyComment#8129,1724574090355,3,15153,14864,45459,0.0,0,0,0,1,SUCCESS,15153,pTNL6M-2SsWomsGNatw0Cw
144,TechnicalGrid#5770,1723963483942,3,15153,14728,45459,0.0,0,0,0,1,SUCCESS,15153,xU60Mu7sS5St-QgXYm0teQ
145,PythonRequirements#1015,1723966234332,3,15154,14730,45462,0.0,0,0,0,1,SUCCESS,15154,KknRAj-6T4i_x5MJGS2dmA
146,BackloggedBreaker#7132,1723984710053,3,15175,14800,45527,0.0,0,0,0,2,SUCCESS,15175,A1BQAnu8SJuaHITZmucMUA
147,EncryptedBrackets#5986,1723890258726,3,15175,14668,45527,0.0,0,0,0,3,SUCCESS,15175,punRbeOzRsSImKpvQEzhKQ
148,AtomicCallback#2334,1724573675702,3,15176,14866,45529,0.0,0,0,0,1,SUCCESS,15176,1Hvv3OMpSYq59-KFm9yDGQ
149,RocketOrder#0021,1723887368753,3,15178,14263,45535,0.0,0,0,0,2,SUCCESS,15178,Xbyr0pr6SdiuZ3qjIWfoaw
150,RecursiveAbstraction#6954,1723969160100,3,15196,15000,45589,0.0,0,0,0,1,SUCCESS,15196,3keJ7yxHSLa0butQr3iTdQ
151,Duckworth,1724929518320,3,15201,13398,45605,0.3333333333333333,0,1,1,1,SUCCESS,15201,VIu9BQ4-Th6gUqu60ztwUQ
152,CrypticArgument#6461,1724506924332,3,15218,14995,45655,0.0,0,0,0,2,SUCCESS,15218,wa3N3dh6SweJNSM5T1-ZvA
153,ImportantAbstraction#1314,1723614784448,3,15220,14735,45662,0.0,0,0,0,5,SUCCESS,15220,QlqdPBg3RsWlewthLKhMCw
154,PythonUpdate#0761,1724507751499,3,15221,14670,45664,0.0,0,0,0,1,SUCCESS,15221,J3PtEM82RFSMs4TYYYtsrg
155,IntelligentArchitect#1764,1723005742291,3,15223,14804,45669,0.0,0,0,0,47,SUCCESS,15223,7uPrHQ7sROeWEXcww5RhRA
156,AutomatedExpert#9816,1723891121293,3,15241,15000,45725,0.0,0,0,0,1,SUCCESS,15241,ohKaI6sqS2avbxmGo0F7AQ
157,SecureModel#2821,1723891642758,3,15244,15071,45732,0.0,0,0,0,2,SUCCESS,15244,voaPg-qBQl2NmuAVmDWpHg
158,NeuralAbstraction#7065,1724574044758,3,15263,14939,45791,0.0,0,0,0,1,SUCCESS,15263,ktlNMVS4QEOmgYvXLfiWUw
159,NumericFormula#4720,1723983206805,3,15264,15131,45794,0.0,0,0,0,1,SUCCESS,15264,JX8lwMoER32YdKtblqBSHA
160,MobileAttention#9129,1723966350557,3,15264,14468,45793,0.0,0,0,0,2,SUCCESS,15264,Xt_rqNX3RnyFBFQfCiPj0w
161,ReferenceParameter#3809,1723965698865,3,15286,14936,45860,0.0,0,0,0,1,SUCCESS,15286,Vzo3Ayo7TYOJQizQg3TabA
162,FuturisticArchitect#4598,1724573730549,3,15287,14867,45863,0.0,0,0,0,1,SUCCESS,15287,ulNyh-0IRt-v_a6aHARBBA
163,SecureLanguage#6920,1723969370912,3,15288,14405,45864,0.0,0,0,0,1,SUCCESS,15288,4zCwXnqnQxeMZm3j-bO5Cg
164,GlobalFormula#3012,1724574036890,3,15328,14802,45985,0.0,0,0,0,1,SUCCESS,15328,8fm4sYErRgOOLOkGjMOkRQ
165,NullNetwork#3977,1723888458997,3,15330,14874,45991,0.0,0,0,0,1,SUCCESS,15330,i4SJTHWiQ76xwokjLJMUDg
166,CleanExpert#7195,1724573927585,3,15330,14798,45991,0.0,0,0,0,1,SUCCESS,15330,kw7g7WQyQ6SLugacYqcBBw
167,FungiblePackage#5112,1724507809023,3,15332,15132,45996,0.0,0,0,0,1,SUCCESS,15332,_Q5YPA6fSBe9p86s8B9b3A
168,ProvisionalBottleneck#0772,1724508294708,3,15353,15131,46060,0.0,0,0,0,1,SUCCESS,15353,Rtsap9CqT5aSQNztHmRwJQ
169,LeetWorkaround#2039,1724507294542,3,15354,14932,46062,0.0,0,0,0,1,SUCCESS,15354,41gW_JzmT36s4RWmNuoxAA
170,BLR-DR-91,1724955396851,3,15374,14935,46124,0.0,0,0,0,5,SUCCESS,15374,VcKul3r3Qy6XH_RU7vy5bQ
171,SquareExpert#1437,1724584768403,3,15375,15138,46127,0.0,0,0,0,1,SUCCESS,15375,lHtXsRvsT7WiK_IjUOua2A
172,Guga,1724068564954,3,15376,14934,46128,0.0,0,0,0,14,SUCCESS,15376,617e83d68c1240be8b9abw
173,ReferenceObject#3758,1724506885597,3,15396,15330,46190,0.0,0,0,0,1,SUCCESS,15396,ZfNmjXMWSoOUINSz4H4Vsg
174,EncryptedSandbox#4625,1724507383726,3,15463,15068,46391,0.0,0,0,0,1,SUCCESS,15463,zC5-O25nRZ-YQqKeW29EfQ
175,MachineZone#6305,1723891327751,3,15507,14986,46522,0.0,0,0,0,1,SUCCESS,15507,tLRHYBO2T-KjOaewNEOYGA
176,Rads1212,1724875446401,3,15507,15197,46522,0.0,0,0,0,22,SUCCESS,15507,3keqP30TQMS6jO8SRw_1uw
177,CyberneticUpdate#6010,1723963983655,3,15532,15001,46596,0.0,0,0,0,1,SUCCESS,15532,py6NamLxTlasgm2P0oOtjA
178,DigitalServer#2226,1723964994449,3,15552,15134,46658,0.0,0,0,0,1,SUCCESS,15552,8sTDPTbKSXOa6BE3m1BmJw
179,harinezumi-DNPds,1724118245183,3,15576,15073,46729,0.0,0,0,0,21,SUCCESS,15576,6hha6WtBQLCivJX9auQn6A
180,DJ-Mark,1724666474501,3,15598,13599,46794,0.3333333333333333,0,1,1,1,SUCCESS,15598,hrm12IZWQ4qzTjH9R5Dy1w
181,PrototypeSystem#5849,1724508394454,3,15599,15469,46797,0.0,0,0,0,1,SUCCESS,15599,yl9hYe_6TlGT8Uk6X0D5pg
182,makit,1724401025165,3,15665,15133,46995,0.0,0,0,0,8,SUCCESS,15665,FQ4kxx42Rn-ywzWMVEad0A
183,CrypticParameter#8442,1723984256705,3,15686,15195,47060,0.0,0,0,0,1,SUCCESS,15686,0V8A6iddSvOzqap_lr9FTA
184,UnicodeDocumentation#2183,1723995936443,3,15751,14602,47255,0.0,0,0,0,1,SUCCESS,15751,dUQ_iRnSTLG1ejbGZjIh7g
185,DJ-Jecica,1724666667528,3,15866,13595,47600,0.3333333333333333,0,1,1,1,SUCCESS,15866,qEEALJ1HSkKlfXQICwVojQ
186,Ric-Mtl,1723160543291,3,15883,15668,47651,0.0,0,0,0,13,SUCCESS,15883,R5muw8HbTAmpfHCNU9rVpw
187,sharmaK10,1723539296482,3,16086,15455,48259,0.0,0,0,0,14,SUCCESS,16086,WGO4Cj8lSpCrYTMdr3MPsg
188,JPMC-Delaware-NightFury,1724683482879,3,16153,16064,48461,0.0,0,0,0,41,SUCCESS,16153,wy53ZYAOTBeVC6RrlU2gzg
189,LeadingRace,1724937879584,3,16221,13869,48663,0.3333333333333333,0,1,1,1,SUCCESS,16221,vlFzmnIrSdmVPIfEQmZwxA
190,BoltronRacingTeam,1724424400979,3,16242,15863,48728,0.0,0,0,0,7,SUCCESS,16242,Lkrg6gQPQ5qwn61K16MHhg
191,JPM-MUM-008,1724378498620,3,16263,14330,48791,0.3333333333333333,0,1,1,5,SUCCESS,16263,eyM5c5hRSrSBVBnujg6OJA
192,Ansh7,1723265851980,3,16332,14194,48996,0.3333333333333333,0,1,1,12,SUCCESS,16332,JCwxucKeRWO_Eij9nr98UQ
193,JPMC-Leo-BuenosAires,1724763885253,3,16354,15867,49063,0.0,0,0,0,6,SUCCESS,16354,em6_g8XoRJCdnEEY-COhEg
194,PMigkie,1724938281840,3,16399,14071,49197,0.3333333333333333,0,1,1,1,SUCCESS,16399,eqEBhu71TAac-wMwgNP7Xw
195,GlobalModel#3440,1723387779032,3,16530,16138,49592,0.0,0,0,0,2,SUCCESS,16530,pUhrqUkZQyegGaRbKyXHfQ
196,FormulaicSwitch#1263,1723389965001,3,16619,15933,49859,0.0,0,0,0,2,SUCCESS,16619,RHkB0IuAQByQ0IZHrSZilw
197,NullCharacter#4606,1723389919239,3,16641,16331,49924,0.0,0,0,0,2,SUCCESS,16641,RQPafGn6Qkq4YLk6rYEOug
198,AutomatedServer#1648,1723890784292,3,16676,15125,50029,0.3333333333333333,0,1,1,1,SUCCESS,16676,ehHvL1nXTySaK12lEMIEaQ
199,InteractiveError#2670,1723891273848,3,16710,15060,50132,0.3333333333333333,0,1,1,2,SUCCESS,16710,g6wsA4pKR6adbjEXU63ijQ
200,Seab,1722614103126,3,16753,16462,50260,0.0,0,0,0,8,SUCCESS,16753,mjD1OGTXQfKTXMPWVq29rg
201,SquareObject#7657,1724506992809,3,16754,14871,50262,0.3333333333333333,0,1,1,1,SUCCESS,16754,4zzjn6vnT5GhHeqdVevt7A
202,UnicodeSemicolon#5521,1723134807181,3,16754,16463,50264,0.0,0,0,0,5,SUCCESS,16754,w1YFCshcQqiq5j4x5mcrmg
203,PassingArchitect#9335,1724425503939,3,16756,16410,50268,0.0,0,0,0,15,SUCCESS,16756,kngpT3xoT32HoCKE2kRCrA
204,UrgentPointer#0851,1724507926621,3,16774,15125,50323,0.3333333333333333,0,1,1,1,SUCCESS,16774,zea33QOMS6G4Os6oqql0hw
205,RecursiveTester#9358,1723984142907,3,16777,14735,50333,0.3333333333333333,0,1,1,1,SUCCESS,16777,deJSEh4ETxuwWhVxY0mVqw
206,CrypticFix#6546,1724506805961,3,16797,14932,50391,0.3333333333333333,0,1,1,2,SUCCESS,16797,8DxL5oueSHmHRJ_RSsKoog
207,Echo1911,1724833167544,3,16820,14668,50461,0.3333333333333333,0,1,1,3,SUCCESS,16820,4WgpazINRpS1KD3yKMjkrA
208,ImportantLanguage#2598,1723890949362,3,16820,14868,50460,0.3333333333333333,0,1,1,1,SUCCESS,16820,VZNAivCdT3a_d77lH_09PQ
209,InfiniteCoder#4264,1723889766594,3,16841,15195,50525,0.3333333333333333,0,1,1,1,SUCCESS,16841,gGGev2t7RHGRGcv55_A2NA
210,AsynchronousLog#5177,1724507627971,3,16862,14736,50588,0.3333333333333333,0,1,1,1,SUCCESS,16862,We7ssN69QXCmzbrVPmUA0Q
211,MiLKB,1724840577273,3,16865,16530,50596,0.0,0,0,0,19,SUCCESS,16865,8KL8u0H3RIWxgP14x_RC6w
212,PassingBrackets#2134,1723890201134,3,16886,14866,50658,0.3333333333333333,0,1,1,1,SUCCESS,16886,b18z7VHqT-esAuWVUDWDmg
213,AtomicString#4631,1723890895695,3,16891,14734,50674,0.3333333333333333,0,1,1,1,SUCCESS,16891,q9T0v5xOR7OuL_rGrxfkgQ
214,UrgentSlice#8285,1723968735214,3,16910,14801,50730,0.3333333333333333,0,1,1,2,SUCCESS,16910,qCwLBFTMQmqDYRYcEOMrBg
215,SequentialArray#6103,1724584774289,3,16926,14665,50780,0.3333333333333333,0,1,1,1,SUCCESS,16926,DTmEfOi9ThGmrVmpLJwweQ
216,MechanicalTag#4918,1723890335780,3,16929,14600,50788,0.3333333333333333,0,1,1,1,SUCCESS,16929,7xRUPjyHTIWbrYAqlJJYCA
217,Zero-dayDeadline#6344,1724507744326,3,16932,15005,50798,0.3333333333333333,0,1,1,1,SUCCESS,16932,UjyjkAGiTzOwOg0e4lwIIw
218,FunctionalNamespace#7287,1723889821202,3,16952,14600,50858,0.3333333333333333,0,1,1,1,SUCCESS,16952,yZrnLYxgTdip6tUu_BSyjw
219,SolvableBraces#1299,1723963536927,3,16952,15124,50858,0.3333333333333333,0,1,1,1,SUCCESS,16952,-B4zVzi4QyuZX0WV3fu1nA
220,FormulaicLambda#8954,1724507932815,3,16952,15063,50857,0.3333333333333333,0,1,1,1,SUCCESS,16952,AJlW977WSHKuFxUyNV_V4g
221,AJM-Model-1,1724635962078,3,16953,14402,50860,0.3333333333333333,0,1,1,3,SUCCESS,16953,gdsU9bkGRWW7LTEHP4rGgQ
222,BooleanGlyph#2484,1723888044694,3,16954,14805,50862,0.3333333333333333,0,1,1,2,SUCCESS,16954,NdGdVLZ5StOkEffBjg8Owg
223,VirtualBottleneck#5862,1724573748616,3,16957,14668,50872,0.3333333333333333,0,1,1,1,SUCCESS,16957,b-C7Ww2TT7a0nCMQ_KLvLQ
224,QualityExpression#4006,1723889366605,3,16958,14604,50876,0.3333333333333333,0,1,1,1,SUCCESS,16958,Wyyivl5cS-W2FLLgZZWeUw
225,NumericNotation#0866,1724507957986,3,16973,14797,50920,0.3333333333333333,0,1,1,1,SUCCESS,16973,UqsB5aVyTFm_SdMsogPQ-A
226,LeetFix#7240,1723983621661,3,16973,15133,50920,0.3333333333333333,0,1,1,1,SUCCESS,16973,gkRpv54iSSGHVoZ8ydde-g
227,SolvableNotation#3583,1723887137083,3,16976,14864,50928,0.3333333333333333,0,1,1,2,SUCCESS,16976,cufuPieDR26XRl7VwxN8nA
228,LeetLog#5050,1723889420619,3,16995,15271,50987,0.3333333333333333,0,1,1,1,SUCCESS,16995,wcVvFwlhT-Oif1AsSEViIw
229,pablo-ezequiel-inchausti,1724469792380,3,16996,16535,50990,0.0,0,0,0,2,SUCCESS,16996,S5tsQuiDTZaSYiUn5Pd9gg
230,AgileDataset#3464,1723889256771,3,17040,14864,51120,0.3333333333333333,0,1,1,1,SUCCESS,17040,EfdizH22RHiYHyflHuVDDg
231,RobotSequence#0965,1724584767801,3,17043,14802,51129,0.3333333333333333,0,1,1,1,SUCCESS,17043,q_bwcDRPQYeZJ9ws7zOqAw
232,CleanCircuit#9016,1723891062362,3,17055,14548,51167,0.3333333333333333,0,1,1,1,SUCCESS,17055,3rpiTUeLRoCbUhOliwUodg
233,AsynchronousScope#1644,1724573792068,3,17064,15259,51193,0.3333333333333333,0,1,1,1,SUCCESS,17064,JtNZGgNcSbi6PfRJkk1BTg
234,SquareLoop#6430,1724508344637,3,17065,14867,51195,0.3333333333333333,0,1,1,1,SUCCESS,17065,e9QQoGdaTVSsrCVVlEuppA
235,BrainyCharacter#3394,1724573868346,3,17083,15122,51251,0.3333333333333333,0,1,1,1,SUCCESS,17083,4-HpRZaZR7GOcUdeM15OSw
236,CleanPointer#3153,1723983933002,3,17084,15399,51253,0.3333333333333333,0,1,1,1,SUCCESS,17084,F9WRceylRkC11dC_Vly4Vg
237,FungibleClass#6899,1723889608590,3,17086,15198,51258,0.3333333333333333,0,1,1,1,SUCCESS,17086,h_J-FH0WRbG5l-MKrv6JFw
238,Zero-dayLog#4124,1723968239927,3,17087,14799,51261,0.3333333333333333,0,1,1,2,SUCCESS,17087,dM4dAVTrQ9Gln9ZtCSMCVA
239,PythonRequirements#8878,1723967461001,3,17087,15199,51261,0.3333333333333333,0,1,1,1,SUCCESS,17087,CK_xXEA1RTSIsfgt49Y9xQ
240,ProgrammingSchematic#9584,1724574087523,3,17107,14460,51321,0.3333333333333333,0,1,1,1,SUCCESS,17107,uH-iTX9NR3SxFE8NkZiuFA
241,ASCIIEngineer#5551,1723995759814,3,17109,14532,51329,0.3333333333333333,0,1,1,1,SUCCESS,17109,vLoLJ0M7Sb6nd8uzmltxDQ
242,Jianlong,1722561582416,3,17130,16868,51392,0.0,0,0,0,13,SUCCESS,17130,vpsHYdBtSIq__1M9j1R21Q
243,IterativeClass#8891,1723984047251,3,17131,14997,51393,0.3333333333333333,0,1,1,1,SUCCESS,17131,h3E81cyfR-6ig-XTEX3rOw
244,EncryptedMetaclass#1810,1724507470021,3,17132,15192,51396,0.3333333333333333,0,1,1,1,SUCCESS,17132,jvBXek_8RbqPNeeE8TwxWg
245,7th-MiddleVillage,1724772718548,3,17152,16739,51458,0.0,0,0,0,39,SUCCESS,17152,kCOufMbmQhywHFtX2ceTyA
246,HashableDiff#4018,1724507785568,3,17152,14928,51458,0.3333333333333333,0,1,1,1,SUCCESS,17152,4iI_MMM_RG2WoT28Kv8SHQ
247,PrimeUpgrade#8537,1724508990703,3,17153,15525,51459,0.3333333333333333,0,1,1,1,SUCCESS,17153,-ud-gvvmRGCAdRtKQGJz2A
248,IterableDeadline#2993,1723969319390,3,17154,14734,51462,0.3333333333333333,0,1,1,1,SUCCESS,17154,6ydoCBZMR0CPSFOt61XraQ
249,CurlyResource#7559,1724573844653,3,17154,14666,51463,0.3333333333333333,0,1,1,2,SUCCESS,17154,ZduocadET16dHOAn1TGOxg
250,PassingDigit#4240,1723890836473,3,17159,14538,51478,0.3333333333333333,0,1,1,1,SUCCESS,17159,n6kWj4keQMWtaLKH7nxt0A
251,UpgradedShell#1980,1724507148380,3,17175,15131,51526,0.3333333333333333,0,1,1,1,SUCCESS,17175,-gUpcMRYT2OhzS1PzitznA
252,FiniteDeadline#8348,1724573981159,3,17197,15004,51593,0.3333333333333333,0,1,1,1,SUCCESS,17197,h9u1aP95Qq66PsCZ2x7zbQ
253,ImportantSequence#9548,1723969216619,3,17198,14868,51594,0.3333333333333333,0,1,1,1,SUCCESS,17198,dzR2Wz-6SUOkNJxAR5iyng
254,RobotValue#4405,1723996020648,3,17198,14798,51596,0.3333333333333333,0,1,1,1,SUCCESS,17198,GdZjjRrPTCKctHYsk7m4AQ
255,PassingFunction#2023,1724507546703,3,17199,15394,51599,0.3333333333333333,0,1,1,1,SUCCESS,17199,oeo9Ei8-Rx-THt1YrKMGNg
256,MechanicalBraces#3528,1724508148719,3,17218,14990,51656,0.3333333333333333,0,1,1,1,SUCCESS,17218,Po3C_k6UTeuu3VcqGXjbGg
257,FormulaicObject#3861,1723968482246,3,17219,14933,51659,0.3333333333333333,0,1,1,1,SUCCESS,17219,YKsAvQfeQZakz99mO39CBg
258,AutomatedDataset#4126,1724507420826,3,17220,14937,51661,0.3333333333333333,0,1,1,1,SUCCESS,17220,yYTRYPZ7RFSHMZP_A6isXA
259,BetaCircuit#6269,1723967572492,3,17242,14868,51728,0.3333333333333333,0,1,1,1,SUCCESS,17242,tWKBwOAhR7OQR0n9rlDbvw
260,InfiniteNumber#9262,1724507053773,3,17243,15392,51731,0.3333333333333333,0,1,1,1,SUCCESS,17243,3ikM7VbgRY-wodsGtCRJVA
261,HashableUpdate#0060,1724507866798,3,17244,15133,51732,0.3333333333333333,0,1,1,1,SUCCESS,17244,maharBmYQeu0vHY0JMU7_Q
262,FungibleTest#3055,1723889202345,3,17263,15131,51790,0.3333333333333333,0,1,1,1,SUCCESS,17263,2KSZ5r9tStakokxj7xnqPA
263,VirtualBraces#1597,1724574032603,3,17266,15269,51798,0.3333333333333333,0,1,1,1,SUCCESS,17266,Py2H9-bFQf-Sg-kEVMUOGA
264,CyberneticSandbox#3875,1723891545989,3,17267,15322,51803,0.3333333333333333,0,1,1,1,SUCCESS,17267,FhdKFv-PRNuMrdWz8J9p7Q
265,RobotNotation#6335,1724507568566,3,17286,14937,51860,0.3333333333333333,0,1,1,1,SUCCESS,17286,BfsD_OGmTHWbAIl7tFlDRA
266,QualityNumber#2296,1724508912891,3,17292,15127,51876,0.3333333333333333,0,1,1,1,SUCCESS,17292,i5KDwYOOT66FAd2XLkS90w
267,FiniteLambda#0926,1723965086808,3,17309,14670,51927,0.3333333333333333,0,1,1,1,SUCCESS,17309,mPutDCVMQumvAlRduVbL1w
268,RecursiveMachine#1519,1724508660763,3,17310,14998,51932,0.3333333333333333,0,1,1,1,SUCCESS,17310,AKphQrMkT2edSlcP47LZRQ
269,CrypticTable#7807,1723890093072,3,17329,14931,51989,0.3333333333333333,0,1,1,1,SUCCESS,17329,I_rEuXLtTEucbVPU4Y-sYQ
270,QuickDebugger#5138,1724506972985,3,17354,14800,52063,0.3333333333333333,0,1,1,1,SUCCESS,17354,bKa-6GojQ8m6syzTcL4l7Q
271,QuickEngineer#4128,1724508288172,3,17354,14928,52064,0.3333333333333333,0,1,1,1,SUCCESS,17354,pOjOIhSPTGi5OhFG_Uzy8g
272,UnboundSchema#5566,1724507411738,3,17355,15326,52067,0.3333333333333333,0,1,1,1,SUCCESS,17355,4JbEfSy9TOuMM56BHg_dHg
273,CriticalExpression#7670,1724508699789,3,17375,14932,52125,0.3333333333333333,0,1,1,1,SUCCESS,17375,uNDLozoBS2qeRmJTrcswvg
274,FiniteNotation#2180,1723971830156,3,17380,15203,52141,0.3333333333333333,0,1,1,1,SUCCESS,17380,J4Q87FqfSrqx_lcViNYSJw
275,BackloggedDocumentation#5213,1724508959253,3,17398,15125,52196,0.3333333333333333,0,1,1,1,SUCCESS,17398,3EVaGk-1TbGJaSzXVW3x3w
276,Yuliya,1723274584657,3,17442,17130,52327,0.0,0,0,0,28,SUCCESS,17442,JWJgkv8bSKeMIGYZ9roR-A
277,ArtificialZone#5597,1724507511044,3,17465,15601,52396,0.3333333333333333,0,1,1,1,SUCCESS,17465,Wy3blelGT92aVCP5E63i8Q
278,DraftArgument#8976,1723889875877,3,17468,15196,52405,0.3333333333333333,0,1,1,1,SUCCESS,17468,yoQbPdW5Th-8zPTJcysZ2Q
279,StructuredDescriptor#9183,1724573925441,3,17552,15201,52658,0.3333333333333333,0,1,1,1,SUCCESS,17552,B26Tu9X5QmiaorqzXT2-ew
280,UpdatedDataset#7418,1723969268265,3,17553,15670,52660,0.3333333333333333,0,1,1,1,SUCCESS,17553,135kEl2xSBu45BWoiFXYFA
281,TimJWhite,1722585762996,3,17555,17196,52665,0.0,0,0,0,12,SUCCESS,17555,3dDHylmQSi-Rzd9uUamhlQ
282,HimaChand#78,1723013192806,3,17619,17069,52857,0.0,0,0,0,48,SUCCESS,17619,KWPBROM4QeuQvuJCrvuJUQ
283,RocketPoint#3519,1724507611556,3,17642,15317,52926,0.3333333333333333,0,1,1,1,SUCCESS,17642,v8zU71ASQJq_RWkgvHg86A
284,ProgrammingValue#5487,1723890672883,3,17662,15463,52988,0.3333333333333333,0,1,1,1,SUCCESS,17662,NUlkH6d9TB-94vdhWogIqA
285,LoopingDiff#2299,1724507253865,3,17730,15473,53192,0.3333333333333333,0,1,1,1,SUCCESS,17730,TPcMtaFuTKipx-zjZRGSDw
286,JPMC-MUMBAI-012,1724269325276,3,17776,17269,53328,0.0,0,0,0,6,SUCCESS,17776,atxS3LDBSyKFLQLUxhvOUA
287,PITS-Kura,1722987807833,3,17840,17404,53520,0.0,0,0,0,11,SUCCESS,17840,0KlPowM7Rsm-6depdUzXOg
288,KingoftheTrack,1724837569442,3,17885,17267,53656,0.0,0,0,0,29,SUCCESS,17885,ACg6IYaIQNi--irQmpdiHg
289,ryu,1724648919404,3,17931,17340,53793,0.0,0,0,0,20,SUCCESS,17931,VJ3BbvBVTJul_5HJYllepg
290,acoela-DNPds,1723079979930,3,17951,17453,53855,0.0,0,0,0,7,SUCCESS,17951,0lZyn5CUSVK9Llk2oSaS3w
291,JPMC-MarioX-HongKong,1723729107912,3,18085,17198,54257,0.0,0,0,0,3,SUCCESS,18085,3Qh1RgKkQ3WjNkMmCZy4yQ
292,Lienoli-JenBaeBae,1723867597232,3,18197,17869,54592,0.0,0,0,0,50,SUCCESS,18197,Zv1QSDGTRaiSIIktvkhhoA
293,DigitalCircuit#2551,1724573812026,3,18618,15787,55855,0.6666666666666666,0,2,2,1,SUCCESS,18618,JmvgQo_7SGWIIc47b5afWA
294,InfiniteBottleneck#8622,1723983823566,3,18667,15058,56001,0.6666666666666666,0,2,2,1,SUCCESS,18667,ZbfFi3jBR-62ufniXIBI7w
295,Dexxtz,1722471611272,3,18753,18532,56259,0.0,0,0,0,10,SUCCESS,18753,tabxmSFdSiuDVkEWW34mTA
296,DigitalExpert#6982,1724508599949,3,18797,14933,56391,0.6666666666666666,0,2,2,1,SUCCESS,18797,_W_AB0N6QIGmkcmxNr3P7g
297,AsynchronousCircuit#7353,1723983702113,3,18805,14532,56416,0.6666666666666666,0,2,2,1,SUCCESS,18805,wVQKEGFLSAax6wZMyh4Oxw
298,GammaBottleneck#6819,1723964114844,3,18818,15458,56455,0.6666666666666666,0,2,2,1,SUCCESS,18818,CzNSXY3NQJCXf2rWDicHGw
299,ProvisionalArithmetic#0437,1724579904991,3,18819,14933,56457,0.6666666666666666,0,2,2,1,SUCCESS,18819,Tdth_jgiQ4KQVNyekG5h_g
300,CloudArmee-Chuck,1722626552645,3,18820,18663,56462,0.0,0,0,0,9,SUCCESS,18820,Aozo2oixSJysh5iSzSBcpg
301,SquareByte#0387,1724507689443,3,18863,15001,56590,0.6666666666666666,0,2,2,1,SUCCESS,18863,4x4SZSugTZO7WN686jiK5w
302,RobotInterface#5544,1724507446456,3,18888,14939,56665,0.6666666666666666,0,2,2,1,SUCCESS,18888,L-CL55ozSmujZMwzuqDCcg
303,LeetArchitect#0278,1724507488101,3,18908,15004,56725,0.6666666666666666,0,2,2,1,SUCCESS,18908,-Liqr_JhQcSUzuy_efey9w
304,MemoryArithmetic#2453,1723889711825,3,18911,15001,56733,0.6666666666666666,0,2,2,1,SUCCESS,18911,_-d-1nwpTbqlujofYOYEKw
305,TimRacing,1724813180127,3,18951,18600,56855,0.0,0,0,0,11,SUCCESS,18951,LQknvS-FROKhqiv9wgrCfg
306,GlobalPresentation#3491,1723983993372,3,18954,14666,56864,0.6666666666666666,0,2,2,1,SUCCESS,18954,P4cdy_YoSJadpAVZVwm1Lg
307,RecklessEndagerment,1724311258374,3,18976,18335,56930,0.0,0,0,0,50,SUCCESS,18976,HjS2YH5eQbeZs8X_5Kc1JA
308,BooleanDeadline#6968,1723889929972,3,19000,15143,57002,0.6666666666666666,0,2,2,1,SUCCESS,19000,32sm6rJtTjKTzT8WzqGzgA
309,DeepGrid#7733,1723890147190,3,19065,14995,57195,0.6666666666666666,0,2,2,1,SUCCESS,19065,eT6pU-UKQGq58LTSak1BHg
310,Alind,1722894748192,3,19086,16923,57258,0.3333333333333333,0,1,1,9,SUCCESS,19086,WQ9eQJteSeiuzRYlPqqljQ
311,LeetValue#4597,1723983755889,3,19107,14922,57322,0.6666666666666666,0,2,2,1,SUCCESS,19107,2c8bCjxuTRaWsRdQU8NYIg
312,ProcessingAbstraction#7181,1724506865763,3,19107,14864,57322,0.6666666666666666,0,2,2,1,SUCCESS,19107,kP6MLfPoTAm1cp-FO8W3DA
313,NeuralSequence#2360,1724573978684,3,19110,14337,57330,0.6666666666666666,0,2,2,1,SUCCESS,19110,8IN7BRVNT26hARPaoCLxkg
314,QualityObject#7656,1724508001465,3,19132,15391,57396,0.6666666666666666,0,2,2,1,SUCCESS,19132,-d_2kIL9RwmWaa-zcPd_OA
315,ProcessingEnvironment#4883,1724507359961,3,19174,15068,57523,0.6666666666666666,0,2,2,1,SUCCESS,19174,z9GQHOdAQC2Wpr6TNvbUAg
316,don-chan-DNP,1724965675342,3,19177,19003,57532,0.0,0,0,0,17,SUCCESS,19177,0ziK21IUS3uClDGVSKbhIA
317,StanCode-TeamBest,1722618597486,3,19197,17133,57591,0.3333333333333333,0,1,1,3,SUCCESS,19197,7qJcRpRSTGmam2s8NrErHg
318,FabioMaxV,1722873059116,3,19200,18602,57602,0.0,0,0,0,7,SUCCESS,19200,fkCXzcxUQAu40C7Qxc3EzA
319,EncryptedSchema#2914,1723889311251,3,19241,15335,57723,0.6666666666666666,0,2,2,1,SUCCESS,19241,ijEKIVwKRCe1aj4mUp63Xw
320,ProvisionalNumber#8343,1723969422058,3,19243,14870,57729,0.6666666666666666,0,2,2,1,SUCCESS,19243,gyyAhw_fTaKLJg9N3KDJRQ
321,JPMC-Gla-CloudRacers,1722957270909,3,19269,16659,57807,0.3333333333333333,0,1,1,3,SUCCESS,19269,c134eede4abe4ba2bec68w
322,FiniteBreaker#4612,1723891382265,3,19285,15190,57855,0.6666666666666666,0,2,2,1,SUCCESS,19285,QW_r183mRuuBfwdAV3T1dw
323,PythonServer#5669,1724578389642,3,19332,15138,57997,0.6666666666666666,0,2,2,1,SUCCESS,19332,0X7DkCANS12lwQx-FXooGQ
324,ProgrammingError#5452,1724506735123,3,19353,15069,58060,0.6666666666666666,0,2,2,1,SUCCESS,19353,D5XKPbRhTSy9ZscJ3MI4PQ
325,rapirapi-BIP,1722816308600,3,19377,16664,58131,0.6666666666666666,0,2,2,1,SUCCESS,19377,qsYR-A-0S2OHA1cvbeFfSg
326,MobileSequence#6435,1723472707340,3,19551,19130,58655,0.0,0,0,0,11,SUCCESS,19551,uzXP6T4DSUy-TlhrhAFUHQ
327,UpdatedPatch#7696,1724508164237,3,19578,15595,58736,0.6666666666666666,0,2,2,1,SUCCESS,19578,Fci-BU7HSa243rdxMvDfDQ
328,CZ1-CapeKaos,1724762115316,3,19643,19330,58931,0.0,0,0,0,42,SUCCESS,19643,jZ6bzgY2R76ODc1I_5Mpzw
329,NestedNotation#7163,1723966295685,3,19644,15790,58934,0.6666666666666666,0,2,2,1,SUCCESS,19644,2DRh0ocqRX2tKX13SnouEg
330,FiniteLambda#6409,1723966531084,3,19688,15465,59064,0.6666666666666666,0,2,2,1,SUCCESS,19688,mgVyZwo8QhGBfr4n6oARTQ
331,ParametricTester#3118,1723889006688,3,19706,14933,59120,0.6666666666666666,0,2,2,1,SUCCESS,19706,11HJKG4pQSS74PS9WwM3BQ
332,JPMC-HYD-10,1724730762843,3,19709,18734,59127,0.0,0,0,0,13,SUCCESS,19709,sty1wzZ2QtyiGgFt1Lt_Qg
333,Ford-Racing,1724431709072,3,19730,18268,59191,0.0,0,0,0,12,SUCCESS,19730,vSBGQ3DNSX-d5kFRKcOrVw
334,TPC-Tech,1722543436714,3,19730,15998,59190,0.6666666666666666,0,2,2,1,SUCCESS,19730,iEfWhIPLS865MMzpmLNdqQ
335,SREEEEE#4518,1724496944671,3,19753,19335,59261,0.0,0,0,0,42,SUCCESS,19753,a5N-TIQ-QA6rb9x2lHW2CA
336,Badgercaim,1722713184006,3,19775,19529,59327,0.0,0,0,0,32,SUCCESS,19775,8Kb4MsxhS-SIZiV6wGQiZg
337,Dhruv13,1724930938466,3,19775,17733,59327,0.3333333333333333,0,1,1,2,SUCCESS,19775,-ovSWbb9QJ6tLmCaBnFluw
338,Groovy-DNPds,1724469642280,3,19798,17466,59396,0.3333333333333333,0,1,1,9,SUCCESS,19798,a4fb0e167d0e4112942c1Q
339,NitinYadav,1724965403447,3,19820,19464,59461,0.0,0,0,0,6,SUCCESS,19820,M8SuQIQwQCancsyxfjAx5g
340,JPMC-MUMBAI-009,1724234676362,3,19841,15802,59523,0.6666666666666666,0,2,2,4,SUCCESS,19841,RK5IYvQeTW2vGQ6hLR0J1A
341,JPMC-MUMBAI-005,1724413900742,3,19841,19203,59524,0.0,0,0,0,6,SUCCESS,19841,wsym9JMCT7uKuhqeBcuXsw
342,Generation-x,1724477895537,3,19906,19392,59718,0.0,0,0,0,32,SUCCESS,19906,TL-7xPCzQLmj4KbuFRVAiQ
343,Galaxy-Destroyer,1724351720049,3,19907,19721,59721,0.0,0,0,0,20,SUCCESS,19907,R5dbzb_dTHeWKz89XJfXSQ
344,Origami,1722928056579,3,19930,19267,59790,0.0,0,0,0,50,SUCCESS,19930,xOcXWdU4QdeaSGZy6VYZjQ
345,BroCcoLLie-DNP,1724437636738,3,19953,19465,59859,0.0,0,0,0,8,SUCCESS,19953,BU_FxPDVTVK4r2AxbPBuPA
346,GoodEveningWeAreFromUkraine,1722625715490,3,19974,18264,59923,0.3333333333333333,0,1,1,15,SUCCESS,19974,oX4dpYxLTFG2UU6NprA-7g
347,Cinderpelt,1722732153610,3,19975,19259,59926,0.0,0,0,0,4,SUCCESS,19975,1UgtHyGoRa-lnh8JgVEtuw
348,Minami,1722562101056,3,19996,19734,59988,0.0,0,0,0,4,SUCCESS,19996,lVwyaayLRzCAbFmqCUW9Rg
349,DesktopGlyph#7992,1724851610391,3,20020,19859,60060,0.0,0,0,0,14,SUCCESS,20020,9GeQ28ZOTnq4XArEFkJ4fQ
350,JPMC-Columbus-009,1724292359648,3,20085,18264,60256,0.3333333333333333,0,1,1,23,SUCCESS,20085,Iaa4wynzRHu0xnytRKVqCA
351,HashableSchematic#4324,1724825915384,3,20110,19997,60330,0.0,0,0,0,10,SUCCESS,20110,24Ts1OWtRlG4fJYRk2gG8w
352,PITS-fuji,1722576623229,3,20241,19869,60724,0.0,0,0,0,4,SUCCESS,20241,4EUY_lqeRwWurkDRKtpL8w
353,CZ1-Tekai,1724404048467,3,20309,19927,60928,0.0,0,0,0,12,SUCCESS,20309,wpjlmAUKR5ODe_gFEopSkg
354,JPMC-DFW-DeepRacer6,1723582396123,3,20373,19932,61120,0.0,0,0,0,24,SUCCESS,20373,RYbJ8xJQTVSZf8g7qeEOnQ
355,EmmaGuo,1724904370455,3,20400,20133,61200,0.0,0,0,0,4,SUCCESS,20400,-STTQzx1SgG2l7aTxUH94g
356,LZGYM,1724198776876,3,20418,19801,61256,0.0,0,0,0,4,SUCCESS,20418,v8hYNq6DRAGu0mTjTXUyfg
357,Zippitydo-data,1723542976479,3,20442,19733,61328,0.0,0,0,0,16,SUCCESS,20442,gSgHFy9WRhCfES9TO3-A6Q
358,JPMC-StreetRacer-Glasgow,1723283885026,3,20486,19602,61458,0.0,0,0,0,13,SUCCESS,20486,ynYx7eneQJi8IkcbiR0Szg
359,ImmutableMethod#8906,1724562121418,3,20486,20135,61459,0.0,0,0,0,19,SUCCESS,20486,pn8F3dR9SCCJubmvoq2New
360,McQueen#95-Shovidhyan-Devaraj,1724805759258,3,20509,20191,61528,0.0,0,0,0,42,SUCCESS,20509,-nZahGAAQTaXrk0ESaajaA
361,Im-AI,1724938183555,3,20530,20257,61591,0.0,0,0,0,19,SUCCESS,20530,o3c-48v2QXiIOUudONGmfA
362,Nexgenracers234,1724219284289,3,20596,20403,61789,0.0,0,0,0,17,SUCCESS,20596,kP04hJUOTDi27FlG28tVDQ
363,FabRacer,1722510900476,3,20601,20263,61803,0.0,0,0,0,13,SUCCESS,20601,YXjU-6WZTe65g7_YyZPJrA
364,GenerativeEnvironment#3654,1724853739368,3,20643,20464,61931,0.0,0,0,0,23,SUCCESS,20643,wLNijw2iQHyiiCRqlMyAGg
365,VenusMM,1724775257507,3,20685,20592,62055,0.0,0,0,0,20,SUCCESS,20685,u_JUmum5Q0mfhRy1MtE8cw
366,mame-BIP,1724383449558,3,20707,20398,62123,0.0,0,0,0,10,SUCCESS,20707,OFLMZkLLR_Kh3tjK02Kq_w
367,BrainyLanguage#3415,1723890618879,3,20729,15255,62188,1.0,0,3,3,1,SUCCESS,20729,9yTrnTnwQq6_2cFR1mAtxQ
368,JavaNitro,1724565028799,3,20730,19867,62190,0.0,0,0,0,47,SUCCESS,20730,YLGWXT0YT8GF-Qy0-LrLNg
369,JPMC-MantaRay-HongKong,1722833707683,3,20730,16934,62191,0.6666666666666666,0,2,2,2,SUCCESS,20730,i9HdmaYUQZKtTq5skioE1A
370,NumericOrder#0960,1724508798170,3,20737,14670,62211,1.0,0,3,3,1,SUCCESS,20737,hhKQwU85Q-i0eOxlBS61Gg
371,JPMC-NYC-06,1724025071017,3,20752,20128,62258,0.0,0,0,0,8,SUCCESS,20752,jTvrM1mASGG6DfqMz1y-tg
372,ASCIIOrder#1674,1723682577538,3,20753,19932,62260,0.0,0,0,0,50,SUCCESS,20753,p4mBVl_9SXCXSLwaQQAUIw
373,Deepak-dpk,1722488035026,3,20798,20129,62396,1.0,0,3,3,1,SUCCESS,20798,gDTBFK77TM6wD6uObZlulA
374,Archer-Lee,1724209501103,3,20863,20124,62589,0.0,0,0,0,15,SUCCESS,20863,uetYAiyvTR21dtrw9EOoKA
375,PathingSchema#3251,1723965138953,3,20916,14468,62749,1.0,0,3,3,1,SUCCESS,20916,1haWfk4lTdCMYP0ckMfK8g
376,UrgentLine#6311,1723888951822,3,20930,15129,62791,1.0,0,3,3,1,SUCCESS,20930,6qPeAylIRhmidgr6heYqig
377,JacobLebon,1724771364997,3,20956,20206,62870,0.0,0,0,0,19,SUCCESS,20956,6WwmdXiQQ7esCdq1UddkGQ
378,DashArcher,1724118861860,3,21043,20333,63129,0.0,0,0,0,6,SUCCESS,21043,vF3Q2leYT5OVOJOygI1E3g
379,Rachel-Rudowich,1723655711310,3,21155,18593,63467,0.3333333333333333,0,1,1,14,SUCCESS,21155,Z3_keYp5Q_-OJ5zud4eWew
380,LukeG,1724852371830,3,21174,20920,63522,0.0,0,0,0,35,SUCCESS,21174,iRodzDVrRuaeVxruJO0SPA
381,ImportantScope#0572,1724507688147,3,21177,15002,63533,1.0,0,3,3,1,SUCCESS,21177,UPS2Z0ZDR7SBEWk7G19Lzg
382,ConnectedScript#3876,1724507121956,3,21197,15991,63591,1.0,0,3,3,1,SUCCESS,21197,zP8x9_dKS9SnlUCZq_JyVw
383,gabrielkoo#HongKong,1723957423130,3,21221,20923,63663,0.0,0,0,0,41,SUCCESS,21221,ydUnMZutQDmeS4U2pIDYLg
384,stanCode-AndyLin,1723029936447,3,21263,20595,63790,0.0,0,0,0,10,SUCCESS,21263,XOqa6DpoST68mZ25gDc_9g
385,AtomicLog#8268,1723983877791,3,21374,16185,64122,1.0,0,3,3,1,SUCCESS,21374,0ToFS8hDQUaTDUScKz_E5Q
386,OvernightSensations-Sasmita,1724511932586,3,21384,21059,64153,0.0,0,0,0,16,SUCCESS,21384,9XY7QHrZSHaIop2GkUKngA
387,DiogoCP-DAJAlearning,1724685576540,3,21421,21070,64263,0.0,0,0,0,50,SUCCESS,21421,jIeGOnoUTO-VsnU5SGi90w
388,MSalie,1723413387628,3,21462,20865,64386,0.0,0,0,0,19,SUCCESS,21462,hEzNKV4vR1mcLP8PRdw_JQ
389,MUTB-MNSpeedDemons-RyomaMiyashi,1723526653519,3,21464,21004,64393,0.0,0,0,0,2,SUCCESS,21464,O67Xfi94Rg-hPkTxD4B8oQ
390,C3R0,1722520800344,3,21465,19263,64396,0.3333333333333333,0,1,1,6,SUCCESS,21465,61QIIR_GTpCM0JoUAsdwew
391,Aurora-DNPds,1722929447399,3,21477,21227,64431,1.0,0,3,3,1,SUCCESS,21477,26fba66bedca4aa3bca47w
392,MUMSS-HaruMinoura,1723294073587,3,21487,20870,64463,0.0,0,0,0,13,SUCCESS,21487,o4vucXv5QciHdNF7EAFmJw
393,JPMC-NYC-01,1724629846711,3,21510,21066,64530,0.0,0,0,0,40,SUCCESS,21510,61QqpgA2Q5u9aH4wE3B4TA
394,GAMECHANGERS-Aswin,1724434237981,3,21574,21399,64724,0.0,0,0,0,12,SUCCESS,21574,59-7333RTpWdbnPjrc7Gtg
395,TeamDeciders,1724550351720,3,21665,21400,64996,0.0,0,0,0,27,SUCCESS,21665,H5qKciWoSEygV2MvWAchFQ
396,FernandoMarciano-Senna,1723466567254,3,21684,19262,65053,0.3333333333333333,0,1,1,42,SUCCESS,21684,KvZRHgnxQcSWlCLldH5xsw
397,technopro#abdullahaljabir,1723161562381,3,21730,21463,65192,0.0,0,0,0,1,SUCCESS,21730,pgnD8_kHRnW4E2FIehFopQ
398,JPMC-DFW-DeepRacer8,1724074556844,3,21751,21532,65253,0.0,0,0,0,1,SUCCESS,21751,r0if7xTXQ2OcSV3iKthveg
399,IterableAttention#3151,1723556158484,3,21778,19799,65335,0.3333333333333333,0,1,1,49,SUCCESS,21778,u007vSg9RrGV3oD7aLWoQA
400,FocusedExpert#7259,1724968785099,3,21843,21458,65530,0.0,0,0,0,41,SUCCESS,21843,3MZZuFygRjm1Za-OUz0ufg
401,anupam1407,1724962144226,3,21845,20121,65537,0.3333333333333333,0,1,1,21,SUCCESS,21845,aE70AnvcQXK0UE8urBa2bw
402,CZ1-Joshua,1724845300553,3,21910,21542,65730,0.0,0,0,0,16,SUCCESS,21910,aKcokHjyQ9yUDNY_bCUgWA
403,JPMC-DFW-DeepRacer3,1724485248445,3,21959,19535,65878,0.3333333333333333,0,1,1,24,SUCCESS,21959,JnPpPfPvSZyFbmipPbt0yA
404,Eviden-DeliangGao,1724403000115,3,21976,20066,65928,0.3333333333333333,0,1,1,4,SUCCESS,21976,fG2qFJJXSJe0vHMtXWDmQg
405,onlythree,1724401288669,3,22016,19928,66050,0.3333333333333333,0,1,1,29,SUCCESS,22016,23e254b25ea0443389ed6w
406,BLR-DR-147,1724804303092,3,22063,21000,66190,0.0,0,0,0,50,SUCCESS,22063,lG16OjobQNqG71BZDatuTw
407,KenielFloriano-LowRacer,1722625634035,3,22085,21867,66255,0.0,0,0,0,1,SUCCESS,22085,v6rmAMJ9Q8ynigO9N5u5ig
408,technopro#suzukik,1723711193824,3,22085,21406,66255,0.0,0,0,0,4,SUCCESS,22085,0Ghn_z-7QJ2CFSU7kJIMbg
409,EvertonBlockchainBoosters,1723035219333,3,22087,21598,66261,0.0,0,0,0,22,SUCCESS,22087,ZFsOX0QJT8GJJYI-efggAQ
410,godmod007,1724761292387,3,22153,21392,66460,0.0,0,0,0,2,SUCCESS,22153,sqtQ9FnDStmvWBZ2nMrhMg
411,KineticCruiser,1723549737576,3,22198,21999,66594,0.0,0,0,0,44,SUCCESS,22198,4gTWESbfSMOefvxyse-nlw
412,KujoEviden2024,1724962481647,3,22244,21262,66732,0.0,0,0,0,15,SUCCESS,22244,zoR-u0tCTb-HxNl84amjdA
413,EatMyGas,1724956422386,3,22244,22129,66732,0.0,0,0,0,24,SUCCESS,22244,G49XjRGRR76Xv00WxIMvnQ
414,RocketDiff#5141,1724657666573,3,22264,22194,66793,0.0,0,0,0,4,SUCCESS,22264,A_5fIoiySGuRsbPLvdnV9Q
415,YongsangLee,1722758967371,3,22353,19124,67059,0.6666666666666666,0,2,2,9,SUCCESS,22353,G0S3IBd5REKg-1M7X9MYtg
416,Fenerbahce-FAN,1722530064024,3,22353,22136,67060,0.0,0,0,0,4,SUCCESS,22353,-yBKpK66SoKcJrJWFnLvsA
417,Kazu,1723655406789,3,22375,22324,67125,0.0,0,0,0,5,SUCCESS,22375,dRemqKtnR0in8tuYGcrL5w
418,Atlas-GR-37,1724458422149,3,22417,22139,67252,0.0,0,0,0,20,SUCCESS,22417,RqbyP5ujTgmiIPxE6YOEAg
419,Mentaiko-DevelopersIO,1722817735446,3,22463,20542,67389,0.3333333333333333,0,1,1,2,SUCCESS,22463,Wt5C8BPAS0OPlzY3-txb-w
420,CloudCommanders-Vishnu,1724490603293,3,22463,22337,67390,0.0,0,0,0,26,SUCCESS,22463,2Y5EQnL8QsyNlV4WV6xspQ
421,Shanuka#96,1724738323378,3,22471,19391,67415,0.3333333333333333,0,1,1,2,SUCCESS,22471,H6zk_HVCRgSTJImpC2X-Ww
422,Autonomousaccelerators-Jaarzina,1724480175464,3,22473,22263,67419,0.0,0,0,0,13,SUCCESS,22473,hJohyGmXRY2miT86yJSRmA
423,LightningMcQueen#956,1724767580846,3,22480,22329,67442,0.0,0,0,0,16,SUCCESS,22480,hAP7nXF7SziGMZ9naW7Xdg
424,JPMC-NYC-05,1723977867401,3,22485,21925,67457,0.0,0,0,0,4,SUCCESS,22485,T0j5ky1AQ5GHCkukY1O5gw
425,Autonomous-Aces-Santhosh001,1724478446246,3,22525,22339,67577,0.0,0,0,0,30,SUCCESS,22525,4wByeESkRFe-5bigducoaw
426,CZ1-Sivuyile,1724680161364,3,22553,21945,67661,0.0,0,0,0,36,SUCCESS,22553,7UKmrml-TL2NloKBTDgn6g
427,THE-RONINS-FUEGO,1724470921245,3,22561,22337,67685,0.0,0,0,0,12,SUCCESS,22561,48FRapXGTpy07B6sRR6QAA
428,RobinCastro-DBS,1724238560398,3,22574,22274,67724,0.0,0,0,0,1,SUCCESS,22574,7KrbyQXvTBOxnBa0p9YuUA
429,SmartCrew-SriVishnuPriya,1724485692578,3,22643,22402,67930,0.0,0,0,0,23,SUCCESS,22643,ZDBPbeFiTNCHV2vD2QF6-A
430,ThisDelta#0364,1724506735017,3,22673,20532,68021,1.3333333333333333,0,4,4,1,SUCCESS,22673,zY0Eb3zkTvS5RsP_XvDOvQ
431,MangoSmoothie#8888,1723576887170,3,22709,20999,68128,0.3333333333333333,0,1,1,19,SUCCESS,22709,mVBbsKn2QQOtH-Wrmcxb8g
432,ProvisionalLoop#9301,1724487908384,3,22714,22593,68144,0.0,0,0,0,19,SUCCESS,22714,TnwXJ7iIQV2FmmiGxrEdbA
433,AccessibleCharacter#6647,1723640096017,3,22775,19395,68327,0.6666666666666666,0,2,2,41,SUCCESS,22775,-80Fq7cYSvO0QFn1LFb5Rw
434,Autonomous-Aces-SHIJU,1724499427680,3,22781,20671,68343,0.3333333333333333,0,1,1,39,SUCCESS,22781,L7LDIknQSE2qB4aOhLfLFQ
435,SJTelford,1722509542779,3,22861,22531,68584,0.0,0,0,0,12,SUCCESS,22861,NED2O6MXQ-KumuqSTAQ14A
436,inu12345-BIP,1724223486925,3,22887,22336,68662,0.0,0,0,0,10,SUCCESS,22887,BK-KWJrzTUy0yOv_G3xBkg
437,ImportantArchitectfb9ecb,1722576196851,3,22908,22732,68726,0.0,0,0,0,5,SUCCESS,22908,o32e9YSqSWWSn2dwRFCk2w
438,SecureTheory#8903,1723376838020,3,22931,20672,68793,0.3333333333333333,0,1,1,17,SUCCESS,22931,1LpusBAfTUOl8xjP-y37yQ
439,MemoryOrder#2286,1724487807230,3,22973,22664,68920,0.0,0,0,0,39,SUCCESS,22973,yi_xbhPhRDmMSecCt3a9aw
440,SilEye,1722474832641,3,22995,22721,68986,0.0,0,0,0,19,SUCCESS,22995,y-L1qKgjS2iMcNjbnxNC_Q
441,NeuralHacker#8884,1724481430016,3,23009,22402,69028,0.0,0,0,0,18,SUCCESS,23009,qE6xBzBISBOFs8bduijGcA
442,ThePriceIsRight-home,1722612531247,3,23085,22201,69256,0.0,0,0,0,6,SUCCESS,23085,Wo2HNVdVSLm4duJkkhzpSw
443,BlockchainDeadline#9378,1724553995964,3,23086,22799,69260,0.0,0,0,0,43,SUCCESS,23086,7_HlBIdjSmeIclnptvNMpw
444,ImportantArchitecta40593,1722534807387,3,23087,20934,69262,0.3333333333333333,0,1,1,15,SUCCESS,23087,bLM2mvZ9QOyeSmuwTlHWPA
445,ConnectedNode#0956,1724449172089,3,23088,20997,69265,0.3333333333333333,0,1,1,38,SUCCESS,23088,OhRAlq-sS-idWR-jPCxzNA
446,J-Hatton,1723114136122,3,23107,20798,69323,0.0,0,0,0,17,SUCCESS,23107,wzVzQyEMRsG8HTwNx0foiw
447,AccessDenied-HariVishnuVarrdhana,1724496737363,3,23129,21057,69388,0.3333333333333333,0,1,1,16,SUCCESS,23129,ANvgUrQLRAaH2hEPlyptGg
448,Lucas-Sordi-Rambo-Neural-Nitro,1724283925227,3,23130,22801,69392,0.0,0,0,0,14,SUCCESS,23130,1TFQtRoGRcqkFwK3Vc-1DA
449,Yoga,1722683356799,3,23152,20860,69458,0.3333333333333333,0,1,1,20,SUCCESS,23152,9C5BCEtKRUOa2-8axwuEFQ
450,la-banda-del-parque,1723240279601,3,23153,20997,69460,0.3333333333333333,0,1,1,1,SUCCESS,23153,9QCsSCjxRQa5lkvgTz4J_w
451,Autonomous-Aces-Santhosh,1724762858889,3,23197,19652,69591,0.6666666666666666,0,2,2,4,SUCCESS,23197,di0jI2-KTGqrE8jBdX7ZdQ
452,NestedSchema#3547,1723706542342,3,23240,21461,69721,0.3333333333333333,0,1,1,1,SUCCESS,23240,QacLptDPSKuVIuxBfLu3Fw
453,LoopingZone#3783,1724477951338,3,23286,19475,69860,0.6666666666666666,0,2,2,16,SUCCESS,23286,PZosCbDqSCqt69I9g2IZXA
454,zhi-jacky,1724745919510,3,23287,20994,69863,0.3333333333333333,0,1,1,1,SUCCESS,23287,6CZjiGnJTNCNcOVU0SiIYw
455,JPMC-DFW-deepracer7,1723589650603,3,23308,22794,69925,0.0,0,0,0,1,SUCCESS,23308,v3rjYXzdRfCO1o7-kP69XA
456,reddevilgp,1724260477596,3,23312,21334,69937,0.3333333333333333,0,1,1,18,SUCCESS,23312,luqmCfV3Qk6HWz85EeQ0XA
457,ConnectedNotation#2423,1724490426630,3,23358,21137,70075,0.3333333333333333,0,1,1,24,SUCCESS,23358,r0IAxbZlRD6XxfVccPC37g
458,ERRA,1723758952768,3,23374,23201,70123,0.0,0,0,0,18,SUCCESS,23374,e4QgqnVzRr6R3uAENsYedg
459,LeoMtz,1724807088806,3,23419,22736,70259,0.0,0,0,0,41,SUCCESS,23419,bAuh9G8eSlaPuXBlDHo6mQ
460,Gustavo-LowRacer,1722942094835,3,23420,23193,70260,0.0,0,0,0,2,SUCCESS,23420,uS2yKh5aTfaZd5fvyhwW9A
461,Adam-Alaraj,1723129818894,3,23421,22468,70263,0.0,0,0,0,13,SUCCESS,23421,ychPt_8tQwCqXU6lq0zV6g
462,technopro#tsuboihisashi,1723355832759,3,23442,22329,70327,0.0,0,0,0,6,SUCCESS,23442,xmSOes4ERl-qotjBG773GQ
463,Parv,1722902467193,3,23461,22600,70384,0.0,0,0,0,3,SUCCESS,23461,-1uTpWs8R4e3Kn-iP8Ggdg
464,ITEC-AVENGER-VC-KS7,1724925456121,3,23462,21859,70388,0.3333333333333333,0,1,1,5,SUCCESS,23462,_lH-spdoQjaEDaQjkKUTSw
465,SaberXrod#4904,1724651427397,3,23462,23394,70388,0.0,0,0,0,2,SUCCESS,23462,JlA_8UNKSVy4lqTejNbZYg
466,JPMC-HYD-25,1723922474959,3,23485,20798,70457,1.3333333333333333,0,4,4,1,SUCCESS,23485,5q2AnQFTT8SDZat7LCPvIA
467,Douglas-MacIntyre,1723621607708,3,23485,22931,70457,0.0,0,0,0,29,SUCCESS,23485,moWvhxBzRoKUvuFUdw9Dqg
468,StructuredDocumentation#5939,1724049350604,3,23509,17466,70527,1.0,0,3,3,6,SUCCESS,23509,YcRurcXFQtK1liiR9uzFYg
469,DrCrix,1724769722714,3,23531,22400,70594,0.0,0,0,0,2,SUCCESS,23531,ev5MM4TSQr2DLxwnqGKV4w
470,horizon-ragul,1724440008721,3,23552,23393,70656,0.0,0,0,0,1,SUCCESS,23552,oSUYaekCTMmQIWe016iZ-g
471,JPMC-HOU-CARS,1724431238720,3,23552,23061,70658,0.0,0,0,0,5,SUCCESS,23552,CiEQCxxhSvCqDjBMOW_aZg
472,MachSpeed,1722769381393,3,23555,21741,70666,0.3333333333333333,0,1,1,7,SUCCESS,23555,qRXknxO6T8eg8WfacvuKIw
473,pgebski,1723020567599,3,23595,21398,70786,0.3333333333333333,0,1,1,50,SUCCESS,23595,gfTMAo7aSISFQCyBv6fR7Q
474,ImportantArchitect8de171,1722495666666,3,23599,19733,70797,0.6666666666666666,0,2,2,5,SUCCESS,23599,MMyN56YPSTKLtJlUPoJwCA
475,Soul-Society-Gokulnath,1724518151237,3,23616,23402,70848,0.0,0,0,0,32,SUCCESS,23616,I6TJaIbgSa6UwJiP4NBWxg
476,JPMC-SVTC-Team-Osiris,1724959734041,3,23618,23260,70856,1.0,0,3,3,6,SUCCESS,23618,0JDzHwCqQmSsvqJk2kp9Ow
477,NullAttention#8179,1723961111633,3,23619,23400,70857,0.0,0,0,0,31,SUCCESS,23619,aLAkitFMSCu7CyzwGoXpEg
478,Velocity-5dl,1724117943432,3,23620,21333,70861,1.3333333333333333,0,4,4,1,SUCCESS,23620,DBVc9n_uQ0-r-Cqkz3YweA
479,10xCallback#9504,1724487316973,3,23638,23532,70916,0.0,0,0,0,22,SUCCESS,23638,wMLFJy8IRNG2wN6cg8KbqA
480,Sparklers,1724556058560,3,23645,23333,70935,0.0,0,0,0,29,SUCCESS,23645,lYw3nCx6RDqTJiHNWjXMbQ
481,CloudCommanders-Shiva21,1724503199440,3,23667,23330,71002,0.0,0,0,0,30,SUCCESS,23667,jAzzQK3cTS2CNm3gFlEDRg
482,CreativeLanguage#5838,1724075231949,3,23686,23407,71058,0.0,0,0,0,8,SUCCESS,23686,sAQGISkZRQqXU75bF1iQIQ
483,Tango,1724838255752,3,23731,23531,71194,0.0,0,0,0,6,SUCCESS,23731,UUUELey2Tn2RTszUL3xB7A
484,SmartCrew-Aishwarya,1724571120795,3,23796,23600,71390,0.0,0,0,0,1,SUCCESS,23796,JzAsMLwNQ6yL3ghwXiYHnw
485,technopro#takahashi,1722538796857,3,23819,23402,71458,0.0,0,0,0,1,SUCCESS,23819,hxQVCapVRNaQKIkpBmbrJg
486,ImportantArchitecte7a4f2,1722539944618,3,23823,21925,71469,0.3333333333333333,0,1,1,2,SUCCESS,23823,PKq-O5XhQSyatUIcYnzybg
487,drunken-monkey,1722513592969,3,23840,23054,71521,0.0,0,0,0,1,SUCCESS,23840,c7a82cb998e44f9abd469Q
488,JOAO-WDC-DIGITAL-E-SISTEMAS-01,1722885309441,3,23843,21792,71531,0.3333333333333333,0,1,1,17,SUCCESS,23843,-Lz8V9_lS_uhIf3FQt1i9w
489,TheEconomist,1722868287575,3,23865,18673,71597,1.0,0,3,3,3,SUCCESS,23865,_sRt0zAsSvGdTJM-2XSBNg
490,ITEC-racers-Gowtham,1724937111510,3,23888,19934,71665,0.6666666666666666,0,2,2,3,SUCCESS,23888,2n4P4wL7SJ-u1OeP0woQdA
491,MUTB-CPIMotorsInc-MasahiroTsunemi,1723288821767,3,23930,23398,71791,0.0,0,0,0,13,SUCCESS,23930,Z3ddQUgHTQiNEn3zBu01EQ
492,RecursiveArchitect#9449,1722889069758,3,23930,23138,71792,0.0,0,0,0,39,SUCCESS,23930,UPWesMmaT1-VE_LWVMk4Yw
493,furioustrio-kk,1724576161657,3,23955,23668,71865,0.0,0,0,0,26,SUCCESS,23955,up_Gp222QSqyBDIYHdbUgg
494,FE-racerteam,1724850777976,3,24018,23868,72056,0.0,0,0,0,20,SUCCESS,24018,-SxTGITpQeO0bEpWqnz4lw
495,COIMBATORE,1724749537404,3,24019,23798,72058,0.0,0,0,0,26,SUCCESS,24019,LMYIsmaRTAmBJyWFeeDBNQ
496,ImportantArchitect80d081,1722580373729,3,24040,21598,72120,0.3333333333333333,0,1,1,14,SUCCESS,24040,9SWAeGlISaSKVw1Ww7CbAg
497,electronenthusiasts-vasanth,1724491311299,3,24086,22128,72259,0.3333333333333333,0,1,1,24,SUCCESS,24086,r2-9zzLcSY-II2-oHBlthQ
498,JPMC-HK02-HongKong,1724375006369,3,24088,23267,72264,0.0,0,0,0,42,SUCCESS,24088,wQl2h07uTuOPY9Uvk9DIEw
499,GOAT2024-Hari,1724649611720,3,24115,22602,72345,0.3333333333333333,0,1,1,8,SUCCESS,24115,vEbZbgb9SeaSYx6K3Wgj9A
500,RamyaHarshini,1724458718961,3,24128,20401,72385,0.6666666666666666,0,2,2,24,SUCCESS,24128,nCPzekx0TxqAFhG-yF6Kqg
501,Akiva,1724285812827,3,24129,20065,72389,0.6666666666666666,0,2,2,3,SUCCESS,24129,hsfJQ05mShW_UFBDkcXFyw
502,GAMECHANGERS-ASWIN,1724404616834,3,24140,23863,72421,0.0,0,0,0,23,SUCCESS,24140,yaokJ94GQS-L5qMngeCsGQ
503,2024chuncheon-17,1724897212936,3,24153,23672,72459,0.0,0,0,0,3,SUCCESS,24153,-KYRIAxOSmuTycv_DbYKzQ
504,JPMC-MUMBAI-007,1724204958381,3,24155,22398,72466,0.3333333333333333,0,1,1,16,SUCCESS,24155,ZaQZzenOTEudI-YzqUr01g
505,KasztP,1724843828074,3,24182,20599,72546,0.6666666666666666,0,2,2,45,SUCCESS,24182,B_NHhZzIT7yLboMZHKC3Qw
506,RRRkoopa,1723149449318,3,24196,23989,72588,0.0,0,0,0,3,SUCCESS,24196,TqM2G7_1Qji5ZRjCnrxPDA
507,Wolf-Warriors-AJ,1724954021460,3,24198,23733,72595,0.0,0,0,0,8,SUCCESS,24198,RH08uPAUTsCE8GZHRH4Kfg
508,Galileo,1724396646344,3,24199,23470,72597,1.0,0,3,3,3,SUCCESS,24199,Y79AzaaOR-u4LVKMxu1Mdw
509,ByteRiot-SibiT,1724451179404,3,24199,21877,72597,0.3333333333333333,0,1,1,12,SUCCESS,24199,UXh9uPKTTw6IKjU_Ob010A
510,ASP-Eliminators-Praveen,1724497946394,3,24237,23804,72711,0.0,0,0,0,33,SUCCESS,24237,Rghcr6PHSWqvlMwx148etQ
511,MAVERICKS,1724440463553,3,24240,23654,72722,0.0,0,0,0,20,SUCCESS,24240,7c5iD_vOTDiT_LGSNDIc-A
512,outOfBounds,1722555160457,3,24240,21794,72722,0.3333333333333333,0,1,1,7,SUCCESS,24240,f2MQOiXTTR629Mm7_GCoDQ
513,CZ1-JH,1724665735743,3,24242,23733,72727,0.0,0,0,0,15,SUCCESS,24242,kbCHtOEuQP2dTZCVd7OKdQ
514,flux-indigo-fs,1724432584501,3,24243,21265,72730,0.3333333333333333,0,1,1,20,SUCCESS,24243,TvP2qPvNQG-nFVAOqyKqSQ
515,Alexandre-Solucoes-digitais,1723170386626,3,24284,21062,72854,0.6666666666666666,0,2,2,1,SUCCESS,24284,mzIJshEBQSiuFH_7joCzhQ
516,TabletSchema#7033,1724890060511,3,24286,23532,72858,0.0,0,0,0,36,SUCCESS,24286,zqa2Jft7R2GSXUeRDo4Kog
517,ImportantArchitectbb20c7,1722516120905,3,24290,23269,72870,0.0,0,0,0,1,SUCCESS,24290,VV8WkHbzQp21rjGGWR8PNg
518,ExaaApp,1722814883737,3,24308,23599,72926,0.0,0,0,0,3,SUCCESS,24308,cbpYWPp-QXOsUM9YYT9YEw
519,Autonics-DriftMaster,1724561634787,3,24331,22196,72995,0.3333333333333333,0,1,1,9,SUCCESS,24331,h39I6ViURiuW9hk-qweDvw
520,CurlyPointer#1738,1724763769524,3,24352,23995,73058,0.0,0,0,0,24,SUCCESS,24352,MEyolotoSUuzOaObIRt_8w
521,VirtualRacers-alagunachi,1724458278418,3,24352,22535,73058,0.3333333333333333,0,1,1,7,SUCCESS,24352,ZBuzF40QTbuKDHw7c6NG2Q
522,UnicodeAnalysis#8798,1724560119101,3,24462,24268,73386,0.0,0,0,0,15,SUCCESS,24462,dpRV3B3pQES0_wUbws2HCQ
523,QualifiedConsole#7107,1724551119002,3,24463,23668,73389,0.0,0,0,0,24,SUCCESS,24463,5vgm9NO0TQSM17te27cM-g
524,monstsquad,1722608812970,3,24464,24131,73394,1.0,0,3,3,1,SUCCESS,24464,DrMkcpQaSYCRAUD22iT2ng
525,GOAT2024-Rajababu,1724766458777,3,24465,23593,73395,0.0,0,0,0,8,SUCCESS,24465,Xne0_LG7SriHp1lIjKkfMw
526,Kuako,1722989835050,3,24486,21996,73459,0.3333333333333333,0,1,1,5,SUCCESS,24486,g3jpBKVBQrSJ7YjOu4pYhw
527,LETSRIDE123,1724579508444,3,24488,23801,73466,0.0,0,0,0,13,SUCCESS,24488,iFHfEeDQRMOjlUl6wzb58g
528,p2,1722532805740,3,24508,23600,73525,0.0,0,0,0,4,SUCCESS,24508,8eNxVKWZT16r_lAZ1JgR_w
529,MUTB-SafetyDrivers-KentaroOchi,1723194274257,3,24509,24342,73529,0.0,0,0,0,12,SUCCESS,24509,-rHPhHgVQm-DN6oSnRfwnA
530,NeuralFix#3649,1722492126943,3,24530,24192,73590,0.0,0,0,0,3,SUCCESS,24530,69kUv7qhScSY6tsp034yww
531,LeetBuster#4662,1724331806283,3,24531,24399,73593,1.0,0,3,3,50,SUCCESS,24531,DlOqs4PWSHa0KvT_cwmeKw
532,FuturisticModel#6028,1723464223875,3,24531,22402,73593,0.3333333333333333,0,1,1,9,SUCCESS,24531,yQ7Vba1nTM6-Fqspys1Nbw
533,JPMC-DEL-Sandbox01,1723470490482,3,24532,22208,73598,1.3333333333333333,0,4,4,7,SUCCESS,24532,9zv888f5T8WGnzte_yhjyg
534,GustavoGorges-TechTurbos,1722539331576,3,24551,20994,73655,0.6666666666666666,0,2,2,5,SUCCESS,24551,tqSZNJ3NTpqian1HeXOOZA
535,ImportantArchitectabc4ca,1722525676568,3,24552,20791,73656,0.6666666666666666,0,2,2,17,SUCCESS,24552,zbiCoY1_QCu9UeZ2lD8GWw
536,HelpfulEnvironment#9165,1724471275387,3,24553,24133,73659,0.0,0,0,0,37,SUCCESS,24553,H6Azy1QfR8qBEy6D6ALUWA
537,TheMrDave#123,1724952599640,3,24575,22135,73725,0.3333333333333333,0,1,1,19,SUCCESS,24575,xiJlDtraQn-LEWqKoK67RA
538,JPMC-NAMRVirtual-FormulaNone,1724511571319,3,24576,22596,73728,1.3333333333333333,0,4,4,1,SUCCESS,24576,-tN8MLKrTU-zkaQAaimfQA
539,Sandbox7,1723596488768,3,24596,24262,73789,1.0,0,3,3,32,SUCCESS,24596,v7tPdEpcSY6jtk-hz5UQnA
540,MechanicalMethod#4013,1723440739094,3,24619,24129,73859,0.0,0,0,0,20,SUCCESS,24619,uq0n5x-ERrG3ij3foZcHFA
541,SilverBullet777,1724772607568,3,24642,23930,73928,0.0,0,0,0,4,SUCCESS,24642,9tyVk4VlRF-d6J3rlZDwjg
542,RecursiveBuster#9783,1724536911890,3,24684,24473,74053,0.0,0,0,0,23,SUCCESS,24684,9QZ-0lRXQgm-wdLIdFZM8Q
543,Trio-Racer-Lisaniya,1724579932990,3,24685,24534,74057,0.0,0,0,0,6,SUCCESS,24685,40rWmVkJRD2yx6uXLU7ERQ
544,MUTB-Commons-MasatakaKonno,1723434773631,3,24685,22933,74057,0.0,0,0,0,20,SUCCESS,24685,1gtGXPG_SnyC4wrMaJVvHA
545,Adriana-tandler-AVM,1723168869799,3,24686,20997,74059,0.6666666666666666,0,2,2,6,SUCCESS,24686,DGwjK70sRkilyp15LIo5Jg
546,theinnovators-diwakaran,1724487978992,3,24707,20668,74123,0.6666666666666666,0,2,2,25,SUCCESS,24707,jry1DI8QTtGHEkyUiL2eKg
547,MUTB-Yukibo-HirokiTaniguchi,1724066381858,3,24708,20599,74125,0.6666666666666666,0,2,2,20,SUCCESS,24708,t3fPtn68TpeiE3BB11_1xA
548,UnboundSandbox#1619,1724561413461,3,24731,22608,74193,0.3333333333333333,0,1,1,25,SUCCESS,24731,B02Jp9dOQ4q0Z9Ktb3hJJA
549,Wolfking7,1722493566073,3,24754,24401,74263,0.0,0,0,0,7,SUCCESS,24754,zDhMPmTYSn6gduZ26KjthA
550,TestDriver,1723173733588,3,24775,23133,74326,0.3333333333333333,0,1,1,36,SUCCESS,24775,tLCAjJUMSUeYdROrJX0K2w
551,HARISHWA-INFERNAL,1724444079737,3,24812,21199,74436,0.6666666666666666,0,2,2,12,SUCCESS,24812,7LjQLy2pQleLwCEArLLrug
552,JosephUrbanek,1723073556622,3,24819,24732,74459,0.0,0,0,0,1,SUCCESS,24819,VcTxezb1QhipKUJgiok0jg
553,TRogers,1724292533153,3,24819,23393,74458,0.0,0,0,0,3,SUCCESS,24819,pj18teqRRLOmVRn-2P-chw
554,TabletAnalysis#3199,1722624867864,3,24820,22861,74462,0.3333333333333333,0,1,1,47,SUCCESS,24820,Hdix5wz-QNugPUX3cNYaXg
555,TestableComment#1355,1724860118208,3,24820,24404,74462,0.0,0,0,0,4,SUCCESS,24820,uHpPajGyT_e63UVXRQQ08w
556,QualityDeadline#8118,1724573127935,3,24821,24670,74463,0.0,0,0,0,6,SUCCESS,24821,2v2YFTrfRCuV4hPDXFO1Lw
557,Eviden-WiroteP,1724751226790,3,24821,22934,74465,0.3333333333333333,0,1,1,2,SUCCESS,24821,ELFOqB6AT9GzSMNYz5innQ
558,JimK8N,1724266983868,3,24842,23527,74527,0.0,0,0,0,1,SUCCESS,24842,pVLXCPD3RVukGSy3kgZodw
559,Bytedotcom,1724484645903,3,24857,24586,74573,0.0,0,0,0,11,SUCCESS,24857,yUOTPb_SQIS4Ua7L_634bw
560,VelocityVirtuoso#8123,1723025815907,3,24884,19070,74654,2.0,0,6,6,6,SUCCESS,24884,SOaLDMtJTQWr55eR6v710Q
561,FunctionalSystem#5325,1724847688027,3,24885,22722,74656,0.3333333333333333,0,1,1,16,SUCCESS,24885,HffAj5CbScq6P16VTTDTCA
562,Speed-McQueen,1724346562347,3,24888,22526,74665,0.3333333333333333,0,1,1,25,SUCCESS,24888,wZEEYPZRQB2Lcwa0cPaVqQ
563,2024chuncheon-34,1723744405195,3,24905,22790,74717,0.3333333333333333,0,1,1,4,SUCCESS,24905,ETH4P_sERyOKqzE0NmYwnw
564,GustavoVoltolini-RelampagoMarquinhos01,1723144488798,3,24909,22807,74729,0.3333333333333333,0,1,1,23,SUCCESS,24909,gOanHlg3ToeL9BZ3qy4A0Q
565,DraftSandbox#4941,1724497956801,3,24948,24868,74846,0.0,0,0,0,1,SUCCESS,24948,bE0UDYh8SiibDDY0-npJBw
566,MUTB-TeamChikamax-KatsueiTani,1723290719383,3,24953,23132,74859,0.3333333333333333,0,1,1,15,SUCCESS,24953,dlF2pJw0RKqmjdl2OKlzdQ
567,TabletConsole#1364,1724507530020,3,24955,21060,74865,1.6666666666666667,0,5,5,1,SUCCESS,24955,YslaqwViSKKdXD8dboOrdw
568,CurlyOrder#5992,1724562990877,3,24994,24592,74984,0.0,0,0,0,3,SUCCESS,24994,l11xV81lSrmJX70GGhxVdQ
569,natewnetu,1724252320764,3,24997,23394,74993,0.0,0,0,0,9,SUCCESS,24997,xyiB6GxYQ5uZfQLj-nYXoA
570,MUTB-TeamChikamax-SatoshiChikama,1722935177943,3,25021,23930,75065,0.0,0,0,0,14,SUCCESS,25021,_0P4cSW6TLu5t2ypymv0nw
571,Polaris-DNPds,1722493568723,3,25022,22663,75066,1.3333333333333333,0,4,4,1,SUCCESS,25022,2617874c942840f0a2fdbQ
572,Lightning-McQueen-95-karthik,1724438971804,3,25042,24799,75126,0.0,0,0,0,22,SUCCESS,25042,nZ1FyXvqSiKNZesArFK7QA
573,JoeLeyba,1724222692541,3,25043,22789,75130,0.3333333333333333,0,1,1,6,SUCCESS,25043,nzfVL37yS2G5OUkCQh7omQ
574,CaptainJackSparrow6-Gryffindor,1724605241124,3,25047,20789,75141,0.6666666666666666,0,2,2,1,SUCCESS,25047,tVDZMahiTzCcC-1Y4DkNgA
575,UnboundConsole#8106,1723791173521,3,25061,21332,75183,0.6666666666666666,0,2,2,25,SUCCESS,25061,LdeWqnCkQC2a8Fpoo5_2rg
576,INNOVATORS-subathran,1724463386596,3,25061,19381,75184,1.0,0,3,3,39,SUCCESS,25061,OaBOjaHuTWuZ3R0sTa-XUA
577,QualifiedByte#6691,1722470471056,3,25086,21334,75258,0.6666666666666666,0,2,2,1,SUCCESS,25086,EaKxFz_TTKWyd_GqUaHZwQ
578,ImportantArchitectf9c162,1722516775607,3,25108,24138,75325,0.0,0,0,0,18,SUCCESS,25108,IlcOyUujQvmFvYeNb0tZvQ
579,ImmutableArray#1894,1723133869904,3,25109,24799,75329,0.0,0,0,0,7,SUCCESS,25109,RkLJ4KAoTxyHkLaGnGzCHQ
580,drdj,1724082305762,3,25130,24794,75391,0.0,0,0,0,7,SUCCESS,25130,OZK0S-bsRB2VxjFuxca3lg
581,ImportantArchitecte3f173,1722537829898,3,25155,22798,75467,0.3333333333333333,0,1,1,1,SUCCESS,25155,0-K2_eFqQBKgFqNF6jjzgw
582,NitroBoostM,1723753051763,3,25175,24402,75526,1.0,0,3,3,2,SUCCESS,25175,BbeYnzdXRcmOwq351apTXQ
583,ConnectedBrackets#7073,1724577112322,3,25196,21124,75588,0.6666666666666666,0,2,2,21,SUCCESS,25196,PJ-qfQssSOqkfgqGCou8VQ
584,NeilSimon-PanSup,1722471722848,3,25242,22940,75728,1.3333333333333333,0,4,4,2,SUCCESS,25242,caj3LxcuQz297jcW58Y--Q
585,MUTB-KazutakaKikkawa,1723390527897,3,25243,25002,75730,0.0,0,0,0,9,SUCCESS,25243,x_INy4dQRcuBdfxHOPWPRQ
586,StreetRacers,1724488353519,3,25252,19539,75756,1.0,0,3,3,22,SUCCESS,25252,90BeNibNQA26K8RbFehjyA
587,MUBK-TeamSasaki-ShotaSasaki,1723946369963,3,25262,24527,75786,0.0,0,0,0,3,SUCCESS,25262,k3GiWGTYTbGHCVxqH-R5ZQ
588,Generation-xx,1724568558468,3,25263,23395,75789,0.3333333333333333,0,1,1,21,SUCCESS,25263,VyttWHPETFSoxKOSQFu8lw
589,PassingTester#4206,1724570822677,3,25264,22868,75793,0.3333333333333333,0,1,1,26,SUCCESS,25264,goTcd2R6T1-z1k5IcYCBhQ
590,AtomicMachine#1939,1722736225688,3,25330,25002,75992,0.0,0,0,0,8,SUCCESS,25330,ksv1FdgwTYa6qI7GpProLA
591,VelocityVipers-AK,1724256839663,3,25358,23001,76074,0.3333333333333333,0,1,1,11,SUCCESS,25358,WvXBfsHVTrOtN0b52oZLGg
592,MUBK-TeamCoCo-ShioriTanaka,1723505414384,3,25374,21401,76124,0.6666666666666666,0,2,2,3,SUCCESS,25374,C013pakqRra7keXmOoUwew
593,MUMSS-Unvanillas-ShinKobayashi,1723036742434,3,25377,21267,76133,0.6666666666666666,0,2,2,14,SUCCESS,25377,oxmX4ZJyQyeEb6z9Wj94QA
594,MUBK-TakashiMatsunaka,1723989800587,3,25396,23658,76190,0.3333333333333333,0,1,1,22,SUCCESS,25396,OgDTOFHnRlqpgbD-_wGW_A
595,MUTB-Yukibo-Shimma,1723283216051,3,25418,20390,76256,1.0,0,3,3,22,SUCCESS,25418,lpNqU1okREC7s7ZS_k9S1Q
596,Smartcrew-Aishwarya,1724571955864,3,25420,25201,76260,0.0,0,0,0,1,SUCCESS,25420,EoQmdNKdQBOT-gvfZCH4kg
597,ImportantArchitectc96fc8,1722538087825,3,25421,24670,76264,0.0,0,0,0,21,SUCCESS,25421,pw-oXaaVRGOvObd8sCSZCQ
598,UnboundDebugger#3175,1724526597300,3,25422,21261,76268,0.6666666666666666,0,2,2,17,SUCCESS,25422,YYVuxU2_SV65SNOv_GQzWw
599,Codecrushers-3,1724462806239,3,25463,25329,76390,0.0,0,0,0,28,SUCCESS,25463,rsR_MZRySS2-d1HmFMMGCA
600,ASP-Eliminators-swathini,1724429786547,3,25517,21804,76553,0.6666666666666666,0,2,2,20,SUCCESS,25517,cdP0ZrPDQ6CfH9rK6NUIpQ
601,Takoyaki#23,1724357431685,3,25532,23525,76597,0.3333333333333333,0,1,1,21,SUCCESS,25532,5nGRLPa_TGCDMavpn6uBZw
602,ImportantArchitectec2b8c,1722524831221,3,25550,25131,76651,0.0,0,0,0,11,SUCCESS,25550,9ATszFgvTsOSGeSUS8jctQ
603,EdisonU,1724244341532,3,25551,25398,76654,0.0,0,0,0,1,SUCCESS,25551,HTOMHLgSRjOeZYC_uMEs4w
604,SolvableGlyph#2806,1724910153412,3,25552,25267,76658,0.0,0,0,0,1,SUCCESS,25552,gbu8q-MYSqyXujoxdeW6gQ
605,KWON,1724416845131,3,25553,25323,76659,0.0,0,0,0,2,SUCCESS,25553,DplPbQepT5iDPJ0_iSmzHg
606,PrototypeTester#5534,1724580059263,3,25553,23603,76660,0.3333333333333333,0,1,1,5,SUCCESS,25553,M_bmJJJaRtmqPvajBC37tA
607,LizRacer-11,1724371614076,3,25553,23540,76659,0.3333333333333333,0,1,1,17,SUCCESS,25553,7FY9PNLpTEG2DErIwW5dgA
608,DraftScope#7206,1724534409259,3,25556,23401,76668,0.3333333333333333,0,1,1,10,SUCCESS,25556,clY2RZkYR2OgdePVZrJBvg
609,CODEHUNTERS-Chitresh,1724480765945,3,25582,23399,76747,0.3333333333333333,0,1,1,13,SUCCESS,25582,An6KvNmdThiAcvNPNgry6g
610,KyleFryer-Sage,1724962591174,3,25596,21141,76790,0.6666666666666666,0,2,2,29,SUCCESS,25596,JJdtuJIfSDGwyuxfLSG72A
611,BooleanInterface#8475,1724578694340,3,25599,21598,76797,0.6666666666666666,0,2,2,9,SUCCESS,25599,eaGkrylWSDmAb5R9GXP1Yg
612,DC-BR-st,1724077665285,3,25602,23867,76808,1.3333333333333333,0,4,4,29,SUCCESS,25602,efK1ZabCSO-zz1OtjiXcAA
613,TheTeam,1724552237556,3,25620,23469,76862,0.3333333333333333,0,1,1,10,SUCCESS,25620,eRik2BDjS2C8uxgBI8UCHw
614,F1-DevelopersIO,1724897063887,3,25641,22135,76923,0.6666666666666666,0,2,2,5,SUCCESS,25641,UzQrKbzfSKyZCEf6eD2PBA
615,ImportantArchitect975b2d,1722580186272,3,25642,25399,76926,0.0,0,0,0,3,SUCCESS,25642,YcvwlzxWTM6-O-gX5lh6TA
616,CZ1-SAM,1724440878611,3,25643,21132,76929,0.6666666666666666,0,2,2,15,SUCCESS,25643,Y10Q5ErTSVuGxqeFimd62g
617,MUTB-Commons-JiroOmori,1723014768690,3,25663,24799,76989,0.0,0,0,0,8,SUCCESS,25663,fcOAITYEQaaq3gplUXjADA
618,InteractiveResource#8611,1722522135636,3,25664,22001,76994,0.6666666666666666,0,2,2,2,SUCCESS,25664,-4pc5F3vQH6z5_FF4MoOWw
619,gcjordi,1722616620300,3,25688,25202,77064,0.0,0,0,0,20,SUCCESS,25688,4n-0HYIyQ2241dJ4tZirRg
620,ScuderiaTurboP1,1724963759364,3,25707,21800,77123,0.6666666666666666,0,2,2,6,SUCCESS,25707,fP5ec_McSxq4HkKbKPGVkQ
621,PITS-3,1724228458933,3,25708,23669,77126,0.3333333333333333,0,1,1,1,SUCCESS,25708,yB5wq3tVTHm_RJQ3qQqBCw
622,ImportantArchitectceae90,1722540663303,3,25729,23068,77188,0.3333333333333333,0,1,1,6,SUCCESS,25729,l7P36DMlSSqvybHdpGBi0A
623,Sruthi-2004,1724834148728,3,25751,25727,77253,0.0,0,0,0,3,SUCCESS,25751,mt1CEkh5RuOPUP-K-WazAA
624,fts-BVS,1724554157629,3,25752,19931,77256,1.0,0,3,3,29,SUCCESS,25752,Dkk7Vqt8Q3uFUnWwFugSbw
625,Predator96,1722868254180,3,25753,23468,77259,1.3333333333333333,0,4,4,3,SUCCESS,25753,pEZ4tYI0SCSpGKBMmPqfZw
626,Lightning-McQueen-Shovidhyan,1724918123447,3,25770,23735,77312,1.3333333333333333,0,4,4,9,SUCCESS,25770,uX9Z04WqQc-YkzNJSuIezw
627,RenanJacob,1723033762746,3,25779,23924,77337,0.3333333333333333,0,1,1,1,SUCCESS,25779,OM1QUtARRY-l1xAvb42l3A
628,JPMC-HOU-Team1,1724362311662,3,25791,22193,77375,0.6666666666666666,0,2,2,1,SUCCESS,25791,6quaKHMTRxmRvkCGNJ7EUg
629,Lightning-McQueen-#95,1724475143690,3,25796,23928,77390,0.3333333333333333,0,1,1,28,SUCCESS,25796,2inmhV_iSuCGj4xG3RSNjw
630,TheDream-Latchiya,1724484281791,3,25798,25604,77394,1.0,0,3,3,20,SUCCESS,25798,lcXnMhl4S72yieB2Hi8w6Q
631,LoopingError#5998,1724636563773,3,25798,23397,77394,0.3333333333333333,0,1,1,1,SUCCESS,25798,Kj9i7sUkRtWHk2iMdPplwg
632,ImmutableNetwork#1532,1724558929411,3,25799,25536,77397,0.0,0,0,0,23,SUCCESS,25799,fibHHx4zTUOtcoARP18MGA
633,JonatanMuller#CAPTOM,1722612378687,3,25802,24131,77407,0.3333333333333333,0,1,1,5,SUCCESS,25802,6T6TcO19RTi62rFJSm3cUg
634,TriTech-Razak,1724489410124,3,25810,25327,77431,0.0,0,0,0,12,SUCCESS,25810,h61k5ufFT9iKakhLL7ZSHQ
635,DustyRacing,1722489661095,3,25820,22667,77462,1.6666666666666667,0,5,5,5,SUCCESS,25820,Vlo2vVAfQrqWadXhqFE38A
636,StanCode-gg788,1722918343738,3,25822,21400,77466,0.6666666666666666,0,2,2,15,SUCCESS,25822,218tPNZVSUSqhxC7e505sw
637,2024chuncheon-56,1723688231012,3,25840,25531,77522,1.0,0,3,3,2,SUCCESS,25840,n6nJB3-eRziIrpbAYzZkUQ
638,Tomukas,1724532168925,3,25840,20322,77521,1.0,0,3,3,1,SUCCESS,25840,q9Gjt2eMQBGRZk0j1R4E7Q
639,HelpfulDelta#8542,1724463558347,3,25842,25665,77526,1.0,0,3,3,48,SUCCESS,25842,l3lQhvgCSRK8sGdOeOHPYg
640,RaceChangerRVR,1724436817630,3,25842,23395,77526,0.3333333333333333,0,1,1,17,SUCCESS,25842,QD2jvrQAQ4asRz5DpMkG0Q
641,CrypticFix#7533,1724698511605,3,25843,24201,77529,0.3333333333333333,0,1,1,3,SUCCESS,25843,1ngjbxGPT2uQMzHYB4RfAA
642,LetsRide,1724400830629,3,25861,25729,77584,0.0,0,0,0,23,SUCCESS,25861,ajwD7jE4Qk6b_EALc_rXVw
643,MikeyBoi,1722573225531,3,25863,25595,77590,0.0,0,0,0,4,SUCCESS,25863,ap2EZqbrQvOAO808YpJGYQ
644,PathingGlyph#3965,1724222161387,3,25885,25732,77656,0.0,0,0,0,8,SUCCESS,25885,mFUIJjazTTu8KFwysAqezw
645,JANANI-TT,1724490284804,3,25894,21807,77682,0.6666666666666666,0,2,2,32,SUCCESS,25894,TA9hX4UgT3OwVSQNhH-MxQ
646,nine9,1724323022044,3,25913,23612,77739,0.3333333333333333,0,1,1,10,SUCCESS,25913,nh20eR6wSW2uOCJ_nRnUvg
647,AutomatedEngineer#8771,1724542058311,3,25952,25598,77858,0.0,0,0,0,36,SUCCESS,25952,xizVUJEDT3CwL1IJgNubRA
648,AutonomousAccelerators-SupriyaS,1724571494879,3,25975,24062,77927,0.3333333333333333,0,1,1,24,SUCCESS,25975,5yu4wSWSReazdC9DsSeEeg
649,NicoloRace,1722868317230,3,25976,23872,77928,1.3333333333333333,0,4,4,2,SUCCESS,25976,vr1lMXTfS2Gu6RIv8M6lAA
650,CleanNamespace#7117,1723734285109,3,25978,20338,77934,1.0,0,3,3,20,SUCCESS,25978,8Iil947WQiKhKyEtAX5hUA
651,ImportantArchitect7c6911,1722480337718,3,25995,24454,77987,0.0,0,0,0,5,SUCCESS,25995,s1PJfv_BQgiBOnUEslpNBA
652,Full-Throttle-19891206,1724594993744,3,25999,24130,77999,0.3333333333333333,0,1,1,13,SUCCESS,25999,xt5StUtKSl6MHbVVYY81iQ
653,THINKAI-ANGELINAUGUSTINA,1724453784258,3,25999,22204,77999,0.6666666666666666,0,2,2,19,SUCCESS,25999,MVo8pN2wQReMH64AdhXkWA
654,Lee0602,1724308428392,3,26044,20859,78132,2.0,0,6,6,1,SUCCESS,26044,ZHF2XODuQbS-C6lN50M2PQ
655,Mike211,1724082794500,3,26046,25604,78140,0.0,0,0,0,16,SUCCESS,26046,rgZhd0J7TBGwBO4GPYC3yg
656,MUBK-TakehikoTomita,1723379175727,3,26062,23995,78188,0.3333333333333333,0,1,1,16,SUCCESS,26062,Yfzj4NBjRq-sSCuxJ4PNBQ
657,ImportantArchitect6ea3a5,1722527864833,3,26064,23660,78192,0.3333333333333333,0,1,1,4,SUCCESS,26064,reTblg-3QKuWs4bubsorzQ
658,ComplicatedComment#3407,1724549682740,3,26064,18867,78194,1.3333333333333333,0,4,4,1,SUCCESS,26064,1v6M-kpNSNCPtYZO7NfRxQ
659,AutonomousAccelerators-Gautham-S,1724493829933,3,26071,25871,78213,0.0,0,0,0,24,SUCCESS,26071,rDAp4NjWQCSR5uuFB8xuYQ
660,Dawid,1724964366663,3,26077,26062,78233,0.0,0,0,0,1,SUCCESS,26077,a50U23z0RtqGmRNmgTpaLA
661,Marvel-McSpeedy,1724401482034,3,26087,21390,78261,0.6666666666666666,0,2,2,29,SUCCESS,26087,yGeCv9XdTd2YBGdyHDaFcQ
662,BJSS-Enginever,1723294828364,3,26105,25005,78317,0.0,0,0,0,3,SUCCESS,26105,Ym4u3vKwSOSEhejti-8AYQ
663,SG-JPMC-03,1723211959414,3,26132,25803,78397,0.0,0,0,0,18,SUCCESS,26132,LJzDpiNuTFeHu9dsqp1APw
664,ImportantArchitect68cb81,1722491671115,3,26150,25461,78452,0.0,0,0,0,3,SUCCESS,26150,cB4Y9O7rSCaXtZgjFdIxUA
665,UpdatedSequence#7601,1724522086073,3,26152,23996,78458,0.3333333333333333,0,1,1,15,SUCCESS,26152,LNcZgwkMTNSNpbdGoeOCMw
666,ImportantArchitectfaf1bd,1722514844968,3,26153,25855,78459,0.0,0,0,0,10,SUCCESS,26153,-g4Hh8t7S3-Xff2bHJ9KJQ
667,MUMSS-AyumuTominaga,1724075329078,3,26153,26004,78459,1.0,0,3,3,18,SUCCESS,26153,tjONpUc0ShqUtZ9dXEmSwA
668,JPMC-Columbus-001,1724788367438,3,26175,24265,78526,1.3333333333333333,0,4,4,26,SUCCESS,26175,7af1a95891764d3493afdw
669,Vitor-Couto-Neural-Nitro,1724254196427,3,26177,24469,78532,0.3333333333333333,0,1,1,15,SUCCESS,26177,Hs_sHYn6Su6YRZ9IaWdbaQ
670,BLR-DR-016,1722758850286,3,26197,23000,78592,0.6666666666666666,0,2,2,11,SUCCESS,26197,Jo66tsPYSXu-Edb3T3C6VQ
671,AugustoPatsch-Rust-eze-SPIA,1723039083066,3,26198,23673,78595,0.3333333333333333,0,1,1,4,SUCCESS,26198,iR-b210_TJuhsYHMrPJKdg
672,Autonomous-Aces-Gowtham,1724449804717,3,26205,26131,78616,0.0,0,0,0,26,SUCCESS,26205,33mA4Sk7QDq59Je4ENBfgg
673,DXPF#demo,1722994581103,3,26218,22320,78654,0.6666666666666666,0,2,2,1,SUCCESS,26218,QfrZ05t4TAq3i5ugzYirOg
674,RX-78-2,1724444984964,3,26219,26058,78657,0.0,0,0,0,6,SUCCESS,26219,zTHkz3K5TKOZVb32p8SX0g
675,RAMYA-TT,1724486026834,3,26235,24067,78705,0.3333333333333333,0,1,1,22,SUCCESS,26235,dhw7EKBxRX-pvS7sYn8r4g
676,RecursiveBottleneck#1972,1724480515474,3,26242,25472,78728,0.0,0,0,0,16,SUCCESS,26242,HeYxwC7WT7S24PC3msbMYQ
677,teamEW,1723898980867,3,26242,26061,78726,0.0,0,0,0,49,SUCCESS,26242,Eqb88WDVTd6Eh7qqgk_42w
678,D-clan-veeshavan,1724518788940,3,26258,25737,78776,0.0,0,0,0,3,SUCCESS,26258,B3f5oAluRka-f3p5_RKJPw
679,JPMC-MUM-006,1723921558600,3,26262,21393,78787,1.0,0,3,3,8,SUCCESS,26262,mvhmcw-ET5igAaFz3O6kGw
680,AsynchronousDigit#1151,1722532086847,3,26263,26071,78789,0.0,0,0,0,10,SUCCESS,26263,PzlqbcKpRUuopisnbmOEOg
681,EduardoLima-WEGMotorSport,1723121089567,3,26263,25334,78789,0.0,0,0,0,4,SUCCESS,26263,URBhs6ttSiCxQxM41L0kVQ
682,Team-Chicane,1724677326143,3,26266,22127,78800,0.6666666666666666,0,2,2,11,SUCCESS,26266,eEarCTBMTe-9dFD9jM28oQ
683,DigitalOrder#6547,1724242992747,3,26284,25931,78854,0.0,0,0,0,26,SUCCESS,26284,2nXDXbC2SFqoJvJHWXQNMQ
684,InteractiveBottleneck#9530,1723980454950,3,26285,23535,78855,0.3333333333333333,0,1,1,38,SUCCESS,26285,L6HKuOBRQKqDS5Zlom3ExQ
685,WebAbstraction#4770,1724486982919,3,26330,26276,78992,1.0,0,3,3,31,SUCCESS,26330,JB32fh2oSqy1N1I2gtLVHw
686,AISPEEDSTERS-Vaishnavy,1724578953516,3,26332,24396,78998,0.3333333333333333,0,1,1,12,SUCCESS,26332,mk5NwS1uSTG1h6gzKlOP9g
687,MUBK-ProjectD-ShukoTakamura,1723473318120,3,26351,25467,79054,1.0,0,3,3,12,SUCCESS,26351,mTEpTdKER2-vUaGiBVOLOg
688,Agnesw555,1723036392744,3,26352,23669,79058,0.3333333333333333,0,1,1,5,SUCCESS,26352,g-o5AbTKRVq0wlA9npa0KQ
689,LETSRIDE3,1724477409113,3,26367,22939,79101,0.6666666666666666,0,2,2,50,SUCCESS,26367,kpjmHU7URniQMAlPqSTJdg
690,SoulSociety-darshan,1724449725347,3,26369,26131,79108,0.0,0,0,0,8,SUCCESS,26369,J2imSs8jQUWukW2T5GYz1g
691,TheDream-Abhiroopa,1724475407546,3,26374,26338,79124,0.0,0,0,0,17,SUCCESS,26374,tif7EsuLSnaefjCgWGmB7A
692,JohnM-StrongCoffee#,1724353445119,3,26375,22795,79127,0.6666666666666666,0,2,2,7,SUCCESS,26375,wafb5kHFRsC6F3HrykOl0A
693,maimai-DNPds,1724138061791,3,26375,23861,79127,1.3333333333333333,0,4,4,1,SUCCESS,26375,ryz67FyKSXeRfzdmvfPzcg
694,ImportantArchitect3e5bfe,1722568185280,3,26377,22666,79133,0.6666666666666666,0,2,2,5,SUCCESS,26377,-XRvYM62TEuHOz1Dyur6Cg
695,Kave4Lumen,1724933407124,3,26398,22070,79194,0.6666666666666666,0,2,2,31,SUCCESS,26398,w5n24VrgSL6pBUmTgu8ugw
696,Cloud-Ultra-Pro,1722961581139,3,26410,23164,79230,1.6666666666666667,0,5,5,3,SUCCESS,26410,R22FBKQsSMKmRaTpNdD76A
697,Airton-LoremIpsum,1723172746002,3,26419,24790,79258,0.3333333333333333,0,1,1,1,SUCCESS,26419,Bi-8hfPqQBCLqHyzrNmwpg
698,ImportantArchitect35c00a,1722522825245,3,26420,25803,79260,0.0,0,0,0,2,SUCCESS,26420,zvadXoZ2RE6NwKS2x7iozA
699,MUTB-MNSpeedDemons-TomohiroMaeno,1723426487908,3,26421,26126,79263,0.0,0,0,0,16,SUCCESS,26421,c8_o5D-aQkyP52RaYiz5ww
700,MUMSS-YutakaKunisato,1723304796381,3,26441,22203,79324,0.6666666666666666,0,2,2,16,SUCCESS,26441,WEGhVUuOTvujrLdAQkWIuQ
701,AleCi,1722500918521,3,26464,26139,79392,0.0,0,0,0,10,SUCCESS,26464,R3HcTqybRx26I4O6xo9Qcg
702,raZs,1723225876677,3,26464,24000,79393,0.3333333333333333,0,1,1,11,SUCCESS,26464,5PFarl3qQc-mTgORU3cmew
703,PedroHenrique-MachineDrivers,1722914066606,3,26466,26059,79398,0.0,0,0,0,6,SUCCESS,26466,bTRGL9F4QtGSKFbz0QVMqw
704,claudIA,1724875595948,3,26489,25867,79468,0.0,0,0,0,4,SUCCESS,26489,xVcZGyC6Q5qUevYccVUqSw
705,ASCIIModel#6295,1724574210313,3,26508,26198,79525,0.0,0,0,0,18,SUCCESS,26508,UMvmvhHjQOCZnZgYCPT7Lg
706,JPMC-DFW-DeepRacer1,1723620080412,3,26509,25532,79528,0.0,0,0,0,43,SUCCESS,26509,7470C6uKS4yC-Q7TV4qjGg
707,ASP-Eliminators-Akshayaraajashrri,1724130081028,3,26531,25801,79593,1.0,0,3,3,21,SUCCESS,26531,CbcP8LWWSZCvmNqpylmHxA
708,ImportantArchitect72165d,1722536853020,3,26551,24192,79653,0.3333333333333333,0,1,1,3,SUCCESS,26551,R1Ge14x2T2i36MQfYeEsLw
709,10xResource#5355,1724418202389,3,26554,26473,79664,0.0,0,0,0,16,SUCCESS,26554,jhZMvitoQXevFxW-4wRSJA
710,John-McSweeney,1723046804485,3,26556,23187,79668,0.6666666666666666,0,2,2,13,SUCCESS,26556,JLXYoOuGSr69rEk5jx7g3A
711,Team7-Tamil-Selvan,1724486092129,3,26576,24535,79729,0.3333333333333333,0,1,1,32,SUCCESS,26576,2Ybb0dOhST2CA08L1Fdbjg
712,VanessaParpineli-IAstec,1723134183535,3,26598,26204,79794,0.0,0,0,0,10,SUCCESS,26598,cmWlNWc2S2KIhzyZdYFCBw
713,LightspeedLambda#5656,1723654936630,3,26618,26525,79854,0.0,0,0,0,11,SUCCESS,26618,OqxZuHTMQze9pAIYbLXE3Q
714,PrototypeConsole#2559,1723311223285,3,26623,26075,79869,0.0,0,0,0,1,SUCCESS,26623,AqYWapUhTo-MwIdPRVbwWw
715,CyberneticTech#5080,1722882765179,3,26642,25725,79928,1.0,0,3,3,10,SUCCESS,26642,61nU8icTQpCpX3EQjCG6CQ
716,JPMC-BLR-Ferrari,1723012494494,3,26643,26468,79929,0.0,0,0,0,10,SUCCESS,26643,A4724nyYRPSlfEM4-dPp9Q
717,Engelse23,1724937281983,3,26643,23929,79931,0.3333333333333333,0,1,1,3,SUCCESS,26643,aShSPIIASgmYX0u1frj3kQ
718,JavaLambda#7813,1722994193272,3,26661,26058,79985,0.0,0,0,0,41,SUCCESS,26661,afLtBgqLSyKZISvcMV366g
719,RoydonAu-NTU-CCDS,1723625226587,3,26663,20726,79989,1.0,0,3,3,1,SUCCESS,26663,at8BAi9nR0aLCL7nfncCVA
720,FuturisticAnalyst#0733,1723344040749,3,26664,26131,79993,0.0,0,0,0,31,SUCCESS,26664,tsscUEEWR_qAuU2dt6w-OA
721,LionSita,1723460032354,3,26665,26399,79995,1.0,0,3,3,14,SUCCESS,26665,QNHXS5UdQkiLPbx_JJQk-A
722,sparkles-ilakkiya,1724454016949,3,26708,23062,80125,0.6666666666666666,0,2,2,11,SUCCESS,26708,ElLefTaoQpG3AoIueR-Gsw
723,Dgking-007,1724472304311,3,26710,26403,80132,0.0,0,0,0,39,SUCCESS,26710,2TWOz2FuQV-BpIAR67BaHw
724,Lightning-McQueen-Sruthi,1724944804013,3,26730,21204,80191,1.0,0,3,3,4,SUCCESS,26730,2vNTycQnQYK5IB2mP4R3yg
725,DReds,1723229196732,3,26731,26534,80195,0.0,0,0,0,3,SUCCESS,26731,ExkMtW9TQvyfl6MLLNU-hA
726,UsableMethod#5619,1722636522881,3,26753,24875,80260,0.3333333333333333,0,1,1,14,SUCCESS,26753,pcb1uADoTJesJ5Ar5JuJhg
727,Ares#540,1723787983098,3,26754,24066,80262,0.3333333333333333,0,1,1,1,SUCCESS,26754,Ly5f-rjCTHq9oVAMho3xYg
728,ImportantArchitect3ba173,1722560390505,3,26755,24672,80265,1.3333333333333333,0,4,4,7,SUCCESS,26755,27GmeykTQouZxjSvd26o1g
729,JPMC-JC-Speed-Daemon,1724335984326,3,26796,24872,80390,0.3333333333333333,0,1,1,19,SUCCESS,26796,8afnJoZMQ66K60JaXgi0nw
730,NumericSwitch#5726,1724535834580,3,26819,24471,80457,0.3333333333333333,0,1,1,11,SUCCESS,26819,PbrXdF_rRK2B4lSePEvkig
731,JPMC-DFW-DeepRacer2,1722497297450,3,26829,21130,80488,2.0,0,6,6,11,SUCCESS,26829,0bHKxSFCR2aL2CUrGAZRVQ
732,SneedRacer,1722948123332,3,26842,26340,80527,1.0,0,3,3,1,SUCCESS,26842,EprA2JZ7SsihMmzbw-RxpQ
733,gottueagles,1724003784147,3,26846,24063,80539,0.3333333333333333,0,1,1,20,SUCCESS,26846,nEn813DYTiqk78BFD7lWCw
734,MUBK-TeamCoCo-MahiroHata,1724076438289,3,26864,20868,80593,1.0,0,3,3,22,SUCCESS,26864,vjfe21XNTwC_DKvkAx1CSQ
735,NEVIL-J,1724463315383,3,26884,23391,80652,0.6666666666666666,0,2,2,10,SUCCESS,26884,0LmyS9KPQO-iHVwy91sSVA
736,HameenHitain#42,1722498587488,3,26886,24337,80658,1.3333333333333333,0,4,4,6,SUCCESS,26886,44YjKeFtRFyv_g8ljvEg1w
737,sandbox08,1722707176347,3,26893,22867,80679,0.6666666666666666,0,2,2,3,SUCCESS,26893,kgey93DNSD25qbJ67RZ-wQ
738,SulaimanL,1722502826808,3,26897,26533,80692,0.0,0,0,0,7,SUCCESS,26897,uAHDbip4R1qtp5IJ1uaeJw
739,WebTag#5573,1724575125106,3,26930,23600,80791,0.6666666666666666,0,2,2,15,SUCCESS,26930,MhQpCtEORwuZZxzFkwI6BQ
740,EncryptedHypothesis#7824,1724547038044,3,26930,24603,80790,0.3333333333333333,0,1,1,10,SUCCESS,26930,kC2aD5pxS8eMJlUJ0x55Tg
741,MUMSS-TatsuyaNagasawa,1723898402184,3,26931,22667,80795,0.6666666666666666,0,2,2,50,SUCCESS,26931,PMtjJ-2YSkGxMnw1fWVOMg
742,UnboundCircuit#4860,1724535586805,3,26932,26596,80797,1.0,0,3,3,9,SUCCESS,26932,-ujJedD0SRi2JWQhJAOrrw
743,AndreyMurara-TheChickenFeet,1722513177864,3,26954,26402,80863,0.0,0,0,0,31,SUCCESS,26954,7SQZjq6ISoCHtj3y2KEu9A
744,ReinforcedRacers-AishwaryaA,1724835127981,3,26974,26402,80924,0.0,0,0,0,2,SUCCESS,26974,oHByfwuzTASAOHfXzrkb3w
745,ArtificialTheory#4484,1724664974577,3,26975,26599,80926,0.0,0,0,0,6,SUCCESS,26975,sucHQ1OvQCCbPIuS-43dew
746,ConnectedByte#8500,1723674827366,3,26996,26597,80990,1.0,0,3,3,5,SUCCESS,26996,t3IYYgidStuk1_4QWwfr5w
747,denisgeorgescu,1724939209944,3,27019,22531,81057,0.6666666666666666,0,2,2,2,SUCCESS,27019,lkSZ3yJ1Q4mgLMmpqaGYDw
748,Kono,1724391912446,3,27020,22794,81062,0.6666666666666666,0,2,2,50,SUCCESS,27020,1cbNtvq_SlKsplu-EyE_IQ
749,TheDream-Kiruthika,1724530449932,3,27040,24930,81122,0.3333333333333333,0,1,1,21,SUCCESS,27040,fYxSGGA1RZ2YekX51dTHXg
750,RocketBottleneck#3326,1722823852105,3,27043,22735,81131,0.6666666666666666,0,2,2,17,SUCCESS,27043,u3uViHoHTva1Ju7XlZlz1w
751,GlobalSandbox#5883,1724448398552,3,27060,25000,81180,0.3333333333333333,0,1,1,16,SUCCESS,27060,NBov1g8CS5CJqTPRal4aJQ
752,Latchiya-TheDream,1724512215275,3,27061,26333,81183,0.0,0,0,0,12,SUCCESS,27061,H1aNaKiIRNCHEZUnoqM7zA
753,PrimeFunction#3566,1724574710817,3,27079,24866,81239,0.3333333333333333,0,1,1,1,SUCCESS,27079,tSeWQcpUSpymX8hR_eucLg
754,Elaine-CentroWEGSpeedAI,1723056199635,3,27086,22595,81260,0.6666666666666666,0,2,2,6,SUCCESS,27086,DlIeQS6UQGCyogk4p9X5HA
755,CodeTest#0305,1724440206425,3,27086,26725,81258,0.0,0,0,0,2,SUCCESS,27086,beszQ_82Rh6KA4RpEWx2MQ
756,ArielViray,1724433211890,3,27087,19603,81261,1.3333333333333333,0,4,4,8,SUCCESS,27087,jAyZAnDfQ5GMsl4qttRQFw
757,Clifi,1722524223519,3,27109,26599,81329,1.0,0,3,3,4,SUCCESS,27109,YdjWle2bQOGnAxo3udNZ9g
758,BetaLambda#1111,1724836566365,3,27109,27056,81329,0.0,0,0,0,1,SUCCESS,27109,HIxfwx-GT-eSzcMIILfIDA
759,Pay-As-You-Go#0001,1723677163469,3,27131,26599,81394,0.0,0,0,0,8,SUCCESS,27131,2i5R3tXsQma8c2JQthei6w
760,BLR-DR-002,1723975967234,3,27134,23064,81404,1.6666666666666667,0,5,5,9,SUCCESS,27134,Igj2rvcYQPiqLSD6Zzkhhw
761,BLR-DR-015,1723466553307,3,27153,20404,81461,1.0,0,3,3,5,SUCCESS,27153,fbr8oeOhRaOLNfGo_XpbUg
762,ImportantArchitect765482,1722583989857,3,27175,19729,81526,1.3333333333333333,0,4,4,2,SUCCESS,27175,got6tOiyRdGQDpuL3sMThA
763,TabletModel#2181,1722853945631,3,27197,26732,81591,0.0,0,0,0,8,SUCCESS,27197,Xa_uR5jWSA-IKZv0ptAeJw
764,RuyFerri#TheSOAPs,1723129521903,3,27199,26933,81599,0.0,0,0,0,3,SUCCESS,27199,8o1VeaWmTZeUY2RfzgxA6A
765,ImportantArchitect119b69,1722516909920,3,27202,23266,81607,0.6666666666666666,0,2,2,25,SUCCESS,27202,X8js0l8CSlWxOq0c9vHtqw
766,Raikiri,1724902818048,3,27220,25602,81662,0.0,0,0,0,1,SUCCESS,27220,sUTfu7IMT8mpMpUYt3IPBA
767,Itsme,1724755147887,3,27233,24529,81700,0.3333333333333333,0,1,1,1,SUCCESS,27233,arJyrM_DT8KQmofXGiatSg
768,SamiraUnidosdoRPA,1723130532182,3,27241,25067,81725,0.3333333333333333,0,1,1,2,SUCCESS,27241,2eOkjgJgQhiHtwcOt5RNqA
769,Functional486#3323,1724483373000,3,27255,24069,81766,0.6666666666666666,0,2,2,18,SUCCESS,27255,417naBRxQlGxxXjIf2NcjQ
770,HCAlsos,1724140282537,3,27262,26735,81786,0.0,0,0,0,15,SUCCESS,27262,Munh160SQROTssQHBnCB4A
771,CharlesLeclarc#R,1724945394624,3,27308,27129,81924,1.0,0,3,3,9,SUCCESS,27308,_hp07THlRCGuFO4j_vOHHQ
772,Thais-Certipliance,1722817833137,3,27308,24933,81926,0.3333333333333333,0,1,1,3,SUCCESS,27308,6_G82wDkSjKO_zePQ7GUfQ
773,MUBK-YokoSato,1723438666327,3,27329,27067,81988,0.0,0,0,0,4,SUCCESS,27329,z9NhgmcJRV2w6RcuMgE2ug
774,MUMSS-JunichiTakamura,1722693036228,3,27332,25335,81996,0.3333333333333333,0,1,1,13,SUCCESS,27332,TzVErklxTkego2g28jQTAQ
775,EncryptedPresentation#6379,1724556402635,3,27353,23601,82059,0.6666666666666666,0,2,2,10,SUCCESS,27353,0HwfeKJ4QteDPjZGSH8JrQ
776,SVSRace,1724957443908,3,27353,22864,82060,0.6666666666666666,0,2,2,8,SUCCESS,27353,wi52eN-lTbqsLzFXbCmE4g
777,AccessibleRequirements#5426,1724460645480,3,27371,25384,82114,1.3333333333333333,0,4,4,5,SUCCESS,27371,GE1m-97bSP2N7GyiL2L5ZQ
778,SecureBrackets#3118,1722478259430,3,27374,27134,82123,0.0,0,0,0,16,SUCCESS,27374,wd3enUxTSieYCSW1i9Et9w
779,jangjaeho08-6#6270,1724323314216,3,27375,24930,82126,0.3333333333333333,0,1,1,8,SUCCESS,27375,6C7BFw0NS0mTzyGhDCnD7A
780,AutonomousAccelerators-Jaarzina,1724466769904,3,27380,25137,82140,0.3333333333333333,0,1,1,18,SUCCESS,27380,c8IV8w_fT4GG21jtBaLK1A
781,Electronenthusiasts,1724439341160,3,27387,27265,82161,0.0,0,0,0,8,SUCCESS,27387,MUixxobkScO_Ot6ojEQgyg
782,ConnectedPatch#1382,1724694209367,3,27396,27217,82188,0.0,0,0,0,8,SUCCESS,27396,AzimA7AKTty1yfGUpVixKA
783,Duane-ZOE-version#1363,1723648342766,3,27396,26466,82189,0.0,0,0,0,15,SUCCESS,27396,0DUyOm_cQJSTxbVliQqfoQ
784,RecursiveNode#6429,1723584977262,3,27397,27128,82191,0.0,0,0,0,16,SUCCESS,27397,2B5jLWtdRDmTFfMjo7qGag
785,ImportantArchitect02920b,1722514872978,3,27398,25732,82196,0.0,0,0,0,5,SUCCESS,27398,U7jtS7LRSgSJ231nusOiBA
786,FabianoRocha-NeuralNitro,1724250996053,3,27419,27063,82257,1.0,0,3,3,4,SUCCESS,27419,sECPeZoIRAmpNapP_tR1nA
787,JPMC-TPA-SB000,1722602134891,3,27419,26538,82259,2.0,0,6,6,7,SUCCESS,27419,WTUg-fcURfyu_1IFEzaAng
788,MUBK-MizukiMori,1722694209133,3,27443,26268,82330,0.0,0,0,0,6,SUCCESS,27443,aA7HNNe8RLaxqF9BzFqfeg
789,CurlyCallback#4692,1723115746993,3,27464,23461,82392,0.6666666666666666,0,2,2,7,SUCCESS,27464,G_X5Nq8ARRqHHIyTvLROxw
790,Marianne-Marciano,1723736410059,3,27465,25202,82396,1.3333333333333333,0,4,4,17,SUCCESS,27465,s7-Egmv7TIOcSfFqCzHe3w
791,ImportantArchitecta91311,1722535558415,3,27467,23859,82401,0.6666666666666666,0,2,2,1,SUCCESS,27467,rkqqk_6STq21QFwkznzVgA
792,FunctionalAttention#6751,1724520336337,3,27484,25194,82454,0.3333333333333333,0,1,1,25,SUCCESS,27484,q8fxtPdvSP-xD0eF1MqocQ
793,MUTB-TeamBullMK2Hotshots-KotaFujiwara,1723496872111,3,27485,24803,82456,0.3333333333333333,0,1,1,39,SUCCESS,27485,6-UXMduETMOSMi0nkUjguw
794,FormulaicScope#1424,1722545205804,3,27487,23200,82461,0.6666666666666666,0,2,2,2,SUCCESS,27487,hasqo84dRKOawdQGRA_Dzw
795,StreetRacer#Rishaba,1724434865974,3,27498,25395,82496,0.3333333333333333,0,1,1,10,SUCCESS,27498,HhBFuZI5QHiAD9hkMWF4ZA
796,ImportantArchitectdba785,1722530208541,3,27552,27266,82657,0.0,0,0,0,1,SUCCESS,27552,rXYggX7JTzK8OTX3eK_R6Q
797,ProvisionalDeadline#5209,1724427213516,3,27572,25594,82717,0.3333333333333333,0,1,1,15,SUCCESS,27572,NKxKnDlzT4CN3v7-BaMcnQ
798,Yousuf,1722882597643,3,27596,27201,82788,0.0,0,0,0,21,SUCCESS,27596,AUUgWPINQyOVDV0ty-nKZw
799,Carlos-sAInz,1724834942739,3,27597,26935,82793,0.0,0,0,0,9,SUCCESS,27597,QcYHJH3mTIyaOWmXuxbepw
800,Juliano-DAJAlearning,1724274244677,3,27597,25406,82791,1.3333333333333333,0,4,4,11,SUCCESS,27597,4pr76mxOSrqGZ4JnXmyCiA
801,DraftBraces#1654,1723302289517,3,27598,17533,82794,1.6666666666666667,0,5,5,4,SUCCESS,27598,PyzaPGikQuyijL6DFTc9Dg
802,GenerativeArchitect#8807,1724141576873,3,27619,25604,82857,0.3333333333333333,0,1,1,1,SUCCESS,27619,7Hy7IpxcTCGRrkwq5IcDng
803,ImportantArchitect615e14,1722525727179,3,27620,21593,82862,1.0,0,3,3,9,SUCCESS,27620,KW5eHM_bSaGdcbogjXTW1g
804,ImportantArchitectedc973,1722521805043,3,27620,22131,82862,1.0,0,3,3,7,SUCCESS,27620,d_spYT2yQLOsdawUoHFy9A
805,Codehunters-Chandru,1724436423107,3,27641,23600,82924,0.6666666666666666,0,2,2,5,SUCCESS,27641,fTh4bQNxQ9St8DFYndOIHQ
806,SecureAnalyst#9768,1724381900970,3,27642,20923,82927,1.3333333333333333,0,4,4,17,SUCCESS,27642,MwT1M8aXQuKFos3KCCz1rA
807,JPMC-HK04-HongKong,1724481323444,3,27643,22388,82931,2.0,0,6,6,34,SUCCESS,27643,EgVFNiAfQeyFls3WLMSOgA
808,MUTB-TeamBigcranes-DaisukeKomori,1722761477476,3,27662,27130,82988,0.0,0,0,0,2,SUCCESS,27662,9pf9dBqKTHa5I5iMZBUB1A
809,ImmutableContext#1147,1724020811422,3,27663,26599,82991,1.0,0,3,3,16,SUCCESS,27663,eozS88VvToaVhbHxz47LZQ
810,ImportantArchitect7b7415,1722499118586,3,27664,23195,82992,0.6666666666666666,0,2,2,6,SUCCESS,27664,zjmx3s2vRjir20NWkvKeuQ
811,ImportantArchitect2eb42f,1722526941725,3,27684,27537,83052,0.0,0,0,0,1,SUCCESS,27684,bMu8_MSRQDylel1bsTqYqQ
812,JPMC-CLB-RoadRunner,1724869589191,3,27685,23741,83056,1.6666666666666667,0,5,5,2,SUCCESS,27685,AtdVzA8mQfGn28e9ZQGVCg
813,MUBK-ShihoIbaraki,1723299059996,3,27709,25539,83129,0.3333333333333333,0,1,1,7,SUCCESS,27709,5ptgLTusTuGVcpgk07NO5A
814,smartcrew-dhivya,1724527229344,3,27709,23931,83127,0.6666666666666666,0,2,2,27,SUCCESS,27709,hrfrJnT7Q0qR-z6zyI4jjQ
815,DBunn,1724773758713,3,27711,23862,83134,0.6666666666666666,0,2,2,6,SUCCESS,27711,ubQZdFq2R_Cb8VAwq_oUag
816,MatheusBrondani-RunIA,1723030987622,3,27753,25201,83260,0.3333333333333333,0,1,1,1,SUCCESS,27753,qJxrpkUeQ6ayQwL9hfM6jA
817,CTMahlangu,1724869566874,3,27773,24400,83320,0.6666666666666666,0,2,2,4,SUCCESS,27773,Wk2oeSGxQqe5E-QgN9X7hg
818,MUTB-TeamChikamax-Makiko,1722698809402,3,27775,27534,83326,0.0,0,0,0,28,SUCCESS,27775,b671fdBNSheUF-Sgwe-t8A
819,BrunoZendron-BAJAWTD,1723129698075,3,27775,23599,83327,0.6666666666666666,0,2,2,4,SUCCESS,27775,QW6B-QQxRgyawEzV5X-ndQ
820,LeandroVieira-QuickDogs,1722637153453,3,27775,26657,83327,0.0,0,0,0,3,SUCCESS,27775,_yHyhRNuQKO7VJ-X4Xe7-g
821,MUTB-TeamChikamax-KazunoriTerawaki,1723334629090,3,27797,25801,83392,0.3333333333333333,0,1,1,8,SUCCESS,27797,aHgIbwInSyOGTj6rfm8WSw
822,QualifiedSequence#6412,1724491180455,3,27803,27664,83410,1.0,0,3,3,18,SUCCESS,27803,pGR_YfbqSa6jrTjVa1yhCw
823,ThisArithmetic#0575,1724356159016,3,27808,24461,83425,0.6666666666666666,0,2,2,15,SUCCESS,27808,QGY3M9VGRwmbaJ36CyLJpg
824,TestableCommand#2177,1724481586215,3,27820,27724,83462,1.0,0,3,3,9,SUCCESS,27820,brHhoih-Tg-Kuco1UZj55Q
825,ImportantArchitect9d4c96,1722571366858,3,27841,23998,83524,0.6666666666666666,0,2,2,3,SUCCESS,27841,VhTazqB1Qze0p3wGczBp7A
826,ProgrammingResource#7678,1724529104840,3,27842,23939,83527,0.6666666666666666,0,2,2,23,SUCCESS,27842,11fCKN6pSjulPGsuweH4vQ
827,HashableNode#4592,1723039093345,3,27843,26803,83529,0.0,0,0,0,1,SUCCESS,27843,ga8sJ_LyRSmK7b1MW22mMA
828,Back2TheFuture,1723025249001,3,27843,27671,83529,0.0,0,0,0,4,SUCCESS,27843,sEx9JVCKTV-D_-iYO6-t4g
829,ImportantArchitectd53c99,1722509763961,3,27883,25869,83651,0.3333333333333333,0,1,1,12,SUCCESS,27883,ih-04i3OSBiPNR6rsvSY8Q
830,CodeArgument#3333,1724911973429,3,27885,21999,83656,1.0,0,3,3,2,SUCCESS,27885,cMluU5jrT-2NtYZNdFFuog
831,MUTB-AnzenUnten-TaroOkanojo,1723533994382,3,27886,25934,83660,0.3333333333333333,0,1,1,6,SUCCESS,27886,7JrUQSytTieEoOlp7U5xlQ
832,PrettoGustavo-WBSMaveriks,1722899158538,3,27888,25400,83664,1.3333333333333333,0,4,4,9,SUCCESS,27888,RjZZhFQwSdKJ9z3dBne8yQ
833,Trio-Racer-Angel,1724444398529,3,27902,23932,83708,0.6666666666666666,0,2,2,9,SUCCESS,27902,_G3yI3JpTcKpvTU_1OTi9Q
834,Marshmellow,1722910173480,3,27907,25533,83723,1.3333333333333333,0,4,4,2,SUCCESS,27907,3aa3b191d34f4a2f94dc1Q
835,kk#0303,1723106589028,3,27907,26253,83723,0.3333333333333333,0,1,1,3,SUCCESS,27907,Y7vzesooTjCgUcZmu6sdNw
836,ImportantArchitect1cdaa4,1722572206646,3,27910,23801,83732,1.6666666666666667,0,5,5,5,SUCCESS,27910,uzOO4-eWSJuLrij8lK6JSA
837,Danna#CAPTOM,1722595721423,3,27911,27661,83735,1.0,0,3,3,7,SUCCESS,27911,2G4iMKwvSQiWwJ7DzsWzZg
838,CyriacEdappully,1722521228178,3,27928,23394,83785,0.6666666666666666,0,2,2,18,SUCCESS,27928,PbW7huPoSuqWo3ql0A5OqA
839,ContinuousPackage#1218,1724912045602,3,27976,25405,83929,0.3333333333333333,0,1,1,8,SUCCESS,27976,I5sEFPx_Q0-w8biQ8wd-kQ
840,MUBK-TeamTIDBSmanagement-JakeEdwards,1723199576672,3,27999,24272,83999,0.6666666666666666,0,2,2,6,SUCCESS,27999,junh0vtuT5KuN66z4Oo_8w
841,MUBK-HikaruSakakibara,1722755166679,3,28021,22404,84064,0.6666666666666666,0,2,2,13,SUCCESS,28021,VXGNeFHwQQycM5GQO6TnGQ
842,JPMC-HYD-22,1724956889012,3,28062,27855,84188,2.0,0,6,6,6,SUCCESS,28062,2W0Uz-JGSGCBf6O5-rejAQ
843,Full-Throttle-19891206-1,1724964320276,3,28084,21799,84253,1.0,0,3,3,3,SUCCESS,28084,5bHUSuYDQ-OenJAi-VxWbQ
844,Archer,1723197822924,3,28085,27667,84255,0.0,0,0,0,27,SUCCESS,28085,p7ErzLtPRnecmAE047BoEA
845,MobileCircuit#3801,1724556352338,3,28086,24004,84260,0.6666666666666666,0,2,2,19,SUCCESS,28086,DLoqz1YUQuS1_IdD63UrSw
846,BenjiTheMaltese,1723432947432,3,28111,27810,84334,0.0,0,0,0,4,SUCCESS,28111,OmOSfTaNRo2MkfqTaqOryg
847,weis-NeuralNetNinjas,1723139108756,3,28151,27939,84455,0.0,0,0,0,3,SUCCESS,28151,S6GAfORLRkyxpcW-xXqT4A
848,TKU-CSIE-wei,1723726478041,3,28153,27866,84460,0.0,0,0,0,11,SUCCESS,28153,bBKLpMzqRS2YZTuLYVUmcA
849,BLR-DR-014,1722686347873,3,28173,24261,84519,1.6666666666666667,0,5,5,9,SUCCESS,28173,ucq3ap_uS_GSIauKXIXgew
850,BLR-DR-001,1724045134947,3,28174,26857,84523,0.0,0,0,0,31,SUCCESS,28174,YvlaCbHmTcK1pwMngoUyBw
851,bebe#0099,1724799814355,3,28174,22199,84524,1.0,0,3,3,12,SUCCESS,28174,WQdMET7xSd6DNRxiQtl9kQ
852,AbstractLine#1031,1724418544426,3,28176,27601,84529,0.0,0,0,0,5,SUCCESS,28176,WTbnfBRCShGDxEEHhbzxVA
853,2024chuncheon-26,1723479999315,3,28180,24401,84542,1.6666666666666667,0,5,5,3,SUCCESS,28180,scxS__QBTf667xwEV6kxwQ
854,Dclan-Veeshavan-1,1724484549991,3,28215,26317,84646,0.3333333333333333,0,1,1,14,SUCCESS,28215,fZgIUn_pTmOF2SCTfXN4Ag
855,Eviden-KnightRider,1723039796071,3,28218,25731,84656,0.3333333333333333,0,1,1,2,SUCCESS,28218,xa3ZvVNDTLCAoBUnUrjtSQ
856,FormulaicSchematic#4179,1724485905512,3,28220,27803,84661,1.0,0,3,3,21,SUCCESS,28220,A9OhvpgGTnuVYk76n-evvg
857,GoosieZA,1724338553204,3,28220,27332,84662,1.0,0,3,3,7,SUCCESS,28220,vA2ndlmUQiyhi0g5OIK0Fg
858,spartans-k,1724459953600,3,28239,28060,84718,1.0,0,3,3,8,SUCCESS,28239,BiiRQkNSSHOFZbfHExPJ2w
859,ImportantArchitectd979f6,1722497991106,3,28241,27928,84724,0.0,0,0,0,10,SUCCESS,28241,dL8kmdu6TyCj29HFmVLTuw
860,PlzWork#5681,1723753874861,3,28242,27002,84728,0.0,0,0,0,8,SUCCESS,28242,8PJmM0eCQT-D6lDH936reQ
861,BurnOut-Aswin,1724943219454,3,28242,27932,84728,0.0,0,0,0,3,SUCCESS,28242,saGCSt4mTnOK4J_WTqNhhQ
862,AI-SPEEDSTERS-SREEDHAR,1724492136413,3,28300,20598,84900,1.3333333333333333,0,4,4,5,SUCCESS,28300,DPXjGU6ASQWLKYFkivVVhg
863,BJSS-ST,1722498406641,3,28305,27981,84917,1.0,0,3,3,1,SUCCESS,28305,R3eSbMS4SDWkKslTpQyhbQ
864,BrainySystem#7545,1723679458379,3,28309,24400,84929,0.6666666666666666,0,2,2,7,SUCCESS,28309,BwZNJt1VSuCLWqOxUYu-Cw
865,MechanicalSpec#3919,1723511369166,3,28314,26397,84942,0.3333333333333333,0,1,1,1,SUCCESS,28314,dUr-w3xSTOSB6x0pfuk2aQ
866,FiniteMetaclass#4783,1724568709582,3,28330,25801,84990,0.3333333333333333,0,1,1,24,SUCCESS,28330,OjXlbXOQTS2BAu747Omvhw
867,--E2--,1722594422205,3,28332,24674,84996,1.6666666666666667,0,5,5,1,SUCCESS,28332,4eJQf1tiRFK1yE7PUW6CdA
868,jangjaeho08-5#4390,1724266528729,3,28333,25193,85001,0.6666666666666666,0,2,2,6,SUCCESS,28333,DvHCs64uSqqjFb3U7IGcow
869,Rukhsar-Bakhtaj,1723811795934,3,28354,25535,85062,0.3333333333333333,0,1,1,1,SUCCESS,28354,681NkhJESxmvjFnSCfz6OQ
870,seekers-sasmitha,1724475098200,3,28407,26469,85221,1.3333333333333333,0,4,4,17,SUCCESS,28407,lUNJSh7BS2-sr2yy4Fcrog
871,AnaClaraSouzaSantos-CircuitBreaker,1723157667512,3,28417,27999,85252,0.0,0,0,0,15,SUCCESS,28417,gLT82cnrRLySJPO5Cwo2rA
872,BLR-DR-013,1724763891882,3,28419,20939,85258,1.3333333333333333,0,4,4,9,SUCCESS,28419,9TUvai2zT6-jC5J4VM6uAQ
873,Bill-Faley-Eviden,1724783329031,3,28440,27861,85320,0.0,0,0,0,13,SUCCESS,28440,hlxkpMPcTIuKbwm6P8OXMA
874,JPMC-NYC-08,1723503519134,3,28440,23394,85322,1.0,0,3,3,11,SUCCESS,28440,vk8cQj0YQIiMydxWnDF8Pg
875,FuturisticArgument#3792,1723613543684,3,28442,24532,85327,1.6666666666666667,0,5,5,7,SUCCESS,28442,iv9S7YJTTKqB1EVXjanfPw
876,Team7--Tamil,1724504388333,3,28443,26472,85331,1.3333333333333333,0,4,4,9,SUCCESS,28443,ygCdmvnCTM2e5epK4EYpMg
877,TechTi-tans-Nithiya,1724436574996,3,28463,24198,85390,0.6666666666666666,0,2,2,7,SUCCESS,28463,nPr5wgJxSriKq1JwzRN4Tw
878,HelpfulServer#6768,1724038832973,3,28485,28203,85456,0.0,0,0,0,2,SUCCESS,28485,VmvRJKpqTz6eTEnZaRNiew
879,GodSpeed#5177,1723646098608,3,28486,21862,85460,1.0,0,3,3,9,SUCCESS,28486,ED7_1-v4QsCy7uJay5jxTA
880,AndrePeresGalera-DeepWeg,1723129121697,3,28507,24062,85522,0.6666666666666666,0,2,2,3,SUCCESS,28507,eECG0wNZTLq9yZkadV7iDw
881,DaslanMateus-IACelere,1724180291253,3,28529,23798,85587,0.6666666666666666,0,2,2,3,SUCCESS,28529,qeD74K4RTweSZSpKd9VXeQ
882,wellinton-wdcautomacao02,1722527552141,3,28538,26135,85616,0.3333333333333333,0,1,1,3,SUCCESS,28538,LIONoPjLRdGd5_G5puUCzA
883,TestableTester#6925,1723658167233,3,28552,24667,85657,0.6666666666666666,0,2,2,7,SUCCESS,28552,Qr2cLREISbahw6wdECBZXw
884,FiniteExpert#1156,1724711307431,3,28552,28332,85658,0.0,0,0,0,2,SUCCESS,28552,ZJ4ImmiWSreRTmg5rmHJKA
885,MUBK-EijiUrata,1723629562770,3,28573,27188,85720,0.3333333333333333,0,1,1,1,SUCCESS,28573,BHfvtVVZQP-8fxdfKNXH-w
886,D-clan-Aswin,1724424073004,3,28580,26268,85742,0.3333333333333333,0,1,1,4,SUCCESS,28580,rDVJwikfSuqDh2d_HmRWbg
887,WARRIOR,1724474997848,3,28597,28270,85792,0.0,0,0,0,7,SUCCESS,28597,BklwpkAJR32p-PiYx5PDkw
888,ImportantArchitectcdf0dc,1722575923549,3,28597,27733,85791,0.0,0,0,0,20,SUCCESS,28597,LU8aCGgPQKCH2McWSA12iA
889,UnicodeUpdate#2847,1724184871775,3,28598,27531,85796,0.0,0,0,0,19,SUCCESS,28598,gJLOq9O9QIeu31207V8ihg
890,PythonSchematic#8808,1724498567901,3,28626,23413,85880,1.0,0,3,3,15,SUCCESS,28626,69bCFMbMRY2T_OEqMVIytw
891,RobotExpression#9170,1722960373705,3,28683,23719,86049,1.0,0,2,3,6,SUCCESS,28683,ULYtNeS6Q0GAr_bAmibmiw
892,MUTB-TeamAnzenUnten-AkikoIshii,1722953461584,3,28686,28200,86058,0.0,0,0,0,23,SUCCESS,28686,3gqW8i28QbGj4wOTorxvWQ
893,Team-Alpha-NiteshV,1724532457455,3,28689,28596,86067,0.0,0,0,0,14,SUCCESS,28689,PWuhyu-fTSS5RtvppY1Znw
894,ByteRiot-SibiT2,1724481389603,3,28710,24799,86130,1.6666666666666667,0,5,5,11,SUCCESS,28710,hcVpN0ecSRyNEd40-vPGPg
895,TeamB#wuyidan,1723092975852,3,28712,25066,86136,0.6666666666666666,0,2,2,1,SUCCESS,28712,EoufMaFHTROBSQkkZ6T0-w
896,Zeddx,1724330390903,3,28729,28334,86189,1.0,0,3,3,10,SUCCESS,28729,lB7OvrjXS7CM0NMeM6IDPg
897,AbstractString#9013,1724581727671,3,28730,28398,86190,1.0,0,3,3,19,SUCCESS,28730,kKGbAWD3QEicJtyxTla8ng
898,761242500723-SG23-prakashph,1722674930782,3,28777,26335,86333,1.3333333333333333,0,4,4,7,SUCCESS,28777,z3Dr5_R7TpSBzhiXoJKspw
899,GOAT2024-PrakashK,1724869223467,3,28795,28320,86387,1.0,0,2,3,19,SUCCESS,28795,uU9umhjpQuG73KXV7G1F5Q
900,CriticalFormula#8261,1723368058468,3,28797,26398,86391,1.3333333333333333,0,4,4,19,SUCCESS,28797,-jDfOHfuTbGn1BZAIOpmFA
901,ImportantArchitect887904,1722543501142,3,28798,25068,86395,0.6666666666666666,0,2,2,5,SUCCESS,28798,b0s3VqGDTlimRhUQwwUPGw
902,QuickBreaker#6249,1723773083527,3,28819,24535,86459,1.6666666666666667,0,5,5,29,SUCCESS,28819,Wd8oy29tSieqtn9yTSmJVw
903,FiniteByte#6369,1724569120088,3,28820,28267,86461,1.0,0,3,3,19,SUCCESS,28820,pm2XredcRnOxOetS4-rTDw
904,Adiba-Baksh-Sage,1724145061433,3,28821,28728,86464,1.0,0,3,3,4,SUCCESS,28821,uiMYuqVGRzWhcQQld6CGAQ
905,TeamB-Kui,1723102925557,3,28840,26605,86521,0.3333333333333333,0,1,1,3,SUCCESS,28840,mfTzRRsjQ9yj8NyjovSkKw
906,DavidAndrewsAIMachine,1723156291683,3,28863,26863,86590,1.3333333333333333,0,4,4,3,SUCCESS,28863,7bp1IdCFTpGjsAJKszX6Pg
907,PDRulz,1724431168050,3,28864,25394,86594,0.6666666666666666,0,2,2,20,SUCCESS,28864,ULueF2HaQpmer8GQw5bLhQ
908,ImmutableDelta#6930,1724902082020,3,28885,24602,86657,0.6666666666666666,0,2,2,16,SUCCESS,28885,2H3Hu7YpRMmkJx5It3SeJw
909,MUBK-SeiyaTateiri,1724037635885,3,28887,24393,86663,0.6666666666666666,0,2,2,13,SUCCESS,28887,KsRcWG8TSsGMH73IeGbHew
910,EliezerLuisSchwab-AVM-Racers,1722536145062,3,28907,24131,86722,0.6666666666666666,0,2,2,9,SUCCESS,28907,9B7Ly1JaRgSyr-DL8j8_Gw
911,MUTB-TeamGeekRacer-KatsuhikoEbata,1723044691241,3,28908,27274,86726,0.0,0,0,0,12,SUCCESS,28908,buKJYH9FS4-NiqLU9EXAVw
912,Eviden-SharanJeevangi-India,1722502889073,3,28909,28133,86727,0.0,0,0,0,6,SUCCESS,28909,ahNlbPHuRHe5OrNByB0ojQ
913,DrPabloMP,1724926588870,3,28909,25266,86727,0.6666666666666666,0,2,2,15,SUCCESS,28909,ycnuCW_7Q_O4lTFAIKWWWg
914,LoopingNumber#3597,1722661506090,3,28910,26930,86730,0.3333333333333333,0,1,1,3,SUCCESS,28910,uvk8QMtlSkqj3IZQD4h0oA
915,Lucas-Alves-AVM-Racers,1723170755653,3,28914,25938,86742,1.3333333333333333,0,4,4,13,SUCCESS,28914,Jx4zTpa_RLCZVxrPOEerrA
916,Racing-Devil-Extream,1724573320377,3,28931,25323,86794,0.6666666666666666,0,2,2,32,SUCCESS,28931,h0cUtBVZQw6TWlObHWlwpg
917,MylenaAlves-IAstec,1723043877217,3,28952,28400,86858,0.0,0,0,0,8,SUCCESS,28952,-9as6c2oQWK72gQ3Zx5PUw
918,ImportantArchitectc8d105,1722564371719,3,28952,28400,86856,1.0,0,3,3,9,SUCCESS,28952,w0jlv6_mRjuYU-SEROVGtw
919,ThisArchitect#2747,1724921865685,3,28953,28002,86860,0.0,0,0,0,2,SUCCESS,28953,a1BzStNbS0KHmH7ZO9v95g
920,AlphaTest#5137,1724828170938,3,28953,24336,86861,0.6666666666666666,0,2,2,4,SUCCESS,28953,z9x4IwFITMSO74oKAI1LfQ
921,2024chuncheon-29,1723757478851,3,28954,25532,86862,1.6666666666666667,0,5,5,6,SUCCESS,28954,zuTgAAqKQ5ifsy64rhuhSQ
922,CleanCharacter#1442,1722869732135,3,28976,28190,86928,0.0,0,0,0,24,SUCCESS,28976,VaZ74EOtQ42poyIf-WvXtQ
923,NOVA3--O,1724442028255,3,28998,26658,86995,0.3333333333333333,0,1,1,21,SUCCESS,28998,Vqax8a2QTSyPX1YsWlK1xQ
924,BasifrankRacer,1724931838991,3,29019,24396,87058,1.0,0,3,3,16,SUCCESS,29019,SB6mlB4JQW29RWtMdVvRgA
925,Randal-VITURBORACER,1722594702315,3,29041,26800,87123,0.3333333333333333,0,1,1,17,SUCCESS,29041,GiJ3af0kScSfD6EJDS67XA
926,JPMC-PALO-ALTO-SGP-RACER,1723346040131,3,29041,24863,87124,1.0,0,3,3,11,SUCCESS,29041,B-rDqv6aRBOIaN0CGuCUmA
927,PrototypeSandbox#1292,1723723839113,3,29045,25596,87136,1.6666666666666667,0,5,5,13,SUCCESS,29045,Egglr0DmSw61LvmubS2fHQ
928,seekers-sowdhanya,1724478876239,3,29062,27187,87187,2.3333333333333335,0,7,7,18,SUCCESS,29062,L6xuXf5jQ6qav9NGMOkwcw
929,MAVERICKS-Joel,1724555527627,3,29087,27070,87261,1.3333333333333333,0,4,4,21,SUCCESS,29087,DlF2yS0kQ1ikEkEgM4KoKw
930,seeker-sowdhanya,1724560219973,3,29087,27065,87261,0.3333333333333333,0,1,1,10,SUCCESS,29087,7UaL1m6oSqiSTdgxbNX8KQ
931,KingYusufAweda,1724607925922,3,29087,25869,87262,0.3333333333333333,0,1,1,4,SUCCESS,29087,zmqJubKtTAmtW03Evt8srQ
932,VirtualVariable#7114,1724693273192,3,29109,25599,87327,0.6666666666666666,0,2,2,4,SUCCESS,29109,YygA9SorTUybAb05mPQGWQ
933,russelRacer,1724440431995,3,29129,27984,87388,0.0,0,0,0,1,SUCCESS,29129,wMG0MPh-QAyLKjectENt5A
934,AlexandreKirchner-WDCAutomacao01,1723138539565,3,29133,23533,87401,1.0,0,3,3,1,SUCCESS,29133,U0JEmHGRRJ-QVLDriYquFA
935,Byte-riot-Sachin,1724424705518,3,29152,29002,87456,1.0,0,3,3,13,SUCCESS,29152,RSTkA1ErSjaHDzkD7xFH6w
936,Ricardo-AIrtonSennaRacers,1722952759507,3,29154,26603,87464,1.3333333333333333,0,4,4,1,SUCCESS,29154,_d82lw7KTt2xILAE204yNQ
937,ImportantArchitect61d41d,1722583959396,3,29174,28668,87523,0.0,0,0,0,4,SUCCESS,29174,6ykDFN5ST6OKj6bSm91OLg
938,KaViArRa-Thennarasan,1724561964621,3,29176,29059,87528,0.0,0,0,0,6,SUCCESS,29176,D9PjRwZERM6Fj4q0n18ENQ
939,LoopingVariable#3383,1723753334702,3,29177,25339,87533,1.6666666666666667,0,5,5,8,SUCCESS,29177,V3Lp2x4IQYiXt77GkovCAg
940,Chicago-04,1724114409125,3,29198,25001,87595,1.6666666666666667,0,5,5,4,SUCCESS,29198,c1fbc98670324d0d8afdcw
941,Joel-007,1724502608098,3,29199,27204,87599,1.3333333333333333,0,4,4,32,SUCCESS,29199,glJk0dS9RXy7PsuuJxUU3g
942,NullValue#6198,1724525676502,3,29216,29003,87650,1.0,0,3,3,10,SUCCESS,29216,PtPe82RxStG41gAdipKbow
943,AgileString#0435,1724500378316,3,29218,24795,87655,0.6666666666666666,0,2,2,10,SUCCESS,29218,nh4Y8n_DSjeBCPLvKK0hTQ
944,FireFlies,1724925663265,3,29218,27000,87655,0.3333333333333333,0,1,1,14,SUCCESS,29218,8quh8vjOSO-WXw3EuJvd3w
945,Gunny,1724659081168,3,29220,25729,87661,0.3333333333333333,0,1,1,21,SUCCESS,29220,m5-I630sTqyWjEYTg5eO9Q
946,TheUltimateRacer#F1,1722552969431,3,29221,27064,87664,0.3333333333333333,0,1,1,23,SUCCESS,29221,Vadtk8BRQQC0AQ7bMnBnWg
947,MUTB-YusukeTanaka,1723367738387,3,29243,26726,87731,0.3333333333333333,0,1,1,10,SUCCESS,29243,I0K_lLr2TNCIsukVtctgyw
948,UpdatedDataset#2630,1724034566368,3,29263,29002,87789,0.0,0,0,0,28,SUCCESS,29263,VvljX_vWQ1WbbhXk7mZEFw
949,ImportantArchitectd67925,1722522939252,3,29263,25400,87791,0.6666666666666666,0,2,2,1,SUCCESS,29263,uVJ2ZFvuRfaeP4p7cGCz-g
950,Zaiwalla,1722580511774,3,29265,18931,87797,2.0,0,6,6,3,SUCCESS,29265,trMFvtDhRrSUINayOPX5ew
951,CompleteTheory#1130,1723192344792,3,29286,25931,87860,1.6666666666666667,0,5,5,6,SUCCESS,29286,Vl3NLa5-ShGNDIW9QXRFAw
952,IterativeAttention#5183,1723904585116,3,29287,28931,87862,0.0,0,0,0,1,SUCCESS,29287,Ssu7eiuFQNihtXVhLhDECw
953,raj-1205,1722630573952,3,29308,28527,87926,0.0,0,0,0,6,SUCCESS,29308,558a49745f8843aea7db6w
954,LDCR,1722874827924,3,29309,28935,87929,0.0,0,0,0,2,SUCCESS,29309,uoj5kKiISqSJRfrul1omdQ
955,FocusedArgument#4146,1723747453894,3,29326,27068,87980,0.3333333333333333,0,1,1,2,SUCCESS,29326,3tTfG1tiTAqZHqQcEpB9bA
956,GabrielMeurer-UnidosDoRPA,1722868087892,3,29330,27935,87991,0.0,0,0,0,1,SUCCESS,29330,kKEi1dnPRoSApemC73vC9Q
957,ImportantArchitecte606a3,1722516928048,3,29351,23790,88053,1.0,0,3,3,1,SUCCESS,29351,nx_t5H5qRnabSf17ImmuZA
958,tkd,1722978601092,3,29397,26400,88193,0.3333333333333333,0,1,1,49,SUCCESS,29397,4rgR_Q-3S86LDC0IYYKlqA
959,ImportantArchitect174de1,1722572960638,3,29423,24538,88270,1.0,0,3,3,3,SUCCESS,29423,NniOyTsRRR27pRzIQEcsyg
960,IterativeInterface#2542,1724651017531,3,29442,24601,88327,0.6666666666666666,0,2,2,21,SUCCESS,29442,RYc5AEMISGislt6Cz8ya_Q
961,DuaneNoWayWeLose#5529,1723644414541,3,29443,23869,88331,1.0,0,3,3,4,SUCCESS,29443,tGT-oO1CQJGEv3H3lP2osw
962,ProvisionalTech#4729,1724515577909,3,29455,29335,88365,0.0,0,0,0,7,SUCCESS,29455,AGhynwUFQGqIWLywd5Z8Jw
963,GT-Racing,1724674533910,3,29465,29062,88395,0.0,0,0,0,6,SUCCESS,29465,w9zvXqmyRFWjHCr1e_v0-g
964,JPMC-DFW-DeepRacer4,1724339413165,3,29466,26201,88398,1.6666666666666667,0,5,5,10,SUCCESS,29466,_GK0Ve_QTYazWBo_7MxktA
965,AccessDenied-Arya,1724554142251,3,29485,27595,88457,1.3333333333333333,0,4,4,22,SUCCESS,29485,Hnc0UhapQs61xVa8MpCQtQ
966,HelpfulArray#4560,1723441363261,3,29486,22129,88460,2.3333333333333335,0,7,7,14,SUCCESS,29486,0z6dhaxSQXWSI34-cYgBaw
967,RicardoMombru,1724959699492,3,29487,26788,88461,0.3333333333333333,0,1,1,12,SUCCESS,29487,dszNfs_HQQC-RAXiNtBM4A
968,SALMAN,1724865012662,3,29488,27197,88464,0.3333333333333333,0,1,1,1,SUCCESS,29488,a0UN1O-KSt-oDvlhinMKHw
969,Lucas-Butzke-WDC-DIGITAL-E-SISTEMAS-01,1723149242282,3,29506,29332,88520,0.0,0,0,0,5,SUCCESS,29506,I4F2t3SYQvS-_iV7bP1HKA
970,ThisTable#4016,1722843172395,3,29509,28999,88527,2.0,0,6,6,9,SUCCESS,29509,gQ4LlRxTSKK6q0CTp3wf4w
971,JC-JPMC-Pythonistas,1724259470279,3,29531,27132,88594,1.3333333333333333,0,4,4,7,SUCCESS,29531,881406a4a7be4e29b8c9bw
972,2024chuncheon-60,1724967308116,3,29531,26929,88595,1.3333333333333333,0,4,4,2,SUCCESS,29531,zj7OpJUHQd2PBfFsvl4vhA
973,ImportantArchitecta9ed50,1722523095449,3,29553,28936,88659,0.0,0,0,0,4,SUCCESS,29553,uawqVQwHQWKDC4YRqyUGxA
974,Throttle-Jammer,1722711190778,3,29555,28804,88665,0.0,0,0,0,1,SUCCESS,29555,ezHHndnyQeal4j3gnF1CwQ
975,ByteRiot-Sibibharathi2,1724462800130,3,29559,25339,88679,1.6666666666666667,0,5,5,24,SUCCESS,29559,AnzBuBJdQCutc7U2Hqsz-A
976,ImportantSlice#7193,1724862893981,3,29597,27328,88791,0.3333333333333333,0,1,1,11,SUCCESS,29597,s3FViOFRSq2Q_-nf1fpxHQ
977,cognoverse,1724466216256,3,29618,22193,88854,1.3333333333333333,0,4,4,28,SUCCESS,29618,uO1QmHNUS0GvtMLpWnyyRQ
978,ImportantArchitect6b09db,1722572541051,3,29619,27000,88857,1.3333333333333333,0,4,4,8,SUCCESS,29619,FyaqaGMuQMqJEc0afF_uhw
979,RocketMachine#9982,1724490290566,3,29635,27665,88907,1.3333333333333333,0,4,4,1,SUCCESS,29635,aIrCk62nRZ6MNOXuMPgZ9A
980,Pirates-of-racing-Narrmadha,1724514202661,3,29640,27464,88922,0.3333333333333333,0,1,1,8,SUCCESS,29640,fBrhjm9wQaeRdJklj6zokg
981,TestableCoder#5557,1722480440885,3,29642,29344,88928,0.0,0,0,0,4,SUCCESS,29642,1IMUJAeyTfqzxzl79X5p5A
982,Zero-dayMethod#1072,1723471483800,3,29644,21665,88932,1.3333333333333333,0,4,4,3,SUCCESS,29644,lsvuZOS2SgaXFG6gFxjUXw
983,ImportantArchitectd39524,1722502867180,3,29644,28530,88932,0.3333333333333333,0,1,1,15,SUCCESS,29644,tlPntaeYTpmc1zNUA3BJeg
984,ImportantArchitectf00eba,1722522771120,3,29664,20868,88994,1.6666666666666667,0,5,5,2,SUCCESS,29664,5aBh1FbMRymDJKY-PcGwxg
985,ImportantArchitecte6d681,1722506460729,3,29664,25530,88993,0.6666666666666666,0,2,2,2,SUCCESS,29664,0isZYaVKQmmjh1ltNivWmw
986,karthik-sekar,1723005780490,3,29664,28594,88992,1.3333333333333333,0,4,4,1,SUCCESS,29664,6OV3KUpzR3qmKPEdhkGOsA
987,ImportantArchitect2b8412,1722569799241,3,29665,26731,88996,0.3333333333333333,0,1,1,8,SUCCESS,29665,V_0z2BsUS4SEjmo8nICHHg
988,MUBK-TeamCoCo-KYamamoto,1723459151860,3,29665,29339,88996,0.0,0,0,0,4,SUCCESS,29665,xqwr66fDQg2ZFfZ4h_yTmw
989,IterableFunction#7929,1723490529798,3,29687,25127,89061,0.6666666666666666,0,2,2,4,SUCCESS,29687,2NXMBaezRmmIU8qQqP0_EQ
990,MUBK-TeamSasaki-YujiKawai,1722961111176,3,29707,28804,89123,0.0,0,0,0,33,SUCCESS,29707,iyIy9um4Szum_9cSmuG1Eg
991,FelipeAdriano-FeijoadaTurbo,1722803365377,3,29710,27665,89132,0.3333333333333333,0,1,1,5,SUCCESS,29710,hjaIW5iETUCqngXekivgGg
992,ImportantArchitect770721,1722532206414,3,29732,25668,89197,0.6666666666666666,0,2,2,2,SUCCESS,29732,hSJlnnVCTX2_caBE0xuVHA
993,MUBK-TeamCoCo-RikoIkeda,1723428091463,3,29750,26005,89250,0.6666666666666666,0,2,2,9,SUCCESS,29750,vhKmfPKfSXyjq4gyDC28HQ
994,AndreLeite-DAJAlearning,1724269745563,3,29752,29460,89257,2.0,0,6,6,13,SUCCESS,29752,jyTK-9qxRlCLc-225XO4eA
995,EsteemedValue#2822,1723485964084,3,29755,26655,89265,0.6666666666666666,0,2,2,3,SUCCESS,29755,Ql4ydVsrRViz1W90GQjTLw
996,FantasticFour-SatheeshVarmaA,1724748029936,3,29756,27934,89269,1.3333333333333333,0,4,4,3,SUCCESS,29756,vlysIAgUTdu9P0Ncx5TRUA
997,MUTB-Safetydrivers-YujiNiino,1722883378388,3,29796,28464,89390,0.0,0,0,0,4,SUCCESS,29796,w-eg61iSQQK_AJCBW6zSTw
998,ImportantArchitect286898,1722552009414,3,29797,27926,89392,1.3333333333333333,0,4,4,2,SUCCESS,29797,_jLVS4eUQhmTkdjWMkZUJg
999,ContinuousSwitch#3429,1724448984987,3,29798,27667,89395,0.3333333333333333,0,1,1,24,SUCCESS,29798,IUib3CDKQhaICRLQyLIQcg
1000,TabletLambda#7585,1723167681445,3,29819,29666,89457,0.0,0,0,0,1,SUCCESS,29819,_MLO358tR8-Y8SXLXbl3Mg
1001,InfiniteUpdate#2507,1724493268363,3,29863,27063,89591,1.3333333333333333,0,4,4,19,SUCCESS,29863,255qqGPET5qA8qsUf6h1UQ
1002,ImportantArchitectc76291,1722576522101,3,29864,22470,89593,1.3333333333333333,0,4,4,13,SUCCESS,29864,4vsmR5zvRwy_ZzsFgT93KA
1003,ImportantArchitect516aba,1722506928859,3,29887,24260,89661,1.0,0,3,3,5,SUCCESS,29887,l1esXjo1TwueRMDuPs49Qg
1004,RecursiveWorkaround#9905,1723769787051,3,29890,29668,89672,2.0,0,6,6,7,SUCCESS,29890,jibuK2SZSmiBadcDojSkMQ
1005,WebToken#1954,1724590171072,3,29908,29066,89725,1.0,0,3,3,1,SUCCESS,29908,xQSJRzA2SlW6f-8lCktyMQ
1006,FormulaicParameter#1610,1724850570600,3,29908,27657,89725,0.3333333333333333,0,1,1,5,SUCCESS,29908,5dbCThQtRHSF1srfpxD6TA
1007,KDsMinions#7032,1723658198325,3,29910,27666,89731,0.3333333333333333,0,1,1,5,SUCCESS,29910,j7wBkv_cQvy9J8k_ou7VKg
1008,Ashutosh#TheGlitcher,1724849680658,3,29953,29597,89860,0.0,0,0,0,11,SUCCESS,29953,UG5FKZD7TTGoFmooV_TVRw
1009,ImportantArchitect7436e0,1722510470987,3,29974,29003,89922,0.0,0,0,0,5,SUCCESS,29974,InQRm9hDSiiT5HCdEHiFYw
1010,CC-Racing-Team-1,1722934525689,3,29975,29261,89926,1.0,0,3,3,4,SUCCESS,29975,-g70SzeWQ1e9Tpox0rRJjQ
1011,LorenHicks-WilliamDoughetry,1723002322537,3,29998,25199,89996,0.6666666666666666,0,2,2,6,SUCCESS,29998,3MEyzQ-KTL2e6AAdPkhedw
1012,ShreyPareek,1722560559007,3,29998,29728,89995,0.0,0,0,0,14,SUCCESS,29998,26P6__7dRYKF1ofUhND1kw
1013,ImportantArchitectef59bb,1722516517919,3,29999,22136,89999,1.3333333333333333,0,4,4,1,SUCCESS,29999,B9uwKl7GRHKmLySCIjo3BQ
1014,GenerativeArray#1078,1724571328444,3,30018,27603,90056,0.3333333333333333,0,1,1,11,SUCCESS,30018,_vn0ISj5RsK6PdteSdxFDQ
1015,Forgotten-Indicators,1724154450091,3,30024,22335,90073,1.3333333333333333,0,4,4,18,SUCCESS,30024,snQ_0pvuSv-aeWcf9ge0Mw
1016,Artificially-IntelliGent,1723116915459,3,30063,28390,90190,0.3333333333333333,0,1,1,24,SUCCESS,30063,uAga7uCXR_OIayA6v3lHpg
1017,ImportantArchitect6541ec,1722579478348,3,30065,29604,90195,2.0,0,6,6,6,SUCCESS,30065,Xa8QqHSDS8SdvmdSE7o4wQ
1018,Kay10,1724746806215,3,30065,28935,90195,0.0,0,0,0,7,SUCCESS,30065,7HEyRr70TvuzBGLoxWLHtw
1019,SauroLeite-IAControls,1722865230172,3,30066,29530,90199,0.0,0,0,0,11,SUCCESS,30066,K2jlrcRsRqiLMDMyCXKuWw
1020,MUTB-MotonariSakai,1723364949134,3,30086,28460,90259,0.3333333333333333,0,1,1,11,SUCCESS,30086,fvYA78xpSMybUeMjbiihag
1021,MUMSS-UnVanillas-RyoYoshiike,1723216877820,3,30088,29673,90264,0.0,0,0,0,19,SUCCESS,30088,SxG3zKFoQiKrPCopo0RZAQ
1022,Darksmith,1724760614506,3,30105,25332,90317,0.6666666666666666,0,2,2,6,SUCCESS,30105,EbIAZb3YRZSAJ4w6Izu30w
1023,teste1,1723091138356,3,30105,29132,90316,0.0,0,0,0,1,SUCCESS,30105,n04oeSe7SyOcl6OoM5CBwQ
1024,MUTB-TkmKwd,1723043348809,3,30130,28933,90390,0.0,0,0,0,1,SUCCESS,30130,Mitaq78UR4uH6CJYM9BIOA
1025,JPMC-HOU-Gatcha,1723312761631,3,30131,27732,90395,1.3333333333333333,0,4,4,30,SUCCESS,30131,bKdLY_UJRQmXDOl1I8vbnA
1026,JoaoVitorSarti-MachineDrivers,1723052119326,3,30157,24736,90471,1.0,0,3,3,1,SUCCESS,30157,0o1bp65xSkCPpz5uPsEk3A
1027,Gopinathan,1724933617408,3,30198,27992,90594,0.3333333333333333,0,1,1,10,SUCCESS,30198,di3YsXmTSwKhNz8xLjYyyQ
1028,ProgrammingString#5821,1722903410790,3,30218,26198,90655,1.6666666666666667,0,5,5,15,SUCCESS,30218,UEa5mCLaQ3i7-fSw0tG3Mw
1029,indus4,1724312906025,3,30219,18324,90659,2.0,0,5,6,8,SUCCESS,30219,U_0zQzBMRa6sjNhjD6eU0Q
1030,UrgentEnvironment#1643,1724533736607,3,30219,27802,90658,0.3333333333333333,0,1,1,5,SUCCESS,30219,NKu5rjt3RZeDPPgXfFaRWQ
1031,IntelligentUpgrade#9827,1724542878096,3,30241,27730,90724,1.3333333333333333,0,4,4,4,SUCCESS,30241,sWKJdIEBQ8euZiuuQqEK3g
1032,TeamDeciders-Priyabharathi,1724168967648,3,30242,26203,90728,1.6666666666666667,0,5,5,1,SUCCESS,30242,wZSzEiwJTmOioaiYoWF9jg
1033,BenQ-TheStog,1723924572587,3,30243,27794,90730,0.3333333333333333,0,1,1,2,SUCCESS,30243,4-foK5k-R7mZcWLyi0F4xg
1034,ThisResource#2182,1723354042879,3,30263,27870,90790,2.3333333333333335,0,7,7,2,SUCCESS,30263,m2zmj8P9QiqBRiIC1jpCuA
1035,AlexandreScatolin,1723150015179,3,30265,27532,90796,0.3333333333333333,0,1,1,6,SUCCESS,30265,Sx9J7VdmS2GbMcE1DNFTHw
1036,ImmutableOrder#7698,1724830391233,3,30266,30132,90798,2.0,0,6,6,4,SUCCESS,30266,c2z9E8iKT02KLrQ5lbUfiw
1037,JPMC-DFW-DeepRacer11,1724173878361,3,30280,26259,90840,0.6666666666666666,0,2,2,4,SUCCESS,30280,IpXzPXjOQiGGeTcxXr3DcQ
1038,Vanez,1724432143678,3,30284,26794,90853,1.6666666666666667,0,5,5,13,SUCCESS,30284,x4V4UB83S8SrnXIYzp8ufw
1039,ThisParameter#4391,1724451494405,3,30347,26275,91041,0.3333333333333333,0,1,1,8,SUCCESS,30347,83SAeXB8SI2lo9t3cthzlg
1040,BetaTheory#5379,1722524421691,3,30352,26592,91056,0.6666666666666666,0,2,2,3,SUCCESS,30352,TT6kg7b5TYWIGr5HlDv3wA
1041,ImportantArchitect2ec3ee,1722586167950,3,30352,22268,91058,1.3333333333333333,0,4,4,1,SUCCESS,30352,_DeVWqxMTWG0dj2GLzlAFw
1042,Smartcrew-vignesh,1724122710661,3,30353,30140,91059,2.0,0,6,6,9,SUCCESS,30353,ML-1Ihu9QMG_1NSPW1yPeQ
1043,sandbox01,1723902553396,3,30353,24659,91061,1.0,0,3,3,8,SUCCESS,30353,1nhNKBkaQMKwuxDtW6koQw
1044,racecarnull,1723668335711,3,30355,30203,91066,0.0,0,0,0,3,SUCCESS,30355,6pXhHsyYRzavN-lgQoG6qw
1045,ImportantArchitect132a48,1722495105502,3,30375,28001,91126,0.3333333333333333,0,1,1,6,SUCCESS,30375,Ph1EDy0zTxWcPAUHwJ_WVQ
1046,NOVA3-O,1724507295493,3,30396,29269,91189,0.0,0,0,0,21,SUCCESS,30396,87ZsAi_4QMGVN_O3x8y2-Q
1047,MSEDU-S7,1724205427369,3,30398,18593,91196,2.0,0,6,6,1,SUCCESS,30398,RJKhPPcwRTuyTcJp9RVCsg
1048,bekiryildirim,1723854490387,3,30419,30128,91259,1.0,0,3,3,1,SUCCESS,30419,gjVFrGzuRIKVgbEbrJWZgg
1049,MUBK-MasaakiHigashiura,1723278023888,3,30420,26865,91262,0.6666666666666666,0,2,2,6,SUCCESS,30420,TB0Zus9-QKGflS6nZwU0Yg
1050,ImportantArchitect8f487a,1722577101078,3,30422,28463,91266,0.3333333333333333,0,1,1,10,SUCCESS,30422,NUOizdnRT7ursS9eA9HY0w
1051,MUTB-TeamBigCranes-YuraInomata,1723298462776,3,30440,30066,91322,0.0,0,0,0,7,SUCCESS,30440,FENWDWiXQVu0YCVdEP-GCA
1052,JPMC-JC-MacLearnen-RL,1723733876153,3,30441,24734,91325,2.0,0,6,6,2,SUCCESS,30441,PlB6UYgYSK-JUbiKTqUF8Q
1053,WebLanguage#4153,1724899056361,3,30443,28000,91329,0.3333333333333333,0,1,1,4,SUCCESS,30443,tGS_VX93QN6sBRj1VuWjnw
1054,2024chuncheon-52,1723738981895,3,30444,30135,91333,2.0,0,6,6,2,SUCCESS,30444,4d-m4ehlQNqbmr383gWqfw
1055,KDsMinions#48541,1723586946028,3,30445,28805,91337,1.3333333333333333,0,4,4,14,SUCCESS,30445,FjYL14V5SWKflYo28p0dag
1056,Asleep-At-The-Wheel,1724333132224,3,30464,28601,91392,0.3333333333333333,0,1,1,12,SUCCESS,30464,WY5wWVE_T9-dLJsaxK8vCw
1057,ProcessingTech#2314,1724510036438,3,30465,26394,91396,1.6666666666666667,0,5,5,6,SUCCESS,30465,mZqZdn9wTfONEs0aYtKimw
1058,DIEGOKRAUSE-TNE-IA,1722484539841,3,30485,26597,91455,0.6666666666666666,0,2,2,13,SUCCESS,30485,ZXCZtwZXQiWGxbFO7qKvfg
1059,BigDelta#8432,1724849908486,3,30487,28004,91461,1.3333333333333333,0,4,4,8,SUCCESS,30487,DWrhQSrpRXa_iHoOaHO48g
1060,Renan-Wacky-Racers,1723127644734,3,30490,25790,91472,1.0,0,3,3,6,SUCCESS,30490,1bRJopxlRcS64LypD1KduA
1061,LearnAndBeCurious#6304,1723746088463,3,30507,28731,91523,0.3333333333333333,0,1,1,9,SUCCESS,30507,5eNhDYCKTliSMrI5KBODWQ
1062,MAVERICKS-kamalesh,1724552221377,3,30508,26727,91526,0.6666666666666666,0,2,2,11,SUCCESS,30508,h_r7OPygS3uvm4AK82WH9w
1063,JPMC-DFW-DeepRacer9,1723603543385,3,30510,29931,91532,0.0,0,0,0,34,SUCCESS,30510,LPqSQTz6T22eT_XnK6kkJw
1064,Rigel,1724852780913,3,30531,29866,91593,0.0,0,0,0,14,SUCCESS,30531,NE9eEZ2ERNGMziBog5nrqA
1065,UnicodeRequirements#2408,1724462145716,3,30537,23274,91613,1.3333333333333333,0,4,4,21,SUCCESS,30537,SECa0HBmSa6sqFFWJ6DVBw
1066,NOVA3-0-KARTHIKA,1724529448946,3,30550,30133,91652,2.0,0,6,6,10,SUCCESS,30550,Vgc6tq16QeqaoIXgFmwNqg
1067,ImportantArchitect00e6f0,1722539420773,3,30573,27786,91720,1.6666666666666667,0,5,5,4,SUCCESS,30573,iPEFZlw_RuuaJ95P7aQ-_g
1068,ImportantArchitectdd8ab6,1722587766488,3,30575,24601,91725,1.0,0,3,3,1,SUCCESS,30575,mD1oFTIcRteY-bNq15KyMw
1069,ImportantArchitect4df40c,1722548876239,3,30595,28262,91785,0.3333333333333333,0,1,1,1,SUCCESS,30595,K9rquXuyQgOSz_uaC7STbw
1070,ImportantArchitect26d209,1722481645899,3,30599,28326,91798,0.3333333333333333,0,1,1,6,SUCCESS,30599,snVvJ78bSHus9mRHQz44nQ
1071,MatheusMandel-Rust-IAZE,1723114416344,3,30600,30329,91800,1.0,0,3,3,9,SUCCESS,30600,Dd6gxmKrS6ibRix8lUkQiQ
1072,UnboundLoop#2898,1724558693293,3,30600,27065,91800,1.6666666666666667,0,5,5,3,SUCCESS,30600,M6KWG5WsSOSjZUwTPvPlZg
1073,MUTB-AnzenUnten-EmiShiozaki,1722870160864,3,30619,26537,91858,0.6666666666666666,0,2,2,24,SUCCESS,30619,9v1f90-oSCeHvNg61-_3Mw
1074,OvernightSensations-Sowmya,1724487993819,3,30620,26595,91862,1.6666666666666667,0,5,5,19,SUCCESS,30620,G6Hwl2hSRnmBSmj2dWFSLg
1075,MUBK-KaoriYamada,1722657139620,3,30620,28463,91860,0.3333333333333333,0,1,1,15,SUCCESS,30620,BCz2zUw_TruJLq_Cc5p8ow
1076,BigPatch#8607,1723033556420,3,30666,24332,91998,2.0,0,6,6,1,SUCCESS,30666,S4xlIvynRqCUXxuWgH6tdw
1077,MUTB-YukiHashimoto,1723531304363,3,30667,28405,92001,0.3333333333333333,0,1,1,5,SUCCESS,30667,NEaD-dvPRq-nuIqch8Tc1g
1078,VelocityVipers-FR,1724161640438,3,30686,27535,92059,0.6666666666666666,0,2,2,2,SUCCESS,30686,x6EpqinNSzqu7MEITB27aw
1079,LucasMader-Innovators,1722514228815,3,30687,29004,92063,0.3333333333333333,0,1,1,3,SUCCESS,30687,x4DSiUnhRCK5j62NxnBZjw
1080,Turbo-Shaft-Ajeeth,1724927857593,3,30709,27204,92127,0.3333333333333333,0,1,1,3,SUCCESS,30709,vsRVJFs2RPyI7kKgDJdpwQ
1081,codehunters-Lakshmanan,1724348155610,3,30710,28864,92131,1.3333333333333333,0,4,4,10,SUCCESS,30710,eUFcrzycTtm9Gucu01syNA
1082,Weslley-TechTurbos,1722629887648,3,30715,25322,92146,1.0,0,3,3,7,SUCCESS,30715,kfDFCfMxRA-mLzzxS9JecQ
1083,BLR-DR-011,1724683734948,3,30730,26857,92190,1.6666666666666667,0,5,5,3,SUCCESS,30730,WFY8eLPuRrKoch8ySW9ybg
1084,Cleber-WMOMotores02,1722962280206,3,30731,29599,92194,1.3333333333333333,0,3,4,2,SUCCESS,30731,0HR-RhNcSI6LaHt01KJEVA
1085,MemoryTable#3636,1724306302838,3,30732,29936,92197,0.0,0,0,0,2,SUCCESS,30732,vPLUHGoxR66Q0ordmB1jGQ
1086,PastaEdible#9786,1724864926786,3,30752,27259,92257,1.6666666666666667,0,5,5,3,SUCCESS,30752,BSj2fxTqTPmazFxCO16fvg
1087,EliasPagnan-Rust-eze-SPIA,1722631178102,3,30752,26923,92256,1.6666666666666667,0,5,5,9,SUCCESS,30752,n_7Bpw9hQkyeCfroQ2Wvhg
1088,jangjaeho08-9#7028,1724763830430,3,30753,28534,92261,0.3333333333333333,0,1,1,11,SUCCESS,30753,1yFVHIPoTeKdvMXmmVjATg
1089,AIMEC-CO-ASHOK,1724490446744,3,30772,27068,92318,1.6666666666666667,0,5,5,8,SUCCESS,30772,u3uRpcw4R96IzPplMGsKTw
1090,GiovaneSabel-MachMachine,1722947555036,3,30775,26799,92325,1.3333333333333333,0,4,4,9,SUCCESS,30775,7Jdi5ninQt-nT9cREr6-Pw
1091,HumbertoSilva-IAControls,1723203080176,3,30795,30471,92387,2.0,0,6,6,9,SUCCESS,30795,SdxBIcxoQ2-8QDwb6b74-g
1092,FormulaRossa,1724405031254,3,30796,26398,92388,0.6666666666666666,0,2,2,6,SUCCESS,30796,RRiCpUnARfW4j0Z40hfK-g
1093,ImportantArchitect6029c4,1722583337549,3,30797,28796,92391,0.3333333333333333,0,1,1,9,SUCCESS,30797,Tqqc0pS0RkyTOfzWQ9UbKQ
1094,ImportantArchitect5893e9,1722496965920,3,30798,25659,92394,2.0,0,6,6,2,SUCCESS,30798,D7CuZhOmQaa-akrNbS79sw
1095,MatheusErnanReichert-AIrtonSenna,1723147339606,3,30819,27333,92459,1.6666666666666667,0,5,5,4,SUCCESS,30819,tLvULZMyS8-K04wK34N7-w
1096,ImportantArchitect3cd4d4,1722495026251,3,30841,22731,92523,1.3333333333333333,0,4,4,4,SUCCESS,30841,Alj9dvlXSUioXlf1kN1cag
1097,MUBK-YIijima,1723052534390,3,30863,28667,92589,1.3333333333333333,0,4,4,6,SUCCESS,30863,iSjNg-hDTgSJO-uFbaXRKw
1098,CreativeLanguage#6228,1724574083912,3,30885,26463,92656,0.6666666666666666,0,2,2,4,SUCCESS,30885,ElbCXgjYTra31k4-4py1fA
1099,ProvisionalObject#9208,1722949477936,3,30911,29463,92735,0.3333333333333333,0,1,1,3,SUCCESS,30911,nH7vv5pDSoGnWD9Ksr_pHg
1100,JPMC-HYD-TECHRIDERS,1724959818561,3,30913,28795,92741,2.3333333333333335,0,7,7,11,SUCCESS,30913,liKDowM7Rka8dOtW9yyAQw
1101,MikeGutierrez,1723084148432,3,30930,24532,92792,1.0,0,3,3,1,SUCCESS,30930,-mew1Dr_TP2jPMS1pHhMuA
1102,DraftCharacter#0646,1724488272970,3,30931,30399,92795,2.0,0,6,6,7,SUCCESS,30931,H2HhpbblRSS1GAUVuAXX9Q
1103,ImportantArchitect9ab049,1722582965004,3,30952,26999,92857,1.6666666666666667,0,5,5,2,SUCCESS,30952,03c5W6VtS266TmhMYcwrGw
1104,ComplicatedEngineer#2276,1723544080713,3,30953,30660,92859,1.0,0,3,3,14,SUCCESS,30953,wrbfirOVTQmZN7eUon-ChA
1105,ImportantArchitectdcb82d,1722495729177,3,30953,29137,92861,1.3333333333333333,0,4,4,7,SUCCESS,30953,QLd20QKSRDimpu9bEuPw4g
1106,Pirates-of-racing-nandhini,1724936964643,3,30955,30866,92865,2.0,0,6,6,5,SUCCESS,30955,aqUAQ35AQUeo7HDiIeoxTw
1107,ImportantArchitectd933ea,1722563810936,3,30974,26934,92923,0.6666666666666666,0,2,2,13,SUCCESS,30974,ucR_0sDnRSCZ6sre8fVfxg
1108,ImportantArchitecta7c5fd,1722515700681,3,30976,27599,92930,0.6666666666666666,0,2,2,7,SUCCESS,30976,53CRNmbaT8S1szSUawflSg
1109,Costa-CertipliancePilots,1722855824359,3,30977,25926,92931,1.0,0,3,3,3,SUCCESS,30977,mho9ATJvRsGZqOC1Xvxatg
1110,QueenBees-Sree,1724866166249,3,30996,30535,92990,0.0,0,0,0,5,SUCCESS,30996,qFj9IIJDQYyIcjDRa_XnPw
1111,Amol-Deepracer,1724926386233,3,30997,30662,92993,0.0,0,0,0,8,SUCCESS,30997,SreO18OFTCGPC3P5U1v3IA
1112,Eviden-ValerieRobin,1724422997641,3,31021,30732,93065,0.0,0,0,0,23,SUCCESS,31021,Qk_OU_61QZ2R6SM8oOqRpg
1113,QuirkyTech-IsaiahGoh,1722916256174,3,31022,30737,93066,2.0,0,6,6,5,SUCCESS,31022,SvvoeT6xQ3WZgKR14S_xLw
1114,TopGRacer#8889,1722472535955,3,31042,27524,93126,0.6666666666666666,0,2,2,6,SUCCESS,31042,xOrnIcTTQ4ySmRsVfZ8rtw
1115,ASCIIValue#7758,1724768052774,3,31045,26735,93136,0.6666666666666666,0,2,2,3,SUCCESS,31045,pSpQc11qRAm7cPtkxrRxOQ
1116,SequentialUpdate#9580,1723657257182,3,31087,30736,93263,0.0,0,0,0,11,SUCCESS,31087,JLiDQcURSBaBSjrnlhkP9w
1117,GenerativeWorkaround#7888,1724861412198,3,31107,30529,93322,0.0,0,0,0,2,SUCCESS,31107,e_necE9bRhaUCmML5VtX6A
1118,RicRacer,1723056094205,3,31108,30667,93326,1.0,0,3,3,3,SUCCESS,31108,K_td2U_EQfa-eQhDntlIYg
1119,ImportantArchitectee1fd4,1722533610669,3,31110,29258,93330,0.3333333333333333,0,1,1,7,SUCCESS,31110,d4RWIQeCRTyOV2BiVNxWBQ
1120,ImportantArchitect386802,1722532395920,3,31130,26606,93390,0.6666666666666666,0,2,2,5,SUCCESS,31130,PI6PuXcjSPSB5UC-X3vqEw
1121,Team-F#Li,1723100351927,3,31132,28994,93396,0.3333333333333333,0,1,1,4,SUCCESS,31132,0SWukmKzRga5nEtIpioT1g
1122,BetaDiff#7918,1724498638998,3,31168,24240,93505,1.3333333333333333,0,4,4,17,SUCCESS,31168,d-NTk6gXRZuxXmxX29fvqg
1123,MateusLanz-Senna,1723168708015,3,31174,25199,93524,1.0,0,3,3,2,SUCCESS,31174,GH3rHOuVR7G5EcyaYcQF_w
1124,SolvableEvaluation#4452,1724763618986,3,31199,29860,93597,0.0,0,0,0,3,SUCCESS,31199,JzY4Jzq6TCSiQZOY2PyDlg
1125,GeovaneCarvalho-IAControls,1722872096980,3,31218,28863,93656,1.3333333333333333,0,4,4,21,SUCCESS,31218,u70M56HZSi61nw-f8JFTKg
1126,WhoNeedsBrakes,1724241140898,3,31240,26863,93722,0.6666666666666666,0,2,2,7,SUCCESS,31240,h5PY7dsKQJWCmIRSZ11BbA
1127,Gasda-BAJAWTD,1723161224700,3,31241,30189,93725,2.0,0,6,6,3,SUCCESS,31241,TDFRK1_dSuGi8D0aWKtNiQ
1128,TeamC#gaoxing,1723097066001,3,31241,27334,93725,0.6666666666666666,0,2,2,2,SUCCESS,31241,47H0UEbDQ3iAOsAWdararg
1129,FuturisticTech#9451,1723748783438,3,31241,24732,93725,1.3333333333333333,0,4,4,12,SUCCESS,31241,RPhI8o8KTqGmgHa2BN1yTg
1130,PedroParra--Papa-leguas,1723069156880,3,31242,27731,93728,1.6666666666666667,0,5,5,1,SUCCESS,31242,LSWuKgLKSOyRswB5vi0I_g
1131,CleanSchema#9516,1723827124509,3,31262,27473,93788,1.6666666666666667,0,5,5,4,SUCCESS,31262,0s5TjuTKS5CPKCtmRlQJgg
1132,elyssajkim,1722777473031,3,31263,31066,93789,0.0,0,0,0,1,SUCCESS,31263,DcaljxMzTrmTkYH0_hNRyw
1133,UlhasDete,1724930143722,3,31263,28800,93791,1.3333333333333333,0,4,4,10,SUCCESS,31263,2M25wYWzQUCUf-V0kWSFog
1134,BA84,1722510026530,3,31264,27531,93794,0.6666666666666666,0,2,2,4,SUCCESS,31264,PGA8tUQbRsOdAkFm-FY_YA
1135,fts-kill,1724514644228,3,31278,29268,93836,0.3333333333333333,0,1,1,20,SUCCESS,31278,FqGMxBkTRDyvMIOg5fsgJg
1136,CriticalWorkaround#0174,1724578588094,3,31286,28133,93860,0.3333333333333333,0,1,1,20,SUCCESS,31286,585HdXryQk2KF8vMuqpVNw
1137,NOVA3--0,1724509070216,3,31295,30941,93887,2.0,0,6,6,16,SUCCESS,31295,06PqFsrfQNGEjPedF6Qn6w
1138,LuisScher-WMOMotores04,1722646559559,3,31307,30989,93921,2.0,0,6,6,1,SUCCESS,31307,XzqVv0UlQVyXguKnk-yzmw
1139,ImportantArchitect6e25e1,1722576946972,3,31309,24666,93928,2.0,0,6,6,7,SUCCESS,31309,6XchYYNHSzGBR3Eqq7p6Iw
1140,VariableValue#1320,1724504733354,3,31312,28067,93938,0.6666666666666666,0,2,2,7,SUCCESS,31312,WZL2b9GHSb6VdD5yR2yBPg
1141,BrainyTable#6086,1724576409808,3,31329,30190,93989,0.0,0,0,0,3,SUCCESS,31329,ZVBK9MaqTjOc9iTQbxw_ZA
1142,CleanSwitch#4154,1724655001132,3,31330,29331,93991,0.3333333333333333,0,1,1,1,SUCCESS,31330,r3V6rGDVQNq97t4qaDLizA
1143,ImportantArchitecte8157d,1722580940011,3,31331,29133,93993,2.3333333333333335,0,7,7,9,SUCCESS,31331,giDyS-9STTqameRb5HehoQ
1144,ImportantArchitectb2b33d,1722543303790,3,31352,31071,94058,0.0,0,0,0,16,SUCCESS,31352,UPmDPFrSQDKIXDIKHDsTbg
1145,RobotDataset#4457,1724268784579,3,31352,31130,94057,0.0,0,0,0,1,SUCCESS,31352,hjfW3PBVR3C64shtbjBcLQ
1146,BooleanString#2654,1723651624652,3,31353,29395,94061,2.3333333333333335,0,7,7,8,SUCCESS,31353,TEeV6K8mR4iCXlRnUJD-1w
1147,JPMC-Columbus-010,1724291914497,3,31354,31201,94063,0.0,0,0,0,19,SUCCESS,31354,Qo-9lOdqQq2yuIKhbp-u-g
1148,MUTB-AyakaKanbe,1723179501774,3,31373,30586,94120,0.0,0,0,0,13,SUCCESS,31373,fST9scxlSqigvv--FII-Lw
1149,LucaAlfaroRampineli-SymphonyAI,1722967038154,3,31375,28333,94125,1.3333333333333333,0,4,4,7,SUCCESS,31375,OvRitHXKTGWB0mDV6_RRXg
1150,RicardoWBesser-WEGTechRacers,1724286974934,3,31379,28332,94137,1.6666666666666667,0,5,5,7,SUCCESS,31379,RWuN1sDyRrOuyfNo6MxsDQ
1151,MUBK-YutakaHara,1723456755696,3,31397,26587,94192,1.0,0,3,3,3,SUCCESS,31397,sT176xNjRjiflGGCAsGDUg
1152,JPMC-Columbus-002,1722491029570,3,31409,27135,94229,1.6666666666666667,0,5,5,7,SUCCESS,31409,bf79533e497f4bb89ea79w
1153,JPMC-JC-AlgorithmAvengers,1723563030017,3,31419,30468,94258,0.0,0,0,0,1,SUCCESS,31419,Qbnf9ut5TDONrlhRBCXFOA
1154,MUBK-ShizumaTakahashi,1722739972441,3,31419,29462,94257,1.3333333333333333,0,4,4,6,SUCCESS,31419,6GaQIL49QU6GLnX7khM2Hw
1155,EncryptedDebugger#4892,1723128347580,3,31420,31069,94262,2.0,0,6,6,8,SUCCESS,31420,Br2sh58aR8-JDJ5B38oczw
1156,Angelica-ComissionaRacing,1723166902907,3,31420,29272,94260,0.3333333333333333,0,1,1,10,SUCCESS,31420,cvZlWAeKTdaJ78KA7ZuNhQ
1157,LoopingBreaker#9506,1723022178793,3,31421,30734,94264,0.0,0,0,0,14,SUCCESS,31421,g9ZPkDqxQIOU9ryMKz-G1A
1158,TRIACE-JOTHIKA,1724493485530,3,31450,23925,94351,1.3333333333333333,0,4,4,5,SUCCESS,31450,CnOgBpilSHmdYJ2nXIL0dQ
1159,JoaoPaivaDeepWeg,1722942662540,3,31463,27472,94389,0.6666666666666666,0,2,2,1,SUCCESS,31463,tc8_UZvLS6iu3Qbt0ypFaw
1160,PixFury,1724757979614,3,31465,31000,94395,1.0,0,3,3,4,SUCCESS,31465,NKFsNxIHSb-JPvBnA25e2A
1161,FocusedOrder#6350,1724909007411,3,31477,25331,94433,2.0,0,6,6,3,SUCCESS,31477,VYl3hfCXSbO2O7nfC9Ibcg
1162,mamanyo-BIP,1723539586008,3,31507,30527,94522,0.0,0,0,0,1,SUCCESS,31507,Uw7Ecs_RT8qV5yWn1M58yA
1163,TeamC#mapengfei,1723101792918,3,31507,29204,94522,0.3333333333333333,0,1,1,3,SUCCESS,31507,01WwXE6sTTq9GEm08bR_Tg
1164,THEINNOVATORS-DIWAKARAN,1724477910844,3,31508,29463,94524,2.3333333333333335,0,7,7,5,SUCCESS,31508,KNjE553UQWSNKU871ftJjg
1165,ImportantArchitectbf8c24,1722498597979,3,31553,23865,94661,1.0,0,3,3,2,SUCCESS,31553,9jmTMop4SRGzd-c8o4NUyg
1166,MobileBreaker#4647,1724854616945,3,31571,29926,94714,0.3333333333333333,0,1,1,2,SUCCESS,31571,1y7XzhMVT5-CgpV7DwOcpg
1167,InteractiveInterface#2636,1724574478131,3,31576,31401,94729,0.0,0,0,0,2,SUCCESS,31576,bxEDBwhRT4OnBGizioS-BA
1168,PeccyDay1Fans#123,1723740303192,3,31580,26204,94741,1.0,0,3,3,9,SUCCESS,31580,ziwkRHUCQtiWqLH3B5qUiw
1169,LucasBordignon-VingadoresDoAlgoritmo,1722726336386,3,31595,29395,94787,0.3333333333333333,0,1,1,10,SUCCESS,31595,qSsHK8iiRBa6gQj5iJccSA
1170,Gilvani-WMO-Motores-03,1723163297992,3,31596,29599,94790,0.3333333333333333,0,1,1,2,SUCCESS,31596,fYS5Rq3QTCO0iSILPYNP0Q
1171,ThisGrid#7585,1724831980112,3,31622,27338,94866,2.6666666666666665,0,8,8,6,SUCCESS,31622,izIYyR_KRreB2W2y3uqcpQ
1172,ImportantArchitectf78e1b,1722566971054,3,31641,27134,94924,1.6666666666666667,0,5,5,40,SUCCESS,31641,IGdv5oUeT3eLeVO_tqbsSQ
1173,DraftState#7280,1723479053753,3,31641,31066,94925,0.0,0,0,0,2,SUCCESS,31641,iBb7P1W0SeCQsXeQv2R_Gw
1174,MUBK-YukoNozawa,1723447634652,3,31644,28730,94933,0.3333333333333333,0,1,1,3,SUCCESS,31644,8dmuz_jRSFKERD_oTMMpow
1175,CleitonLubawski-IAstec,1722518708458,3,31661,31402,94984,0.0,0,0,0,8,SUCCESS,31661,rbTLrc6bSlWtVZ0HHFH4mw
1176,KishorW,1724929956565,3,31663,25932,94991,2.0,0,6,6,7,SUCCESS,31663,g-Mv0AQfTYmBYtHloblpQA
1177,TDS,1723623317702,3,31664,28460,94992,0.6666666666666666,0,2,2,1,SUCCESS,31664,0yucHm4oQP2AlvYQcHg3-w
1178,QuickLambda#8947,1724760513397,3,31665,29531,94996,1.3333333333333333,0,4,4,1,SUCCESS,31665,qep7WhQeQY2M5011xZboxQ
1179,MUBK-EMotoshige,1723474467109,3,31667,30528,95001,0.0,0,0,0,9,SUCCESS,31667,ztj3E9JDQNmrcOFsT-xmSw
1180,RenanVianaOliveira-FeijoadaTurbo,1722604408979,3,31688,29457,95064,1.6666666666666667,0,4,5,3,SUCCESS,31688,bYXDy8_RQEGxun0Te6VD8A
1181,Quost-MaqIndGensetMotoresSincronos,1723142919361,3,31709,30199,95127,0.3333333333333333,0,1,1,1,SUCCESS,31709,5lG-_vK_TcCr3jDch1E0Og
1182,INDOS,1724452534892,3,31716,31520,95148,1.0,0,3,3,25,SUCCESS,31716,t0GE6O1VQeephw4xhb9nLw
1183,THEINNOVATORS-SHAJITHA,1724426747865,3,31721,31341,95164,2.0,0,6,6,5,SUCCESS,31721,CkQJrpmpSvmkbnZ5qYc5fA
1184,FiniteExpert#0387,1724927888626,3,31731,29730,95194,2.3333333333333335,0,7,7,2,SUCCESS,31731,rREOrNoES_Wldrd_kf5D1g
1185,PrototypeDeadline#4280,1722534183844,3,31772,27726,95316,0.6666666666666666,0,2,2,1,SUCCESS,31772,sPxVL1vuQAGXkkk1hkaYtg
1186,ImportantArchitect9cf179,1722575500662,3,31773,28391,95321,0.6666666666666666,0,2,2,2,SUCCESS,31773,WxSEhSa8StSnp-qufHeIxQ
1187,MUBK-ProjectD-MasahikoKaneko,1723398207246,3,31775,29532,95327,1.3333333333333333,0,4,4,10,SUCCESS,31775,iDdvRIGXRBuqhsI0cyMhrA
1188,24LeeHyein,1724747538252,3,31798,27799,95395,0.6666666666666666,0,2,2,4,SUCCESS,31798,VrDKeo9ET2GtzNHOG3iwUQ
1189,NestedNotation#7025,1724259742219,3,31798,29870,95394,2.3333333333333335,0,7,7,5,SUCCESS,31798,YzSI-FV_QIG62xckbugeNQ
1190,GlobalOrder#6803,1723907607083,3,31818,27992,95454,0.6666666666666666,0,2,2,2,SUCCESS,31818,otIY69XmQzOPA0267yH7sg
1191,ntxracer,1722975371917,3,31819,30064,95459,2.3333333333333335,0,7,7,1,SUCCESS,31819,f-E0BiKNRrCumpV8ivZjXQ
1192,GoodmanKR,1723802687456,3,31841,28406,95523,1.6666666666666667,0,5,5,50,SUCCESS,31841,f905b742ca594aadb529eQ
1193,CyberneticPatch#7763,1724552213056,3,31865,31523,95595,0.0,0,0,0,6,SUCCESS,31865,vzRrA7ZQRv2wcWx2DSvsyA
1194,Matheus-WEGCorporativo03,1722877412871,3,31885,27195,95655,1.0,0,3,3,13,SUCCESS,31885,SaDe8PyJSA2jCdJ_rthe1w
1195,10xState#5081,1723219057138,3,31888,31201,95666,1.0,0,3,3,4,SUCCESS,31888,OnXaS5A2RoC-Azfy7G32vg
1196,Griff,1724627742700,3,31931,30536,95795,1.3333333333333333,0,4,4,2,SUCCESS,31931,xkbE64j-TfGUpG6uzj337Q
1197,ASCIIBuster#2600,1723136483677,3,31953,26331,95859,2.0,0,6,6,4,SUCCESS,31953,WGywk2HMQK6ofBTXGvi05g
1198,Pinto,1723500454883,3,31954,27998,95862,0.6666666666666666,0,2,2,3,SUCCESS,31954,2HK9bkKhSKK55xXkhFQ6dw
1199,ALL0085,1724167251831,3,31973,29867,95921,2.3333333333333335,0,7,7,5,SUCCESS,31973,SY480IxqRgmgd_T1Ry6QDA
1200,CompleteContext#2555,1724532361347,3,31977,29262,95932,0.3333333333333333,0,1,1,24,SUCCESS,31977,aObeyd1kTyS70-eDEnjHRg
1201,KKP-MLQualifier,1724916864541,3,31978,29534,95936,0.3333333333333333,0,1,1,18,SUCCESS,31978,4JhOtaHYS0uk1XCUechq0g
1202,Guna-Reddiar,1722526430977,3,31985,24658,95957,1.3333333333333333,0,4,4,1,SUCCESS,31985,qnAnPKi9SqGYigx_FBi12Q
1203,MobileCoder#3619,1724561984666,3,32020,28401,96060,0.6666666666666666,0,2,2,2,SUCCESS,32020,tVI7WovuQyK2tC3NrPp9ow
1204,MUTB-GeekRacer-HiroyukiMizukaki,1722859194008,3,32020,27998,96060,1.6666666666666667,0,5,5,11,SUCCESS,32020,28UcoDWuRGSpMGH0c7vz9g
1205,DraftResource#1894,1722511603972,3,32022,27136,96068,1.0,0,3,3,3,SUCCESS,32022,sK7XA7vpR6S2A5vNUtWp1g
1206,LCDR-Training,1722805641894,3,32064,28727,96193,1.6666666666666667,0,5,5,1,SUCCESS,32064,9X8ZFrkbRju9ubMMlP5GSw
1207,WellintonGandin-MachMachine,1724305904128,3,32086,28993,96259,1.6666666666666667,0,5,5,7,SUCCESS,32086,t_jaFTDOT8mitW6rY1YCYg
1208,CrashOuts,1723736426557,3,32087,29931,96261,1.3333333333333333,0,4,4,6,SUCCESS,32087,I5r8T0nHQfqLE-1JzHBnPA
1209,EncryptedUpdate#1776,1724521767447,3,32096,31931,96290,2.0,0,6,6,5,SUCCESS,32096,ALyQTWzBT728_2mmNJHi0w
1210,CrypticDebugger#1967,1723076549539,3,32106,28598,96319,0.6666666666666666,0,2,2,2,SUCCESS,32106,yE53L9WjS2ykZFMxehrlFQ
1211,LDCR-Camille,1722864943158,3,32130,30936,96391,0.0,0,0,0,3,SUCCESS,32130,IU88pK3GQyW_3u4sVDPpyA
1212,GabrielDeSouza-WMO-Motores-01,1722881294174,3,32131,31733,96393,0.0,0,0,0,21,SUCCESS,32131,L77ZcbN3RA-3AStjzOW-bQ
1213,MUBK-TakEnomoto,1723510925146,3,32131,30597,96394,0.3333333333333333,0,1,1,15,SUCCESS,32131,IghO4p8bTWGH2vjCH6Ltrw
1214,JoeSayed21,1724300271799,3,32132,26802,96396,2.0,0,4,6,10,SUCCESS,32132,Gm7v9q0jRP2wZMzmgolbWA
1215,Henrique-tshydro,1723117435861,3,32132,31863,96396,2.0,0,6,6,2,SUCCESS,32132,o7hQ_zs1TyKanlScVNKeAg
1216,Fabiola-RelampagoMarquinhos,1723142685818,3,32151,30607,96455,0.0,0,0,0,4,SUCCESS,32151,BdrXI1bpT7ix6N8RqwAZFA
1217,MUBK-HiroyukiMotoyoshi,1722610845948,3,32153,29539,96461,0.6666666666666666,0,2,2,38,SUCCESS,32153,mjCmTnuCS6ONEOpY3Ej45Q
1218,HelpfulDigit#1796,1723841422817,3,32175,28659,96526,0.6666666666666666,0,2,2,3,SUCCESS,32175,I2eFlT1UR-29UynyCIhzzQ
1219,LucasAz,1723151654060,3,32220,26339,96661,1.0,0,3,3,3,SUCCESS,32220,bVxQOk-iT1yqfrgsomAGTQ
1220,QueenBees,1722491690267,3,32220,28667,96660,0.6666666666666666,0,2,2,4,SUCCESS,32220,zCedWvvPRdi1jA_4BcCaPA
1221,RecursiveTester#7860,1724428599332,3,32265,28069,96795,0.6666666666666666,0,2,2,1,SUCCESS,32265,yxnRIDwFRs2llPlMSFYQZg
1222,SG-JPMC-01,1723164779848,3,32286,26532,96859,0.6666666666666666,0,2,2,10,SUCCESS,32286,a7S2V2QUTU6tPOYpA8RePQ
1223,SG-JPMC-04,1723302737382,3,32308,29526,96926,1.3333333333333333,0,4,4,4,SUCCESS,32308,N_mQ_JMLRjul1Dirr3mkPg
1224,ImportantArchitectbb79f0,1722520155384,3,32308,28267,96926,1.6666666666666667,0,5,5,5,SUCCESS,32308,BDKqoz2pQHqlQP4Pr0uvQw
1225,IterativeSwitch#6517,1724274437106,3,32310,28464,96930,0.6666666666666666,0,2,2,3,SUCCESS,32310,HzT-dfy8ST-qj-fI33-K6g
1226,ImportantArchitect474daa,1722517438591,3,32314,29876,96944,1.3333333333333333,0,4,4,3,SUCCESS,32314,IE5Vgc72RCychV-t61v6sw
1227,ImportantArchitectfc93b3,1722506089442,3,32328,25661,96985,1.0,0,3,3,13,SUCCESS,32328,DWuEliZ5Tx6BtITTn-eQDQ
1228,MarceloF-IAstec,1722627158500,3,32331,29204,96995,1.3333333333333333,0,4,4,11,SUCCESS,32331,gvQvJHJJQaKGuSf_-bMbDQ
1229,RacerX#0789,1723667971466,3,32331,28794,96993,0.6666666666666666,0,2,2,13,SUCCESS,32331,2v6BmeYDQ4-SileGd_GG1A
1230,InfiniteSchematic#4523,1723056898956,3,32353,31935,97059,0.0,0,0,0,1,SUCCESS,32353,P_tUa7UBTlWtdhsJDW9gdQ
1231,ImportantArchitectc5a9de,1722496825646,3,32353,24728,97059,1.3333333333333333,0,4,4,4,SUCCESS,32353,G9eW2B-mQ-ya1uBebUB4IQ
1232,uuuhhhhhhh#5384,1723657590981,3,32353,27739,97059,0.6666666666666666,0,2,2,7,SUCCESS,32353,PrNFncgrRea1GAd5MXhFtw
1233,TeamA-chenliteng,1723093481605,3,32354,30937,97062,0.0,0,0,0,1,SUCCESS,32354,CXjtwn6QRF2JiR7G7SCsDw
1234,MUBK-TakahiroIshii,1723219547375,3,32354,31521,97064,0.0,0,0,0,11,SUCCESS,32354,u97vzIOJQrWZ3Ex6xhgDJQ
1235,MSEDU-S3,1724205431393,3,32375,30521,97125,0.3333333333333333,0,1,1,3,SUCCESS,32375,610JeP3hRkmjuhaESDa1Dw
1236,ThisDescriptor#6221,1722566561220,3,32381,29865,97143,1.3333333333333333,0,4,4,20,SUCCESS,32381,ZXn9pqDuQj2_FOCJntsDSQ
1237,Mach5#2294,1722941615063,3,32395,32132,97186,0.0,0,0,0,10,SUCCESS,32395,NDHnKgvrSEqrBpnW7lhPsQ
1238,PaulShields,1723127907814,3,32396,30199,97189,1.3333333333333333,0,4,4,1,SUCCESS,32396,Y-vRfb4hQgC7MFkW2WEoNw
1239,Mariano-HenkoAR,1722826755447,3,32421,30199,97263,1.3333333333333333,0,4,4,1,SUCCESS,32421,XE1weiGGREujnfJv4Kt1wQ
1240,C10GDN,1723982555221,3,32440,27390,97322,2.0,0,6,6,2,SUCCESS,32440,wOORC5O2QAGocLvN-026CQ
1241,EquityAlgo-No1,1723960402421,3,32442,24003,97327,1.0,0,3,3,8,SUCCESS,32442,z5oi31xPRLKKYI8AWeku1w
1242,LeetLoop#7731,1724477854882,3,32443,32066,97329,0.0,0,0,0,6,SUCCESS,32443,hLavaGlBRD-rn8S5SoXlYQ
1243,CalvinO,1724411579267,3,32443,29935,97331,1.3333333333333333,0,4,4,22,SUCCESS,32443,8cXZo6QwTLK6tDzyurZrMg
1244,ImportantArchitect96ebd9,1722492587611,3,32461,30795,97385,0.0,0,0,0,2,SUCCESS,32461,WOi_FAbgS-qZMpHOX9LWMg
1245,JPMC-MUMBAI-001,1722693856697,3,32486,28262,97459,0.6666666666666666,0,2,2,11,SUCCESS,32486,ZCj8B6bLQXe3PHdAV99vKw
1246,MUTB-TAHARA-RACING-MasakiUchiyama,1723509742154,3,32507,26399,97523,2.0,0,6,6,22,SUCCESS,32507,Ln2E2qsQS6iPsyVo2uldKw
1247,Vivek-LightningMcQueen,1724920745968,3,32508,30469,97525,1.3333333333333333,0,4,4,3,SUCCESS,32508,7kCd3n_wQeijJq0t1gJnrA
1248,ImportantArchitect7cc7fa,1722493746315,3,32530,31726,97591,0.0,0,0,0,3,SUCCESS,32530,iJUAzu4oTaCQrgQA6t0Keg
1249,UrgentUpgrade#3596,1723128293810,3,32537,30336,97613,2.3333333333333335,0,7,7,4,SUCCESS,32537,fawrrXzSSHKlDYXFgdB26g
1250,RocketEvaluation#0267,1723814515168,3,32552,30665,97658,0.3333333333333333,0,1,1,1,SUCCESS,32552,zERVS77JTSaPb-aBOMtvHQ
1251,ImportantArchitectf9fd46,1722509087437,3,32553,31729,97659,0.0,0,0,0,13,SUCCESS,32553,GqIqbhlpRn-y0FTe9Itp4A
1252,PythonScript#0083,1724582345138,3,32576,30795,97730,0.3333333333333333,0,1,1,1,SUCCESS,32576,ttSxd9aqT6-og6nIjdlaog
1253,ZeroTry#3775,1724892245705,3,32578,30255,97734,0.3333333333333333,0,1,1,4,SUCCESS,32578,nwsHN7R3RHS7djE_crXVUA
1254,ComplexPointer#9320,1724121317304,3,32597,29994,97792,1.3333333333333333,0,4,4,1,SUCCESS,32597,ubeGo3PYQHmi4t1BWHftDg
1255,THINKAI,1724604254330,3,32607,30535,97822,2.3333333333333335,0,7,7,1,SUCCESS,32607,9UO1F2d-SNu0_y_KZ5TEaA
1256,10x486#5507,1724448778241,3,32614,28659,97842,1.6666666666666667,0,5,5,7,SUCCESS,32614,Gq9V-CnZTZShZzBI0qdyKA
1257,MUTB-YasushiImajo,1722772191846,3,32620,27062,97860,1.6666666666666667,0,5,5,2,SUCCESS,32620,YsBlXYEQTEeatWkfDW1j8g
1258,EliteRacers-Meenakshi,1724741959296,3,32639,32253,97919,0.0,0,0,0,3,SUCCESS,32639,pRWYO_5ITk67qCi_fL_PzA
1259,ImportantArchitect120283,1722498543010,3,32642,28199,97927,0.6666666666666666,0,1,2,1,SUCCESS,32642,NxquBZ2_SZmejjgBqynKyQ
1260,AckermanAces-Nithin,1724824262078,3,32664,29398,97992,0.6666666666666666,0,2,2,1,SUCCESS,32664,0TyefCcFSY2u3wX5dfuszA
1261,ImportantArchitectc73335,1722533651171,3,32666,26863,97998,2.0,0,6,6,2,SUCCESS,32666,Nd5hJMBfScKLB8t-n8bYJg
1262,TenDot,1724272970891,3,32678,31170,98035,1.6666666666666667,0,5,5,7,SUCCESS,32678,MsThekRoRy-V31dmW9kmCg
1263,ArtificialCharacter#3331,1724369901015,3,32685,32469,98056,2.0,0,6,6,18,SUCCESS,32685,5xsclXjzTyyzQXIVkQeA2w
1264,MUTB-Moonwalker-NorihiroShimoda,1723301328852,3,32687,30536,98063,2.3333333333333335,0,7,7,8,SUCCESS,32687,6PVXmlrCSAqBsU9tPROUSw
1265,MUTB-MisaMinami,1723121816802,3,32699,30604,98097,0.3333333333333333,0,1,1,3,SUCCESS,32699,3hdVh_BSQ5eRSUuc-M8DGw
1266,TokyoDrift880,1723670172622,3,32707,26263,98122,1.3333333333333333,0,4,4,2,SUCCESS,32707,9E9chXGvSvCvmoWMkgJO6w
1267,RickyBobby78,1724810574166,3,32708,30857,98125,0.3333333333333333,0,1,1,7,SUCCESS,32708,ET43cMsfSJqnFhLlhWl-jA
1268,Arthur-Wacky-Racers,1723199289077,3,32710,29868,98130,1.6666666666666667,0,5,5,2,SUCCESS,32710,uMYTlRcqSeWVk3SurTK3dg
1269,Chicago-02,1723551303290,3,32715,32268,98147,2.0,0,6,6,5,SUCCESS,32715,nY_dnhQ_Q2qOXz1zdfRD-Q
1270,BigThinkers#1879,1723750846632,3,32732,27272,98197,1.0,0,3,3,8,SUCCESS,32732,0WZwMoe9Q7qEKAbC2wOVhg
1271,MUBK-TeamTequilaNiki-MasaIshi,1723355319835,3,32752,32333,98258,0.0,0,0,0,20,SUCCESS,32752,kwtMXT0JTKGCi4oYchbPwg
1272,AdamWarlock,1722767800759,3,32752,29329,98258,2.6666666666666665,0,8,8,3,SUCCESS,32752,gmcic2kiSECD6PPvIXYrxQ
1273,Nipa,1724350491566,3,32752,27523,98258,1.0,0,3,3,4,SUCCESS,32752,pzWcVk8lRKirx20WAoKDvQ
1274,Team-G#WZF,1723093021509,3,32795,28664,98387,0.6666666666666666,0,2,2,1,SUCCESS,32795,PcIpOhwLQt2cKWnXcOex0Q
1275,BrainyLambda#3074,1724527517388,3,32847,28538,98541,0.6666666666666666,0,2,2,12,SUCCESS,32847,6IrwWAPqSK6JtCPalbquaQ
1276,PrototypeArgument#0814,1723474044722,3,32863,27592,98591,1.0,0,3,3,4,SUCCESS,32863,qewcwHFdSFyZO4U3Zw3YSQ
1277,UnicodeObject#6713,1724825525610,3,32864,30929,98593,0.3333333333333333,0,1,1,11,SUCCESS,32864,ajUa-4YuT4WenY7c7y4Buw
1278,IterativeFix#2860,1724932955060,3,32884,32140,98653,1.0,0,3,3,4,SUCCESS,32884,1Ybuiw4dQbi9vnuDPuti3g
1279,JPMC-HYD-26,1724153238936,3,32886,29264,98659,2.6666666666666665,0,8,8,37,SUCCESS,32886,n_DmP_mQS96SZ4XA8YwSaA
1280,DanielCostantinRacer,1722678374982,3,32888,20797,98665,2.0,0,6,6,1,SUCCESS,32888,GhOikLJ-TeiygB5I18GAzA
1281,Team-F-Wuji-Zhang,1723095479103,3,32908,29067,98726,0.6666666666666666,0,2,2,2,SUCCESS,32908,enR82eP6SrOVWYVMrgkMMw
1282,QualitySequence#2540,1723942263484,3,32909,32604,98727,0.0,0,0,0,6,SUCCESS,32909,R0dB1oaXRc2sp5gb9A2irg
1283,Rhyan-WDC-Automacao02,1723134299662,3,32930,31994,98791,1.0,0,3,3,17,SUCCESS,32930,4yaYVemVR2Ox9bXsndEncg
1284,CyberneticGrid#6104,1723316715438,3,32930,28199,98791,1.0,0,3,3,5,SUCCESS,32930,3QN5QibKR9WIXe7udMKx8w
1285,#CodeCrafters-Jeevika,1724475225411,3,32935,32606,98805,2.0,0,6,6,3,SUCCESS,32935,GHHnkRMlSuOL7KC42JGkGQ
1286,Triace,1724498149591,3,32938,27144,98814,2.0,0,6,6,27,SUCCESS,32938,QglhNfLTRQaTEMdzXN4K7w
1287,PEDROLUCAS-TNE-IA,1723139220046,3,32953,30531,98861,1.3333333333333333,0,3,4,3,SUCCESS,32953,xUZ79vUwQSGQylMNpAxFqA
1288,ImportantArchitect529645,1722575107350,3,32972,27342,98916,2.0,0,6,6,2,SUCCESS,32972,0k6pYffsQUuuP_w7Qyx4VA
1289,AbstractToken#0824,1723136470660,3,32974,26467,98923,1.0,0,3,3,13,SUCCESS,32974,f_OHRsTISg6WBXe0h4NrGg
1290,SquareComment#9580,1723659839779,3,32975,32063,98926,0.0,0,0,0,10,SUCCESS,32975,bJLouwHURsGylzUbTthurw
1291,CrypticBottleneck#4508,1723054576407,3,32976,28736,98928,0.6666666666666666,0,2,2,11,SUCCESS,32976,Xtsr-ftkSrK4CzaAMZHBDw
1292,ImportantArchitect1ec235,1722574939053,3,32978,23729,98935,1.6666666666666667,0,5,5,6,SUCCESS,32978,h81CVMReS3S_qUUxfJs_NA
1293,MUBK-YukaTajima,1722926820937,3,32995,28595,98986,0.6666666666666666,0,2,2,10,SUCCESS,32995,2HvH_y9VQ-OP3eGb4WdyCA
1294,SequentialBottleneck#6366,1724427198190,3,33011,25770,99033,2.3333333333333335,0,7,7,7,SUCCESS,33011,k4uHP5vsQKiP5sdeYMR5kg
1295,MUTB-ToshiyaNakamura,1723477331065,3,33020,30595,99060,1.3333333333333333,0,4,4,14,SUCCESS,33020,K5f65U_xRkaECuHfbIDs6w
1296,teamA#feichixianfeng-shuo,1723100008387,3,33024,28459,99073,1.0,0,3,3,2,SUCCESS,33024,Sp1SuOq1S_mNuv-Lbs-HCA
1297,RenanMiqueloti-Rust-eze-SPIA,1723039657474,3,33064,30998,99192,2.3333333333333335,0,7,7,2,SUCCESS,33064,a8BoFPwuQnSa-MI0aBvlvA
1298,MLWarriors#Gujari,1724953964874,3,33067,32866,99201,2.0,0,6,6,3,SUCCESS,33067,yTvNo8pcRNOsnoBJIuv2ng
1299,queen,1724045324387,3,33087,32726,99261,0.0,0,0,0,6,SUCCESS,33087,DMTGS6SMRrmTWxW8D60nsg
1300,MinVerstappen#Roy,1724962404244,3,33108,29740,99326,2.0,0,5,6,6,SUCCESS,33108,iJNsBM_PSA2076zuVhn4QA
1301,MUTB-CPIMotorsInc-ShingoImagawa,1722739279618,3,33108,32334,99325,0.0,0,0,0,5,SUCCESS,33108,DhQ_ya8ITKGWAimmXdZShQ
1302,WaldecirHang-ManutIX,1723123658672,3,33108,31137,99324,2.3333333333333335,0,7,7,6,SUCCESS,33108,y0WLcH9aTRCt_XsGh4W8Rw
1303,ValdirLanger-RelampagoMarquinhos01,1723135974534,3,33130,29533,99391,1.6666666666666667,0,5,5,11,SUCCESS,33130,G9Oap8nARASZZPrnrF4bNA
1304,NewBackLogged,1723674251184,3,33134,32798,99404,1.0,0,3,3,7,SUCCESS,33134,AUEW9LJsTW62gYPT-bG6zQ
1305,AWSomeRacers-Vinoth,1724937561359,3,33152,31004,99456,0.3333333333333333,0,1,1,6,SUCCESS,33152,Z-c8Bi5JTwitna783LS8nQ
1306,kaget,1724739140746,3,33175,30795,99527,1.3333333333333333,0,4,4,4,SUCCESS,33175,BXqgqWI0Q8qYjezV6AF_xA
1307,PaulVelez,1723774145208,3,33176,23395,99529,1.6666666666666667,0,5,5,1,SUCCESS,33176,FPHFh_NqSN6Qc7AkgR5Vag
1308,ImportantArchitect133f13,1722531105646,3,33179,24271,99537,1.6666666666666667,0,5,5,1,SUCCESS,33179,lCM_ni9wTPGrnR9DliL-vg
1309,MechanicalArgument#6169,1723903058051,3,33197,29723,99593,1.6666666666666667,0,5,5,4,SUCCESS,33197,CRXu9HyBRjSEuBQdW29GlA
1310,GenerativeWorkaround#9220,1723137575341,3,33200,31468,99601,2.3333333333333335,0,7,7,3,SUCCESS,33200,UJJWIjpxQiaeqlGSBhTRbA
1311,Eduardo#CAPTOM,1722522031206,3,33221,28799,99663,1.6666666666666667,0,5,5,3,SUCCESS,33221,ZnZphTaiQAWmF7kNjWnuCg
1312,RaulSantosFerreira-L3PLUS,1723047911588,3,33238,30398,99716,1.3333333333333333,0,4,4,7,SUCCESS,33238,38KLEYYkSh63svK0sA86bw
1313,ImportantArchitect5032e5,1722572770120,3,33241,31330,99724,0.3333333333333333,0,1,1,12,SUCCESS,33241,df7Wf1aJR3CHbILPeyHPKw
1314,HelpfulScope#6839,1723459745098,3,33262,32918,99787,1.0,0,3,3,7,SUCCESS,33262,8C3UMmjbRYm5p5F7IS75QA
1315,TeamWhatever#Jeremy,1723092960667,3,33306,33071,99920,0.0,0,0,0,1,SUCCESS,33306,Y9t4eJ7sQDSfp4Khmfz-pg
1316,QuabillionMilesPerHour,1723653328576,3,33309,31008,99929,1.3333333333333333,0,4,4,1,SUCCESS,33309,1XkOfvP0TFuscbpksgNkkw
1317,ImportantArchitectbe37fc,1722564285791,3,33310,24115,99930,1.6666666666666667,0,5,5,1,SUCCESS,33310,7ShoP7HpQDqlM9GDe-GrnQ
1318,McQueen-,1724270865155,3,33354,31273,100062,1.3333333333333333,0,4,4,2,SUCCESS,33354,bfbFKl4hQ0WDObUy1s54DQ
1319,NestedDebugger#8545,1724760705431,3,33355,32796,100065,0.0,0,0,0,2,SUCCESS,33355,GXmipllyTzKPXlUkQerr4w
1320,ImportantArchitect212acd,1722560346668,3,33375,29669,100126,1.6666666666666667,0,5,5,1,SUCCESS,33375,9JT3_6A2SMmLHBr5cwmHFw
1321,MUBK-YukariHirose,1723127103499,3,33375,31261,100125,0.3333333333333333,0,1,1,5,SUCCESS,33375,9JHQiNP6Si61ndyzERU4sQ
1322,TechTi-tans-Preethi,1724482123126,3,33392,29473,100178,2.6666666666666665,0,8,8,3,SUCCESS,33392,KFy48XCKSmSbpg1TAhgbnQ
1323,LightningMcGeek,1724243087544,3,33398,31599,100196,1.3333333333333333,0,4,4,16,SUCCESS,33398,7Q9s9QX1RlqIIxzCqAzxYg
1324,FiniteBottleneck#5251,1724568269394,3,33420,31321,100261,2.3333333333333335,0,7,7,1,SUCCESS,33420,u5AMQddxSXy-InoKAod7eg
1325,KarolineStiss-AUDI,1722970731303,3,33434,29732,100304,1.6666666666666667,0,5,5,10,SUCCESS,33434,NPjYDWksSIqYLs0f_Srk7w
1326,JPMC-Columbus-005,1722871659493,3,33440,31200,100322,2.3333333333333335,0,7,7,11,SUCCESS,33440,f63cda10bd9344af8bf6cQ
1327,ImportantArchitect58243a,1722580082270,3,33463,30061,100390,0.6666666666666666,0,2,2,2,SUCCESS,33463,UrDwoISmQkeNZjp35etLTQ
1328,furious-trio-khailesh,1724476732218,3,33466,26595,100399,2.3333333333333335,0,7,7,14,SUCCESS,33466,jKEetetkSHijwEFGkUAvOA
1329,Vino-Vignesh,1724841033926,3,33466,31125,100400,0.3333333333333333,0,1,1,7,SUCCESS,33466,KHGHH3mxTHuQ5Qq9_lEhwg
1330,AtomicTurtle,1724851188124,3,33485,29657,100457,0.6666666666666666,0,2,2,13,SUCCESS,33485,3tQ-Wf1oTMi_7WNM13Uxvg
1331,HigherMetaclass#4995,1722866161754,3,33507,31600,100522,1.3333333333333333,0,4,4,3,SUCCESS,33507,mwDbrzFrRp2GzqWdkwYpHw
1332,raulhugoml,1723220871133,3,33510,33206,100530,2.0,0,6,6,1,SUCCESS,33510,3JfLtgmDT2yazed94XL1tg
1333,ImportantArchitectbc7c05,1722507290456,3,33528,31465,100586,1.3333333333333333,0,4,4,3,SUCCESS,33528,nLklbraKQ7GZbf81mqUTMw
1334,ConnectedBraces#6463,1723142983185,3,33552,32792,100657,0.0,0,0,0,11,SUCCESS,33552,wan1ZEetR4KD2D-uZBXaLQ
1335,VitorFernandes-wegtisegsau,1722980023370,3,33554,28468,100664,2.0,0,6,6,19,SUCCESS,33554,_AaA770iRjONjqUfrCcg9g
1336,ImportantArchitecte2f6d7,1722558753715,3,33576,32464,100728,1.0,0,3,3,2,SUCCESS,33576,HC07NpJjQtWxb1x3Sn8Few
1337,mgmt-CaptainSlow,1724760280830,3,33578,23598,100736,1.6666666666666667,0,5,5,11,SUCCESS,33578,OvjjPji2REqw2-ml2VzByQ
1338,JoseFarias-IAControls,1722717544516,3,33596,33398,100788,2.0,0,6,6,12,SUCCESS,33596,qo6VunW_S7ShswBvXsF8Kw
1339,MUTB-AnzenUnten-OsamiMiyamoto,1723030112616,3,33607,27543,100821,1.0,0,3,3,23,SUCCESS,33607,M4KM2LHGQGezv5jeRxdncA
1340,QuickRequirements#0199,1722604434903,3,33618,33190,100855,1.0,0,3,3,5,SUCCESS,33618,Y8AgNyQKSJ2OkEdfdgiAYQ
1341,CompleteArray#4675,1724874695183,3,33619,31199,100858,1.3333333333333333,0,4,4,10,SUCCESS,33619,TLKWsOoBQGGqvRUUWrWzUA
1342,WebMetaclass#7637,1724576187866,3,33619,31593,100857,0.3333333333333333,0,1,1,1,SUCCESS,33619,jmZzvJW5QJu1edhirqmo3w
1343,BLR-DR-171,1723551947915,3,33620,30465,100861,2.6666666666666665,0,8,8,3,SUCCESS,33620,FJ2CDWDHTm27SCfHqEpdXQ
1344,FabioVidal-Wacky-Racers,1723069112480,3,33621,30132,100863,1.6666666666666667,0,5,5,2,SUCCESS,33621,cPQcgxx_SNGBJmJChFCEog
1345,optimal-vector,1724677211109,3,33664,30990,100993,1.3333333333333333,0,4,4,4,SUCCESS,33664,IaN1_yV5RqOMOv8GxLBM9A
1346,JPMC-Columbus-UpRoar-Penny,1724596432975,3,33683,22122,101049,3.0,0,9,9,5,SUCCESS,33683,Vb_Y1j67Qs27FM0BP3PUyg
1347,BrewinUpAStorm#0001,1723674251242,3,33683,30190,101049,1.6666666666666667,0,5,5,7,SUCCESS,33683,9DWUZ6sFR8GoxKWEhxVu8g
1348,MeissaMintakaaa,1724228289031,3,33685,24458,101057,1.6666666666666667,0,5,5,48,SUCCESS,33685,Gj60bBoKRieX2WEsCelb8g
1349,GenerativeBraces#0178,1723029782546,3,33686,26069,101059,1.3333333333333333,0,4,4,2,SUCCESS,33686,bmnew9T9TNGHdvjsn_Zjrg
1350,Mario-FINdretti--aka-Justin-Rich,1723831705001,3,33708,27799,101124,2.0,0,6,6,1,SUCCESS,33708,6UwCLBPLQzmf-hsXdqSCUg
1351,TeamE-YaNingRacing-01,1723094337297,3,33710,31203,101132,0.3333333333333333,0,1,1,3,SUCCESS,33710,tIDgNTLRSlOERNATfugSoQ
1352,ImportantArchitect902bef,1722495967134,3,33730,31453,101192,0.0,0,0,0,7,SUCCESS,33730,FRLXpgQtREy3-jvGWLrDmQ
1353,HORIZON-BOOPATHI,1724455468595,3,33745,33598,101235,2.0,0,6,6,2,SUCCESS,33745,RywiL3gURpalLqR4vaVG2g
1354,AsleepAtTheWheel,1724448525126,3,33752,33468,101256,0.0,0,0,0,21,SUCCESS,33752,kq5hf2i_QA-1TNVjVs5-FQ
1355,ImportantArchitectaf8898,1722535164839,3,33752,22401,101258,2.0,0,6,6,1,SUCCESS,33752,Ledmhpz_QEi1RaK6R3iOZw
1356,lambda#31,1722532790424,3,33752,31934,101257,2.3333333333333335,0,7,7,2,SUCCESS,33752,nSlF2455R3aAy7FXlqAuRg
1357,JothanCloud,1723586273680,3,33775,25927,101325,1.3333333333333333,0,4,4,1,SUCCESS,33775,Sczguk9eQYuhmYroidQYCw
1358,ImmutableBrackets#2982,1722954202792,3,33795,33130,101387,2.0,0,6,6,5,SUCCESS,33795,1-MW_1A2Sta8oSd0fAtCXw
1359,maeken-BIP,1724820347491,3,33797,28398,101392,2.0,0,6,6,2,SUCCESS,33797,gQos4vmBQQW4RhBLqd-mZg
1360,UpdatedState#1335,1724580464210,3,33798,28274,101396,1.0,0,3,3,1,SUCCESS,33798,3gcX0ljmSL2M7d7MfN5nkw
1361,v1t3ls0n,1724095702858,3,33798,23594,101396,1.6666666666666667,0,5,5,5,SUCCESS,33798,6-CC-F8NQxuxIXWKFDdLIA
1362,H-H,1722505644394,3,33818,33462,101455,2.0,0,6,6,6,SUCCESS,33818,pQOdL2agT4ezzXI0z_VU-A
1363,LearnAndBeCurious2-,1723659269912,3,33818,25721,101456,1.3333333333333333,0,4,4,12,SUCCESS,33818,VWUA-aCNTMGdtjvDb0Xb1w
1364,MUTB-Moonwalker-KenjiSuda,1722500061216,3,33818,32666,101455,0.0,0,0,0,4,SUCCESS,33818,pL5aa9ASRuiJhAcTVgabsQ
1365,JPMC-NYC-04,1722989926011,3,33820,27200,101461,1.0,0,3,3,7,SUCCESS,33820,CQmbtdifSrqcGDZpv7aPyw
1366,ClovisAllanWENE01,1723144102032,3,33821,31871,101464,1.3333333333333333,0,4,4,13,SUCCESS,33821,-VYqNYTpR1O4eQWnzYc2gg
1367,MechanicalBuster#7941,1722504570981,3,33840,32325,101522,0.6666666666666666,0,1,2,4,SUCCESS,33840,bgKdrh6sQNubapa6K9gmug
1368,ImportantArchitectce770d,1722577985224,3,33843,28595,101529,2.0,0,6,6,1,SUCCESS,33843,zlZTKAw2Shevum9bcaxJZw
1369,Corredor#2257,1724421482741,3,33843,31666,101531,0.3333333333333333,0,1,1,2,SUCCESS,33843,RtOtv3aDTU20XtB8S0ODLg
1370,MUBK-ProjectD-SatosiTakada,1723950846985,3,33869,25793,101608,1.3333333333333333,0,4,4,13,SUCCESS,33869,FLTMFACuRK2MZinTNtz-8Q
1371,Barben-Heimer,1724465131357,3,33878,28263,101635,2.0,0,6,6,12,SUCCESS,33878,GmVNIIEDTwiR00DMaiLAZg
1372,TeamC#kangzhuang,1723099376412,3,33887,29666,101661,0.6666666666666666,0,2,2,2,SUCCESS,33887,7zFs7_VXQlqQ0853MJkXlw
1373,MUBK-YachiyoIchimura,1722565058741,3,33887,26127,101663,1.3333333333333333,0,4,4,7,SUCCESS,33887,bSByAEchQKeU6ocrLECdTg
1374,ImportantArchitect17b4dd,1722538895955,3,33887,31405,101661,1.3333333333333333,0,4,4,14,SUCCESS,33887,yG8jo_H4RWW55rPkqitoDA
1375,KKP-MLqualifiermodel,1724923888521,3,33888,31935,101664,2.3333333333333335,0,7,7,10,SUCCESS,33888,Sb6LjsXIQMq9Job4jjrXSw
1376,DeepDivers#4505,1723668003928,3,33908,33205,101725,0.0,0,0,0,11,SUCCESS,33908,-aFEWqFuSaC91_YJUhgIag
1377,Highspeed,1723681794726,3,33930,30125,101792,1.6666666666666667,0,5,5,7,SUCCESS,33930,MR86sgINRlmdarBq6oOdjg
1378,nl-Kuako,1722977229539,3,33952,33399,101858,1.0,0,3,3,2,SUCCESS,33952,-qFSOGr2T9y3d8GVQ53U_g
1379,DeepDivers#4511,1723500566569,3,33953,30869,101860,1.6666666666666667,0,5,5,12,SUCCESS,33953,sExY3egQQKmTdZRUmJj3ug
1380,QuickWorkaround#0758,1724581333615,3,33976,28205,101928,2.0,0,6,6,4,SUCCESS,33976,PtW7frm7SV6R_eggyv1NPw
1381,Daniel-Levenstein,1724361044495,3,33996,29727,101990,2.6666666666666665,0,8,8,1,SUCCESS,33996,kp5wA45yTFCaqvIBE8dqFw
1382,CleideJuliezeMacedo-QuickDogs,1723052787712,3,34020,30536,102062,0.3333333333333333,0,1,1,14,SUCCESS,34020,l-zpOJZXQuCjuuPtLMhorg
1383,UrgentBraces#5911,1722724888715,3,34024,31872,102073,2.3333333333333335,0,7,7,3,SUCCESS,34024,nwc3XxbcTzqCaP_LB42UmA
1384,GenerativeCoder#4262,1722719994944,3,34028,28391,102084,1.0,0,3,3,8,SUCCESS,34028,AdTASr2pT9iEJX7i-oMiPQ
1385,Henrique-KOOPA,1722476746647,3,34043,33667,102130,1.0,0,3,3,2,SUCCESS,34043,FPoPJiO-QSCMB__IsGEb2Q
1386,Muthu-TopGunMaverics,1724432179423,3,34043,33801,102130,0.0,0,0,0,2,SUCCESS,34043,PKVZo9SlQzaqJnU4wgoTzg
1387,MachineTag#7987,1724763663834,3,34064,30057,102194,2.6666666666666665,0,8,8,5,SUCCESS,34064,rDTTCSLDRvGQIxKlJQdF3A
1388,BoogieTimeProductions,1724653098811,3,34064,28857,102193,2.0,0,6,6,3,SUCCESS,34064,MUyQlFafT0yFhQr1sApn9Q
1389,Turbo-shaft-Arun,1724914858252,3,34086,26800,102258,2.3333333333333335,0,7,7,5,SUCCESS,34086,Izor3M0ZR0mRUrp101SXww
1390,QueenBees-Rajeswari,1724950754204,3,34088,30267,102264,2.6666666666666665,0,8,8,1,SUCCESS,34088,sDQWZr_hQCq5AsETSzoi1w
1391,MachineServer#5001,1724531932025,3,34088,26337,102264,2.3333333333333335,0,7,7,6,SUCCESS,34088,WVWJI4InS5G4e1WNy76pIw
1392,TeamB-qamar,1723092975828,3,34109,32134,102328,0.3333333333333333,0,1,1,1,SUCCESS,34109,-EK7Gj4RTzOTyWq_jrLjsw
1393,CyberneticError#7827,1724943214840,3,34110,33805,102330,0.0,0,0,0,1,SUCCESS,34110,h93j02zTTDqPd3K7V4i2Iw
1394,GuilhermeTobias-WBSMavericks,1723041098188,3,34116,30796,102348,2.6666666666666665,0,8,8,3,SUCCESS,34116,puAvGtdXQKSR631iqA7Ydg
1395,Daniel-Vinicius-Stolf-Vendas-WAU-1,1723032227851,3,34130,33268,102391,1.0,0,3,3,3,SUCCESS,34130,AAPa2x5tRnytPEU0kjHyIQ
1396,AWSomeRacers-Gopinath,1724912349674,3,34159,33403,102478,2.0,0,6,6,2,SUCCESS,34159,WUlZY4zrQyqKz9EnQ6hsFA
1397,MUBK-Linahe,1723388773356,3,34172,34000,102518,2.0,0,6,6,15,SUCCESS,34172,vWDhyw94R1WkbO6mqjuZ-w
1398,ImportantArchitect43109c,1722487731825,3,34174,30464,102523,1.6666666666666667,0,5,5,1,SUCCESS,34174,2vLH2v1KRyOf7gSQtF0MFA
1399,IntelligentDebugger#7484,1723047517562,3,34175,32133,102526,2.3333333333333335,0,7,7,3,SUCCESS,34175,87cevtkdTIGXHpItI7HYog
1400,-RobinHood-,1723796383197,3,34180,32527,102540,0.3333333333333333,0,1,1,1,SUCCESS,34180,FVcTwo8YTqOsE47tiP0VpQ
1401,ImportantArchitect2cc5df,1722540010852,3,34197,23131,102591,1.6666666666666667,0,5,5,7,SUCCESS,34197,i6_GZecmTF66tbBmNc5Rgw
1402,KleinRacer,1724746253577,3,34198,28662,102594,1.0,0,3,3,3,SUCCESS,34198,tdLxJG5jToifOOWwW4PoTg
1403,RichardMeijerink-RunIA,1723140003583,3,34199,33470,102597,2.0,0,6,6,3,SUCCESS,34199,-Jlu0lRER2STmrYK0PaQfw
1404,JPMC-MUMBAI-003,1722526705489,3,34218,33599,102655,3.0,0,9,9,6,SUCCESS,34218,csyvQme2QeaNSkzYeCHjkA
1405,MUMSS-SouichirouHarada,1723303624468,3,34221,31735,102663,2.3333333333333335,0,7,7,4,SUCCESS,34221,NFB_Ir5uQj2dPQENspHg6A
1406,CoderKiller#89,1723371389779,3,34221,30266,102663,0.6666666666666666,0,2,2,6,SUCCESS,34221,aQ-VEoHARwafSVeTlcYQow
1407,ImportantArchitect8cf3d7,1722571405561,3,34242,34137,102728,2.0,0,6,6,6,SUCCESS,34242,SU90ncjdTqe7PaokqHFRMg
1408,QualityNumber#5107,1724846248161,3,34243,28530,102731,3.0,0,8,9,1,SUCCESS,34243,_GnHBJVMRSuG9vr7AZ9UCA
1409,JoaoLucas-ComissionaRacing,1722604379244,3,34265,34065,102795,3.0,0,9,9,1,SUCCESS,34265,X8Kgh6yXQDq7DkA6Ou10IA
1410,MachineNotation#4825,1724798701701,3,34266,34201,102800,0.0,0,0,0,2,SUCCESS,34266,_GQoUPOZSUiH11funGQfAg
1411,ProcessingNode#1848,1723423429302,3,34285,29998,102857,2.6666666666666665,0,8,8,13,SUCCESS,34285,jBoqEF3vQee2l9mu3We7eQ
1412,MUMSS-Unvanillas-ShioriKajimoto,1723397272357,3,34289,28862,102868,2.0,0,6,6,2,SUCCESS,34289,cLtVqOf1R9mfYWOgZJMwKw
1413,VirtualCoder#2738,1724546209492,3,34308,30668,102926,1.6666666666666667,0,5,5,2,SUCCESS,34308,S81o3PY3RmmOSbMvriGfgA
1414,MSEDU-S6,1724205437050,3,34329,33388,102988,0.0,0,0,0,2,SUCCESS,34329,l8qpZuSeTOmmeM2UKo4iSQ
1415,MUBK-HaruhikoYoshida,1723250989219,3,34352,28131,103058,1.0,0,3,3,17,SUCCESS,34352,doV1ix0QRFSGiB7d-9sHRw
1416,ShikhaKoria,1724821072375,3,34354,26334,103064,2.3333333333333335,0,6,7,10,SUCCESS,34354,i7QxOYA5RlaypP474Rl09w
1417,ConnectedCoder#8172,1724866818173,3,34372,32668,103117,0.0,0,0,0,1,SUCCESS,34372,rCfyD8MdRWW1KGC7lVp78g
1418,FellipeGorges-thechickenfeet,1722590041218,3,34374,32132,103124,1.3333333333333333,0,4,4,10,SUCCESS,34374,ur-7H6A_SZaMlVE-vpcbQA
1419,PathingMetaclass#2528,1724855835355,3,34376,27999,103128,1.0,0,3,3,16,SUCCESS,34376,GBgU6b1uRw2_RJd0WlF3pg
1420,MUMSS-TsuyoshiYoshida,1723374956709,3,34376,34204,103128,2.0,0,6,6,13,SUCCESS,34376,z8zimF-mTN6eonfH_d6Eew
1421,ImportantArchitectfb77f3,1722543045916,3,34396,32330,103189,1.3333333333333333,0,4,4,1,SUCCESS,34396,9E14e58ISXe-N5aOlDCbyA
1422,ReferenceSchema#5634,1722675456993,3,34397,30867,103191,1.3333333333333333,0,4,4,2,SUCCESS,34397,RdEbY2QdSjeejDRxCIe8Ag
1423,ImportantArchitecta07b5b,1722492461008,3,34404,32205,103212,2.3333333333333335,0,7,7,5,SUCCESS,34404,aX8MIERMQHy_IVBhS7teJg
1424,RogerioEduardo-WindRace,1722809499326,3,34422,27328,103267,2.3333333333333335,0,7,7,2,SUCCESS,34422,B1-pRFy1QXaHVxVZd7VAhQ
1425,MUBK-THoshino,1723299291889,3,34442,33930,103328,1.0,0,3,3,1,SUCCESS,34442,JaxM-uEgTRWFKxGnXUo_GA
1426,Quangster#2024,1724884723115,3,34466,33931,103399,1.0,0,3,3,3,SUCCESS,34466,fdPWUULjQHSUCmr086kHOQ
1427,JPMC-TPA-Reboot-Rookies,1723049560607,3,34484,30465,103454,0.6666666666666666,0,2,2,2,SUCCESS,34484,x3z_O9BuRgaKhrOyrLX6SQ
1428,AutonomousAlloys,1724931701859,3,34486,31200,103458,0.6666666666666666,0,2,2,7,SUCCESS,34486,YH7qm9WrTDKrAFRSXiM3Zw
1429,PathingError#9084,1723174380498,3,34508,29203,103525,2.0,0,6,6,6,SUCCESS,34508,VJOoh9qRTpamU6vlAhBOHQ
1430,ImportantArchitect349d78,1722545049021,3,34531,28197,103593,2.0,0,5,6,25,SUCCESS,34531,g9Qk6PQoSyun6ibqEdOz3g
1431,Cleverson-Solucoes-Digitais,1722960454632,3,34551,34405,103654,0.0,0,0,0,15,SUCCESS,34551,IINL2t25SeuIWMnTTA0BnA
1432,MUTB-TAHARARACING-JinTsumita,1723465138603,3,34573,33718,103719,2.0,0,6,6,19,SUCCESS,34573,b1hiZnQTQOmhNiLJzD1vgg
1433,ABTT453#Thobeka,1724767046948,3,34574,33934,103724,2.0,0,6,6,11,SUCCESS,34574,6mE_eGE-QlCqx9AzoYcrqw
1434,AndreAlbuquerque-DAJAlearning,1724160714442,3,34597,32794,103793,3.3333333333333335,0,9,10,14,SUCCESS,34597,cotjEFMVQRyNjLlWyzdNkQ
1435,CrystianJordan-L3PLUS,1722972200267,3,34599,32538,103797,2.3333333333333335,0,7,7,2,SUCCESS,34599,v44oVmkCQcqXdkMJ227Xzg
1436,Tri-Tech-Mohammad-Razak,1724505682518,3,34600,30605,103801,1.6666666666666667,0,5,5,4,SUCCESS,34600,2dK-rOlORWKju-1JwMRKGg
1437,FlyWheels,1723510641974,3,34619,28933,103859,3.0,0,9,9,19,SUCCESS,34619,mmRcs-QHTsOL3sF6dd4few
1438,BooleanSpec#0736,1724841897114,3,34619,34265,103858,0.0,0,0,0,4,SUCCESS,34619,sAW8lOm3S8-sclgarWADgQ
1439,vishleshak,1722513769811,3,34640,29067,103922,2.0,0,6,6,1,SUCCESS,34640,40faf93f6fbe487cadee4w
1440,AditTheBlackDragon,1724732917176,3,34664,32332,103992,2.3333333333333335,0,7,7,2,SUCCESS,34664,HtW7nqD-S9mKT1Oqmlm8rA
1441,ImportantArchitect5dc455,1722504707058,3,34686,30397,104058,1.6666666666666667,0,5,5,11,SUCCESS,34686,Q8PwNFy_QaSHks2qQ5KK5w
1442,Joao-SIERS,1722600031010,3,34687,34135,104062,2.0,0,6,6,4,SUCCESS,34687,BcNpy9TvT_uc76P3nuj1nA
1443,ImportantArchitectad7bde,1722563346190,3,34694,31005,104084,2.6666666666666665,0,8,8,1,SUCCESS,34694,_wBEQii2SlWjGVbO635mhA
1444,JPMC-Columbus-003,1722550764600,3,34707,30997,104121,2.6666666666666665,0,8,8,9,SUCCESS,34707,dfd8d6cc9bde40599a66fw
1445,ImportantArchitect40af12,1722497710877,3,34713,29668,104139,1.0,0,3,3,2,SUCCESS,34713,kHSF9k8kRzKsdatl4SQRTw
1446,ImportantArchitect16b1ae,1722487747216,3,34730,33932,104191,2.0,0,6,6,8,SUCCESS,34730,WdnhU2zCQoSWHkuVOwWIjA
1447,ImportantArchitectfa6254,1722504036481,3,34730,34261,104192,0.0,0,0,0,8,SUCCESS,34730,klwfPLLFSqWSo0EI79BSyw
1448,10xCharacter#3356,1722837512402,3,34731,32999,104193,3.3333333333333335,0,10,10,18,SUCCESS,34731,1Ey27eiNQ-yM_zXx3WZWog
1449,jangjaeho08-8#2000,1724652823038,3,34754,30399,104264,1.6666666666666667,0,5,5,3,SUCCESS,34754,0F_XfdPOQ9ilQYJdMKt7KA
1450,Beelzebub#0495,1724594231971,3,34820,34599,104462,2.0,0,6,6,1,SUCCESS,34820,DMFm_6byQ9SA3Hmd67VKEA
1451,ImportantArchitected92d2,1722556038381,3,34823,34270,104471,1.0,0,3,3,1,SUCCESS,34823,7lDtetESRdydAHAc0H3Rsg
1452,MatheusSilveiraBadin-Senna,1723062646206,3,34842,30658,104527,0.6666666666666666,0,2,2,11,SUCCESS,34842,FGVMeaMMQmaQK5nSi77Rug
1453,FungibleAnalysis#1562,1724751299307,3,34863,32669,104590,1.3333333333333333,0,4,4,6,SUCCESS,34863,o0JxNqcFTG2NEm5ptdx9mA
1454,JPMC-Columbus-Lightning-McQueens,1724377365281,3,34865,34597,104596,3.0,0,9,9,2,SUCCESS,34865,Eh_9cNbsTReAXGzLNizDVA
1455,EncryptedArchitect#4656,1724558870716,3,34866,32930,104598,2.3333333333333335,0,7,7,9,SUCCESS,34866,CFJ-cB6DRKCFeM96SZLCvA
1456,2024chuncheon-7,1723628238087,3,34866,29862,104598,3.0,0,9,9,2,SUCCESS,34866,0E5Yok6oRXeZdRnXwpZ44w
1457,MartinN,1723193199509,3,34889,30666,104669,1.6666666666666667,0,5,5,2,SUCCESS,34889,SAOslO2LQ6Sw9s-FGbLnIg
1458,SequentialShell#7149,1724439937993,3,34896,32466,104689,1.3333333333333333,0,4,4,3,SUCCESS,34896,sQANBo15RNSlJW5bEaFdAQ
1459,MUTB-TeamGeekRacer-Ikuko,1722955509748,3,34908,34528,104725,1.0,0,2,3,9,SUCCESS,34908,RUgXyzTDTD6CEEsHvsf0dw
1460,DelarMonst,1722520013591,3,34928,34130,104786,3.0,0,9,9,1,SUCCESS,34928,qSEKGhVTT7-GRnhNxjedug
1461,feichixianfeng-huyafan,1723099351169,3,34929,30328,104787,1.6666666666666667,0,5,5,2,SUCCESS,34929,CZWxVHN4SOqTPSdNryGExA
1462,CyberneticArithmetic#9036,1724498380809,3,34929,34794,104787,2.0,0,6,6,16,SUCCESS,34929,_LDqqCs1SzOArvviXk2xTQ
1463,NDix,1722866439395,3,34930,29267,104792,2.0,0,6,6,4,SUCCESS,34930,G5jpFvXhTeiPc0_X_bBdiw
1464,RecursiveTech#1107,1723727307609,3,34931,32000,104793,0.6666666666666666,0,2,2,3,SUCCESS,34931,FV7DIA-UTR-e8MBrWN4gFw
1465,AndrewD,1722501413242,3,34953,26996,104860,2.3333333333333335,0,6,7,3,SUCCESS,34953,hyBODeEXTIeVuja7jrzB8Q
1466,ImportantArchitectc2da72,1722484467065,3,34998,32733,104995,2.3333333333333335,0,7,7,4,SUCCESS,34998,SkT1xbuSQIuBMJXWMtQA9Q
1467,IterativeServer#0820,1723600376464,3,34998,33000,104994,2.3333333333333335,0,7,7,5,SUCCESS,34998,iEBeIkMJTtqXnhGsFb_qGw
1468,roovy,1722494661924,3,35019,34807,105059,0.0,0,0,0,2,SUCCESS,35019,JZrnLqJeTeKdlsVGiORWqA
1469,EncryptedTheory#4967,1724894014344,3,35021,30931,105063,1.6666666666666667,0,5,5,1,SUCCESS,35021,GAsbBllRT46-NOKCQQ10Kw
1470,MUMSS-SatoruNagasaka,1723448670590,3,35022,34936,105067,0.0,0,0,0,6,SUCCESS,35022,F5e_PrKFTkKaffdga5rivg
1471,2024chuncheon-24,1723536619522,3,35041,32669,105125,3.3333333333333335,0,10,10,1,SUCCESS,35041,zbvyi7fZTcuLzytM0aR_cg
1472,PassingTheory#8420,1722504614025,3,35042,29796,105127,2.0,0,6,6,2,SUCCESS,35042,RKNn_EPlTQiM1xEDqpA8EQ
1473,SpeedCarrrr-Nikhil,1724848825727,3,35067,31532,105202,1.6666666666666667,0,5,5,7,SUCCESS,35067,p4GkfnYMRC2JHaGxiX0lEg
1474,ChintanParmar-acn,1724502294814,3,35109,28462,105327,2.3333333333333335,0,7,7,1,SUCCESS,35109,CXRXGlXDSkqro3MKmyC2CA
1475,Nishanth31,1724536234654,3,35131,31261,105394,2.6666666666666665,0,8,8,6,SUCCESS,35131,Ot1kLpzHRyicYR1621nvdQ
1476,PassingNamespace#7598,1723040124968,3,35196,31658,105589,2.6666666666666665,0,8,8,1,SUCCESS,35196,uGh8UGyvTu28BrjjBDoH9Q
1477,EliteRacers-Anu,1724756867537,3,35197,31451,105591,0.6666666666666666,0,2,2,3,SUCCESS,35197,MEQuOZawREijZPHWafzn0Q
1478,RoadRunnerAG,1724884633602,3,35203,34931,105609,1.0,0,3,3,3,SUCCESS,35203,gcv8-3THTKej14NyIyrtLQ
1479,Viper-janne,1724734424234,3,35264,29800,105794,2.0,0,6,6,1,SUCCESS,35264,yG0PDgc4TG2ljkDbN_O0wg
1480,McRae-Racing,1723806253485,3,35287,26466,105862,1.3333333333333333,0,4,4,4,SUCCESS,35287,DC5U72g_S9-xFZ_rUUTBlQ
1481,MUTB-KoSato,1723255961768,3,35287,33258,105861,0.3333333333333333,0,1,1,2,SUCCESS,35287,x91JbvILT3-nmXoITwEVKg
1482,ImportantArchitecta24ab9,1722494605850,3,35288,24673,105864,1.3333333333333333,0,4,4,3,SUCCESS,35288,rgVhjazUTPKRPrOUOAUCdg
1483,MUMSS-AtsushiHatake,1723245521927,3,35308,27666,105926,1.3333333333333333,0,4,4,18,SUCCESS,35308,0fEn88d-Rj2hwp0o12FNaQ
1484,AutomatedAttention#6170,1724838670150,3,35308,27133,105925,2.3333333333333335,0,7,7,2,SUCCESS,35308,Y3kBVqueSq-qVihgwHRvaQ
1485,Testing486#1153,1724253327073,3,35309,28800,105929,3.3333333333333335,0,10,10,1,SUCCESS,35309,ishXGPYpS-CWr14jPO_tNw
1486,Shiva2103#DR,1724428274611,3,35351,27798,106053,2.3333333333333335,0,7,7,23,SUCCESS,35351,IUzAtTMlR26ylS8P-l9Gsg
1487,RADY-YOGESH,1724756755388,3,35352,27398,106057,1.6666666666666667,0,5,5,3,SUCCESS,35352,Sx4ul5VTQ06ofND1GIzT-Q
1488,HotWeels#8,1724940870496,3,35376,32863,106130,0.3333333333333333,0,1,1,4,SUCCESS,35376,SJPJHt30TwuDHuyibasHpw
1489,TeabagF,1724746507191,3,35376,34065,106128,0.3333333333333333,0,1,1,16,SUCCESS,35376,y7yh-gXCRKeUffJKQmjeXQ
1490,UpdatedSchema#9252,1724425529330,3,35377,33476,106131,2.3333333333333335,0,7,7,12,SUCCESS,35377,20f_TZXdQ8u_e9oEMg5y6g
1491,MachineVariable#9753,1723502816057,3,35442,33931,106326,0.0,0,0,0,6,SUCCESS,35442,xvbZGX_WR7GVBzckWO0BLg
1492,Namadeep-TOP-GUN-MAVERICKS,1724828767412,3,35460,30925,106381,1.6666666666666667,0,5,5,3,SUCCESS,35460,nRABFNEgRsOlRKZWjUenHA
1493,MUTB-BullMK2Hotshots-MitsuhiroYoneda,1723289266368,3,35462,33260,106386,0.3333333333333333,0,1,1,1,SUCCESS,35462,HF9Eetp1Ta63QRjgLYIDrw
1494,FuturisticPresentation#0041,1723167298242,3,35508,31990,106524,1.6666666666666667,0,5,5,3,SUCCESS,35508,qWUj5ZeaQrS9uFnp_IK98A
1495,JuanSalies-ReLU-tantes,1723059172721,3,35531,31061,106593,1.0,0,3,3,1,SUCCESS,35531,PigrJ9H3T7qk7YRlNz1soQ
1496,DraftGrid#3796,1724084207087,3,35531,25798,106594,1.6666666666666667,0,5,5,3,SUCCESS,35531,9SNNc-lqQ6KH58lWnJo54w
1497,ImportantArchitect8ed84a,1722504571164,3,35532,24653,106597,2.0,0,6,6,2,SUCCESS,35532,LYf3DRVySaKOaXPOEzDgyw
1498,NullNotation#5164,1724930340843,3,35552,35065,106658,0.0,0,0,0,1,SUCCESS,35552,KTprdpiAQv-bFdwbelU0-w
1499,AbstractDigit#7584,1723138011243,3,35553,35330,106659,0.0,0,0,0,1,SUCCESS,35553,wTtufdDiTFeyjmt_FtSDLg
1500,TeamF#XueLong,1723093006186,3,35554,29342,106662,1.0,0,3,3,2,SUCCESS,35554,_Ao0uT7RSVK7yOOUf5V2uQ
1501,FernandoKarsten-DSMLAB2,1723120213660,3,35555,32934,106665,2.3333333333333335,0,7,7,2,SUCCESS,35555,4y5gMPyOSjODhYQljm_26Q
1502,WolneyLeoni-CastingRacers,1722972463840,3,35574,31665,106724,1.6666666666666667,0,5,5,1,SUCCESS,35574,4vIqMh-ZQka-HTsAd9DFNw
1503,SuperDandyMachine#1,1723679099713,3,35575,31199,106725,1.0,0,3,3,1,SUCCESS,35575,0ruLaH-vTkuqAkDLwogD9Q
1504,Generation-XX,1724437311804,3,35575,34941,106727,0.0,0,0,0,7,SUCCESS,35575,IcpdL1C9T7Gg8efe5PBs6g
1505,ImportantArchitect31d7bf,1722565176209,3,35596,27731,106789,2.3333333333333335,0,7,7,2,SUCCESS,35596,j8AQdlE2R2yltagnQQvo5w
1506,PhilM,1724151226272,3,35618,30536,106855,3.0,0,9,9,1,SUCCESS,35618,9tBoV5dbQVG8HL0EgxDeIg
1507,FocusedVariable#7195,1724499159672,3,35619,32062,106858,1.6666666666666667,0,5,5,10,SUCCESS,35619,LQo0kigRSEe5M9umZsqYhA
1508,ImportantArchitect9f2d14,1722567517102,3,35642,22932,106928,2.3333333333333335,0,7,7,3,SUCCESS,35642,qJ5TmEWTQECKVUKa1EYSXQ
1509,BrainyComment#6267,1724940655922,3,35663,33799,106991,0.3333333333333333,0,1,1,4,SUCCESS,35663,HQrVVchrTr2PSWFO8NVQZA
1510,MUBK-KaoriHorikoshi,1722758916997,3,35708,30996,107124,1.6666666666666667,0,5,5,10,SUCCESS,35708,PK52AM8YQniE39e-xIAqmQ
1511,DuaniTedesco-WMOMotores05,1722543056526,3,35709,34401,107128,1.3333333333333333,0,4,4,3,SUCCESS,35709,sxETtkHFRV2upAWAHxFa4g
1512,Diego-S-Martins-C2DJ,1723080810578,3,35731,32005,107193,2.6666666666666665,0,8,8,2,SUCCESS,35731,n95A88JQR_SheTp_vft3ZQ
1513,Jhonatas-BAJAWTD,1723116247846,3,35798,32934,107395,1.6666666666666667,0,5,5,2,SUCCESS,35798,bIjDizDTR12_XhZduXgL4A
1514,arkan9el74,1724423926713,3,35803,26335,107410,2.3333333333333335,0,6,7,1,SUCCESS,35803,gqEPuMkzR92uIaFgxPG5nA
1515,FiniteBuster#1440,1724259914827,3,35821,34066,107464,3.3333333333333335,0,10,10,6,SUCCESS,35821,VmxaprNZTmKX4lo5_YsfJA
1516,superfast-racer,1724023045079,3,35842,29198,107526,3.3333333333333335,0,10,10,1,SUCCESS,35842,XA0onlcbT0S26Uvu1moQBQ
1517,LoopingUpdate#1453,1722542949326,3,35864,31794,107593,0.3333333333333333,0,1,1,4,SUCCESS,35864,wsOMraeWQgmsNL2yn1hsYw
1518,Allana-FilhasdePaython,1723821957040,3,35864,28596,107594,2.3333333333333335,0,7,7,5,SUCCESS,35864,EfiyAHMyTkeihht_j9sMUQ
1519,FiniteDataset#6905,1722497593665,3,35886,32134,107660,1.6666666666666667,0,5,5,4,SUCCESS,35886,cusI9Xo6RKi2rl5reP8kCg
1520,LucasTavaresL3,1723134238771,3,35887,29799,107662,3.3333333333333335,0,10,10,6,SUCCESS,35887,-FSY2UJ3SDKoR1rjBijRGQ
1521,Josh-S-Miller,1724253046521,3,35888,32273,107666,2.6666666666666665,0,8,8,1,SUCCESS,35888,ymCDOCgLRfCeWKN_PshVlA
1522,Karters-Ranjith,1724863824671,3,35889,31863,107669,2.6666666666666665,0,7,8,4,SUCCESS,35889,zAiIWKmLQEWcEIfC-XsCzA
1523,ABHT166-Hari-Absa,1723705575994,3,35908,32332,107725,1.6666666666666667,0,5,5,2,SUCCESS,35908,vM041pmoSFyVi-whp1pPHA
1524,JPMC-JC-go-anime,1723293208435,3,35930,35001,107791,1.0,0,3,3,1,SUCCESS,35930,252ec499ac2d4391836a6Q
1525,PathingPoint#8770,1723146577806,3,35930,32725,107791,0.3333333333333333,0,1,1,2,SUCCESS,35930,TozbLf0YQRShPvN45TLIsA
1526,Turbo-shaft-AK,1724936125234,3,35951,35063,107855,0.0,0,0,0,5,SUCCESS,35951,WipWa74-RI-yudh_xJBngg
1527,ImportantArchitect214a8e,1722508166636,3,35974,30528,107923,2.0,0,6,6,5,SUCCESS,35974,0wqG6ZVvQr24kB7s9jBbig
1528,GammaSchema#7386,1723813816859,3,35975,34795,107925,0.0,0,0,0,4,SUCCESS,35975,Umm-jp76TNWa59VFUHvxPw
1529,JPMC-NYC-03,1723042365052,3,35976,35528,107928,0.0,0,0,0,5,SUCCESS,35976,6U69qHOwR4GliMnFtWP4hA
1530,RobotExpression#3341,1722679083781,3,35976,29805,107930,3.0,0,9,9,7,SUCCESS,35976,LsafnU4OQdiIR-jdEbF_1Q
1531,ProvisionalEvaluation#6229,1723034213943,3,35997,28331,107991,2.3333333333333335,0,7,7,1,SUCCESS,35997,4Jdy2OYMR-e1DQnJWlqObw
1532,BLR-DR-175,1724076492890,3,35997,32400,107993,2.6666666666666665,0,8,8,4,SUCCESS,35997,5QgNJ6hLRwOy2hUwgMKdig
1533,MUTB-YujiOtsuru,1722601162016,3,36064,33456,108192,0.3333333333333333,0,1,1,2,SUCCESS,36064,mpsqAvJFTpqoRUzZrT7utg
1534,ImportantArchitect678123,1722521711593,3,36066,27528,108199,2.6666666666666665,0,8,8,3,SUCCESS,36066,EDJZv8mtSaaBM7oaNMrKAQ
1535,teamH#zhangzhihao,1723094565674,3,36086,33997,108260,0.3333333333333333,0,1,1,3,SUCCESS,36086,kfZAGcSQSSitAhZeG8a2SQ
1536,HigherPackage#8241,1723145070571,3,36092,26590,108277,1.6666666666666667,0,5,5,9,SUCCESS,36092,vDBUO4SUR0i0nkuXWwbD1g
1537,BJSS-LG,1722526139638,3,36108,34064,108326,3.3333333333333335,0,10,10,1,SUCCESS,36108,2c9dUbSMQq6YMaO0nam9QQ
1538,ImportantArchitect7080a2,1722502968393,3,36110,27726,108330,2.6666666666666665,0,8,8,7,SUCCESS,36110,ZL_cQh07RFalAgkQkwX9dg
1539,WeeMeng,1723023928200,3,36128,33926,108384,3.3333333333333335,0,10,10,2,SUCCESS,36128,7W9dv4LLQC2jIlQ7OB95KQ
1540,TeamD#Winfred,1723094672289,3,36130,32324,108391,1.6666666666666667,0,5,5,2,SUCCESS,36130,jt4RGM00S-qARWxCI3W8TA
1541,Tdyangrui,1723099771799,3,36130,33993,108392,2.3333333333333335,0,7,7,1,SUCCESS,36130,eFwStADtRqmE0YdKZNtXEg
1542,Verdagris,1724927003283,3,36130,33865,108390,2.3333333333333335,0,7,7,5,SUCCESS,36130,EwoPJt7lQxq4P56yPkwzpg
1543,AnaCarolina-FilhasdePython,1724268459086,3,36131,25262,108394,3.0,0,9,9,7,SUCCESS,36131,qqG4igr6QTuchwc3P8u1PA
1544,MUBK-TeamSasaki-KaoriMurata,1723368038659,3,36132,33599,108396,2.3333333333333335,0,7,7,4,SUCCESS,36132,MRBg_FogQEiyZciPMk4T2w
1545,AlgoRacing,1724886857239,3,36155,35999,108466,2.0,0,6,6,1,SUCCESS,36155,1c72paSJQm2L2XsfvpXyRQ
1546,NestedInterface#7991,1724775911926,3,36174,28391,108522,1.6666666666666667,0,5,5,4,SUCCESS,36174,QULi8xpySL6Ypf5nUsksAg
1547,ScuderiaTurbo,1724785530645,3,36196,30399,108588,1.0,0,3,3,1,SUCCESS,36196,-DYqj6RJRzOcqXouoiWPIQ
1548,ContinuousTech#4928,1723728672849,3,36199,29930,108597,1.0,0,3,3,4,SUCCESS,36199,DRJuQBv5TcKArIo58sj0DA
1549,ComplicatedNumber#5126,1723829520997,3,36242,35667,108727,0.0,0,0,0,6,SUCCESS,36242,jIdQtfuiS0CLU-n7idtMEQ
1550,TheInnovators-Shajitha,1724486187216,3,36246,34275,108740,3.3333333333333335,0,10,10,3,SUCCESS,36246,f63cfTf_R5qbqlubSyTi1g
1551,MUMSS-HirokiSengan,1723437007857,3,36286,35997,108859,3.0,0,9,9,15,SUCCESS,36286,rlob7lJ-TAaSf7gcwJprbw
1552,IterableCharacter#8826,1724955183736,3,36294,34005,108884,1.0,0,1,3,1,SUCCESS,36294,zTMUsxBlSw-Qewt5CsoSeQ
1553,ImportantArchitect4a38d1,1722532163477,3,36352,35995,109057,0.0,0,0,0,5,SUCCESS,36352,vrZ3jeN-Qk-7qIDqTvnmSg
1554,HabibizModelday2,1723661868776,3,36352,34534,109057,2.3333333333333335,0,7,7,11,SUCCESS,36352,Ewx105wVTMWxNr3jpd41KA
1555,TheAntHillMob,1724918787381,3,36352,35724,109057,1.0,0,3,3,21,SUCCESS,36352,_vQmRpeMRP2MaBuFcNK3hQ
1556,MarcosAurelioDalMagro-AlgoritmosTurbo,1722804046075,3,36418,32524,109255,2.6666666666666665,0,8,8,2,SUCCESS,36418,J7-GrTcCSRKfj8aPCMi1sw
1557,teamD-lifuhua,1723093683907,3,36441,32864,109325,1.6666666666666667,0,5,5,2,SUCCESS,36441,cWXWspDQSi-0cCD4t5tprQ
1558,HigherTest#1459,1723043390678,3,36462,33385,109387,3.6666666666666665,0,11,11,6,SUCCESS,36462,lN4CpkkRR0m9x2GNxFzGOw
1559,PayAsYouGo#0002,1723760815796,3,36463,32399,109389,0.6666666666666666,0,2,2,4,SUCCESS,36463,3IeJtOZDTeSjik4W7cSyUA
1560,DiogoBrolini-RelampagoMarquinhos01,1722876470606,3,36484,34653,109453,2.3333333333333335,0,7,7,21,SUCCESS,36484,NMSLdT2cR2-KSWKUjgnjlA
1561,CrespoPilot,1723117170395,3,36485,32533,109456,2.6666666666666665,0,8,8,12,SUCCESS,36485,7qYwYo_LRwOBGzvpPB0fKw
1562,Sandbox6,1724952802389,3,36486,34463,109460,1.3333333333333333,0,4,4,1,SUCCESS,36486,IdxoEQpcQrmINFgUf3M8gQ
1563,TeamE-shanyaozhixing#9528,1723096765105,3,36507,36266,109522,3.0,0,9,9,2,SUCCESS,36507,tPE_fdT7RjiOW0ccFe-DXg
1564,AlphaGame#0059,1724891055178,3,36507,32465,109521,2.6666666666666665,0,8,8,6,SUCCESS,36507,Gqy4-23PRb29NSdRr7HLMA
1565,ArthurBenedettiKatchau,1723048564605,3,36528,32724,109585,1.6666666666666667,0,5,5,8,SUCCESS,36528,uQMFjWxIR_-ptjMxt8G2mA
1566,jangjaeho08-3#4859,1724003046578,3,36531,32066,109595,1.0,0,3,3,4,SUCCESS,36531,M5nnyRlaTpah-gbWtzF7Yw
1567,ImportantArchitectcdf8f6,1722528166703,3,36553,36473,109661,0.0,0,0,0,2,SUCCESS,36553,3ZsXAT-sRKCpXicq5kGA7w
1568,Spartan,1724830537024,3,36575,36332,109727,3.0,0,9,9,1,SUCCESS,36575,W3X8g6AUSrGZgGEnbDymRw
1569,Wagner-Racer-Solutions,1723165851247,3,36601,34727,109803,2.3333333333333335,0,7,7,1,SUCCESS,36601,rOUUItaATg-kMK7RiahNXg
1570,WeslinMartinsRibeiro-LowRacer,1723138003585,3,36620,36134,109860,3.0,0,9,9,2,SUCCESS,36620,tcKlvrI5ST-Dj9k301YzxA
1571,ImportantArchitect6ede95,1722523965998,3,36641,30864,109925,2.0,0,6,6,1,SUCCESS,36641,13FAN0YjT3-N-Jr2cMNh7w
1572,TechnicalLog#3679,1724821086212,3,36668,30328,110006,3.0,0,9,9,4,SUCCESS,36668,ivhuA6ZZReOljwM2jo0tyg
1573,Ruan-Usinagem-de-Eixos,1723153039354,3,36686,32663,110059,2.6666666666666665,0,8,8,12,SUCCESS,36686,SGVJr_HcTLWCdtsEcHDlbQ
1574,Joao-Solucoes-Digitais,1723163206993,3,36686,34135,110058,1.3333333333333333,0,4,4,3,SUCCESS,36686,LCccx_7GTSOAINAKBZ8DKw
1575,FuturisticScript#2810,1722719557936,3,36706,34331,110118,3.3333333333333335,0,10,10,1,SUCCESS,36706,PqVshhzdQS2_DGyd4ILE1w
1576,RCaetano,1723368114569,3,36707,36268,110121,0.0,0,0,0,4,SUCCESS,36707,xJP657TNSZOJ-leq6qiDrQ
1577,Chencho,1722739773878,3,36707,35986,110122,0.0,0,0,0,1,SUCCESS,36707,FmKNTlC8Qh6a31oWmZcdcQ
1578,BlackJack,1724234303881,3,36708,32936,110124,1.6666666666666667,0,5,5,1,SUCCESS,36708,8mI_soJ5RUCCNlvMMoERbQ
1579,AnthonyB,1723632215349,3,36710,36667,110131,2.0,0,6,6,2,SUCCESS,36710,LVYCO3KlRFyIxywxV2legA
1580,GiovanHornburg-CastingRacers,1722972690627,3,36842,35204,110528,0.3333333333333333,0,1,1,2,SUCCESS,36842,KP2fkgZoQyKEfVgSawHBYw
1581,Stinger-monezkin,1724848836293,3,36885,32866,110656,2.6666666666666665,0,8,8,5,SUCCESS,36885,auIZgBsKSp2oCBZzFobtiQ
1582,TechnicalLog#0829,1724936777718,3,36931,35670,110795,0.0,0,0,0,3,SUCCESS,36931,F6jNqYSxRYOY0b0FerAEpQ
1583,teratagu,1723716855058,3,36952,34935,110858,2.0,0,6,6,3,SUCCESS,36952,sq7udaN3RHS5ukoqvtcE-Q
1584,UmangM,1724703805361,3,36976,31798,110928,2.0,0,6,6,2,SUCCESS,36976,TsWc-iGfSwu19n8HwflOBA
1585,MUBK-TeamTequilaNiki-Ryoichishimamura,1723429739028,3,36997,29198,110991,2.3333333333333335,0,7,7,8,SUCCESS,36997,n08jQQtySk-NMrR3mXJ-AQ
1586,TrainingSeason-by-LLM,1722481590507,3,37019,33194,111058,2.6666666666666665,0,8,8,3,SUCCESS,37019,2ZrGrnCTTLac0_y0h4IxEQ
1587,GlobalTheory#6922,1723147296007,3,37043,31730,111130,3.0,0,9,9,4,SUCCESS,37043,Nn74AmdiRKKrzYQnUHeOVQ
1588,ImportantArchitecteb1ccb,1722577169578,3,37130,36327,111391,2.0,0,6,6,6,SUCCESS,37130,CA9vfZwoSY6gwtofFvdCyw
1589,ConnectedState#5077,1724371892054,3,37130,33002,111390,2.6666666666666665,0,8,8,1,SUCCESS,37130,U9egLFrBR9aTUgzy8EzxSQ
1590,JavaServer#9300,1724918150125,3,37131,35457,111393,0.3333333333333333,0,1,1,4,SUCCESS,37131,XlZRB9qlQ6yNLHUiiTfMqQ
1591,ComplicatedEvaluation#3436,1724897126357,3,37131,35130,111394,1.3333333333333333,0,4,4,2,SUCCESS,37131,7E-JAaCuT3q4ck-1eiW0ig
1592,PedroHenriqueBunn-WMOMotores05,1722884566558,3,37131,30999,111394,2.0,0,6,6,2,SUCCESS,37131,aU1Ev1faS86cyYRxhwZKpg
1593,ThiagoD,1722714759143,3,37175,33265,111527,3.6666666666666665,0,11,11,2,SUCCESS,37175,hEXm0S5DSuKhb9giUIfrwA
1594,AndersonSantos-BlockChainBoosters,1723041404460,3,37215,34733,111647,0.3333333333333333,0,1,1,6,SUCCESS,37215,4KnWvpbnTuCHy26BpUQvcA
1595,Jester-Tester123,1724761696628,3,37220,36061,111662,2.0,0,6,6,5,SUCCESS,37220,6teytEJsQ_CVBn6sqRoh3w
1596,ArtificialNamespace#2522,1724402634840,3,37241,31008,111725,1.3333333333333333,0,3,4,4,SUCCESS,37241,XWr-nHTvRfSKExIQV9JGYA
1597,MUBK-TomokoOuchi,1722689747104,3,37266,37004,111798,0.0,0,0,0,2,SUCCESS,37266,6TiSPLXeR7awA2FatIMddg
1598,Bruno-WindRace,1723050891150,3,37266,32265,111798,2.0,0,6,6,2,SUCCESS,37266,-yBNQjkTTraLEbZI_5ungg
1599,NOVA3-0-BHARATHI,1724482800523,3,37330,37264,111990,3.0,0,9,9,4,SUCCESS,37330,VnQXT2NXRx-r6MdEIoC6jA
1600,Derequinha,1724268491367,3,37332,33601,111998,2.6666666666666665,0,8,8,1,SUCCESS,37332,9NxVOCBWS22u3N01VPsXHw
1601,DiegoRengel-WEG-Corporativo04,1722622339959,3,37350,29273,112050,2.3333333333333335,0,7,7,1,SUCCESS,37350,gP4FfCTRQvmt85KsPfHMBQ
1602,MUBK-TeamTIDBSmanagement-HayatoEgashira,1723307046192,3,37375,34133,112126,1.6666666666666667,0,5,5,4,SUCCESS,37375,s_K4-SzQSJORaiG3iK4PCQ
1603,TabletString#5759,1724067927985,3,37397,32796,112193,1.6666666666666667,0,5,5,11,SUCCESS,37397,THUcgeviS8qf8C3gUBRBRQ
1604,AndreLuisHaeberlin-WEG-ITJ-01,1722527002552,3,37398,36337,112194,0.0,0,0,0,5,SUCCESS,37398,DtQqehncQqiXtSjtVgC2hw
1605,RaceCondition#1,1724929915880,3,37419,36786,112259,0.0,0,0,0,8,SUCCESS,37419,JO-lcUgBRGS-6PYbtxPbpg
1606,teamH-gaofeng,1723093218794,3,37441,33135,112323,0.6666666666666666,0,2,2,1,SUCCESS,37441,xiB9_at4RliToHDb3A6Rzg
1607,imdaub,1723220983321,3,37446,33467,112340,2.6666666666666665,0,8,8,3,SUCCESS,37446,So_nYDJnSfmy21n_aSYNdg
1608,magnus-stensmo,1723504605632,3,37509,33337,112529,2.6666666666666665,0,8,8,2,SUCCESS,37509,YWN83YN6Q2SOVdwwwyyGpQ
1609,Matador6,1724922416713,3,37509,32193,112527,3.0,0,9,9,11,SUCCESS,37509,oVzaGn-6Rd2kAwLBLmAviA
1610,ImportantArchitect028498,1722566271589,3,37512,31670,112536,2.3333333333333335,0,7,7,5,SUCCESS,37512,5A4zBbSdTviMDAXg7neQcw
1611,Luan-ReinforcedRacers,1722865317929,3,37531,35858,112593,0.3333333333333333,0,1,1,7,SUCCESS,37531,M_nFck4eS3CqWMgJSDWuHg
1612,GabrielaBonugli-NeuralNetNinjas,1723146018528,3,37532,36932,112597,1.0,0,3,3,6,SUCCESS,37532,JsEl9g8BSXuZNBg2or8NaQ
1613,VinayT,1724341045476,3,37532,36661,112596,0.0,0,0,0,2,SUCCESS,37532,Cug6H6uyQM210DvJU57EPg
1614,Dots,1722492379425,3,37559,30814,112678,2.3333333333333335,0,7,7,4,SUCCESS,37559,eFanxdl4R22QTt5v53RaGQ
1615,InfiniteDataset#8789,1722507860174,3,37593,25536,112780,3.0,0,9,9,1,SUCCESS,37593,ADUudPJGSOWPTNoomfu5kg
1616,MUBK-TomohiroKomiyama,1723990661576,3,37597,33524,112791,0.6666666666666666,0,2,2,1,SUCCESS,37597,J55eacvMR5KWVmZGs_fzhQ
1617,Handerson#CAPTOM,1722533878671,3,37599,35666,112797,2.3333333333333335,0,7,7,6,SUCCESS,37599,L9ayZW_KRd2TQrpLu9GPFA
1618,ImportantArchitect54d2a3,1722483661639,3,37617,27465,112853,2.3333333333333335,0,5,7,1,SUCCESS,37617,OzSv2ZQuRFajCAcXHyat5A
1619,Guilherme-IAplicacao,1722952625838,3,37621,36666,112863,3.0,0,9,9,1,SUCCESS,37621,ScdDu5MkRMm_38jWr8MWTw
1620,WTC-Admin,1724932024015,3,37664,33404,112994,2.6666666666666665,0,8,8,4,SUCCESS,37664,J8Q_gYIpT4-c2rfnDsY4bg
1621,ImportantArchitecte83afe,1722492020071,3,37665,35607,112997,0.6666666666666666,0,2,2,1,SUCCESS,37665,7m9VnkvTRyec9rJIrOP8Qw
1622,Chicago-01,1724797260870,3,37686,35929,113060,3.3333333333333335,0,10,10,13,SUCCESS,37686,Rsid4h0pT0WDVmvYWi4ymw
1623,MUBK-TeamOjisans-MasakazuIto,1723295606980,3,37689,37074,113067,2.0,0,6,6,9,SUCCESS,37689,VQnP2V1DRDW2pYVyvpba8w
1624,GlobalLoop#0604,1724932302617,3,37732,33732,113197,1.6666666666666667,0,5,5,1,SUCCESS,37732,kpK-qBBVR-mJ27-WxxwLFw
1625,ImportantArchitect6b201e,1722579343975,3,37776,37130,113328,2.0,0,6,6,3,SUCCESS,37776,Q-Xoja0UT_SYqjAwCYcuVQ
1626,GuilhermeBecker-AgentesAgeis,1722963210637,3,37796,33996,113390,3.6666666666666665,0,11,11,1,SUCCESS,37796,hpCGdl6ZSNKYWPyCdZ-51w
1627,Runners-of-the-Thunder,1724706937853,3,37797,35058,113391,1.6666666666666667,0,5,5,10,SUCCESS,37797,sINHmhWnTuaTbHyg6SXmTw
1628,ImportantArchitect83839b,1722512459381,3,37797,33663,113392,3.6666666666666665,0,11,11,4,SUCCESS,37797,Up7Rge49T0uh9kBo3aXkUQ
1629,ImportantArchitect4c699c,1722503114392,3,37817,30071,113452,3.3333333333333335,0,10,10,3,SUCCESS,37817,pDA7VskwT2aULUm-YsEXqA
1630,gcjordi-eH,1722508942519,3,37841,35467,113524,0.3333333333333333,0,1,1,1,SUCCESS,37841,hxnXJKpMRKSykoLhfHojdg
1631,AtomicPackage#5267,1724913613956,3,37887,30533,113663,2.3333333333333335,0,7,7,15,SUCCESS,37887,58i5ZhkaQX2x6qPGqUF9Vg
1632,MUTB-GoFellows-MasafumiTamura,1722782452193,3,37907,37405,113722,0.0,0,0,0,10,SUCCESS,37907,KbgYHastTPWX-J4_QrCGFw
1633,TeamLazer,1724869194388,3,37908,37733,113724,4.0,0,12,12,1,SUCCESS,37908,_6HAsxpTQTG_iZNALfhggg
1634,TMC-weijin,1723093390402,3,37936,36006,113809,2.3333333333333335,0,7,7,1,SUCCESS,37936,Stb3dgiVR5OrvPA1pnJ8Sw
1635,StructuredShell#2015,1723653465147,3,37951,30600,113853,1.0,0,3,3,1,SUCCESS,37951,-KSpXy5jQuqD-RfZyly-Jg
1636,BooleanEngineer#8996,1724871247750,3,37953,37593,113859,0.0,0,0,0,1,SUCCESS,37953,efhL-BhjSyOyVypQXpUL5A
1637,HORIZON-RAGUL,1724438703751,3,37963,32422,113889,3.0,0,9,9,2,SUCCESS,37963,kYIB3mp7Qg26Wf_5N7_bAA
1638,MachineUpgrade#6916,1724139136413,3,37974,34668,113924,0.3333333333333333,0,1,1,1,SUCCESS,37974,TOvxRYHSQPeHOXviBiatGg
1639,JPMC-HYD-PunnyPythonRacers,1722979459546,3,37974,33732,113924,2.6666666666666665,0,7,8,5,SUCCESS,37974,iYLTZyzKQ--9KmFjlHv2Bw
1640,BPM-F1Racer,1723665817807,3,37975,26869,113925,2.0,0,6,6,3,SUCCESS,37975,qkLjjMV_Q_uiQg5lRmhWhQ
1641,Dinesh-Dinu,1724940752367,3,37976,35195,113928,2.3333333333333335,0,7,7,1,SUCCESS,37976,T16jGFN1RjK3HV9_UaZ6lA
1642,TakuRacer,1724286469170,3,37996,37401,113988,3.0,0,9,9,4,SUCCESS,37996,lixi1ln4QL6e443yKi39Jg
1643,PS-JJVesa,1724833202768,3,37998,33941,113994,1.6666666666666667,0,5,5,1,SUCCESS,37998,CSNzoYkSQpiWSpbdbAjxFQ
1644,GustavoAbreu-Bitheads,1723060027536,3,37998,34926,113996,2.3333333333333335,0,7,7,10,SUCCESS,37998,X8FC7gqATyOxYlsn9Q-mwQ
1645,IterativeFix#6123,1722548681258,3,38002,31798,114008,3.0,0,9,9,1,SUCCESS,38002,riaTjANNSg21MoIWBiIY0A
1646,DFWZoomer,1723722057919,3,38019,28202,114059,1.3333333333333333,0,4,4,14,SUCCESS,38019,hkuztZUMREyTdSOOq-O6RA
1647,Simple,1724754253110,3,38019,32470,114059,1.0,0,3,3,1,SUCCESS,38019,7x5zHSx6SJWuXqDwFoiaqg
1648,SpeedDemons#3250,1723752041980,3,38045,34129,114135,0.6666666666666666,0,2,2,4,SUCCESS,38045,_l8qNUt5Q2aWuqERYJN8VA
1649,MUTB-Teamkonnemi-EmikoKondo,1723262470393,3,38064,36199,114193,1.3333333333333333,0,4,4,4,SUCCESS,38064,Bs5SkvxWRkKYB09uV0mwNw
1650,JerryLee,1723448268922,3,38105,34669,114315,3.6666666666666665,0,11,11,1,SUCCESS,38105,BMjoJ3L7ShGsF5gA1lHdkw
1651,NumericResource#4781,1722792700280,3,38132,31999,114398,2.3333333333333335,0,7,7,4,SUCCESS,38132,qr78lH_MQXegaK1uu9wYMw
1652,Fernanda-Austin50s,1722908045907,3,38155,36069,114465,2.3333333333333335,0,7,7,1,SUCCESS,38155,vH7ePs3ZTlyo0fMh_n5qEA
1653,jordi-WTDTransmissaoeDistribuicao02,1722962295461,3,38177,35068,114531,3.3333333333333335,0,10,10,5,SUCCESS,38177,xfRL2DKySQexWTq_VfwwDg
1654,Ana-LuizaElert-VITurboRacers,1722877128795,3,38194,35125,114584,3.6666666666666665,0,11,11,20,SUCCESS,38194,9jgkyVtRTKam82H66pRwqQ
1655,SpinCrashBang,1723634499429,3,38197,38008,114593,0.0,0,0,0,5,SUCCESS,38197,Wpq2wN6vSCepTU_lOAjRuw
1656,Leonardo-DataDrivenDrifters,1723563970615,3,38218,32733,114655,3.0,0,9,9,6,SUCCESS,38218,S32jQ-gCQUyLmrwSD5V0nA
1657,MUBK-HideakiSuzuki,1722768221526,3,38239,36268,114718,0.3333333333333333,0,1,1,11,SUCCESS,38239,jLsd-0tYRlmJFicLmFgsuw
1658,toxicas#8061,1723751901780,3,38243,32335,114730,1.0,0,3,3,3,SUCCESS,38243,wjwJbtTvR5SbPy8m-bXbeQ
1659,MUMSS-AtsushiMiura,1722670357858,3,38282,32587,114847,3.0,0,9,9,1,SUCCESS,38282,J_gWTrIWTSKP4J8dYHa__w
1660,UnicodeCircuit#5306,1724837148223,3,38286,32869,114859,1.0,0,3,3,1,SUCCESS,38286,v9M0aw4pQ5qCH8ezn7Hg_Q
1661,DeepBlueSpeeder2022,1724913654299,3,38287,35130,114861,0.6666666666666666,0,2,2,3,SUCCESS,38287,rdCpX0AnQFu72QyhW2eH0g
1662,Jung-Moon,1723478450768,3,38329,32728,114988,3.0,0,9,9,1,SUCCESS,38329,1T-GumMOTqmrzKpDv_NQvw
1663,MUMSS-KeiyuGoto,1722952644696,3,38352,30667,115058,3.3333333333333335,0,10,10,3,SUCCESS,38352,1Q2zsB1vTPu2tek7Pygn3g
1664,Joao-Menezes-Neural-Nitro,1724274073989,3,38356,36330,115068,1.3333333333333333,0,4,4,17,SUCCESS,38356,ugSqmKRySDmIQZsKUdkzEw
1665,ImportantArchitect50b8ab,1722497758129,3,38397,38133,115191,3.0,0,9,9,1,SUCCESS,38397,G49ZM00XSM-zw13cugwadw
1666,DigitalMetaclass#5875,1724836429702,3,38421,32870,115263,3.0,0,9,9,7,SUCCESS,38421,XgC7mrPjRbOMWOytfYM1lQ
1667,AlineBertholdi-QuickDogs,1722880414743,3,38421,32196,115264,2.0,0,6,6,5,SUCCESS,38421,8mpcvfGvSJGNGe6X5uwORQ
1668,GammaSchematic#2604,1724585090705,3,38444,34138,115332,0.6666666666666666,0,2,2,4,SUCCESS,38444,yYo6bN2CS9Krkde2WOOqCw
1669,PathingToken#6469,1723669135402,3,38509,36004,115528,1.3333333333333333,0,4,4,9,SUCCESS,38509,OIobBAniTW2LJO2R1V5UHg
1670,FE-sathishbabu,1724792796180,3,38510,33136,115530,3.0,0,9,9,15,SUCCESS,38510,8LKW95E1S7i9Hd0MRL3rfQ
1671,Extreme-LionsMane,1724746525376,3,38513,31068,115540,3.3333333333333335,0,10,10,3,SUCCESS,38513,z8kzk2GBQf6v_oU8c6Bnjw
1672,QueenBees-yazh,1724912183890,3,38553,35658,115660,0.6666666666666666,0,2,2,2,SUCCESS,38553,6Momg4xuRjuzA7owTSP9SQ
1673,ImportantArchitect1a4b8e,1722577523460,3,38575,32130,115727,1.3333333333333333,0,4,4,5,SUCCESS,38575,gVSzA2rCTVmbFTfzxlMEew
1674,LucasRibeiroLopesLeites#OeMEolica,1723643440785,3,38596,35464,115790,3.3333333333333335,0,10,10,1,SUCCESS,38596,tbEgCofCRAmVvuR23UTnDg
1675,PedroMilano-DataDrivenDrifters,1722616308287,3,38600,29066,115800,2.6666666666666665,0,8,8,1,SUCCESS,38600,ScsUmmqCTHeKJcxRbPli-Q
1676,yichi-lei,1723435668918,3,38600,36545,115800,2.3333333333333335,0,7,7,5,SUCCESS,38600,_vgyyLSGQQy3wpzjDXREIQ
1677,ContinuousPatch#8608,1724925434074,3,38619,35601,115858,1.6666666666666667,0,5,5,9,SUCCESS,38619,iG1rwRX3Tze0DQp11j1eig
1678,ImportantArchitectf06865,1722502695406,3,38621,29333,115864,3.6666666666666665,0,11,11,1,SUCCESS,38621,sul3sT2AQ0yb8oODqvodsQ
1679,MUTB-TeamKonemi-IkunoriMurayama,1723513944255,3,38665,35460,115997,0.3333333333333333,0,1,1,2,SUCCESS,38665,md_qqZphRQORcPO3O1xm0g
1680,naotiremeusdolares,1724271908951,3,38686,31128,116059,2.3333333333333335,0,7,7,2,SUCCESS,38686,vq8nRp7jTX2S1ulJWi_VxA
1681,MUTB-SafetyDrivers-HideakiObara,1722954103401,3,38729,35325,116189,0.6666666666666666,0,2,2,8,SUCCESS,38729,CLuItpF9SEuT9Es-G6gU3A
1682,SuperDandyMachine,1723652954401,3,38751,34731,116253,0.6666666666666666,0,2,2,5,SUCCESS,38751,8DuGN-lFTjqcJmbNP9BLOg
1683,AsynchronousCircuit#6467,1723675980510,3,38775,35067,116325,1.6666666666666667,0,5,5,1,SUCCESS,38775,PQ2udtfyR-66oDcz2CND8w
1684,TeamB#GOAT,1723096418641,3,38798,34932,116396,3.6666666666666665,0,11,11,3,SUCCESS,38798,zajUcah-RaejohT6J1w6iQ
1685,ImportantArchitecte3aff0,1722577623276,3,38798,32804,116396,3.0,0,9,9,2,SUCCESS,38798,GH-afm3eQYCGNZhu897Evw
1686,AnandF1Racer,1724171241004,3,38864,37393,116592,0.0,0,0,0,2,SUCCESS,38864,Yp8ZpbBrQBSlrrlf9Us3fg
1687,PatrikReisner#WBSMavericks,1724284602535,3,38867,31400,116602,3.3333333333333335,0,10,10,3,SUCCESS,38867,NvHarqOJRHysi91Hn-y-6Q
1688,PythonEnvironment#1480,1724820615869,3,38886,36268,116660,0.3333333333333333,0,1,1,4,SUCCESS,38886,CKVcKhRjQJeKEUb4h3eV1A
1689,MarceloBackAraujo-BatteriesInWheelRace,1722702879689,3,38886,34534,116659,0.6666666666666666,0,2,2,3,SUCCESS,38886,nLHtbQ-jQpeBpPMST0HDcg
1690,LuizaStringhiniLinhares-SIERS,1723142547224,3,38892,34144,116676,2.0,0,6,6,4,SUCCESS,38892,9vU8lSIQQem3GV_oHEupfw
1691,LewisHamilton#1095,1724426278851,3,38955,36408,116865,3.3333333333333335,0,10,10,5,SUCCESS,38955,Do9_bewYRQ-PHrokEih2Lg
1692,TeamH-shenweidong,1723092976015,3,38973,37129,116920,0.3333333333333333,0,1,1,1,SUCCESS,38973,ldaraig_RSCmT0m-lmNu4w
1693,SimranP,1724429518998,3,38974,36863,116922,1.3333333333333333,0,4,4,3,SUCCESS,38974,KFPf1vGVQdqsFJvnbWUf5g
1694,Yuto,1722694547935,3,38975,36330,116925,2.6666666666666665,0,8,8,1,SUCCESS,38975,NpyoHiypQve2DTtRMPlTYQ
1695,FormulaicAttention#7853,1724886698458,3,38996,33668,116989,3.0,0,9,9,4,SUCCESS,38996,Uf-S3GkgQMqGGUhgOK9p7w
1696,Luiza-MaqIndGensetMotoresSincronos,1722513020972,3,39019,37792,117057,3.3333333333333335,0,10,10,1,SUCCESS,39019,wGZIwAYUSF6oUuaRwqECtA
1697,ImportantArchitect6d7b96,1722499490275,3,39065,32996,117195,2.0,0,6,6,1,SUCCESS,39065,_YMHLmHMQXqvYauQVpgHJA
1698,CriticalCircuit#5815,1724951401120,3,39070,35669,117211,3.6666666666666665,0,11,11,1,SUCCESS,39070,UMGM_5qGRUW0VJBb6Uw08A
1699,Quick486#2862,1722878753915,3,39085,36998,117257,2.3333333333333335,0,7,7,25,SUCCESS,39085,SEHU_yzKQZ6woIaQv4AYnw
1700,JPMC-TPA-SB002,1723226187557,3,39107,35465,117322,0.3333333333333333,0,1,1,2,SUCCESS,39107,b_KkyuRPQMyQOTa46DZejw
1701,MemoryObject#5445,1724848998202,3,39110,34463,117331,3.0,0,8,9,4,SUCCESS,39110,Fnn9s53ATqCs-R2CALOx8Q
1702,MachineInterface#7100,1723421614123,3,39152,37989,117456,0.3333333333333333,0,1,1,3,SUCCESS,39152,g5Gh8sP2Q_iL6r66Mb5LOA
1703,Roaringlions-SivaM,1724837951818,3,39152,37455,117456,2.6666666666666665,0,7,8,4,SUCCESS,39152,kboRjlUuSoqQLVwsOPELIg
1704,AtomicDeadline#7399,1724559234521,3,39172,35593,117518,3.6666666666666665,0,11,11,1,SUCCESS,39172,xFkROeWkTGqjaHrIAbDKFw
1705,GSabel,1722630500629,3,39174,34126,117522,3.0,0,9,9,1,SUCCESS,39174,CSLltKALTeWnTlo_9NCMFw
1706,NithyaShreeJawahar,1724608214753,3,39219,29272,117658,2.6666666666666665,0,8,8,3,SUCCESS,39219,5jc1IiXjRteIlFErGG7Ppw
1707,ImportantArchitectac909e,1722512413428,3,39222,35466,117668,3.6666666666666665,0,11,11,11,SUCCESS,39222,BKlBmZDJTi6PgqapaMrH8A
1708,FogRacer-007,1724917502625,3,39242,38593,117726,0.0,0,0,0,11,SUCCESS,39242,yOiagopfRY6uo1EZB3BP8A
1709,ImportantArchitectc565cd,1722504391672,3,39244,34271,117733,1.6666666666666667,0,5,5,2,SUCCESS,39244,ANCaI6bBRI-zHSKzYPZ4tA
1710,CarolineAUDI,1722970651227,3,39265,35599,117797,0.6666666666666666,0,2,2,7,SUCCESS,39265,FtOdDch_TzeFfCSRuaFjjw
1711,JuanQuevedo,1724937436019,3,39288,38601,117864,1.0,0,3,3,15,SUCCESS,39288,5fYD1NpsQnGWYrtp1goBqA
1712,ImportantArchitect0eb48e,1722567957586,3,39289,28800,117869,3.0,0,9,9,5,SUCCESS,39289,wgT_GXteQ42t0uz5MgO-Vw
1713,SamAu,1723618269149,3,39308,32264,117924,2.0,0,6,6,1,SUCCESS,39308,BteX7647QUyM2a2hexL2ZA
1714,HelpfulPackage#2607,1724559664073,3,39330,37321,117990,3.3333333333333335,0,10,10,9,SUCCESS,39330,HFpevtVeTMiqbvhnqEhNOw
1715,CriticalMachine#0073,1722607597091,3,39331,34259,117994,1.0,0,3,3,3,SUCCESS,39331,fNA1iZ94QgmnpLbGH695Ig
1716,WELLINGTON-TNEIA,1723134342438,3,39463,31190,118391,2.3333333333333335,0,7,7,4,SUCCESS,39463,qY_TIcWUTWWwTM84F1zSNA
1717,AutomatedDescriptor#6330,1724322601092,3,39507,37669,118523,3.3333333333333335,0,10,10,21,SUCCESS,39507,FAB6GNbfSH2f3zed3-ufsw
1718,QuickWorkaround#9137,1724137203932,3,39510,32462,118531,1.0,0,3,3,1,SUCCESS,39510,Vkzktkg1S52AHwtBxQSCag
1719,JPMC-DFW-DeepRacer5,1724909269143,3,39531,36998,118593,3.3333333333333335,0,10,10,1,SUCCESS,39531,1jpe2hQ1TziH_tdBwajgXA
1720,JiaWen,1722670166509,3,39554,35864,118662,1.6666666666666667,0,5,5,1,SUCCESS,39554,ee3a7LM-T-6x1C2BVHm21g
1721,JPMC-NYC-00,1723491471232,3,39597,29934,118791,2.6666666666666665,0,7,8,2,SUCCESS,39597,JR7eIcEUSgCg6T4sjIEWSA
1722,RobotValue#2932,1723465736374,3,39620,34067,118860,2.0,0,6,6,5,SUCCESS,39620,exWTV1lbR0GzHhZGdhnIew
1723,GabrielPellizzon-TheFathers,1723057626535,3,39623,39340,118871,3.0,0,9,9,1,SUCCESS,39623,3ezuNS0cQmuHiWXEbJ3odA
1724,ImportantArchitect2222ae,1722519599236,3,39645,33732,118937,4.0,0,12,12,2,SUCCESS,39645,KIpCfP-nQR6OZn3a5DfJeg
1725,ContinuousError#2926,1724558602788,3,39664,38735,118992,2.0,0,6,6,3,SUCCESS,39664,HUGYIpQBSsil1vcAJ44Aaw
1726,Hylos,1724729377921,3,39670,35871,119012,2.6666666666666665,0,8,8,2,SUCCESS,39670,1umX9KIYR8OJ4BLjJWkEWw
1727,Falcon-TLL#7351,1723670732371,3,39685,37532,119057,1.3333333333333333,0,4,4,2,SUCCESS,39685,lkxDHfMVS9-nyqU7m7-jPQ
1728,JPMC-MUMBAI-002,1724202488116,3,39687,34461,119061,4.0,0,12,12,1,SUCCESS,39687,OshBKuAnQcem1dadRx_Iag
1729,J5t3313,1722816415309,3,39753,33461,119260,1.0,0,3,3,1,SUCCESS,39753,ba8OFedYTg6487OyzafR8g
1730,GABRIELNUNES-PCP-WMO,1722950573908,3,39771,35468,119313,2.6666666666666665,0,8,8,2,SUCCESS,39771,xHytdo1-TaS_5pCL89C5HA
1731,ImportantArchitectd7fcb2,1722568245387,3,39776,37860,119328,0.3333333333333333,0,1,1,5,SUCCESS,39776,oRZxEn06R-O4W9njzBONdA
1732,ImportantArchitect30d200,1722573396124,3,39781,38009,119344,3.3333333333333335,0,10,10,1,SUCCESS,39781,-gL0IOT7TiW3cil2epYw3w
1733,LuizFernandoRosaDeSouza-Rust-IAZE,1723113579230,3,39819,26267,119458,2.3333333333333335,0,7,7,13,SUCCESS,39819,4AK98g4-Tbiaey-rJojg1A
1734,racer-sam,1724874073478,3,39831,38938,119495,1.0,0,3,3,1,SUCCESS,39831,LHeYo7bPSEGIxlCSyDWWvA
1735,QualityVariable#6276,1724131560611,3,39844,37404,119533,1.3333333333333333,0,4,4,2,SUCCESS,39844,X1-WwLxJTPaiw7wgARZiuw
1736,Damo,1724966279779,3,39886,39530,119660,2.0,0,6,6,12,SUCCESS,39886,FE0YCnBtQ1e5k2iRuY8__Q
1737,ImportantArchitect5a5d00,1722577365620,3,39888,33137,119665,1.3333333333333333,0,4,4,2,SUCCESS,39888,TRifLkkPSpyTxgiETXXRiA
1738,GammaFormula#0190,1723033879585,3,39907,35138,119721,4.0,0,12,12,1,SUCCESS,39907,2NpFbi8JSS21xG2I2xY29g
1739,Kamal#Racer,1724837233675,3,39930,34335,119790,2.0,0,6,6,1,SUCCESS,39930,KblFud3pTV2Qgjpi3HWQtQ
1740,Rainbow-Dash-Manoj,1724961860273,3,39931,37865,119793,3.3333333333333335,0,10,10,6,SUCCESS,39931,mcgyvmSdRfuMH8hmaCIX-A
1741,TestingString#4077,1722589970412,3,39975,39457,119925,1.0,0,3,3,3,SUCCESS,39975,uEaHEUbPTia6_8_OYzVMzg
1742,Autonics#RecursiveAbstraction,1724220078633,3,40018,39538,120055,0.0,0,0,0,1,SUCCESS,40018,mfrxdbHQTaqaLP02IvGWBg
1743,Gunter,1722730396928,3,40040,36263,120122,2.6666666666666665,0,8,8,1,SUCCESS,40040,zDR-toQJQl6ooh9RzPIroQ
1744,ImportantArchitectd83d08,1722507546463,3,40040,36331,120120,2.6666666666666665,0,8,8,6,SUCCESS,40040,f21bgqCNQTKVALF4_aKfIg
1745,HaakonEriksenDrange,1722980452363,3,40064,38603,120193,0.0,0,0,0,7,SUCCESS,40064,9iWaqT8JSZiedlCJLh3BSQ
1746,BreakTheWalls,1724933184640,3,40085,39995,120257,0.0,0,0,0,4,SUCCESS,40085,l3UOwtAVQTC7kPmkAndj3A
1747,MobileTable#0292,1722874676425,3,40086,36664,120259,0.3333333333333333,0,1,1,3,SUCCESS,40086,Ntp403JAQp-UR2wgM8a5Rw
1748,FunctionalLine#2260,1724779333042,3,40111,32995,120333,3.3333333333333335,0,10,10,1,SUCCESS,40111,803EFQtyRnaeLwGVasmi2Q
1749,AbstractModel#5370,1724943528503,3,40129,39522,120388,0.0,0,0,0,1,SUCCESS,40129,_a85lK6-QLuKFcM5EGcS0w
1750,JPMC-HYD-09,1722881246044,3,40154,31927,120464,1.3333333333333333,0,4,4,1,SUCCESS,40154,vA_gK0vxTNWI-MTWEWLAxw
1751,ImportantArchitecta3309c,1722510420045,3,40219,35004,120657,2.0,0,6,6,5,SUCCESS,40219,dIKuAfDfR8Ck-0Rc4XxwiQ
1752,VirtualOrder#6384,1723057923493,3,40240,35396,120721,1.3333333333333333,0,3,4,8,SUCCESS,40240,hgtOck11Q7ygO9-L-LNnvQ
1753,ImportantArchitect7f656c,1722530002901,3,40261,39267,120785,4.0,0,11,12,7,SUCCESS,40261,ZwbT9n5-TX-96gYJlGl_5g
1754,JPMC-Columbus-006,1722613466326,3,40263,38266,120789,4.333333333333333,0,13,13,5,SUCCESS,40263,rIIziACfQnGou4zeDTbyTg
1755,AndreH,1722510217016,3,40264,37132,120793,0.3333333333333333,0,1,1,2,SUCCESS,40264,rhKjDBCnTnqdYg_ofek7ww
1756,SidneiVolpi-Senna,1722937550993,3,40285,35065,120856,3.0,0,9,9,12,SUCCESS,40285,eCgc7PxxQHKOdYC5OSXcmg
1757,Rafael-Maverick,1722940405213,3,40286,34400,120860,1.0,0,3,3,9,SUCCESS,40286,svB16FOZRMKm2BwiqnVSdA
1758,JuliaEnder-CircuitBreakers,1722876827982,3,40352,32921,121058,3.3333333333333335,0,10,10,11,SUCCESS,40352,rcWjgGYHSX2jg2CpLNkYhg
1759,robert-heitz,1723818149894,3,40399,33132,121198,2.3333333333333335,0,7,7,2,SUCCESS,40399,X5gQbhHfROucMDEmnfo34Q
1760,NestedCoder#7030,1723692522516,3,40420,35195,121260,4.0,0,12,12,2,SUCCESS,40420,a55-CsL2RMmyaF-PIUiGjg
1761,TeamC#xumengxin,1723093006263,3,40420,35451,121261,1.0,0,3,3,2,SUCCESS,40420,jcJ108RETbqrlYg48LVzqQ
1762,DiegodosSantosLima-CastingRacers,1723139982789,3,40421,36064,121263,1.6666666666666667,0,5,5,9,SUCCESS,40421,VaN15NtaQIq-GITknZzQyg
1763,PathingArgument#7537,1724426682153,3,40439,40338,121318,0.0,0,0,0,1,SUCCESS,40439,kYNx29ThRWqo1LJ1mq77cg
1764,ImportantArchitecte4dedc,1722576820169,3,40441,36058,121324,3.6666666666666665,0,11,11,4,SUCCESS,40441,e421xwpHSEK7fr_RTKBToQ
1765,JoaoVGarcia-RustIAzee,1723132049482,3,40470,37327,121411,2.6666666666666665,0,8,8,6,SUCCESS,40470,JryAdlK3S2iaklvhWbFzNg
1766,AWStinMartin,1722632320598,3,40508,30457,121525,2.0,0,6,6,1,SUCCESS,40508,yWTTjHhbThO5PlHw1opwnA
1767,OliSamping,1724726581403,3,40531,36538,121593,2.6666666666666665,0,8,8,1,SUCCESS,40531,YmwBykTWQum5kHmdJkgiPQ
1768,EricBarceloMonroy#64,1724453881126,3,40532,31265,121597,2.6666666666666665,0,8,8,3,SUCCESS,40532,eUPG700TQheAYKrjljmdBg
1769,Guilherme-TS-HYDRO,1723112530985,3,40553,36799,121659,3.6666666666666665,0,11,11,2,SUCCESS,40553,QOOCqsSfSD6cZPEZrpgY3A
1770,MUTB-Commons-YutoIchiba,1723381989025,3,40561,36804,121683,3.6666666666666665,0,11,11,3,SUCCESS,40561,hCEB4gN9TDSStCXQpwUGfQ
1771,MUBK-TID-Team-Kataoka,1722611427880,3,40574,40339,121723,0.0,0,0,0,2,SUCCESS,40574,6rHVgisuRQKOt39WmYO9dw
1772,Weekender,1724799779082,3,40667,36407,122003,1.6666666666666667,0,5,5,2,SUCCESS,40667,7-NWRK0QQ8GXmzme8SRC7w
1773,JPMC-HYD-23,1722952893320,3,40685,38603,122057,4.333333333333333,0,13,13,3,SUCCESS,40685,_x0Cn4fqTQK9YuuWSD5IsQ
1774,AmorCai,1724170475751,3,40708,33860,122126,3.3333333333333335,0,10,10,1,SUCCESS,40708,qNFZwdqsRFSV8blWGWWfpA
1775,ACE#8242,1723742998157,3,40752,38065,122258,1.3333333333333333,0,4,4,2,SUCCESS,40752,YFo6O53MRV-bK0YKpTGfIg
1776,PrimeArchitect#9564,1724652432380,3,40752,40406,122256,0.0,0,0,0,1,SUCCESS,40752,02CrV7eGTu2SfSbLQmokLQ
1777,ImportantArchitect400d80,1722576471919,3,40797,35134,122393,2.6666666666666665,0,8,8,5,SUCCESS,40797,5FzI5guqT8SvSvcNpiI8qA
1778,ArnieKish-Eviden,1724439108108,3,40907,36450,122722,4.0,0,12,12,3,SUCCESS,40907,KWOCuwKjSIe2Q8ElPtgqEA
1779,Ederson-ReLUtantes,1722485091549,3,40931,40668,122793,0.0,0,0,0,1,SUCCESS,40931,6PinR2DHSi294paLrIjUmw
1780,MUTB-MNSpeedDemons-TNakamichi,1723253630857,3,40998,39071,122994,0.0,0,0,0,15,SUCCESS,40998,WJlVR8bhTMu-FI8vVsnFOw
1781,Arodbike,1724770516136,3,41043,33201,123129,3.3333333333333335,0,10,10,8,SUCCESS,41043,O22JnYuASNWleiZ3MGtPPw
1782,ImmutablePatch#4297,1723557468798,3,41086,37665,123260,0.3333333333333333,0,1,1,23,SUCCESS,41086,bbVpHYApTZWe5YjQHe0uzg
1783,ImportantArchitect9fcb48,1722523369685,3,41097,38329,123292,2.3333333333333335,0,7,7,1,SUCCESS,41097,8gwWU-DmQougYTEJK1LSnQ
1784,SquareByte#0440,1723240881632,3,41110,35003,123331,4.0,0,12,12,6,SUCCESS,41110,kThHx1hbS4-O50dVI3hWwQ
1785,LitzaHille-SIM,1723162782814,3,41112,34467,123338,3.3333333333333335,0,10,10,1,SUCCESS,41112,bV-YudAcTDGNl-OHS_3tHg
1786,ImportantArchitect9812c4,1722536927537,3,41130,36992,123390,0.6666666666666666,0,2,2,6,SUCCESS,41130,q_v1zrRjS4SfmrskQ9Hahg
1787,GustavoBortolon-SCOSpeedRacer,1722474351548,3,41151,38123,123455,1.6666666666666667,0,5,5,3,SUCCESS,41151,uvmRcr9vQb6gJlVWJPCmAQ
1788,WTrentin-CapiSpeedRacingAI,1723140740815,3,41152,39525,123458,2.3333333333333335,0,7,7,9,SUCCESS,41152,3rpy9CiaRpSRFo43OTmlFQ
1789,ImportantArchitecte7f0eb,1722499896801,3,41153,37132,123459,0.6666666666666666,0,2,2,2,SUCCESS,41153,qSmNjvDBT--KdvMk9cuJSw
1790,MSEDU-S5,1724205438274,3,41175,39188,123525,3.3333333333333335,0,10,10,2,SUCCESS,41175,CEtgVKJbSlik_4fouCZWBA
1791,Renato-WDS-WEG-Digital-Sistemas-01,1722708320184,3,41208,35661,123626,3.0,0,9,9,2,SUCCESS,41208,1B4z3UzYRUmCluqpi5vgMg
1792,Asphaug,1724668696036,3,41217,38730,123653,0.3333333333333333,0,1,1,1,SUCCESS,41217,yfuB0iyWRO-avOdjAU8aSw
1793,SecureScope#1361,1722610831275,3,41218,36260,123656,3.0,0,9,9,1,SUCCESS,41218,SMjS8LX6QhuvBkRSrydJxw
1794,MUTB-MitsukoMatsumura,1723273108803,3,41220,40800,123662,0.0,0,0,0,4,SUCCESS,41220,QjbebwuESsauGTfNXxNx9w
1795,AndesRacer,1723837847948,3,41240,38254,123720,1.3333333333333333,0,4,4,2,SUCCESS,41240,w_983SqET26FI7fAAT3ZrQ
1796,test-lht#3762,1723099285339,3,41241,39195,123723,0.3333333333333333,0,1,1,4,SUCCESS,41241,CTHbwoOdR_G881Tt0JeymA
1797,EliteRacers-Evelyn,1724757999515,3,41264,36660,123793,3.6666666666666665,0,9,11,1,SUCCESS,41264,Woawt-FpRha6m4aRxoxRQw
1798,Not-The-Stig-Just-Joseph-Hissong,1723043361177,3,41264,40532,123792,5.0,0,15,15,1,SUCCESS,41264,QZMj-A5BRxyIL_0m1RXQag
1799,DesktopCharacter#0533,1724044470731,3,41308,40989,123926,0.0,0,0,0,2,SUCCESS,41308,jgpF83axRs2fRCnIss37nQ
1800,ImportantArchitect440d03,1722490856245,3,41309,38861,123929,3.6666666666666665,0,10,11,2,SUCCESS,41309,NDhg3HkmSZqqLPtYNL9Gxw
1801,AlphaDiff#1348,1724929516105,3,41331,38995,123995,2.3333333333333335,0,7,7,1,SUCCESS,41331,wA_oFxGbRUSGrEi7aDDJcA
1802,TCoEPUNE,1724760619436,3,41357,37600,124073,1.6666666666666667,0,5,5,18,SUCCESS,41357,w4vjWrAiRN-b8ZRWStXtMA
1803,User40020923,1724268496374,3,41394,37863,124184,3.6666666666666665,0,11,11,1,SUCCESS,41394,CRFfHOqWQv6OkmA9RU_ZBg
1804,ImportantArchitectbe6eb9,1722572050854,3,41418,37124,124255,2.0,0,6,6,2,SUCCESS,41418,cZNdct2PQOiQi1h_bd3d6g
1805,groundbreakers-mahendiran,1724930786583,3,41420,35736,124260,4.0,0,12,12,2,SUCCESS,41420,l0GGu9rET0GxK9x5xaJMog
1806,ImportantTag#7872,1723619734281,3,41420,39527,124261,0.3333333333333333,0,1,1,4,SUCCESS,41420,4XyuKHboRgylczmZOSh1Vw
1807,dzbrain-version-1,1724616064936,3,41444,37861,124334,0.6666666666666666,0,2,2,2,SUCCESS,41444,6Tr9aV_HSaykYBvvUL1Sug
1808,Accessdenied-Niranjan,1724405082764,3,41461,36265,124384,2.0,0,6,6,1,SUCCESS,41461,DHq4-NPuQkyPGugptYQ-Iw
1809,LucasBruhmuller-AstecWAU,1722943707059,3,41530,35069,124591,2.3333333333333335,0,7,7,1,SUCCESS,41530,EfqDyTV5RBaClvAfhVaLzg
1810,GenerativeDiff#5074,1723795091728,3,41537,41004,124612,2.0,0,6,6,5,SUCCESS,41537,gEtXhksdReGrbKSY6rRUXw
1811,Leticia-L3plus,1723133323573,3,41554,38073,124664,3.6666666666666665,0,11,11,2,SUCCESS,41554,ssdkd3R8QCiQGEuljaRghw
1812,LettyOrtiz,1723543843163,3,41574,39531,124723,3.3333333333333335,0,10,10,2,SUCCESS,41574,ex6fC6pgTHyMhXixY4ATtA
1813,NestedVariable#6841,1723840960667,3,41603,36481,124810,4.0,0,12,12,4,SUCCESS,41603,2en_CfklT-CF11FDfjra2Q
1814,MUTB-MNSpeedDemons-Yoshino-buNoguchi,1723466715115,3,41644,35467,124933,2.6666666666666665,0,8,8,9,SUCCESS,41644,3WEy-8a5TQSP5NhKjc7ZQg
1815,ImportantFunction#7273,1724929395468,3,41751,33870,125254,4.333333333333333,0,13,13,2,SUCCESS,41751,0XFCxKtbQYCYNOfaromqEg
1816,BigCircuit#6385,1724900886498,3,41753,36739,125259,1.0,0,3,3,1,SUCCESS,41753,XN1k0qFAQQ6S09tT4IUXTQ
1817,BogdanB,1724791249152,3,41774,38322,125324,1.0,0,3,3,6,SUCCESS,41774,jQ9ui-mJS8uGlyHGoTZLFg
1818,Autonics#Bimmer,1724155000571,3,41796,33064,125388,2.6666666666666665,0,8,8,1,SUCCESS,41796,rFnlbicuS0ShAQ_gsY57pg
1819,CodePatch#4787,1724882254606,3,41821,38864,125463,1.6666666666666667,0,5,5,2,SUCCESS,41821,mYPssgbsQ9G1jM0PMiAo_g
1820,NestedFix#9103,1724943351694,3,41931,36203,125794,3.0,0,9,9,5,SUCCESS,41931,lGDmoZKPSkiPwS-MpxZ5Hw
1821,IterableArchitect#6319,1724511275144,3,41935,38200,125807,2.3333333333333335,0,7,7,2,SUCCESS,41935,stZSL43yTsiOl_h3eB7sPQ
1822,ImportantArchitect73b476,1722519968681,3,41950,35458,125852,3.3333333333333335,0,9,10,1,SUCCESS,41950,KGgtZHFRSJe_YrkBdfzyOA
1823,ImportantArchitecteb5900,1722576671892,3,41952,37262,125857,2.6666666666666665,0,8,8,1,SUCCESS,41952,XLwqcAbITUOUztBqFsPX-Q
1824,ImportantArchitect401c3c,1722515560924,3,41952,39735,125856,2.3333333333333335,0,7,7,1,SUCCESS,41952,G33iD-e6Q2WNo4ETxa1CrQ
1825,technopro#hasegawaisao,1724037288143,3,42039,41130,126119,0.0,0,0,0,1,SUCCESS,42039,hgWsaNIoQZmgXyn2LrM0Lw
1826,Mastricks-Nandha,1724758126339,3,42159,34617,126477,2.6666666666666665,0,8,8,4,SUCCESS,42159,lUYb2uDRRB2UtfuQsjLkag
1827,MUBK-YoheiAshie,1723250415760,3,42243,39861,126730,0.3333333333333333,0,1,1,5,SUCCESS,42243,dKPIgZJ2RVu-H2RGzigPJQ
1828,QualityNotation#4994,1724534005154,3,42264,42074,126794,0.0,0,0,0,6,SUCCESS,42264,qtiiJw8hQJSQhR61ovVHDA
1829,luanLabigalini#TheSOAPs,1723138936261,3,42287,37464,126861,2.6666666666666665,0,7,8,1,SUCCESS,42287,QVn_QfhETe-tN8DHsKrMRA
1830,Lira-TheOfficers,1723144585016,3,42309,36802,126928,4.0,0,12,12,3,SUCCESS,42309,j3dDjbd9Se2vdlxdx9eeMw
1831,soul-society-dharun,1724508544490,3,42333,37667,127000,2.6666666666666665,0,8,8,1,SUCCESS,42333,0LfNDrUyRICitoczC1f0Zw
1832,NestedState#3936,1723272665541,3,42376,42121,127128,0.0,0,0,0,1,SUCCESS,42376,yl8dAseAQLWA3p2OvykeOg
1833,ImportantArchitectf373c8,1722544563686,3,42383,38806,127150,2.6666666666666665,0,7,8,1,SUCCESS,42383,82332UIVQeqBxQ13OWuZyw
1834,Thairo-WMOMotores03,1723056941395,3,42397,32134,127192,3.6666666666666665,0,11,11,13,SUCCESS,42397,F3pYTA66SvijPr8mnSrN2A
1835,Lt-Mcqueen,1724468735241,3,42450,42334,127352,1.0,0,3,3,3,SUCCESS,42450,3DMDiHn5RH2uGMLgdaG7Ag
1836,DriftDasher-madhan,1724920453462,3,42530,39259,127592,3.6666666666666665,0,11,11,4,SUCCESS,42530,LQetAakJSQi6Ecik0uJ0LA
1837,RADY-RANJITH,1724756407448,3,42532,35917,127598,3.3333333333333335,0,10,10,1,SUCCESS,42532,D4OZUHdBRW6Pk9dH4RvCOQ
1838,ImportantArchitecta1fdba,1722498778672,3,42618,42201,127856,4.0,0,12,12,2,SUCCESS,42618,gaT_X47ZTWqmdTtAKYFE0A
1839,JPMC-LDN-CATastrophic-Racers,1724461656721,3,42623,35400,127869,4.333333333333333,0,13,13,1,SUCCESS,42623,063944b6e81f46398c757Q
1840,JPMC-NYC-07,1723038759690,3,42661,39120,127984,3.6666666666666665,0,11,11,2,SUCCESS,42661,qbj3rFaNQ0We8e9bGSZBSg
1841,ImportantArchitectdf9c82,1722577048483,3,42665,36258,127995,4.0,0,12,12,2,SUCCESS,42665,1f5MhdZ-TJWeu2uAfCMDAA
1842,PythonInterface#1881,1722499750989,3,42706,42673,128118,0.0,0,0,0,3,SUCCESS,42706,pjteaYhuQJyY9pXRAv83rg
1843,ValentinoRojak,1724732764758,3,42751,40799,128255,3.3333333333333335,0,10,10,2,SUCCESS,42751,lu75LjVlQ_CsUNpXaTm0_w
1844,highspeed#7464,1723675637959,3,42773,33727,128320,3.6666666666666665,0,11,11,14,SUCCESS,42773,jHlMN6IZSbavs14q6KjGBQ
1845,DeepDelta#5403,1724868941704,3,42818,42531,128455,0.0,0,0,0,1,SUCCESS,42818,O0jKjgM0SBWyuONy8lBdDw
1846,exthun2020,1724741291973,3,42841,37533,128524,1.0,0,3,3,2,SUCCESS,42841,Q4rQi47qQQW20ngD5EQhTA
1847,ImportantArchitect77efb7,1722501353038,3,42867,33600,128603,2.6666666666666665,0,8,8,2,SUCCESS,42867,iCyNEUMSQrSb56WTilF1yA
1848,MUTB-team-konnemi-ShunNawa,1723984947103,3,42910,33996,128732,4.333333333333333,0,13,13,29,SUCCESS,42910,5OAYvgjNQEiY8KavJ2RHKw
1849,FlavianoCP7,1723118826348,3,42994,32866,128984,3.6666666666666665,0,11,11,1,SUCCESS,42994,cBEmCh1qRd2ogWfGb0mPaQ
1850,Henryck-Weglocidade,1722519898070,3,43018,40336,129056,2.3333333333333335,0,7,7,6,SUCCESS,43018,2lTiDWzbQ1eXAoqXIXb8hQ
1851,HussainJolt,1723721983203,3,43064,35461,129194,2.3333333333333335,0,7,7,1,SUCCESS,43064,NraKOuxPQF2Lb4AwDX-5uA
1852,MUBK-TeamSasaki-MasatoNamiki,1723461751433,3,43112,39943,129336,3.6666666666666665,0,11,11,1,SUCCESS,43112,s3nS_LojQVWGm9fWqYpt3w
1853,ImportantArchitectea4e12,1722513678525,3,43151,39002,129453,3.6666666666666665,0,11,11,1,SUCCESS,43151,3RMMGG7iS6uoqsPFBPhXyQ
1854,Ramon-Herrero-WDS-Automacao01,1723138057381,3,43198,34133,129596,4.666666666666667,0,14,14,1,SUCCESS,43198,g58MO8GfSQSGYL5gsol4mg
1855,GlobalTech#3639,1724749154983,3,43228,37952,129684,4.0,0,12,12,1,SUCCESS,43228,fsYEaW_zSIW5k25xpioWmQ
1856,BrainyPoint#6137,1722532001255,3,43239,37322,129719,2.3333333333333335,0,7,7,1,SUCCESS,43239,Fbp8MpK4Tkm49kKWVNrowg
1857,UndercoverRacer,1722947039338,3,43284,43126,129853,4.0,0,12,12,1,SUCCESS,43284,rnfzzA5fTtuJ9_R3GA3r_w
1858,RenanAmorim-ByteRacers,1723148457211,3,43308,42998,129925,1.0,0,3,3,1,SUCCESS,43308,MRDe2L5KSrmICFa_oYb0FQ
1859,GabrielStorti-DESPROD-WEN,1722620725499,3,43309,37730,129928,4.0,0,12,12,1,SUCCESS,43309,SdLhRoRLRDCCQqLocKC43Q
1860,RocketSlice#0273,1724916774213,3,43351,39263,130054,3.6666666666666665,0,11,11,5,SUCCESS,43351,gpi9GbITQ2a5-CDTcIBuoQ
1861,ImportantArchitecte495d4,1722518131553,3,43399,41405,130199,4.333333333333333,0,13,13,1,SUCCESS,43399,1iAdJHw8SJK1KjoWOSx-mA
1862,ImportantArchitect9f9111,1722516552514,3,43441,42737,130325,1.0,0,3,3,1,SUCCESS,43441,11lkTDUgTf25PPPeVKzJhg
1863,WebFormula#1964,1723734115590,3,43446,39333,130340,3.6666666666666665,0,11,11,2,SUCCESS,43446,sPzDuQfTRBKELDKfV08org
1864,ReferenceSandbox#3875,1723403308413,3,43487,40523,130463,0.6666666666666666,0,2,2,1,SUCCESS,43487,OsM9xue6TCOuaeEB3_VdMg
1865,Deepracer-ka-Abhimanyu,1724903738383,3,43487,43396,130463,2.0,0,6,6,17,SUCCESS,43487,MstZUUKFQsGZ_StdwZhFqw
1866,Karters-PreethiKirubha,1724663403813,3,43510,41070,130531,0.3333333333333333,0,1,1,5,SUCCESS,43510,KA6yHzziQ-iF_ZghE6VckA
1867,ImportantArchitect299f61,1722542049585,3,43550,38796,130652,2.0,0,6,6,11,SUCCESS,43550,Y1ygORj8RROhxH-1bfKHjw
1868,ImportantArchitect2bd850,1722510042977,3,43573,39918,130720,1.6666666666666667,0,5,5,1,SUCCESS,43573,50DVrp8USLesnvweWDJbNQ
1869,Bob199110,1724954445461,3,43599,40128,130798,2.6666666666666665,0,8,8,1,SUCCESS,43599,1-ZplXIsQ0WFkyVFLM-qDQ
1870,TestingBraces#6434,1722604819263,3,43619,40996,130859,0.3333333333333333,0,1,1,1,SUCCESS,43619,R5NIiB0sQ5yZt950Z62NSg
1871,ProvisionalTester#6291,1722610298854,3,43642,39794,130926,3.6666666666666665,0,11,11,1,SUCCESS,43642,PLGWJMOTSQS935Zt2bVFRw
1872,ImportantArchitectf1e805,1722542995776,3,43684,41338,131053,3.0,0,9,9,6,SUCCESS,43684,ZomX3XlVRv2B5l5UOIaQsg
1873,RelentlesslyFast,1724705041046,3,43754,43667,131262,0.0,0,0,0,3,SUCCESS,43754,5z97iRvdR8mna0wIG4pz6g
1874,Lucas-Barros-WDC-DIGITAL-E-SISTEMAS-01,1722945559996,3,43797,41798,131391,4.333333333333333,0,13,13,4,SUCCESS,43797,aHj19AywTqGTHTU7YS8L1w
1875,ReinforcedRacers-AnanthArokiadoss,1724824606236,3,43840,39735,131521,3.6666666666666665,0,10,11,1,SUCCESS,43840,tRdu0ewRQ7eY1O2atnBqEQ
1876,TeamAMC-Parvathy,1724775431261,3,43863,30523,131590,2.3333333333333335,0,7,7,6,SUCCESS,43863,sP48DB3QQDSdHMjKEbdonw
1877,FormulaicValue#2263,1724760143153,3,43908,38056,131724,4.0,0,12,12,7,SUCCESS,43908,HHu9cdNjQcG2fesNR0LpTA
1878,IntelligentVariable#7113,1724943937621,3,43933,40403,131800,3.6666666666666665,0,11,11,1,SUCCESS,43933,t2vCFSXSTQ-PQMwsVoQE6Q
1879,AccessibleDebugger#6171,1724930229076,3,44018,43737,132055,1.0,0,3,3,1,SUCCESS,44018,QVujzqWbQd-3o8awHhdHwQ
1880,LoopingArithmetic#9656,1724737675590,3,44020,33330,132062,3.0,0,9,9,2,SUCCESS,44020,JMqwO032SwqMKoWnZCZpcg
1881,CrypticValue#8130,1722617265055,3,44024,33876,132073,4.666666666666667,0,13,14,1,SUCCESS,44024,xdX4SgcFTX-XTL68ITFXnA
1882,IterableEnvironment#0185,1723367686702,3,44086,43736,132259,4.0,0,12,12,2,SUCCESS,44086,xFywi52TQUOPQXMkEZXABA
1883,LighteningMcQueen,1724849336677,3,44087,42189,132261,0.3333333333333333,0,1,1,6,SUCCESS,44087,M8H6Og1OQQ224ntt_7sWNg
1884,DigitalSlice#6853,1722981250485,3,44108,40466,132326,3.3333333333333335,0,10,10,10,SUCCESS,44108,JzhIMwjMQoOW-fc7dF9HXg
1885,WebBraces#5278,1724917092781,3,44111,36528,132334,4.333333333333333,0,13,13,3,SUCCESS,44111,Gyo5SULqSlmU6DiLOd0e1Q
1886,StructuredFunction#8292,1723068607051,3,44178,42338,132535,4.333333333333333,0,13,13,2,SUCCESS,44178,rP4n8dmQQTWsR9VFPBOJ7w
1887,ImportantArchitect3b071c,1722522847690,3,44243,27604,132729,2.6666666666666665,0,8,8,2,SUCCESS,44243,0sejf4MJS2e_vI3GP_K1Ag
1888,Arang,1723744758522,3,44265,35124,132796,4.666666666666667,0,14,14,1,SUCCESS,44265,abxB9RhBStiA52QKMWkNiw
1889,FocusedLambda#0247,1723402099692,3,44306,40189,132920,3.6666666666666665,0,11,11,1,SUCCESS,44306,uIRn2WQWQKCTxsZGojYhTA
1890,JavaRequirements#2955,1723136797740,3,44309,39657,132928,3.6666666666666665,0,11,11,3,SUCCESS,44309,lt7H6Td6SMSMRn8MOb1KCQ
1891,DanielDeschamps-Senna,1722956707798,3,44419,39136,133258,4.0,0,12,12,1,SUCCESS,44419,URbwdw18SQ2jWiCjHMLsUg
1892,SolvableDocumentation#9297,1722514787714,3,44440,38395,133322,1.0,0,3,3,8,SUCCESS,44440,Fmchj-tjTBiLQZBApOeE_g
1893,ParametricDeadline#6633,1723700129773,3,44442,40600,133328,1.6666666666666667,0,5,5,8,SUCCESS,44442,eBWp1q4AT02wOGRhdVOleg
1894,BetaDescriptor#0145,1724436123884,3,44556,44205,133668,3.0,0,9,9,8,SUCCESS,44556,5oPxEu0_S5ex27uKsIm5IA
1895,SecureCallback#2135,1724235417473,3,44611,42402,133833,4.333333333333333,0,13,13,2,SUCCESS,44611,ZfTsGOOiRIyaPXjCrrCCEw
1896,MUBK-NaokiInagaki,1723369381150,3,44617,39202,133852,4.0,0,12,12,1,SUCCESS,44617,DOP2XiU7TV-yfCRHtMSE3w
1897,EvertonSchmitz-ManutencaoIX,1723034855528,3,44620,42130,133861,4.333333333333333,0,12,13,2,SUCCESS,44620,8M-2_rjrTQ64NYxQXq4DyQ
1898,TestableSemicolon#5033,1723542528724,3,44662,44528,133986,0.0,0,0,0,1,SUCCESS,44662,y1iyFz_ZRm2lBV8O0LaDxg
1899,ImportantArchitect1bc0c5,1722526872484,3,44666,38199,134000,3.0,0,9,9,1,SUCCESS,44666,5BMCE96lQcuXo9ljigcPMw
1900,MurilloRomano-VendasWAU1,1722977124928,3,44666,42535,133998,4.333333333333333,0,13,13,7,SUCCESS,44666,v6AaTMcaSPOBPwZftK2pNA
1901,HelpfulAttention#6862,1723105373421,3,44713,40869,134140,3.6666666666666665,0,11,11,3,SUCCESS,44713,ZOQB6ogrRlS4wDmb1Zw5gw
1902,ImportantArchitect8839bc,1722484177969,3,44842,41927,134527,1.6666666666666667,0,5,5,1,SUCCESS,44842,gV21syqfRq2_KYzzU_G9YQ
1903,AsynchronousTester#9397,1724943128952,3,44887,42998,134662,1.3333333333333333,0,4,4,2,SUCCESS,44887,M3HYW7qYRz-p7grJ6GLk6A
1904,teamD6,1723092960593,3,44953,39267,134861,2.0,0,6,6,1,SUCCESS,44953,TjQECTnRQlu7MHW9hOOHfQ
1905,Bubblesome,1723530789072,3,45020,41731,135060,2.6666666666666665,0,8,8,1,SUCCESS,45020,PtMTywODSJSeGuxBt3K4uw
1906,MobileSpec#2567,1724026705716,3,45020,36665,135061,2.6666666666666665,0,8,8,3,SUCCESS,45020,GgZhJ2M7RxSpFVvKq5Vk8A
1907,ImportantPoint#7887,1724802513733,3,45085,42927,135257,1.3333333333333333,0,4,4,1,SUCCESS,45085,YNpGxXySQJqXxcU1zXPn-g
1908,Numlock,1724837987663,3,45161,40074,135483,4.0,0,12,12,1,SUCCESS,45161,UCVfPVZ9R1qk6X4LqVvDzg
1909,MSEDU-S14,1722833360835,3,45173,44267,135521,3.0,0,9,9,3,SUCCESS,45173,X1lzkxwNSASyP2zgGtqZqg
1910,IRein22I,1724741611309,3,45266,45193,135798,4.0,0,12,12,2,SUCCESS,45266,WEAZb2AqROiFZ2_ifNJjcw
1911,UnboundSchematic#4217,1724931457375,3,45310,39548,135932,3.0,0,9,9,2,SUCCESS,45310,1BLMKKQnRIKeuN-LTF1xYQ
1912,CreativeAnalyst#3559,1724413304543,3,45394,39456,136183,1.0,0,3,3,1,SUCCESS,45394,NyrsEWJtTBWO_3q7p2vnVA
1913,BigLine#1080,1724315293245,3,45397,38724,136192,1.3333333333333333,0,4,4,4,SUCCESS,45397,Z1pFLQiVQJenaF8XHk5GQQ
1914,direction24,1724836723288,3,45422,45274,136268,2.0,0,6,6,11,SUCCESS,45422,EaDbeeEfRTaJoFSTpleUwg
1915,Willian-SGISpeedRacers,1723001599677,3,45465,36267,136396,3.6666666666666665,0,11,11,3,SUCCESS,45465,rzsGdrO1QjO7GkqiuzNJeQ
1916,SquareAbstraction#3459,1724923944400,3,45506,45061,136520,0.0,0,0,0,3,SUCCESS,45506,OgkjHFV_SGeBWNK5yM6H6A
1917,FilipeFloriani-TechTurbos,1722510398939,3,45577,42997,136731,3.3333333333333335,0,10,10,1,SUCCESS,45577,_PkZi8AtSDKx5h_jybwf5g
1918,ComplicatedArchitect#7160,1722843410613,3,45597,40731,136792,4.333333333333333,0,12,13,1,SUCCESS,45597,WSJj16sJT7WLZnTH2H_PSg
1919,UsableGame#4752,1724472114545,3,45640,45184,136921,0.0,0,0,0,3,SUCCESS,45640,b69Tokp7SYC3UZsJP-dvlw
1920,TeamE-shanyaozhixing#9527,1723093006083,3,45640,38259,136921,4.333333333333333,0,13,13,1,SUCCESS,45640,i2LmnGTbTaGNDNyQ-7rNkw
1921,EmmaW,1723571165852,3,45662,40730,136987,4.0,0,12,12,1,SUCCESS,45662,cGeXoMZaQT24njpRoZbN_Q
1922,ImportantArchitect0e76da,1722579118981,3,45664,42928,136994,3.6666666666666665,0,10,11,1,SUCCESS,45664,ypppQIdVQ5uIycArZcQxcw
1923,gigi-DNPds,1724138936203,3,45731,43800,137193,5.333333333333333,0,16,16,1,SUCCESS,45731,nkTUmamiSOWmb8YpN0p7aw
1924,LucasFritz-CircuitBreaker,1723038870930,3,45750,39066,137252,4.0,0,12,12,7,SUCCESS,45750,3Ko-MiL9QoiXCHvXhbjK7w
1925,reddy-01,1722862262085,3,45751,41804,137253,4.666666666666667,0,14,14,4,SUCCESS,45751,UCFR4laeSSaayVrHBUcdmA
1926,FungibleCallback#6829,1723019305759,3,45798,38467,137396,4.333333333333333,0,13,13,5,SUCCESS,45798,ujG3LJ63RGW9Am23-VxQgg
1927,Zero-dayOrder#7271,1723580185493,3,45822,43607,137466,0.3333333333333333,0,1,1,1,SUCCESS,45822,RwxnBaXqSiyzftTJf7RpcQ
1928,MobileObject#9958,1724342461910,3,45865,34597,137596,5.0,0,15,15,1,SUCCESS,45865,pY69FABiSkaDMUr0nDBScw
1929,ZachEatsDogs,1724961049284,3,45907,41335,137723,2.6666666666666665,0,8,8,1,SUCCESS,45907,mvTJvxhSSaaMp4uMuCmVxg
1930,HelpfulSchema#6626,1723795560592,3,45908,37598,137726,3.0,0,9,9,6,SUCCESS,45908,-WpfJfMtRqqIKEXHtrDAHw
1931,AndreiaRossini#TheSOAPs,1723036437283,3,45998,39271,137996,3.6666666666666665,0,11,11,6,SUCCESS,45998,xyAgwysCQ3aADMcPPHfqbQ
1932,mike-mu,1723842246979,3,46089,37601,138267,2.3333333333333335,0,7,7,3,SUCCESS,46089,IPdOjwLOSpKLAkUPv58Zlw
1933,JPMC-MUMBAI-013,1723213798415,3,46195,44998,138586,5.0,0,15,15,2,SUCCESS,46195,_X2IQa66SmKytXegf3OWaQ
1934,MSEDU-S12,1723786107446,3,46198,45928,138595,2.0,0,6,6,2,SUCCESS,46198,qvJMDIpNQVqyFlDVwNYPjw
1935,ImportantArchitect3549a0,1722576623939,3,46202,41136,138606,4.666666666666667,0,14,14,1,SUCCESS,46202,7LWHemPnSXyTENLubYVMuw
1936,MUTB-KazuhaHashimoto,1722682975984,3,46219,39400,138657,1.0,0,3,3,7,SUCCESS,46219,NQc6EmM3TuuhEFmAXZXvew
1937,Chaman,1724843100785,3,46263,45936,138790,0.0,0,0,0,11,SUCCESS,46263,L9zmP9EXTTKmZMbqBd9XNQ
1938,The-Slow-and-the-Furious-Tokyo-Crash,1723536668934,3,46265,42400,138795,4.666666666666667,0,14,14,2,SUCCESS,46265,Ft3eWStjQWO1c0j8DyJfUg
1939,MasterMinds-Jagadish,1724851481202,3,46287,42939,138862,4.333333333333333,0,13,13,1,SUCCESS,46287,79s1Vgk8SOi4UaGB1epPLA
1940,EncryptedPatch#7186,1724298406291,3,46375,40730,139125,4.0,0,12,12,1,SUCCESS,46375,tauWQoG-TcKu99qbUy5NLg
1941,Bytedotcom-rithiniha,1724432214956,3,46533,45924,139600,0.0,0,0,0,1,SUCCESS,46533,V1T9cZE3S5G-O8V7vM7Dpw
1942,WebRequirements#3389,1722985608524,3,46599,38864,139797,5.333333333333333,0,16,16,6,SUCCESS,46599,PyD5TITtRR6mAdVIRlhzew
1943,PathingUpdate#9749,1723734730367,3,46641,44601,139924,5.333333333333333,0,16,16,1,SUCCESS,46641,wkMfST3WTjKoUohDrlNf-g
1944,UnicodeToken#6830,1724955386200,3,46642,40868,139928,4.0,0,12,12,4,SUCCESS,46642,JNehCVrQQ6GUB8_L137LqQ
1945,MatheusMachado#Unicamp,1722632613884,3,46662,42258,139988,4.0,0,12,12,1,SUCCESS,46662,rhU6WezOQBqMpXRGINP30w
1946,Thais,1724268511200,3,46663,44403,139991,4.333333333333333,0,13,13,1,SUCCESS,46663,L1JexyziRVu8NviCRput-w
1947,CyberneticObject#2883,1724337799614,3,46666,41465,140000,3.0,0,9,9,2,SUCCESS,46666,-8biMnEdQtqvmWXsWdNsTQ
1948,CreativeCommand#3158,1724924808993,3,46693,40137,140081,4.333333333333333,0,13,13,1,SUCCESS,46693,qd7nAjSQQoefVnHvqOqdcA
1949,RogerHideki#0000,1724268505955,3,46709,46199,140127,5.0,0,15,15,2,SUCCESS,46709,PL-A3SuKS-2_Kn8Add1w5w
1950,matthew-page,1723829081213,3,46730,42536,140190,0.6666666666666666,0,2,2,2,SUCCESS,46730,eqNRe-5PSt6ovMkgm6ATTg
1951,Testing486#0333,1722696489215,3,46775,46599,140325,5.0,0,15,15,1,SUCCESS,46775,hA2U2ufhTOCg-vECWiqsgQ
1952,JPMC-HOU-RacerStars,1722479407160,3,46783,45064,140349,5.333333333333333,0,16,16,2,SUCCESS,46783,64bbcd919ce94266a0594w
1953,ComplexDelta#9076,1723566807864,3,46843,44666,140529,5.333333333333333,0,16,16,1,SUCCESS,46843,x2CO-RPPRY2SoCnkAMj8gw
1954,ContinuousBraces#8919,1724704634570,3,46909,46330,140729,0.0,0,0,0,4,SUCCESS,46909,XNdCQSSjT_aeym4YKajI4Q
1955,MyCarPackage#8003,1724301699680,3,46955,39326,140867,3.3333333333333335,0,10,10,1,SUCCESS,46955,Ne3YKCroTQykCEScztHlCA
1956,ImportantArchitecta51f93,1722523237769,3,47039,44867,141119,5.333333333333333,0,16,16,1,SUCCESS,47039,-sTkwtLnTIq42zuAkV5Q2Q
1957,SquareModel#4282,1723846386464,3,47049,41674,141147,4.0,0,12,12,2,SUCCESS,47049,e66aw5DJT6qE6fOIfhc2tQ
1958,DesktopComment#3284,1724776215090,3,47064,40122,141194,5.333333333333333,0,16,16,2,SUCCESS,47064,KW56yr8xRyGnAQNaG5a98w
1959,F1Test,1723575401095,3,47086,40189,141258,5.333333333333333,0,16,16,4,SUCCESS,47086,85VnI5X9RtSJ4YMrE4u0hQ
1960,AIMEC-CO-Ashokvijay,1724420897933,3,47099,43543,141299,5.666666666666667,0,17,17,1,SUCCESS,47099,zzOLLbLNTsGD1JwPGfWvPg
1961,DanielFEGarcia-WMOMotores-07,1723043791295,3,47153,43927,141461,0.6666666666666666,0,2,2,1,SUCCESS,47153,0C8BXHYsRE2-iwxdAQQ0cA
1962,JPMC-DFW-DeepRacer10,1723072111131,3,47154,47069,141462,0.0,0,0,0,4,SUCCESS,47154,lu9IPjxGSSmnbtbQ6ic8Hw
1963,BigUpgrade#5984,1724743590748,3,47176,34469,141528,5.333333333333333,0,16,16,6,SUCCESS,47176,WPo9ormrSUyVJayF3tmlyQ
1964,CleanArgument#4223,1724810137378,3,47199,41263,141598,5.0,0,15,15,3,SUCCESS,47199,gpIT9A3UQ62uKFVVmRVJSA
1965,ImportantRequirements#8667,1724636623877,3,47220,46860,141661,1.0,0,3,3,2,SUCCESS,47220,G5vKNFmKSGqETS4KAn9uTQ
1966,MachineState#0981,1722942858524,3,47222,39531,141666,5.333333333333333,0,16,16,3,SUCCESS,47222,FJyWNxXRQ9OrX1XuqxiBxg
1967,TechCentralAaron,1724545243595,3,47224,44066,141672,3.3333333333333335,0,10,10,4,SUCCESS,47224,W6ET1gRRSy2sFgHdtFREEA
1968,ImportantArchitect6fb0fa,1722571868672,3,47243,37332,141729,4.666666666666667,0,14,14,2,SUCCESS,47243,li3WutVUT1OTint9DbUPow
1969,MUTB-KenjiAikawa,1722580001863,3,47285,43731,141857,0.6666666666666666,0,2,2,1,SUCCESS,47285,e7gEqrXfT1C4X5cMdXiGtA
1970,ImportantArchitect775aba,1722534862314,3,47286,45395,141860,5.333333333333333,0,16,16,2,SUCCESS,47286,_ONXh2ebRuOvh_nv0mcjMQ
1971,UpgradedDescriptor#9969,1724828316940,3,47308,38530,141925,3.6666666666666665,0,11,11,2,SUCCESS,47308,7JzGcZy6Q5GhlY2UjJ-PkQ
1972,DraftSwitch#2081,1724478997880,3,47351,45658,142054,5.333333333333333,0,16,16,1,SUCCESS,47351,TmAocyg5RGGIuafKXmOfIw
1973,PLZWORK#4019,1723657572895,3,47352,43856,142058,0.3333333333333333,0,1,1,2,SUCCESS,47352,LGZs0lYQThWX_Ri7zohXPg
1974,MSEDU-S2,1724205437156,3,47375,43204,142127,3.6666666666666665,0,11,11,3,SUCCESS,47375,6N7v5bxMQXa2htIr1fsu3w
1975,EliteRacers-Savitha,1724741928830,3,47508,46653,142525,0.0,0,0,0,3,SUCCESS,47508,CtKYzxWWSniv2PknZF3BPA
1976,JoseLino-WBSMavericks,1723128784935,3,47573,42724,142719,5.0,0,15,15,10,SUCCESS,47573,lFSjcalKRyCgv3mlRRsNhA
1977,TechTi-tans-Monika,1724528219618,3,47596,46531,142790,0.0,0,0,0,11,SUCCESS,47596,Xek3MFD7RjCVjw8u-gq4yQ
1978,KKP-MLQualifierModel,1724918586528,3,47619,47065,142859,0.0,0,0,0,4,SUCCESS,47619,fajiiSolS_SBL13ZeNh7OA
1979,ImportantArchitect930265,1722573780170,3,47619,42266,142857,5.0,0,15,15,1,SUCCESS,47619,U2_HSjylSLKiyI2sj45n9A
1980,FiniteArchitect#8874,1724940348310,3,47709,41861,143129,1.0,0,3,3,2,SUCCESS,47709,1IV0SmFHSX206z2VkIhIjQ
1981,DeepServer#8752,1724833875466,3,47731,47066,143194,0.0,0,0,0,2,SUCCESS,47731,1d1x8EYETk22VL29HewU5A
1982,SolvableScope#7476,1722883646272,3,47753,40130,143259,4.333333333333333,0,13,13,11,SUCCESS,47753,suzU353QS3uTePW7zU3uGg
1983,DraftCommand#6258,1723050253099,3,47796,42003,143390,5.0,0,15,15,1,SUCCESS,47796,JaGiJokPRm2QaVnPtl5LaA
1984,WebPatch#3321,1723813316738,3,47842,42992,143528,4.0,0,12,12,1,SUCCESS,47842,q9D0mhHgRW6aETg77jjZmw
1985,FunctionalAttention#3720,1724679100191,3,47886,47534,143659,6.0,0,18,18,1,SUCCESS,47886,5y0kdbsZQlKF_TbNYdnl_A
1986,Lenilson,1722861667484,3,47897,43127,143692,1.0,0,3,3,1,SUCCESS,47897,A-M6QeHpQmaw7rITMl7AYA
1987,Team-Feichimenghu-LbY,1723092935436,3,47908,45999,143724,0.0,0,0,0,1,SUCCESS,47908,43PNgD1ITE-EF6VCi74yZg
1988,CleanEngineer#4483,1724833986695,3,47975,45066,143925,1.6666666666666667,0,5,5,1,SUCCESS,47975,ImC83_MJTA-9YucxCADqrQ
1989,MUMSS-TatsuyaSuzuki,1723166589534,3,48018,46067,144056,5.333333333333333,0,16,16,6,SUCCESS,48018,rARzOB32QzCF7WvRSj_qDA
1990,ImportantArchitectf5fc7c,1722537644359,3,48064,47539,144194,0.0,0,0,0,3,SUCCESS,48064,A4ECivF7R8ik3VB9Q783gg
1991,GlobalNotation#6223,1722549957413,3,48108,47794,144326,0.0,0,0,0,6,SUCCESS,48108,VvgxwKNxQEqEsx5qYja-uQ
1992,LeetDebugger#7632,1723370573261,3,48152,47990,144456,0.0,0,0,0,1,SUCCESS,48152,JmRTWJaJRUeaOngSqlJsig
1993,JamesDj,1723033869667,3,48197,47869,144591,4.0,0,12,12,1,SUCCESS,48197,gPL_fFKYR36iyPaaXn4OZw
1994,NestedParameter#9252,1724528271057,3,48299,47934,144897,1.0,0,3,3,2,SUCCESS,48299,3t7NTuZkQs2YjAljdDCEVg
1995,ParametricInterface#6754,1723062508474,3,48375,45402,145126,0.6666666666666666,0,2,2,1,SUCCESS,48375,MyErrN5FS9-xhLnOZm8FQQ
1996,ImportantArchitect40e0a3,1722506129840,3,48462,48055,145388,5.0,0,15,15,5,SUCCESS,48462,h12M3sl2Qc6le9ZiMWobRg
1997,ComplicatedModel#1904,1722477327197,3,48465,48204,145395,0.0,0,0,0,2,SUCCESS,48465,Dr0DTMDqTEmk45MHve7OTg
1998,SquareOrder#2703,1723662060869,3,48485,42731,145455,5.0,0,15,15,1,SUCCESS,48485,B9e5nyooRzSZjDY2fa_H1g
1999,FungibleModel#2314,1723660139217,3,48487,46395,145461,5.333333333333333,0,16,16,1,SUCCESS,48487,ugALebcBTm2pyblpvAuAdA
2000,AMC-Joseph,1724837132787,3,48554,47675,145662,0.0,0,0,0,1,SUCCESS,48554,FNK_AMvsQ9K5XZEqoPimuA
2001,Zero-dayDeadline#5259,1724921623249,3,48555,43334,145666,0.6666666666666666,0,2,2,2,SUCCESS,48555,6aIv0ARMTxS01irEeToclw
2002,MajRod#0042,1722950664768,3,48576,46737,145728,4.333333333333333,0,13,13,1,SUCCESS,48576,GHex-qaGQlCoGfkZRKBQPw
2003,ImportantArchitectd2b1b0,1722518951622,3,48577,48136,145732,5.0,0,15,15,1,SUCCESS,48577,l_DZH3GoSVGBFeft5fDvaw
2004,Satiz,1724733271663,3,48597,48594,145791,0.0,0,0,0,5,SUCCESS,48597,YCjOjETNTuG_8TSf4-Fl6A
2005,LeonardoAcostaRodrigues-TheFathers,1722890724939,3,48642,38663,145928,4.666666666666667,0,14,14,1,SUCCESS,48642,3sWnvXr9SoSaX1i4x6qEgA
2006,ImmutableUpgrade#9224,1724504125500,3,48712,44598,146138,5.666666666666667,0,17,17,1,SUCCESS,48712,2rjR2XpPQXeEfHuB5U04_Q
2007,Alan-Lawhead,1722549252470,3,48807,45001,146422,4.666666666666667,0,14,14,1,SUCCESS,48807,6-5G3hP_RbulzYTfg0Hy3Q
2008,I-Am-Invisible,1724932479642,3,48956,48798,146868,0.0,0,0,0,5,SUCCESS,48956,P93nU2bFQVSUU1XDr_IZug
2009,NumericComment#1009,1724347886398,3,48996,48657,146988,0.0,0,0,0,2,SUCCESS,48996,2liLi6aNQ86o-AwXgw-PRw
2010,PassingBrackets#1772,1724932965121,3,48998,48867,146996,0.0,0,0,0,5,SUCCESS,48998,UO-2lP2pSyerhg2Z8mBAEQ
2011,JPMC-JC-Falcon,1723352591167,3,49044,44597,147133,5.666666666666667,0,17,17,1,SUCCESS,49044,qc7OJpyiQMiAKhSLS39utQ
2012,ImportantArchitectce6039,1722529390839,3,49176,41601,147528,1.3333333333333333,0,4,4,2,SUCCESS,49176,T_TM5pdoQ1qY-9AfyQgtKA
2013,JeanLuisResner-VITurboRacer,1723150015054,3,49240,45721,147721,5.666666666666667,0,17,17,2,SUCCESS,49240,WsFu3NqwQ32Tr3S3N1sGcQ
2014,ImportantArchitect5201f2,1722522492196,3,49264,49139,147793,0.0,0,0,0,1,SUCCESS,49264,3tZBb3LXRlalamTdqoocBQ
2015,MSEDU-S16,1724823139946,3,49286,40733,147860,1.0,0,3,3,2,SUCCESS,49286,R59s7HeWR2SLH5Nv5BSZbA
2016,CleanUpdate#4648,1722493670574,3,49307,49068,147921,0.0,0,0,0,1,SUCCESS,49307,o4arc3fCTh-xba_CvTzMdg
2017,Gabriel-Wau,1722966802767,3,49326,46449,147979,5.666666666666667,0,17,17,1,SUCCESS,49326,qHAGQWEMTP-ODMDCjhfxIw
2018,NumericBottleneck#5887,1724879863836,3,49464,48997,148392,0.0,0,0,0,3,SUCCESS,49464,dHM4O1nlQ3O7Qo_9H2Cw6g
2019,BrainyBooster#1676,1724712799234,3,49465,45336,148397,4.666666666666667,0,14,14,1,SUCCESS,49465,XJyHvW6UTIiqTiQNQp_B4A
2020,Sartori-CapiSpeedRacingAI,1723135310684,3,49508,45994,148525,4.666666666666667,0,14,14,1,SUCCESS,49508,kELiYzTnS5-fgh85Nh6L7Q
2021,ImportantArchitectd7c13f,1722575120562,3,49530,46467,148592,2.0,0,6,6,1,SUCCESS,49530,9cZOc1HRQBu0IFnwA7Utew
2022,Jay#5555,1724911929569,3,49575,46198,148725,2.3333333333333335,0,7,7,1,SUCCESS,49575,VLJ2M9KsTCm162xbLTA3yA
2023,MUBK-YuichiroKikuchi,1722649876383,3,49600,45267,148801,1.0,0,3,3,1,SUCCESS,49600,_9gwlgHOSXO_PbcT7YOktQ
2024,BlockchainSequence#8217,1724409829874,3,49619,49333,148859,0.0,0,0,0,1,SUCCESS,49619,hA-NnwMvSsawEw-5UFzR_w
2025,CriticalCoder#7714,1722992823206,3,49663,49329,148991,5.0,0,15,15,4,SUCCESS,49663,AU3neUU5TnewQXOunerG2Q
2026,Arlene-Lytle,1723570917977,3,49665,47072,148995,0.6666666666666666,0,2,2,2,SUCCESS,49665,6BddDwiGSaqHHmVvoBnDXA
2027,ProcessingTest#9417,1722703779569,3,49731,49529,149194,0.0,0,0,0,1,SUCCESS,49731,UAFrOtc0TnaGFFEr1HT32Q
2028,UpdatedHypothesis#5667,1724345232697,3,49774,49719,149324,0.0,0,0,0,1,SUCCESS,49774,nTH0lQKbR6K8wO6jAO9T3g
2029,CrypticDebugger#6382,1724671955527,3,49797,49452,149392,0.0,0,0,0,1,SUCCESS,49797,ZxpSMLezSvCrxG0KXNlsxw
2030,Eviden-Vasanth,1724694499372,3,49842,46465,149526,4.666666666666667,0,14,14,3,SUCCESS,49842,JsQgDIUhQhqyK8n5_mT3pQ
2031,Bruna-FilhasdePython,1722471473149,3,49869,34335,149607,4.666666666666667,0,14,14,2,SUCCESS,49869,f3wkp-TaStmxaXxulqpaHg
2032,DeepClass#6162,1723752600867,3,49886,46339,149659,0.0,0,0,0,3,SUCCESS,49886,Q7gMFgQvQYmqQVBBsVbAeQ
2033,NestedTag#4520,1724935205121,3,49910,47797,149732,4.333333333333333,0,13,13,1,SUCCESS,49910,W8pG3GMyRM6Ddz51GgIvvw
2034,AsynchronousState#2731,1723092697840,3,49913,48070,149739,2.3333333333333335,0,7,7,1,SUCCESS,49913,cWFJWtDURT2PSWmC5Qj3Bg
2035,GenerativeTech#5985,1724783215051,3,49930,49732,149790,0.0,0,0,0,1,SUCCESS,49930,XvQ8MwsWTCKal0-cXg79cQ
2036,CodyNeftin,1723821047036,3,50018,47939,150056,4.333333333333333,0,13,13,1,SUCCESS,50018,WmfWiEr1T6aBChWohFV-UA
2037,TestingResource#1915,1724961686188,3,50019,49461,150058,0.0,0,0,0,1,SUCCESS,50019,jYXphazXQb6FCTKg-y5cVQ
2038,Scot-McElheny,1723773149306,3,50020,44669,150061,6.0,0,18,18,2,SUCCESS,50020,9gmt8VTOQVGFCtrq1RPjEQ
2039,ProvisionalTable#6017,1724674994022,3,50036,48269,150109,1.3333333333333333,0,4,4,14,SUCCESS,50036,DWZwQ35QRQav3tVd_pfmuA
2040,Flavio-EnergIA,1722514549311,3,50062,49928,150188,0.0,0,0,0,1,SUCCESS,50062,W0x9Y39_RNe3G_0jZY7_Ew
2041,Captain-A,1722962385833,3,50152,48936,150457,0.0,0,0,0,2,SUCCESS,50152,7o2dd8cWRBmZQ8Eupvvn7A
2042,ImportantArchitect7a4948,1722575843116,3,50154,41207,150462,4.666666666666667,0,14,14,3,SUCCESS,50154,qryEp3XST6KDnsyTnQQpsA
2043,TestableTable#2446,1722630222668,3,50173,49667,150521,0.0,0,0,0,1,SUCCESS,50173,oH8Ey0w_SYe4bMrNVUZD2Q
2044,Kelly-Health,1722966145044,3,50241,50001,150725,0.0,0,0,0,1,SUCCESS,50241,sgi3LbrYSFO8qnW4ey-9ew
2045,MarlonBergahn-WMOMotores07,1722608793574,3,50244,49667,150732,0.0,0,0,0,1,SUCCESS,50244,_kpGNB-FR2G4JY-8HctaEA
2046,EsteemedInterface#9099,1722483766842,3,50263,49933,150791,0.0,0,0,0,1,SUCCESS,50263,uw_ZB6YLSeCxz5UgWpSt8w
2047,BooleanArgument#2637,1724915929240,3,50287,49865,150863,0.0,0,0,0,3,SUCCESS,50287,C-5CX3TJR0Ssg2njgjgEXQ
2048,UpgradedNotation#6177,1724754348435,3,50353,41062,151060,4.666666666666667,0,14,14,1,SUCCESS,50353,RYnibg7jRMulVJximyiuCA
2049,EncryptedArchitect#9900,1723056184481,3,50374,49725,151122,0.0,0,0,0,1,SUCCESS,50374,QVxZH7kjSHKUFqi0vv1Sxg
2050,FungibleSchema#7889,1722606487876,3,50419,49936,151259,0.0,0,0,0,1,SUCCESS,50419,xmk1oX6rSU2UIViPHaELjw
2051,QualifiedFunction#9168,1724844512121,3,50442,50331,151326,0.0,0,0,0,1,SUCCESS,50442,4OfMwx7ESDGKGNYdocduvA
2052,ImportantArchitecte0c79e,1722559754798,3,50463,43857,151390,4.333333333333333,0,13,13,17,SUCCESS,50463,kILCqj4mTdmbanAW00Jdng
2053,JavaAbstraction#1260,1723593730440,3,50530,50457,151590,0.0,0,0,0,1,SUCCESS,50530,rHFv0O2USROImnptHCCkIg
2054,saina-r,1723477419150,3,50619,49266,151858,1.0,0,3,3,13,SUCCESS,50619,2-Nym-syQw28rSTO4RWENw
2055,GammaEnvironment#4837,1724818628376,3,50729,50198,152187,1.0,0,3,3,8,SUCCESS,50729,X2Bk9GKRTluvCPUiY2qHsg
2056,Machine-1,1724912125999,3,50867,42727,152601,4.333333333333333,0,13,13,9,SUCCESS,50867,1Xt6U-b3Riy5ByoXdrMhRg
2057,ImportantArchitectf23815,1722518930807,3,50930,50867,152792,0.0,0,0,0,3,SUCCESS,50930,AR08bbRnSKaaxOurkKy-7g
2058,onTOP,1723672243673,3,50930,48266,152792,0.0,0,0,0,1,SUCCESS,50930,bYSYkzUfRdCUARyOWBeERg
2059,TechnicalDelta#0203,1724767406316,3,50953,50337,152860,0.0,0,0,0,1,SUCCESS,50953,tLwJdttDSIOjPdQGTloeNw
2060,TabletClass#8374,1724082414519,3,50974,50788,152923,0.0,0,0,0,5,SUCCESS,50974,hshLOcrvQG6zjfi7zkLGeA
2061,MUBK-TID-Team-NaoAshida,1722787214433,3,50974,50926,152923,4.0,0,12,12,1,SUCCESS,50974,_oMpDQ-UQDWDmI39rG_ZSw
2062,CriticalLoop#7397,1722952530604,3,51042,46529,153127,5.666666666666667,0,14,17,1,SUCCESS,51042,WLclct1YSBm3tcS3H2Feug
2063,Victor-Trichez-WMO-Motores-05,1723166882631,3,51086,48396,153260,5.333333333333333,0,16,16,1,SUCCESS,51086,slVpepbOTbCpuAZPOtkWyQ
2064,JPMC-BLR-TeamRocket,1724856482371,3,51086,47129,153260,1.6666666666666667,0,5,5,2,SUCCESS,51086,862178ae6d6947ff88c95Q
2065,ThisState#9483,1724686021289,3,51153,51005,153460,0.0,0,0,0,2,SUCCESS,51153,cejAn_xcRDytYj-dSoBwLA
2066,ProcessingPointer#5553,1724042948351,3,51154,50866,153462,0.0,0,0,0,2,SUCCESS,51154,GvZe1j_SQiq5PH7WR_VXbg
2067,AutonomousAccelerators-Gautham,1724427188287,3,51175,50795,153525,0.0,0,0,0,4,SUCCESS,51175,3goqzToXTNK3TBsJ6WXVYA
2068,IsaK-TheOfficers,1722958978242,3,51198,39466,153595,6.0,0,18,18,2,SUCCESS,51198,T3exRM9jQmOSjZ5mL912iA
2069,Jhorkef-Senna,1724268582137,3,51240,50728,153721,0.0,0,0,0,2,SUCCESS,51240,D3s6g4kTQIeAmAUmx4dkpQ
2070,SequentialDescriptor#9401,1723354764972,3,51240,50999,153722,0.0,0,0,0,1,SUCCESS,51240,xHORn-JGQE6K4AkyzbvKPQ
2071,CompleteScope#9116,1724452201471,3,51331,49803,153994,0.0,0,0,0,1,SUCCESS,51331,devRT81RTjixkpXZ1lkkUg
2072,Vitor-Comissionaracing,1723067838611,3,51353,45007,154060,6.0,0,18,18,6,SUCCESS,51353,86eb6VMjRV2YOrOBs5OdYA
2073,PaigeMc,1723556330851,3,51376,44268,154129,5.333333333333333,0,16,16,1,SUCCESS,51376,gRuWv8kJSVO0Iy-8wmTyBg
2074,QuickResource#5552,1724852831584,3,51466,42326,154398,3.0,0,9,9,3,SUCCESS,51466,-vpXOse9QPacFaF8OeT0UA
2075,HashableBreaker#0905,1724701026775,3,51467,46003,154402,3.0,0,9,9,3,SUCCESS,51467,ncejMy4LSwmO7np5LfiZnA
2076,JPMC-Columbus-004,1723228465322,3,51487,51256,154461,0.0,0,0,0,1,SUCCESS,51487,1fecd68ded4342dfb484cQ
2077,WebModel#3671,1722941351179,3,51507,50722,154522,0.0,0,0,0,1,SUCCESS,51507,7qDbcFLkTZObr5V_6dSGrw
2078,MSEDU-S15,1722833466961,3,51509,45402,154529,0.6666666666666666,0,2,2,1,SUCCESS,51509,T57qcbSsRx2crkWJ1QfOqg
2079,DraftDebugger#0905,1724518728571,3,51529,50932,154589,0.0,0,0,0,1,SUCCESS,51529,Te6BXDkjQ7OYcdynJkiRyg
2080,LeetFormula#9569,1723819604775,3,51598,51534,154794,0.0,0,0,0,2,SUCCESS,51598,qpzVGvCLR96bxJB0KBuP_g
2081,FunctionalBuster#3818,1723256614572,3,51708,51195,155125,0.0,0,0,0,3,SUCCESS,51708,2M-9MPNgQSuRRgEAyd4XBA
2082,MSEDU-S1,1724823140169,3,51777,34797,155331,5.0,0,13,15,4,SUCCESS,51777,71v06eGiTkyolFRnvsuWnw
2083,10xAnalysis#9692,1722883860045,3,51843,51274,155530,0.0,0,0,0,1,SUCCESS,51843,vA0XUF3ZSair7kBZ4Qb_JA
2084,UpdatedResource#3833,1724858181517,3,51864,51725,155592,0.0,0,0,0,2,SUCCESS,51864,wutwkXSYTWGHYhr-AEOSIg
2085,PathingTag#2455,1724933703091,3,51886,46670,155660,1.0,0,3,3,1,SUCCESS,51886,h8umJAZISxO6LKNFPH3X6A
2086,TestingGrid#7298,1722940809987,3,51907,51326,155722,0.0,0,0,0,2,SUCCESS,51907,P7cmTSpKQC2XllIot1APMg
2087,ImportantArchitectd6073e,1722496371598,3,51910,49269,155732,5.333333333333333,0,16,16,1,SUCCESS,51910,X4Ke7yGFRB-jlzncxm4OUg
2088,MUTB-RyojiKuroba,1722784032289,3,51930,48265,155792,5.666666666666667,0,17,17,2,SUCCESS,51930,Kv3HxmzuQoWx7LFuK7cTjw
2089,DigitalSemicolon#2461,1722677251444,3,51995,50051,155985,0.3333333333333333,0,1,1,4,SUCCESS,51995,UTcEpMjdSYqJ1ZjKWBnrtg
2090,MemorySandbox#0250,1723825552069,3,52020,48453,156060,4.666666666666667,0,14,14,2,SUCCESS,52020,wrNdReiUR8-ekXstESMzcg
2091,QualitySlice#7059,1724449961419,3,52053,52006,156159,0.0,0,0,0,1,SUCCESS,52053,AaddGFluSe-Xz-DerDvO3g
2092,RocketDataset#6771,1723093001406,3,52064,51863,156193,0.0,0,0,0,1,SUCCESS,52064,_uLRguFGRUiuSnlj57qddw
2093,Gunsett,1722543066481,3,52107,51662,156323,0.0,0,0,0,1,SUCCESS,52107,05_egjE7SJy4rE0JRVH6Qg
2094,FuturisticValue#3685,1724774819459,3,52109,51666,156329,0.0,0,0,0,1,SUCCESS,52109,gIzmuk8mTwCAnWYToaNf6A
2095,Thenmozhi-S,1724830117923,3,52129,50796,156388,0.0,0,0,0,2,SUCCESS,52129,rAoVQqq6S2er7gO4qGgjsg
2096,JavaFormula#1659,1724426019773,3,52152,51999,156457,0.0,0,0,0,1,SUCCESS,52152,tnoBbVNCSwi9B-mfkKngoA
2097,AbstractGlyph#1259,1724917188722,3,52152,49601,156457,0.0,0,0,0,1,SUCCESS,52152,pwxoDWssRBu7A5ogTE6Zyw
2098,Andre-IAplicacao,1723076883339,3,52176,44332,156529,6.333333333333333,0,19,19,1,SUCCESS,52176,7N92eNwzTmKk6N2176WcGQ
2099,MadMax#1,1724015345134,3,52224,49726,156672,0.3333333333333333,0,1,1,1,SUCCESS,52224,ZiD0Qc45Sh26NWrw8l_cHQ
2100,VEGA,1723209483467,3,52311,51937,156933,0.0,0,0,0,1,SUCCESS,52311,Kq_9iLnBR_WNulNhElhxzA
2101,SquareHypothesis#7853,1723916041540,3,52376,52201,157128,0.0,0,0,0,1,SUCCESS,52376,ZaSglY1cSoGQ4YxmsHtnfQ
2102,EnzoCampos,1724268526195,3,52396,46465,157189,5.0,0,15,15,1,SUCCESS,52396,oIOJH-FaTjyPcQsIsbWqCg
2103,DigitalSwitch#0424,1723661231574,3,52396,51921,157190,0.0,0,0,0,2,SUCCESS,52396,iiHia_zcTmqQ9tjTAycQvA
2104,MSEDU-S11,1722833249629,3,52398,47403,157196,2.0,0,6,6,3,SUCCESS,52398,vozWxgXXSmacnaGFzic_dQ
2105,MemoryParameter#8033,1724611818175,3,52441,51599,157324,0.0,0,0,0,1,SUCCESS,52441,efivE8SIQeajW0kIZ-Crwg
2106,Tokyogrift880,1723735150138,3,52442,48859,157328,0.6666666666666666,0,2,2,4,SUCCESS,52442,KUsltOLfRze4Ftab22t9LA
2107,DraftNamespace#9468,1723663107189,3,52461,52333,157384,0.0,0,0,0,1,SUCCESS,52461,Eax37M1uT4qVeEtSo-X5Zw
2108,MaiRios-LW,1724775730579,3,52487,50131,157461,3.3333333333333335,0,10,10,1,SUCCESS,52487,qza_0aACT-GRs5ycjTJrVA
2109,KingGeorge,1723478445695,3,52508,50994,157525,0.3333333333333333,0,1,1,7,SUCCESS,52508,umIM6RWmSQ-Ptn7-kyFVVA
2110,CreativeError#3898,1723150733720,3,52508,49804,157526,5.666666666666667,0,17,17,1,SUCCESS,52508,ZThWsJshTBWsYMI6BOYdIw
2111,EmmaMills,1723645670928,3,52529,49802,157587,3.6666666666666665,0,11,11,1,SUCCESS,52529,gHOL6Dr9SFijr7LuBy7qVg
2112,atomicscoper,1724403742620,3,52531,52393,157595,0.0,0,0,0,1,SUCCESS,52531,RjwOYdLbQgKn0raPdBL6Ug
2113,UpgradedGrid#0339,1724801863918,3,52553,52061,157660,0.0,0,0,0,3,SUCCESS,52553,D6rydTh9QuGXJUN0xJxI7A
2114,BetaMetaclass#0766,1724753700026,3,52553,52262,157661,0.0,0,0,0,1,SUCCESS,52553,jYOhgU44RAC1GmyDquFIqQ
2115,HelpfulLambda#9791,1724205715902,3,52554,52401,157662,0.0,0,0,0,1,SUCCESS,52554,C7YcBSoiSbik2nFd-DV71A
2116,PythonTheory#2269,1723665610489,3,52573,52466,157721,1.0,0,3,3,14,SUCCESS,52573,b_EobayHS5qQCp1_5VoQCg
2117,PathingMetaclass#2523,1724921673678,3,52595,52129,157786,0.0,0,0,0,3,SUCCESS,52595,TmcnQLj1T1ibxwxqRuD3HQ
2118,Lucas#UnidosDoRPA,1722951312047,3,52641,51856,157925,0.0,0,0,0,1,SUCCESS,52641,wQvwNwwxSWqUSIO5DwD-2A
2119,QualityShell#9819,1723555197820,3,52665,52334,157995,0.0,0,0,0,1,SUCCESS,52665,K8G9gzDUThSkqFdFz0Q_uw
2120,HigherEnvironment#7155,1723536537559,3,52685,51929,158055,0.0,0,0,0,1,SUCCESS,52685,SVa7-3yjTMaZDlUWEssU-A
2121,New1earn5,1722569531375,3,52688,52595,158066,0.0,0,0,0,1,SUCCESS,52688,-lDhQhsSQOK9qr8SDACLPQ
2122,DanielMainbirdMann,1723122103054,3,52729,51731,158189,0.0,0,0,0,1,SUCCESS,52729,bYR9d0ivTrmPG-M2m9bnTw
2123,ProvisionalContext#0492,1724643919248,3,52776,52468,158330,0.0,0,0,0,1,SUCCESS,52776,QE99Jr_dRKmaTXn2Lfkzqg
2124,Flashpoint#8878,1723665238095,3,52777,52596,158332,0.0,0,0,0,3,SUCCESS,52777,61pjlHZ7RJKKdSU7N5VN1Q
2125,MateusBartczakCamargo-PeDComercial,1723206123071,3,52777,47929,158331,1.3333333333333333,0,4,4,4,SUCCESS,52777,mEc-g9_GTcqfhVvNxE042Q
2126,ComplicatedVariable#1761,1724516665389,3,52798,52735,158395,0.0,0,0,0,1,SUCCESS,52798,I27DoomTRGaNY-lRbW9YWw
2127,ImportantDebugger#8401,1724805517074,3,52864,52801,158592,0.0,0,0,0,2,SUCCESS,52864,kCB0rJKhSUGlN9fzKjq34A
2128,teamA-feichixianfeng-chengkaixin,1723092986160,3,52884,52525,158653,0.0,0,0,0,1,SUCCESS,52884,56NQ5uuuTkG8i_HT7z6iVw
2129,QueenBees-Backialakshmi,1724246243681,3,52885,48600,158655,0.6666666666666666,0,2,2,5,SUCCESS,52885,XwBnA6ETRDCJ3THwgw8Cdg
2130,GMS,1722836423393,3,52907,48120,158722,5.0,0,15,15,1,SUCCESS,52907,Dm2TataLTy2Q7N4_-B7UTA
2131,FiniteLine#8836,1722518035634,3,52908,52669,158724,0.0,0,0,0,1,SUCCESS,52908,f4_gY0eATpu-rRT0KR84Pg
2132,ImportantArchitect6f24ee,1722498374841,3,52931,51061,158793,5.333333333333333,0,16,16,1,SUCCESS,52931,lsZNdr1GTi2pTjdZTGvIbQ
2133,BrainyNode#8988,1724483422424,3,52932,51337,158796,0.3333333333333333,0,1,1,1,SUCCESS,52932,ZwAE8DIDRxSmq3_5iLWcEQ
2134,ImportantArchitect43cfab,1722506089218,3,52951,51130,158855,0.0,0,0,0,2,SUCCESS,52951,qiTzMdDFS-6G2b5LCJAd2w
2135,RecursiveEnvironment#0719,1724115205087,3,52953,52871,158859,0.0,0,0,0,2,SUCCESS,52953,kDkW__i9RbqT2yEMUPFU8A
2136,KTOCDeadPool100,1724851172558,3,53019,52933,159059,0.0,0,0,0,2,SUCCESS,53019,vZ0y3-WGTnCwxh6nmXAtSg
2137,Jester-Pester,1724954764097,3,53041,50257,159125,1.0,0,3,3,1,SUCCESS,53041,LG8F1Vq8SeSBAheGI1d3bw
2138,DeepAnalyst#2726,1724223581411,3,53042,51934,159126,0.0,0,0,0,1,SUCCESS,53042,-V5R0SxJQdyfmRmPflfxxw
2139,IgorBecker-KernelPanicSquad,1723044377852,3,53042,47467,159126,5.0,0,15,15,3,SUCCESS,53042,WrCg-CNFRzuJJZru6tkU0A
2140,BackloggedMetaclass#1689,1723727332920,3,53091,51066,159275,0.3333333333333333,0,1,1,1,SUCCESS,53091,znjct6jeTT-e6RZfoPe1lQ
2141,ParametricClass#0735,1723049201780,3,53108,52924,159324,0.0,0,0,0,1,SUCCESS,53108,PrxIFEoGQ6yTO7RO5FErGw
2142,RaceAB07,1724515299767,3,53130,42321,159390,6.0,0,18,18,1,SUCCESS,53130,guEvyMowTqubwAzXX9vOeA
2143,mgmt-kovaa-ajoa,1724330335860,3,53153,52863,159460,0.0,0,0,0,1,SUCCESS,53153,Vjqd44PgQeekx7JWbhoBNw
2144,10xFunction#7447,1722990561676,3,53153,49200,159459,0.6666666666666666,0,2,2,2,SUCCESS,53153,lyhWNzI7THuVTew7BVklMg
2145,Higher486#1848,1722521668629,3,53153,51061,159459,3.3333333333333335,0,10,10,1,SUCCESS,53153,sFuOEWHFQ0a7V2fKrJxKeA
2146,RobotTest#6334,1724400825232,3,53159,50862,159479,0.3333333333333333,0,1,1,2,SUCCESS,53159,wAY2mD8XRM21V1ltY56LgQ
2147,ImportantArchitect68f8f5,1722500772826,3,53174,52800,159523,0.0,0,0,0,1,SUCCESS,53174,kjgSpmdWR5OVpnfl3gH50Q
2148,ADASCONQUERORS-SUJITH,1724571819074,3,53176,49000,159529,4.666666666666667,0,14,14,1,SUCCESS,53176,4TIBrHn1Qvm9sC5ygGq9aQ
2149,NestedFix#8690,1724695247010,3,53196,52523,159588,0.0,0,0,0,1,SUCCESS,53196,FAnRXa4ZSmOvmjILC_I-Lw
2150,Ashwam6#,1724735010911,3,53198,52132,159594,0.0,0,0,0,1,SUCCESS,53198,KeIvCfwgSSONBEWI3t_VTA
2151,PrototypeArgument#6782,1724921703950,3,53199,53072,159598,0.0,0,0,0,1,SUCCESS,53199,JHMBxniPQkSBaqNgJPRBRw
2152,SolvableGame#1625,1723310405598,3,53308,52600,159926,0.0,0,0,0,1,SUCCESS,53308,79-LP56-T5Ku7oO2NC36lA
2153,VariableGrid#4018,1724411396965,3,53331,52666,159995,0.0,0,0,0,1,SUCCESS,53331,ZyvtzAnQQbKmVhmAiPnkmA
2154,CreativeSlice#1443,1722733491103,3,53397,49267,160191,0.6666666666666666,0,2,2,2,SUCCESS,53397,P0Qv7FdDSaaOZ7ZRogSgSA
2155,ComplicatedNetwork#0702,1724672020640,3,53397,52798,160191,0.0,0,0,0,1,SUCCESS,53397,RqgIAHDxR5KFI2LnCPCBDw
2156,V25,1724908931700,3,53407,47401,160221,6.0,0,18,18,7,SUCCESS,53407,HMIEAaZ0TXyCW09pcI2bXg
2157,LeetSwitch#0552,1723255087141,3,53485,53267,160455,0.0,0,0,0,2,SUCCESS,53485,f4tXe86dT3WqpHiuULhdSg
2158,TeamEMASIYUAN,1723100539318,3,53509,52873,160528,0.0,0,0,0,3,SUCCESS,53509,ZAfozwSQQK2AfmIdDVJ8kg
2159,BigDiff#0101,1722966067424,3,53511,53126,160534,1.0,0,3,3,3,SUCCESS,53511,fVU83uQ8TC2xGGhZOVVzdA
2160,MUBK-ProjectD-KentaroFujikata,1722539484514,3,53621,49667,160864,5.666666666666667,0,17,17,1,SUCCESS,53621,BaB8Qj34Tpar_GPxLjFLhA
2161,IterableDigit#7510,1724851501469,3,53665,48998,160995,0.6666666666666666,0,2,2,1,SUCCESS,53665,8tKpwCnvSuqsNy6U1ErNkQ
2162,NeuralSandbox#5378,1724926553676,3,53684,49603,161053,0.6666666666666666,0,2,2,4,SUCCESS,53684,myjvptwhSJmGNpgewv9BvA
2163,CottonCandySugarRush#6801,1723319316327,3,53707,53545,161121,0.0,0,0,0,1,SUCCESS,53707,K-eidJyPQKeoxVHkjy_6ew
2164,TayroDiretti-AlgoritmosTurbo,1722542429199,3,53709,50659,161127,4.333333333333333,0,13,13,1,SUCCESS,53709,c3CWw0pmSOuWDqVKgsgVIA
2165,ProgrammingNumber#0188,1724821733402,3,53717,49726,161153,6.666666666666667,0,20,20,1,SUCCESS,53717,j2N6rI5CQkm5YlVZbBFOuQ
2166,GodSpeed#1317,1723653176836,3,53753,52202,161260,0.0,0,0,0,3,SUCCESS,53753,wUSBEdNJSD6OKpP10CY1bg
2167,GlobalTheory#7504,1724779209529,3,53796,51934,161390,1.6666666666666667,0,5,5,1,SUCCESS,53796,N9Tv26XSSBKfPkGnEeZY5w
2168,IterableScript#9896,1724572036799,3,53843,53336,161529,0.0,0,0,0,2,SUCCESS,53843,rIptOQsVRc-tzSWc-y2Ieg
2169,MUMSS-HirokiMiyazaki,1722861640540,3,53930,53400,161792,0.0,0,0,0,1,SUCCESS,53930,P9InNdbTQZC6WRuFxHJSrg
2170,DeepFunction#0680,1723004506874,3,53931,51794,161793,0.3333333333333333,0,1,1,2,SUCCESS,53931,qEvgYLd7Q0-cXn5ia9C4wQ
2171,FerrarAI-ST,1724241503603,3,53952,53139,161857,0.0,0,0,0,2,SUCCESS,53952,Q1FlLo0pR1ODBsaZY3aJ0Q
2172,TechnicalObject#2069,1723253530832,3,53956,51741,161868,0.3333333333333333,0,1,1,2,SUCCESS,53956,Ov39Eas4QD-VmkpplROaRQ
2173,AtomicArchitect#5499,1724406876723,3,53976,53340,161928,0.0,0,0,0,1,SUCCESS,53976,yaOOEAM-R9SpKiYIGljeRw
2174,AbstractVariable#9948,1723713157772,3,53977,51939,161931,0.3333333333333333,0,1,1,1,SUCCESS,53977,Z98FN2YXRSWYkC-6RGs3aw
2175,HigherArithmetic#2435,1722958204596,3,53979,53064,161937,0.0,0,0,0,1,SUCCESS,53979,JVpzsIO9RZ-c5V1lxfa7Mw
2176,MadeJayaMaleh#2356,1722622309639,3,53996,53931,161990,0.0,0,0,0,1,SUCCESS,53996,N6TdZMKKSRingKP4-4XjrQ
2177,JoseLinoWBSMavericks,1722881447144,3,53998,53735,161994,0.0,0,0,0,1,SUCCESS,53998,N4bwIvwTRWiE-s5aCji1wA
2178,AtomicUpgrade#7092,1724850444172,3,53998,53801,161995,0.0,0,0,0,1,SUCCESS,53998,wL_TCQZlQsK-AXZm69yGqw
2179,Leandro-FeijoadaTurbo,1723006999318,3,54044,51869,162134,6.333333333333333,0,19,19,1,SUCCESS,54044,ztSVX_fbQJOHJpphUbA2Cg
2180,teamH#zhangxuyang1111,1723092955524,3,54065,53727,162197,0.0,0,0,0,1,SUCCESS,54065,FmvCxP4BR0SISKenH06DcQ
2181,2024chuncheon-2,1724958977003,3,54130,46535,162390,6.333333333333333,0,19,19,1,SUCCESS,54130,zL_HCkT-SCG4yI3m2PcWLQ
2182,Hema007,1724416791848,3,54131,53528,162394,0.0,0,0,0,1,SUCCESS,54131,Pv7_iM53QbaraiRuR6yK3A
2183,MobileArithmetic#1108,1722630617050,3,54175,50728,162527,5.666666666666667,0,17,17,1,SUCCESS,54175,6CkREU-aQsCgZb7B2woIWw
2184,RacingRooster,1723488214321,3,54196,53261,162589,0.0,0,0,0,2,SUCCESS,54196,4QTCG6i-T1uekNWDa2KGnw
2185,MUBK-ShunFHukuoka,1722647957377,3,54241,50595,162723,5.666666666666667,0,17,17,1,SUCCESS,54241,EvIz0DpwQiyIAHtSSwL7yw
2186,Thiago-IAplicacao,1722978656871,3,54418,53071,163256,1.0,0,3,3,1,SUCCESS,54418,hPqVEOXMRuus34DxgVh8Ng
2187,MUTB-Yukibo-Toyomaki,1723145747905,3,54463,51678,163391,1.3333333333333333,0,4,4,7,SUCCESS,54463,HZeV8WZ3R0ejCzspCxj1uw
2188,HashableOrder#7146,1724409172572,3,54468,52594,163404,0.3333333333333333,0,1,1,1,SUCCESS,54468,0faN8R-TTvGFM8IEpSLNSw
2189,TabletArithmetic#5763,1724327266655,3,54485,52066,163457,0.3333333333333333,0,1,1,1,SUCCESS,54485,I47pT3mUTNaf1DnHXexyUA
2190,GlobalServer#4882,1724166518629,3,54551,50132,163654,0.6666666666666666,0,2,2,1,SUCCESS,54551,LLM1kSE1RB6bM-Y-woGw5Q
2191,AutomatedTech#8421,1723641956685,3,54555,50334,163666,0.6666666666666666,0,2,2,3,SUCCESS,54555,c7QDs1oZTFKOSZpzd-h-DQ
2192,ContinuousSequence#1605,1724586288269,3,54729,52925,164189,0.3333333333333333,0,1,1,4,SUCCESS,54729,zYjWgJ2GTdGnOluKxtPsNQ
2193,2024chuncheon-18,1723642747119,3,54739,48948,164217,7.0,0,20,21,3,SUCCESS,54739,AvF1tHOXQKWw67P9bngFfQ
2194,Fast-N-Fab,1722538746134,3,54754,54199,164262,0.0,0,0,0,1,SUCCESS,54754,Xpn-JhQfReWaWZh-8Ng0lw
2195,2024chuncheon-50,1723769734205,3,54775,46801,164327,6.333333333333333,0,19,19,1,SUCCESS,54775,fDNwl8uySj6cAGi_lZQHeA
2196,EncryptedSemicolon#6484,1722873836498,3,54819,54131,164457,0.0,0,0,0,4,SUCCESS,54819,fwPyQNExRa2ttHEVNCyDkA
2197,ImmutableBraces#3943,1723312335351,3,54820,54665,164460,0.0,0,0,0,1,SUCCESS,54820,d-18Qoj0Q3GDW7I9Li9PzQ
2198,QualityAnalyst#8965,1724213750335,3,54887,44323,164663,5.0,0,15,15,3,SUCCESS,54887,_Aj42Wm9RIm1HDiFi98eXQ
2199,MemoryFix#2508,1724342527567,3,54907,49673,164722,5.0,0,15,15,1,SUCCESS,54907,-MG_Kr3UTTWTPNk2qZp_yA
2200,DriftDashers-Aarthi,1724732564309,3,54909,54533,164727,0.0,0,0,0,1,SUCCESS,54909,ngewHFzrTeKAmE_IQlYWKw
2201,ReferenceSchematic#8239,1724762131086,3,54931,54738,164795,0.0,0,0,0,1,SUCCESS,54931,TZtVUCBCRG-UhZ_VUbTwpw
2202,NestedString#9602,1724857502177,3,54931,54466,164795,6.0,0,18,18,2,SUCCESS,54931,8r5omgaDQduRKUb5nkU3Zw
2203,ImportantArchitectc54941,1722525858838,3,54932,50867,164798,6.666666666666667,0,20,20,1,SUCCESS,54932,Va71VNMDSvqaNRbGXj6fxQ
2204,QualifiedZone#5448,1723582658141,3,54974,54267,164923,0.0,0,0,0,1,SUCCESS,54974,NLE9N94CRYysHVB7uFH1Ew
2205,NeuralGrid#8081,1724110517050,3,54996,54335,164988,0.0,0,0,0,1,SUCCESS,54996,joIRRcW_RDCbNj71UBQ02w
2206,BrainySystem#8046,1724671040628,3,55039,54849,165119,0.0,0,0,0,1,SUCCESS,55039,D5tg6qFHTWC_Aqx9xY7O9A
2207,ValborgJohannesen,1722973757748,3,55042,49327,165127,1.0,0,3,3,3,SUCCESS,55042,BtapwHYCTY-C1PPvCKFA6g
2208,ParametricMachine#9050,1724854176528,3,55048,47663,165144,6.333333333333333,0,19,19,3,SUCCESS,55048,mm5gaKzpSCiVefC5Vq1XQw
2209,SolvableVariable#0833,1722473162065,3,55064,54739,165194,1.0,0,3,3,2,SUCCESS,55064,ldWODc53Q4KeyX-EUZRAow
2210,Zaid-Racer,1723733779512,3,55065,49933,165196,0.6666666666666666,0,2,2,2,SUCCESS,55065,a8vAH6lbS36MMzLvSiqtKw
2211,Asmae,1724150642054,3,55086,54536,165260,0.0,0,0,0,2,SUCCESS,55086,pglUnJ14Tqi9N3Nx3nP4sA
2212,NumericBreaker#3466,1724502905045,3,55196,52804,165589,0.3333333333333333,0,1,1,3,SUCCESS,55196,cvEqPS6oQ5SvPdes0dWb-A
2213,RobotPresentation#1937,1724929248728,3,55264,54991,165793,0.0,0,0,0,5,SUCCESS,55264,UeBwFPygRiuGQu--QMtDwA
2214,StructuredToken#2931,1724757210828,3,55286,52720,165858,0.6666666666666666,0,2,2,1,SUCCESS,55286,wy7JG2IXSmClQAM8N_tKCQ
2215,NowSomeDonkeyCar,1722691368945,3,55293,47542,165879,5.333333333333333,0,16,16,1,SUCCESS,55293,d7Pg_Ma0QlmH09hFeOkSUg
2216,blscott3000,1724735420611,3,55310,52466,165932,1.3333333333333333,0,4,4,4,SUCCESS,55310,pyb26g-aTe-WFGn8SuKXTQ
2217,BooleanArithmetic#3481,1724432391958,3,55312,44268,165938,6.666666666666667,0,19,20,2,SUCCESS,55312,JlePJZwURISfp3UUBUmSLg
2218,SequentialTech#2264,1723309417392,3,55353,55068,166059,0.0,0,0,0,1,SUCCESS,55353,sKk7AWEjSiCNwkXGCkvNuQ
2219,THEINNOVATORS-GOWRI,1724525297387,3,55360,53540,166080,6.333333333333333,0,19,19,7,SUCCESS,55360,qexjmCq8RMCiyx2xBeFoXQ
2220,Thunderbold#2000,1724085159809,3,55375,51937,166125,0.3333333333333333,0,1,1,2,SUCCESS,55375,Cmz45d4OQzi0F4zqVLIQhg
2221,RecursiveTable#6838,1724792725378,3,55376,54999,166128,0.0,0,0,0,1,SUCCESS,55376,uC7J0lnMT5url0iF2v1WvA
2222,PayAsYouGo#0003,1723662197489,3,55396,46853,166188,2.3333333333333335,0,7,7,2,SUCCESS,55396,1l6b2cPQTxSOqNowYpUPlA
2223,MarcosB-WTD-TransmissaoEdistribuicao-01,1723056634542,3,55397,43329,166193,7.0,0,21,21,28,SUCCESS,55397,ZQSV_nOGRS6qgYsHCiyt9w
2224,Livvv,1723815465312,3,55421,53459,166264,6.333333333333333,0,19,19,1,SUCCESS,55421,Neqc98AxRiW2-6-RobXx7w
2225,RodeoRacer,1722986397234,3,55441,55398,166325,0.0,0,0,0,1,SUCCESS,55441,tkcQ5OBfSrqJS2jHz8uYeg
2226,QuickToken#5165,1723669271535,3,55462,53332,166388,5.333333333333333,0,16,16,1,SUCCESS,55462,j5UXBkjvSjuM_7PoaEbvfA
2227,RaceCruncher,1724956457867,3,55463,35796,166391,5.333333333333333,0,16,16,1,SUCCESS,55463,cvyQm2eqSuS71-MTmSyG0g
2228,CriticalTable#4690,1724220488295,3,55509,54408,166528,0.0,0,0,0,2,SUCCESS,55509,X4Alm_yvQpqKux0icjtnZQ
2229,ImportantArchitectcea9d7,1722532735297,3,55530,54463,166592,0.0,0,0,0,1,SUCCESS,55530,orm2rC_4RAGELv6ve785nA
2230,PS-Tuomas,1724845103623,3,55574,55391,166724,0.0,0,0,0,1,SUCCESS,55574,IomZkhAdTHWZX8BquY-GkA
2231,IterativeSwitch#9458,1724335858079,3,55576,55255,166729,0.0,0,0,0,1,SUCCESS,55576,qq7D4tIVSjmVhEZNdw3_rw
2232,GenerativeToken#7276,1724602551487,3,55577,53137,166731,0.3333333333333333,0,1,1,1,SUCCESS,55577,FJKeyGBQQXKbzR12YRqZNw
2233,NeuralAnalysis#2843,1724922290408,3,55599,53335,166798,0.3333333333333333,0,1,1,4,SUCCESS,55599,Vr49HP9PTumdXbVtaGLLrg
2234,JoseWAU,1722949166252,3,55642,51923,166927,1.0,0,3,3,5,SUCCESS,55642,8sBkcUSjSxmzmn7hDamR2Q
2235,DocHudsonHornet,1724432861543,3,55686,53200,167058,6.333333333333333,0,19,19,5,SUCCESS,55686,nPRYS07LQWSojLYmUyQEJQ
2236,TeamTools-Sudhakaran,1724720761209,3,55753,48466,167261,6.333333333333333,0,19,19,1,SUCCESS,55753,5HFArZLpQl-nrYzYN6nKFA
2237,ComplicatedAnalyst#2484,1724545031309,3,55807,53595,167422,0.3333333333333333,0,1,1,1,SUCCESS,55807,kwx6nPZjTN2MjKGHHexJxA
2238,IvelisseLapadula,1722865124876,3,55887,41664,167661,5.666666666666667,0,17,17,1,SUCCESS,55887,aSsgZq8jRFamkiVRr9rWIw
2239,Automata001,1723529375735,3,55906,48789,167720,2.3333333333333335,0,7,7,2,SUCCESS,55906,D1l2x690SomV9zxTk8SV_w
2240,ProvisionalToken#1813,1723154192166,3,55929,51318,167789,4.666666666666667,0,13,14,1,SUCCESS,55929,GuQSCCGtTLe_hbDDMaNuCw
2241,10xDebugger#5865,1724836480144,3,55930,52131,167792,5.666666666666667,0,17,17,1,SUCCESS,55930,j3RncOB1Q0GWqdbxisMVPQ
2242,Zero-dayCommand#9849,1724307748479,3,55931,54726,167795,4.0,0,12,12,1,SUCCESS,55931,iXcH0gjxTqKjEGCZsQY1Nw
2243,TabletServer#9291,1722771383425,3,55932,53932,167797,0.3333333333333333,0,1,1,1,SUCCESS,55932,yaE8l72MTwi7pZod3Nlpxg
2244,CrypticComment#6784,1724254571224,3,55951,52856,167855,0.6666666666666666,0,2,2,1,SUCCESS,55951,Oe4hbW37T3K-ZZYbowl9hg
2245,EDS#2342,1723659052181,3,55954,51399,167863,0.6666666666666666,0,2,2,2,SUCCESS,55954,Gy1RJu0oQlColddIMYMYLQ
2246,CyberneticConsole#1130,1723744808274,3,56020,51662,168061,2.6666666666666665,0,8,8,3,SUCCESS,56020,i-gznEXeQqeGsvM0sXgOew
2247,UsableBuster#3988,1722960970223,3,56064,55463,168192,1.0,0,3,3,1,SUCCESS,56064,FQsHBXBpT-2nDDZplmYwlQ
2248,HelpfulMetaclass#2329,1724583184114,3,56177,55933,168532,1.0,0,3,3,1,SUCCESS,56177,d6oaMTmiSeGNI1BL2WsbfQ
2249,JohnnySantos-SynapsePDI,1723154548817,3,56177,54266,168531,3.3333333333333335,0,10,10,2,SUCCESS,56177,-VF69SGjQeygkz1VkMMXOQ
2250,HelpfulLanguage#7117,1724918391903,3,56396,55271,169190,0.0,0,0,0,1,SUCCESS,56396,W4c09I4ATv-RN_Kl7l7C5g
2251,GridAIDeepRacer,1722583695548,3,56443,53536,169330,7.333333333333333,0,21,22,2,SUCCESS,56443,T0JlQwm9TbOc7Wzim3Sf6Q
2252,AsynchronousDelta#9964,1724655699540,3,56509,52662,169527,0.6666666666666666,0,2,2,1,SUCCESS,56509,VMPpxjecTd-dFiHRPyykSg
2253,LoopingError#4961,1724088731325,3,56550,56466,169651,0.0,0,0,0,3,SUCCESS,56550,5uPiXE3yQwavbIj5tlEuoA
2254,Marconi-VingadoresDoAlgoritmo,1722705169569,3,56553,52525,169659,6.666666666666667,0,20,20,11,SUCCESS,56553,JpVEe_0ZTBCI4_1X7aymZg
2255,TechnicalLoop#0608,1722958659385,3,56575,54731,169725,0.3333333333333333,0,1,1,1,SUCCESS,56575,rW5-Rz9nTuqiQFLeLGlB6Q
2256,Cezao,1722568711060,3,56598,48330,169795,6.333333333333333,0,18,19,2,SUCCESS,56598,FYOWTw3fQs-byowXBR0RsQ
2257,Nested486#0608,1724000133925,3,56622,56467,169868,1.0,0,3,3,1,SUCCESS,56622,D2SFz36XTDObe-v4Ayt60Q
2258,PassingScope#8605,1722859421538,3,56664,54798,169992,1.3333333333333333,0,4,4,1,SUCCESS,56664,zV6SYnZDSe2jmUDAomIc3w
2259,JavaCommand#8218,1723817654413,3,56710,51736,170132,2.0,0,6,6,1,SUCCESS,56710,Klzg1j9hT3WjT4QOqxAXpg
2260,Ildo#EdgeStorm#7763,1723115787619,3,56754,50868,170262,7.0,0,21,21,1,SUCCESS,56754,I6F7pLDDSK-c3kIdJvq7Cw
2261,LightningLarry,1724657590500,3,56773,56259,170321,0.0,0,0,0,1,SUCCESS,56773,lr2c53ysRyS1h5rT0m-QTA
2262,DigitalCoder#8027,1722799419019,3,56799,56463,170397,1.0,0,3,3,2,SUCCESS,56799,ydcGg6haQxuDlVZuWouRFw
2263,SolvableEngineer#1159,1722604364317,3,56933,50201,170801,1.0,0,3,3,5,SUCCESS,56933,Y3BrvXNLT5Szs4ksBtMxXw
2264,gcjordi-CA,1722509970836,3,56951,56600,170853,0.0,0,0,0,1,SUCCESS,56951,XyHlt47zQC6jUaoQpocyxw
2265,IterativeMachine#1465,1724825238554,3,56998,56933,170996,0.0,0,0,0,1,SUCCESS,56998,bByXiomaTpi-5YdfjxLr6A
2266,LeandroFeder-SynapsePDI,1722902282335,3,57021,51796,171064,7.0,0,21,21,1,SUCCESS,57021,sJgmMd5eQjGRf6a2IsXWvQ
2267,Zooom#32289216,1722513421341,3,57042,49927,171126,7.333333333333333,0,22,22,1,SUCCESS,57042,cLBKyiaZRMSvEyXhvbnxNg
2268,NullMachine#3004,1723092991200,3,57108,55002,171326,0.3333333333333333,0,1,1,1,SUCCESS,57108,F1G_T_y0QP2UPv7ziSW0QA
2269,Matheus-Health,1722532260126,3,57152,51599,171458,6.0,0,17,18,3,SUCCESS,57152,O-nqsZSgSLW8WeeJ3k1wKg
2270,TestingArray#5589,1723541153572,3,57263,56457,171790,0.0,0,0,0,1,SUCCESS,57263,a4iZJuB-RnmWgU9WIyAvUA
2271,FiniteConsole#4226,1723057928913,3,57331,50059,171994,7.333333333333333,0,22,22,1,SUCCESS,57331,BqEelMqiQgiYBz9teEaceA
2272,VariableValue#1621,1724115122396,3,57353,56931,172060,0.0,0,0,0,1,SUCCESS,57353,IOMcX-WZT4a_QgB68g6hgw
2273,JavaTech#7467,1724640254145,3,57375,51328,172126,7.0,0,20,21,1,SUCCESS,57375,Q2Vevb9GTzCCoL1VcNdRFw
2274,ImportantArchitectbe2ca0,1722495415528,3,57377,56795,172131,0.0,0,0,0,1,SUCCESS,57377,iiQ9qQWjRhKh3RHSO1htUw
2275,MachineDigit#0474,1724785941729,3,57397,55996,172193,0.0,0,0,0,1,SUCCESS,57397,F0hnJVCAR1-QBfQem1JhdA
2276,InfiniteParameter#4834,1722994794804,3,57397,53602,172193,6.666666666666667,0,20,20,1,SUCCESS,57397,_HNEjfEoTqeQ3VFsSHPd7w
2277,EsteemedLoop#6641,1724488535691,3,57418,54532,172256,0.3333333333333333,0,1,1,2,SUCCESS,57418,yhAEjWHMRve79qH0ThmgPA
2278,ContinuousInterface#3308,1724928054990,3,57510,57128,172531,0.0,0,0,0,2,SUCCESS,57510,NocIFAOHTZGD1VNgAhn49g
2279,Merlin-Markus,1724415346047,3,57554,57259,172664,1.0,0,3,3,1,SUCCESS,57554,T6ZohL1oTHWdFtDuf9rr2A
2280,ThisCommand#3765,1723824118978,3,57574,55399,172722,0.3333333333333333,0,1,1,2,SUCCESS,57574,bYFoUXogTwmj_vxUqnRBLQ
2281,CleanInterface#5314,1724313043346,3,57582,53264,172746,0.6666666666666666,0,2,2,1,SUCCESS,57582,pBlJ5n7WRGGlbK3hf0UWKA
2282,IntelligentSequence#7669,1724093915244,3,57621,57067,172863,0.0,0,0,0,2,SUCCESS,57621,M7mYI0_USCiVZaqbol1NCg
2283,EncryptedServer#0940,1724258067317,3,57824,57001,173474,1.0,0,3,3,3,SUCCESS,57824,9dg1zkGYTd6LKQbIuFvbjA
2284,MarceloPaiva-UG-Goiania,1724567895314,3,57908,55734,173724,1.3333333333333333,0,4,4,1,SUCCESS,57908,KfYgjFgiTECarfTTtAQ3lQ
2285,SolvableEnvironment#7896,1724704006571,3,57909,55657,173729,1.3333333333333333,0,4,4,2,SUCCESS,57909,f9tPoHHNRY-7vM3XHyRhJw
2286,AckermanAces#002,1724948776739,3,57909,51995,173729,4.0,0,12,12,2,SUCCESS,57909,6J4S3ELcRs2LB2ogfKDI7A
2287,WebToken#9510,1724742556223,3,57930,57323,173791,0.0,0,0,0,1,SUCCESS,57930,X31Ow2nbQtGmeY2-D5J7Vw
2288,Utibayy,1724666963667,3,57973,55734,173920,0.3333333333333333,0,1,1,3,SUCCESS,57973,eKWk7PZZRDOblTY-ZgRb1Q
2289,SolvableScript#9316,1723754831378,3,58019,56257,174058,0.3333333333333333,0,1,1,1,SUCCESS,58019,Yn6TTcpSSH60PXJF3PraWg
2290,TeamExzz,1723094103476,3,58109,54394,174327,0.6666666666666666,0,2,2,2,SUCCESS,58109,oRGa0YH1ReawLYV3tJ10_A
2291,TestingNotation#4860,1724394748251,3,58174,56267,174522,1.3333333333333333,0,4,4,1,SUCCESS,58174,VXn34Ek7SFO28qpztCceew
2292,UrgentGame#0862,1722905121019,3,58175,51733,174525,6.0,0,17,18,1,SUCCESS,58175,SWvEi8QFQZSCFRDB-1BHJg
2293,ThomasM-BugBusters,1722875803491,3,58396,57735,175188,0.0,0,0,0,1,SUCCESS,58396,JMwn3hPVS9GlX-QwylgTHg
2294,ImportantString#9024,1723909750880,3,58397,54199,175191,6.0,0,15,18,4,SUCCESS,58397,jhud_wppQQOUefJU3xKCuw
2295,Christian-Schafer,1723572414733,3,58463,57659,175391,0.0,0,0,0,2,SUCCESS,58463,Ae3Q7TaCRRmLtneUjoH6Eg
2296,CleanUpdate#5015,1724721496334,3,58464,56604,175392,3.3333333333333335,0,10,10,3,SUCCESS,58464,dKEewui0Swut5hMrG-pZ9A
2297,AutomatedSemicolon#9254,1724410997677,3,58552,49466,175656,7.666666666666667,0,23,23,4,SUCCESS,58552,V-qbqI0dTtyrg7s6xNDsLw
2298,CyberneticAnalysis#8156,1723816173766,3,58572,57377,175717,1.0,0,3,3,1,SUCCESS,58572,s4p9eK0RQvSw7mQk_aL66w
2299,ProvisionalArray#8553,1724478471850,3,58575,58392,175726,1.0,0,3,3,1,SUCCESS,58575,QXrDl32ARta_E6EdzG5Nng
2300,GustavoAndre-InjecaoUltra,1722528398619,3,58595,51451,175787,7.333333333333333,0,22,22,4,SUCCESS,58595,csnhG3UeTLCZ7Kar-DYcmQ
2301,MUBK-JohnnyLi,1723267660835,3,58597,54860,175791,7.666666666666667,0,23,23,1,SUCCESS,58597,VTm-jesQROiIrrHz9PvD_g
2302,MUBK-TID-Team-Miki,1723264405574,3,58663,56135,175990,6.333333333333333,0,19,19,1,SUCCESS,58663,Ie3MqKVxTzWV2VTCIHkHZw
2303,ImportantArchitect11c4e6,1722520843652,3,58688,43332,176066,6.666666666666667,0,20,20,1,SUCCESS,58688,LGygQoMWSZSTb20ifkCQiA
2304,NumericNotation#8341,1723257934400,3,58689,56393,176067,1.3333333333333333,0,4,4,2,SUCCESS,58689,vvHE8sl0RPGMDt5YdRvTHw
2305,SpeedArchitect,1724694224486,3,58776,56205,176330,0.3333333333333333,0,1,1,1,SUCCESS,58776,sKrV4uy4SDKoLN2ylQ7law
2306,TechnicalNamespace#6267,1724470324402,3,58801,57732,176404,1.0,0,3,3,1,SUCCESS,58801,6K-lj5QZQnawvl5eKRrQQw
2307,VariableGame#0015,1724709801151,3,58818,54597,176456,0.6666666666666666,0,2,2,1,SUCCESS,58818,KsWEJR0YTGiAaGGKGiMR_Q
2308,QualityGlyph#3789,1724921825825,3,58820,56122,176461,1.3333333333333333,0,4,4,1,SUCCESS,58820,kNXycUROQ0GqgKSeWL3uoQ
2309,AM730,1724254936159,3,58865,53728,176597,7.0,0,21,21,1,SUCCESS,58865,BVyCq7XIT-ObuDsJfFVtDA
2310,Feichimenghu-Team-MMT,1723092980986,3,58956,57067,176869,0.3333333333333333,0,1,1,1,SUCCESS,58956,Uy9Mu4y6Sb-UGbapXhCm5w
2311,MachineCallback#0686,1724855825237,3,59019,57539,177059,0.0,0,0,0,1,SUCCESS,59019,bYAY1M38RjSpV3AuIhJwig
2312,2Fast2Furious#1915,1722988177158,3,59062,56994,177188,3.3333333333333335,0,10,10,3,SUCCESS,59062,PTMZoP9vRR6A9Fd523IpuA
2313,ArtificialClass#4016,1724285534255,3,59109,58536,177328,1.0,0,3,3,1,SUCCESS,59109,uLc0FJh8RyKJt83Tdw90Ew
2314,Hollywood-southwood,1724850500012,3,59111,56794,177335,7.333333333333333,0,22,22,1,SUCCESS,59111,FruCsIfbRS6i2wuHth93TA
2315,buggyRacer,1724373226616,3,59219,58390,177659,0.0,0,0,0,1,SUCCESS,59219,190a4adef8ed4c2a8551cQ
2316,PrimePresentation#4143,1724940185596,3,59265,51535,177795,1.3333333333333333,0,4,4,1,SUCCESS,59265,X0M-5sZ3SveJ_97xMF5cAQ
2317,DeepRacerPP#1452,1724862368317,3,59352,59126,178058,0.0,0,0,0,1,SUCCESS,59352,A4uhN_8GTWSpJjz2sd1ldw
2318,ProvisionalDescriptor#8330,1723591783557,3,59398,49932,178194,7.666666666666667,0,23,23,1,SUCCESS,59398,ebfrMKV2SIyKXlllRVaE2w
2319,Faize,1722950280994,3,59419,52135,178257,7.666666666666667,0,22,23,1,SUCCESS,59419,eKxPNoYWTziEJoyv-eYYrQ
2320,BetaSlice#4015,1724250904936,3,59486,56866,178459,2.3333333333333335,0,7,7,1,SUCCESS,59486,hLIjK3g3T92B6dIOxbGFTg
2321,ImportantArchitect1de87a,1722506927717,3,59666,59329,179000,6.0,0,18,18,1,SUCCESS,59666,GLHlDYEiQLui1L7rvuUwxg
2322,Fabricio#AIrtonSenna,1723147624746,3,59687,56732,179063,1.3333333333333333,0,4,4,1,SUCCESS,59687,49ihg-GaRnWUL2YcDT318A
2323,andrew-argueta,1722536192818,3,59732,52400,179197,7.333333333333333,0,22,22,1,SUCCESS,59732,G6HEOFdXS9a2OaFtH6Hs_w
2324,ProcessingCircuit#8514,1724268516532,3,59840,54519,179520,7.0,0,21,21,1,SUCCESS,59840,jPXqNNwAReieXaxoqOfpfA
2325,FocusedUpdate#5890,1724599154607,3,59888,55393,179664,0.6666666666666666,0,2,2,1,SUCCESS,59888,qdFBs3eqT0KDrkYZKimKmQ
2326,ProvisionalTag#8129,1724703448391,3,59907,59523,179722,1.0,0,3,3,1,SUCCESS,59907,Pa8XW9IHR1KD7nEKO0Bfpg
2327,RocketRavi#2009,1724672935753,3,59975,55391,179925,1.0,0,3,3,1,SUCCESS,59975,Y9tl9E-NTEmjv2cIPxQQcg
2328,IkeaPencilThief,1723366842331,3,60041,54798,180125,5.0,0,13,15,1,SUCCESS,60041,dso75QpHSZa17wPwhvI2vA
2329,KalingaDS2024,1724932605702,3,60064,55936,180193,5.666666666666667,0,17,17,7,SUCCESS,60064,VP8VcXZdQeSX2n0w3SIfzw
2330,JavaInterface#6668,1723753941410,3,60065,58601,180196,0.0,0,0,0,3,SUCCESS,60065,JH4SeArJQE6c5VtXbaOR1g
2331,RafaelGeronimo-UnderfitOverdrive,1722891528787,3,60153,58531,180461,0.0,0,0,0,1,SUCCESS,60153,fBFV-Eh1RzynbfSQGp-1Pw
2332,onTOP1234,1723746290129,3,60240,58464,180721,0.0,0,0,0,1,SUCCESS,60240,VVGqO2LfQXqrteq35L6BAA
2333,ProvisionalNumber#2785,1722721807549,3,60377,59933,181131,1.0,0,3,3,1,SUCCESS,60377,PJCBETMwRSWN4SJYBxqPFA
2334,SecureDebugger#7809,1724400284558,3,60421,60205,181264,0.0,0,0,0,1,SUCCESS,60421,bFKsNJj2TeSl2_oDuuZnbQ
2335,AlphaModel#3538,1724013091983,3,60558,56399,181675,0.6666666666666666,0,2,2,1,SUCCESS,60558,aP6FUwhURX6PcPO2GlTK6g
2336,QuickAnalyst#6841,1724259065640,3,60574,53193,181722,6.333333333333333,0,19,19,2,SUCCESS,60574,8l8EXVc-TPGisvMxRRIoKw
2337,VariableBraces#2326,1723812633949,3,60575,59802,181725,1.0,0,3,3,1,SUCCESS,60575,iIHrAutFSh-8SdtErIq0Tg
2338,BetaMetaclass#1196,1722623699740,3,60620,60395,181860,1.0,0,3,3,1,SUCCESS,60620,KbgWDxHSTnC8EBmaDHP4DA
2339,InfiniteSwitch#1599,1724923231306,3,60642,53801,181927,2.3333333333333335,0,7,7,1,SUCCESS,60642,XcX2GQFsSa-UaQRXdjbp3A
2340,HelpfulLoop#4911,1722906634364,3,60708,58791,182125,1.3333333333333333,0,4,4,1,SUCCESS,60708,2opQ-zqtSDGizS5hMuQGXA
2341,watanabe,1724066118296,3,60825,59067,182477,6.333333333333333,0,19,19,1,SUCCESS,60825,z4Cu8f-DT8CkBp1wnlGeYA
2342,RocketLog#6207,1723803265539,3,60933,57470,182800,1.6666666666666667,0,5,5,1,SUCCESS,60933,iXtu8qQMRyiOJfkkTyG3mw
2343,CyberneticPoint#9810,1724044384388,3,60985,60205,182957,1.0,0,3,3,1,SUCCESS,60985,eiSZGudfSEWGozfPunnSLQ
2344,UsableWorkaround#0097,1724919186147,3,61046,49401,183139,1.6666666666666667,0,5,5,3,SUCCESS,61046,jTC35GJNQJG6WUkyNpVe6g
2345,MSEDU-9690,1724823140147,3,61064,44334,183194,5.0,0,15,15,3,SUCCESS,61064,7OTX3fr6QhqxEXkZ-9NDaQ
2346,LeetLoop#3005,1724274057942,3,61265,58592,183797,1.6666666666666667,0,5,5,1,SUCCESS,61265,ah52svLZTLOTYNijpOA6dA
2347,JPMC-HYD-06,1722659049047,3,61288,53204,183865,5.333333333333333,0,16,16,3,SUCCESS,61288,u5StnMv9QNmxDwE06MKSbA
2348,Zero-dayServer#4290,1723520475452,3,61288,58264,183865,6.666666666666667,0,20,20,3,SUCCESS,61288,TmurwHP-R_GCAC4qMNmkaw
2349,TabletSystem#8965,1723789601283,3,61396,55668,184190,0.6666666666666666,0,2,2,2,SUCCESS,61396,5OZ_FUuQTyWwiT61uSqEDw
2350,ContinuousSequence#0047,1723699155384,3,61397,60927,184192,1.0,0,3,3,2,SUCCESS,61397,PaKtpahgSH-DCFh54sqQlQ
2351,MLWarriors#JediMaster,1724846272010,3,61485,57392,184457,2.6666666666666665,0,8,8,1,SUCCESS,61485,SCKH4IdDQiuIbH1Wrq7_3A
2352,CreativeTable#3599,1724584382356,3,61511,57600,184535,6.666666666666667,0,20,20,1,SUCCESS,61511,Y_d7Si6zT5KTe_6RR3MIvQ
2353,DigitalNotation#4857,1722607483958,3,61530,54522,184591,2.3333333333333335,0,7,7,1,SUCCESS,61530,q441RVxWTCyarBE7NNuunA
2354,Austin50sJohnyKlein,1723151542775,3,61532,57997,184596,7.666666666666667,0,23,23,1,SUCCESS,61532,Vr1X4Tz_QtOROLtm-o3fQw
2355,CodeTester#0691,1724407645611,3,61618,59263,184855,1.3333333333333333,0,4,4,5,SUCCESS,61618,5UVLtOb4TcibrXW1tXWUyQ
2356,InfiniteOrder#1040,1724098500494,3,61667,60462,185003,2.0,0,6,6,3,SUCCESS,61667,nkaZtz2RS6qwrAG_ga_VfQ
2357,RecursiveMachine#2632,1723489397974,3,61729,61535,185188,5.0,0,15,15,1,SUCCESS,61729,v5kpFZSjT2ODdMl06ZLt7A
2358,UpgradedEvaluation#6485,1722759688254,3,61733,60999,185201,0.0,0,0,0,1,SUCCESS,61733,XbKu2icFSWipjnU5RfJyJg
2359,ImportantDataset#8205,1724044177298,3,62441,60128,187324,0.6666666666666666,0,2,2,1,SUCCESS,62441,MzqImvGkTryUY2iifcmO0g
2360,4WS-Mohan,1724673042381,3,62687,61268,188061,0.0,0,0,0,1,SUCCESS,62687,SPK9HP0uR9S8C6ZsQxl5cA
2361,UrgentLanguage#6306,1723890232884,3,62840,60596,188522,8.333333333333334,0,25,25,1,SUCCESS,62840,2_tBpSssS3OfGvIdTYHQnA
2362,ConnectedExpression#3008,1724373713172,3,62963,53755,188891,7.666666666666667,0,23,23,2,SUCCESS,62963,bXSDyFlxRbiXHrFZNzgqAw
2363,BLR-DR-017,1724764053962,3,63019,55531,189058,8.333333333333334,0,25,25,1,SUCCESS,63019,iFZoyJsCQYuy6-sVOBxZBg
2364,UsableTheory#3242,1724643125494,3,63310,61132,189930,2.3333333333333335,0,7,7,1,SUCCESS,63310,adV27diHQOGvi8U5pMBZPg
2365,team-spartans-khailesh,1724414452055,3,63619,63134,190857,8.0,0,24,24,1,SUCCESS,63619,rHXySIHSTnKbEl1pp88_Ow
2366,QualifiedInterface#7543,1724561201595,3,63642,63136,190927,2.0,0,6,6,1,SUCCESS,63642,zwdPaosiSeKo3qTwk063Uw
2367,ProvisionalDiff#5193,1724939900094,3,63955,57995,191866,8.0,0,24,24,2,SUCCESS,63955,XzPqjeBrRMOp6EiwAuw8CQ
2368,BooleanNetwork#2912,1723785833859,3,64087,59795,192263,1.6666666666666667,0,5,5,1,SUCCESS,64087,1Zq-2PGKTaOPZTd-qKcD5g
2369,FiniteSchema#9386,1723741395703,3,64264,58600,192793,8.0,0,24,24,1,SUCCESS,64264,5jy2WRUDSISgQV9OjV4BGg
2370,EsteemedDocumentation#8827,1724825930346,3,64329,63988,192988,0.0,0,0,0,1,SUCCESS,64329,EJgq4KujS0y0TpgpXqyQsg
2371,InteractiveAbstraction#6769,1723248525479,3,64465,59261,193395,9.0,0,27,27,4,SUCCESS,64465,edc5gqfLQkS-b1hZF1-QMw
2372,ContinuousToken#4788,1724044243177,3,64574,62268,193724,2.3333333333333335,0,7,7,2,SUCCESS,64574,P-Jw3dVfSICJytsUOgrlrQ
2373,CrypticTest#7876,1722476322736,3,64577,56195,193733,1.3333333333333333,0,4,4,1,SUCCESS,64577,o8_QBkXRQNe4WSKqgsLlSg
2374,10xEngineer#8042,1724813775434,3,64753,59057,194259,2.0,0,6,6,1,SUCCESS,64753,Rp162D_DTFOXQybNkA1kGg
2375,VisheshBreja,1723726993217,3,64817,63535,194453,2.0,0,6,6,4,SUCCESS,64817,wPI8NJMaThGAHgUmwXCoFA
2376,Rellab-Rockers-JayaVarshini,1724833460739,3,64863,60452,194589,1.6666666666666667,0,5,5,1,SUCCESS,64863,Ce3I5z3cTxeK1ljaa6ZZMA
2377,DesktopCharacter#8660,1722616737435,3,64886,62990,194659,2.3333333333333335,0,7,7,1,SUCCESS,64886,yXpJfFOZQV6QnsOecH9swA
2378,HigherBraces#9298,1724876653051,3,65176,52396,195528,8.333333333333334,0,25,25,1,SUCCESS,65176,cihpX53SRzuIs3gZQnRrUQ
2379,CyberneticPackage#7296,1724467229507,3,65220,64933,195661,2.0,0,6,6,1,SUCCESS,65220,jS6SC_DaRgeMynRkjf84WA
2380,AccessibleSpec#0877,1722948100964,3,65288,61467,195866,0.6666666666666666,0,2,2,1,SUCCESS,65288,u4Rr2SY-Sb2VVneIp6JTMw
2381,CriticalArray#4426,1722588044345,3,65352,61602,196056,1.6666666666666667,0,5,5,1,SUCCESS,65352,YqD_8ey0R_q8BG0TqB8MTA
2382,UpdatedClass#9361,1723142218352,3,65375,60125,196126,9.0,0,27,27,1,SUCCESS,65375,DLAZ00JLRe-6ycQTULKFyg
2383,FunctionalCallback#4167,1723815196368,3,65439,61600,196318,1.6666666666666667,0,5,5,2,SUCCESS,65439,rSrjjV_kT_WMrXHleBvArg
2384,SquareGrid#7612,1722508239278,3,65505,62864,196515,2.3333333333333335,0,7,7,1,SUCCESS,65505,v2oqhXBeRUSAnyK_5XQgrw
2385,Wolfwarriors-Jai,1724748564030,3,65531,63135,196593,1.3333333333333333,0,4,4,1,SUCCESS,65531,zt4C2ap9Sx-xybzUztdV1g
2386,ImmutableUpdate#4502,1724354692737,3,65531,63598,196593,2.3333333333333335,0,7,7,1,SUCCESS,65531,w5rZab37TJKupjsTxxpm2A
2387,ImportantArchitect363dac,1722584626972,3,65772,59066,197316,8.333333333333334,0,23,25,1,SUCCESS,65772,Mg8ZmzVmQ5CEsfAb12lXhw
2388,AmmarPrikitiewSleketep,1724730040349,3,65930,59866,197791,9.0,0,27,27,1,SUCCESS,65930,sNBu70wPQR-uHLOAaKgWTg
2389,MemoryNetwork#4396,1724646113311,3,66003,61943,198011,2.6666666666666665,0,8,8,1,SUCCESS,66003,my6eb3T8RkShTU8E3a-DTA
2390,ContinuousPatch#2149,1723211912541,3,66019,64139,198059,0.3333333333333333,0,1,1,1,SUCCESS,66019,D8B9tG1NSYKvfn9rK87QfQ
2391,ArtificialAnalysis#8774,1723815197368,3,66041,65934,198124,2.0,0,6,6,1,SUCCESS,66041,_ykYyRK8SMKeUHO6xHv_LQ
2392,AtomicRequirements#3388,1723148513677,3,66308,64456,198925,9.333333333333334,0,28,28,1,SUCCESS,66308,ldPS9yRITUOGl30SMnf8sA
2393,TechnicalExpert#8456,1723058141144,3,66379,64867,199137,1.0,0,3,3,2,SUCCESS,66379,7epqhmMYRSaBpi1zChvbuQ
2394,UnboundDelta#9392,1724326321601,3,66486,62995,199459,2.6666666666666665,0,8,8,1,SUCCESS,66486,zd6EaZ3WQRK2d5D4U15bRg
2395,ImportantSlice#6070,1723711212456,3,66530,58598,199591,8.333333333333334,0,25,25,2,SUCCESS,66530,c9Jg3gEzRR68b2fr4CWGMw
2396,NestedCallback#0416,1724724023071,3,66753,66330,200259,2.0,0,6,6,1,SUCCESS,66753,oe-60aTnTBCvRgWJ7dARfg
2397,Lunga-Z-5-2022#Absa,1724918376694,3,67109,65120,201327,0.6666666666666666,0,2,2,1,SUCCESS,67109,WKO7uDXfQI-6Xz_1omipRQ
2398,TestableDeadline#7030,1724040127979,3,67819,63463,203457,2.6666666666666665,0,8,8,2,SUCCESS,67819,nUm1xpW8QYWVYtZy5vtiCw
2399,ImportantArchitect0ee759,1722514356877,3,67819,62267,203458,7.0,0,21,21,1,SUCCESS,67819,Q2XmJ768RvKvIfOItJxpXQ
2400,CriticalParameter#9185,1723223884902,3,67887,65334,203663,2.3333333333333335,0,7,7,1,SUCCESS,67887,LEQYEVYqRzu2L_55152CUw
2401,GlobalGrid#7943,1724512013449,3,67951,65929,203855,2.3333333333333335,0,7,7,1,SUCCESS,67951,3w1DH_5RT32rCkCMj9HEpQ
2402,LucasClivatti-LDCR,1722627335433,3,68199,57399,204598,9.0,0,27,27,1,SUCCESS,68199,l-m5aOwgTpmHEAzEtNqBzw
2403,UnboundMetaclass#8684,1723254162759,3,68284,62062,204853,3.0,0,9,9,2,SUCCESS,68284,L5mspM2GS2O1qBesRIpRog
2404,AsynchronousResource#8722,1723293542970,3,68312,66270,204938,3.3333333333333335,0,10,10,3,SUCCESS,68312,6pTNDH8nT-SAoFKWMxYERg
2405,SquareContext#9772,1724193598948,3,68421,64260,205263,2.6666666666666665,0,8,8,3,SUCCESS,68421,shFHxky7Qaip1XXxtgE0Bg
2406,AccessibleDataset#9495,1722528576021,3,68530,61134,205591,2.3333333333333335,0,7,7,1,SUCCESS,68530,x6c_EMhMSZ683wVZI2ID6g
2407,erica2004,1724268486224,3,68621,64530,205863,8.666666666666666,0,26,26,1,SUCCESS,68621,DtLduNc-R8yTBB5uWNKFEw
2408,BlockchainConsole#0981,1724305975014,3,68664,68268,205992,3.0,0,9,9,1,SUCCESS,68664,hozhWkFeQt-nQvj5O-lySg
2409,UpdatedMetaclass#3802,1724012530196,3,69066,66201,207198,0.3333333333333333,0,1,1,1,SUCCESS,69066,j7Xhz2owQKSxTXsdBceDrQ
2410,NullSemicolon#6185,1724352691259,3,69242,65602,207727,7.666666666666667,0,23,23,2,SUCCESS,69242,ditioaFVSdiRbRWqRqTZcw
2411,GabrielzinhoUFMT,1724271164024,3,69437,65979,208311,9.666666666666666,0,29,29,2,SUCCESS,69437,HAlm7aBNTF-AvaPmdz82gQ
2412,ThisString#3718,1724057675309,3,69486,64188,208459,3.0,0,9,9,1,SUCCESS,69486,9-cLXbt8QciR0R6LliBYAg
2413,ImportantArchitect01db3e,1722528826292,3,69797,64134,209391,7.0,0,21,21,1,SUCCESS,69797,zdp7f583TKaVVvqvwHHChw
2414,JakeFeder,1724084657848,3,69800,60334,209400,9.666666666666666,0,29,29,1,SUCCESS,69800,45Lr5ttQQPuLyT4vyjgd8Q
2415,RichardMeijerinkPessoal,1722606331488,3,70041,65856,210125,5.666666666666667,0,17,17,1,SUCCESS,70041,3xquoSsmQs-0NQezbSvciQ
2416,PathingConsole#2393,1722835302167,3,70064,64199,210192,3.0,0,9,9,1,SUCCESS,70064,8mbp8A8XSo-K65dSqBOdhw
2417,FormulaicLambda#6053,1724758703311,3,70240,69540,210721,3.0,0,9,9,1,SUCCESS,70240,t93qwg1eQ-C4tMIZfH-81w
2418,Urgent486#0193,1723788403917,3,70241,65533,210724,1.6666666666666667,0,5,5,1,SUCCESS,70241,-_t7rcr-Rh2xxKxzuvra0Q
2419,ImmutableBooster#8052,1724100405285,3,70355,58129,211066,4.0,0,12,12,1,SUCCESS,70355,WABhss2eTy-VMQXv3fBoZg
2420,ImmutableSchema#4942,1723636971754,3,70376,64864,211128,10.0,0,30,30,1,SUCCESS,70376,VcNRhZAdTR2o0DkhUlv_iA
2421,ProcessingResource#6430,1722539873425,3,70396,65401,211189,2.0,0,6,6,2,SUCCESS,70396,rKAhCjqESqWpq1MfiFJy9w
2422,IanRosa-PeDComercial,1723144337520,3,70486,67856,211460,0.3333333333333333,0,1,1,1,SUCCESS,70486,D9x_pL5qTpGXu6sKc0dKJA
2423,CurlyDigit#7328,1724849083722,3,70508,65665,211526,2.0,0,6,6,1,SUCCESS,70508,wrcfZg2nTC66W_QeVBPGWg
2424,Vinicius-Bonatti-Benner-Innovators,1722539843952,3,70580,68804,211741,4.333333333333333,0,13,13,1,SUCCESS,70580,KlD_CHZ9RTWZ-Ha6RGXBiQ
2425,Clezar-DesenvProduto-WEN,1722596305413,3,70642,64870,211926,10.0,0,30,30,1,SUCCESS,70642,piHV66A8QpmzOF0Gxp2WBg
2426,PrimeDebugger#5760,1722705634841,3,71291,63283,213875,3.3333333333333335,0,10,10,1,SUCCESS,71291,D1MhshO_QLOsXkJ6BEH03w
2427,AutomatedTag#8371,1724736523743,3,71485,59322,214456,3.3333333333333335,0,10,10,2,SUCCESS,71485,uFfojS_OR5KnqAH_J5ZD0w
2428,FungibleEngineer#9500,1722602498541,3,71644,64465,214934,4.333333333333333,0,13,13,1,SUCCESS,71644,VUIVMtS9QJycV2pHmceD4A
2429,Finin#3350,1724268475846,3,71886,66391,215660,9.0,0,27,27,2,SUCCESS,71886,yT8SDuGHQpCLIYY6vldHUw
2430,InfiniteParameter#9402,1724739430862,3,72774,69333,218324,6.666666666666667,0,20,20,2,SUCCESS,72774,UO6WwwouR2y450gl1YcdPQ
2431,Talysson-Weg-Tech-Racers,1723038825367,3,73085,67329,219257,10.0,0,30,30,2,SUCCESS,73085,aqKNXK4ZRtm9GcCgB932UQ
2432,IYF8287,1722475297962,3,73554,67462,220663,4.0,0,12,12,2,SUCCESS,73554,NranaaJjQmC_5zxOLvBd3w
2433,GlobalDiff#4050,1724782719140,3,73619,71602,220858,10.333333333333334,0,31,31,1,SUCCESS,73619,4ti_qMTXSWqyFo95EVt32w
2434,UpgradedCharacter#8942,1724335286450,3,73642,64541,220926,10.666666666666666,0,32,32,2,SUCCESS,73642,hEyaaeR3TwCxYiGx0Wb6kA
2435,RobotInterface#8768,1723491981216,3,73799,68000,221398,3.0,0,9,9,1,SUCCESS,73799,ka8IXPB_QCCtjB272-vlHg
2436,PeakPerformer,1724833921078,3,73886,73591,221659,4.0,0,12,12,1,SUCCESS,73886,txfZhesYTBaeDXTWU2NaoA
2437,ImportantArchitect410260,1722523612283,3,73909,65126,221728,10.666666666666666,0,32,32,1,SUCCESS,73909,14CjChHcTsqlMpi-TXuc2Q
2438,MSEDU-S13,1722833244360,3,74020,64073,222060,10.666666666666666,0,32,32,1,SUCCESS,74020,8D-SZSM3TuewjJJMXAs_3w
2439,ImmutableFormula#8142,1724225184593,3,74286,67194,222858,7.333333333333333,0,22,22,1,SUCCESS,74286,AnQBDS9eSQKQ8iOKA3N4dw
2440,spartans-alwin,1724432088185,3,74521,56161,223565,10.0,0,30,30,2,SUCCESS,74521,cDXqHiPmRbaLoPWDxIh-0g
2441,NeuralAnalysis#6041,1724230907191,3,74774,68666,224323,4.0,0,12,12,1,SUCCESS,74774,TINVMwgrQCOVgk_fpDM6sw
2442,FantasticFour#Santanu,1724664819639,3,74775,68871,224327,7.0,0,21,21,1,SUCCESS,74775,uNgEGE7rTISBG6QmbVVA7Q
2443,ASCIICallback#9382,1723389689190,3,74975,69863,224926,4.0,0,12,12,1,SUCCESS,74975,dE2V0zTmQ4G_KhWnizYwXw
2444,GammaDocumentation#1774,1724148827549,3,75131,71193,225393,4.666666666666667,0,14,14,1,SUCCESS,75131,zygpkN4qRsatp9vcq6QMpg
2445,IterativeBuster#9519,1724643454261,3,75265,73262,225796,4.333333333333333,0,13,13,1,SUCCESS,75265,Dls0IILcTYa0kbLCYASCLw
2446,MSEDU-S8,1723786127681,3,75556,70997,226668,2.0,0,6,6,1,SUCCESS,75556,XBCt2kNaSzSz5MegDelbNg
2447,NumericMethod#1160,1722626966630,3,76486,70601,229460,11.0,0,33,33,1,SUCCESS,76486,xeig3Q0aR9K-z8rfojB9WA
2448,FiniteLine#5574,1722974632432,3,76599,72868,229799,7.666666666666667,0,23,23,1,SUCCESS,76599,YD-70cuwR6CIwJBATo3xcg
2449,AbstractHacker#1454,1724334877414,3,76977,71135,230931,8.0,0,24,24,1,SUCCESS,76977,WiAxAh3vQcuCJi0txiddvQ
2450,RafaelWhoa#6969,1724270851738,3,77553,73266,232661,9.666666666666666,0,29,29,2,SUCCESS,77553,BsS8W2KORZa7lIVyKSWMWg
2451,ImportantArchitectedce5c,1722508982650,3,78465,50668,235395,5.333333333333333,0,16,16,2,SUCCESS,78465,SLvFBwjmRb6IGAdwHuGnoQ
2452,walid,1723858011411,3,78697,71068,236093,2.3333333333333335,0,7,7,1,SUCCESS,78697,5674e4a5460343dc8290eQ
2453,MasterMinds-Karthik,1724843505507,3,78778,69669,236335,11.666666666666666,0,35,35,1,SUCCESS,78778,mG53E-kASKan0HfykCl79Q
2454,4WS-RameshBabu,1724838424041,3,79731,74928,239193,10.0,0,30,30,10,SUCCESS,79731,phrnxTInQz-4tSJGx1jTdg
2455,Pierre-Hasly,1724923254293,3,79840,54533,239522,11.666666666666666,0,35,35,3,SUCCESS,79840,0eEmo1YhSLql3Mp4wmsHYw
2456,MSEDU-S10,1723786102416,3,79841,70461,239523,4.666666666666667,0,14,14,2,SUCCESS,79841,0EzNuH94QBmwlhatlXOByg
2457,ImportantBooster#3966,1724929202852,3,80331,70132,240993,2.6666666666666665,0,8,8,1,SUCCESS,80331,ta1H7kqwTgOpFe7BhHGTAQ
2458,JavaBuster#3070,1724141904938,3,80353,73459,241061,5.333333333333333,0,16,16,3,SUCCESS,80353,VqPFr3O1QZGvqvZjWyK6yQ
2459,JPMC-NYC-09,1722628195388,3,80397,77663,241193,7.666666666666667,0,23,23,1,SUCCESS,80397,Ccw0RaEzRcWxAwgadmIlWg
2460,MachineCallback#6780,1724523841026,3,80400,77132,241201,4.666666666666667,0,14,14,1,SUCCESS,80400,U4nc7XOsRPW4ouz16Lm6ug
2461,VirtualConsole#2535,1723408965092,3,80580,71075,241741,5.666666666666667,0,17,17,1,SUCCESS,80580,dHEXExU1TCetASy4OLXfdA
2462,RealRacers-Naveen,1724680095629,3,81573,75532,244720,3.0,0,9,9,1,SUCCESS,81573,Al7bRZbsQ66R2XmAa9sLow
2463,QualifiedMethod#9780,1723767865887,3,81840,65739,245522,10.0,0,30,30,1,SUCCESS,81840,XLuOq1yOSde_5NtkD2TOzw
2464,GuilhermeLinzmayer#TheSOAPs,1722966261565,3,82128,76329,246386,5.0,0,15,15,1,SUCCESS,82128,6Z9GxOA9QQiKYd1qxtgMhg
2465,PrimeLog#3749,1724080264785,3,83289,81002,249867,5.333333333333333,0,16,16,1,SUCCESS,83289,ata5bFlmTCWi3IuwOugzAQ
2466,AISmithAkash#56,1724950422780,3,83685,74856,251056,11.666666666666666,0,35,35,1,SUCCESS,83685,rg6iiMhkTJqC0UHw5QrThw
2467,Updated486#8714,1724291672127,3,84401,82467,253203,5.333333333333333,0,16,16,1,SUCCESS,84401,QmLk1mDPSMWEc98viR78WA
2468,ImmutableWorkaround#4883,1724913821004,3,84577,82735,253731,6.333333333333333,0,19,19,1,SUCCESS,84577,kRps4mnfSMKvb3GfWrkdiQ
2469,EncryptedDeadline#6646,1723698731621,3,84776,84466,254329,6.0,0,18,18,1,SUCCESS,84776,y_DmQb7NT7Sj-80vOZOojQ
2470,Thegroundbreakers-Akilan,1724821237955,3,84795,84736,254386,5.0,0,15,15,1,SUCCESS,84795,4ZXL3XI7TH2wYnPWk22w9A
2471,Thunderbird#8480,1724959400677,3,85218,76125,255656,12.666666666666666,0,38,38,4,SUCCESS,85218,yR12u-9sQ1ex-5XXluis5Q
2472,UpdatedTag#5208,1723253797923,3,85263,75868,255791,5.666666666666667,0,17,17,3,SUCCESS,85263,krInMubvRauRQnPKMmC44A
2473,ReferencePresentation#9478,1724829228353,3,85419,81468,256258,5.666666666666667,0,17,17,1,SUCCESS,85419,qQvj9tPTRtOckfcDNxnFTw
2474,MSEDU-007,1724896502306,3,85530,74725,256591,3.0,0,9,9,1,SUCCESS,85530,FVAjcJK6RiSWest9sNtAsQ
2475,BrainyVariable#8317,1724335701361,3,86286,79135,258858,9.333333333333334,0,28,28,1,SUCCESS,86286,v_zuzC2PRZmoGvf2ObwJdA
2476,ProvisionalDiff#4044,1724806588851,3,87263,76322,261789,7.0,0,21,21,1,SUCCESS,87263,phVmTz1ZQ1-lf2DuBqyf4g
2477,FQT-Graham-Wenz,1722630081767,3,87353,74468,262061,9.333333333333334,0,28,28,1,SUCCESS,87353,dLhgk29PQV-GLx-o1S3aFA
2478,MUBK-TatsuyaMinami,1722876202343,3,87798,53128,263394,12.333333333333334,0,37,37,1,SUCCESS,87798,wlA5zrZ7Rme6tcmnsQQiyQ
2479,CompleteAttention#6225,1722526142053,3,88492,86398,265478,6.333333333333333,0,19,19,1,SUCCESS,88492,pHQoAis8Tq-kVNa96KCiTg
2480,NiltonRochaMartinsFilho-AIrton-Senna-01,1723165922081,3,88951,73857,266853,12.666666666666666,0,38,38,1,SUCCESS,88951,59q1HOyyTRy5zgxz4u9bqA
2481,CompleteAnalyst#5429,1722775802847,3,89378,83336,268136,13.0,0,39,39,3,SUCCESS,89378,vn-Q96DcS9mFflQd-sxvOQ
2482,FormulaicClass#2914,1722544174254,3,89420,87533,268260,6.333333333333333,0,19,19,1,SUCCESS,89420,ha_W-bbZREWJiVH71AKiCA
2483,FocusedObject#9964,1722616843531,3,89685,75530,269056,10.666666666666666,0,32,32,1,SUCCESS,89685,alrnvAsVQByXAN_mK8wdSQ
2484,AtomicByte#3264,1723253762460,3,89757,88002,269272,6.333333333333333,0,19,19,1,SUCCESS,89757,al4Kz9IlRgmjhuRewwirNA
2485,QualifiedError#5631,1722963554172,3,89975,83791,269925,6.0,0,18,18,1,SUCCESS,89975,y7cNd3OgSZK_MwC06YfhkQ
2486,ImportantArchitect364380,1722498500676,3,90266,81403,270798,6.666666666666667,0,20,20,3,SUCCESS,90266,f6IFiCogSSqyKzXPb0A7aA
2487,Djamilton-WEG-Tech-Racers,1722536421156,3,90953,83995,272860,12.333333333333334,0,37,37,1,SUCCESS,90953,8N96r_sNS6SAE2dbSiN4iQ
2488,AlgorithmAvengers--Dhinesh,1724328077091,3,92976,92801,278929,7.0,0,21,21,6,SUCCESS,92976,vqo8BlXYSq2IKtr-0lgObQ
2489,QuickResource#8119,1724680611525,3,93889,88269,281667,14.0,0,42,42,2,SUCCESS,93889,ADPKRjMYS0miOWi6iR_AWw
2490,EncryptedBrackets#0362,1723253504688,3,96110,91531,288332,7.666666666666667,0,23,23,1,SUCCESS,96110,vfTJpjigSJ2cjcpuwHrbjg
2491,ImmutableUpdate#0515,1724070653713,3,96800,94603,290401,8.333333333333334,0,25,25,4,SUCCESS,96800,-eznV35bQY2EFr5_fzkFmA
2492,ImportantArchitect6a30e1,1722568914838,3,97004,92599,291013,12.666666666666666,0,38,38,1,SUCCESS,97004,PQRrZEK-QsufY3NojLKrLw
2493,Socram,1723158664910,3,97085,93131,291257,14.666666666666666,0,44,44,2,SUCCESS,97085,9FwHZ012T8ehzN41h6W29Q
2494,HelpfulError#6939,1723253600799,3,97306,96659,291919,8.0,0,24,24,2,SUCCESS,97306,p-BYyrxdSEybYJXH0x6FSg
2495,HelpfulSlice#8301,1724249297087,3,97731,92931,293195,7.0,0,21,21,2,SUCCESS,97731,2IgnGmEmQOm8A5bNKGaBag
2496,Enokings-Abdulla,1724649192491,3,98330,94529,294991,11.666666666666666,0,35,35,1,SUCCESS,98330,GTNBf4Q5TMqpV6pGjrMOlA
2497,BooleanServer#2676,1724596358639,3,98975,93930,296926,8.0,0,24,24,1,SUCCESS,98975,NYpyQF_wQ-yuwu1FmmdfNg
2498,10xArgument#4812,1723328653796,3,99108,89742,297325,14.666666666666666,0,44,44,1,SUCCESS,99108,Jrl6ri5pR2Sw5FJJdfDgwg
2499,WebArchitect#1941,1723983965301,3,99465,92133,298397,8.333333333333334,0,25,25,1,SUCCESS,99465,eEQcmNdvTlKJH-GTCyyDtA
2500,MachinePatch#0741,1724932626528,3,99862,93998,299586,15.0,0,45,45,1,SUCCESS,99862,3q72cY4kRTihdGymOnJGcg
2501,Secure486#9274,1723253520385,3,99937,98332,299813,8.333333333333334,0,25,25,1,SUCCESS,99937,7Pn1oJgzQTuFQC8oC_4I8Q
2502,CompleteArchitect#2658,1724344307345,3,100440,98536,301322,8.333333333333334,0,25,25,1,SUCCESS,100440,91usi6K-Qlm468A4bpTmig
2503,10xTag#8179,1724322529838,3,100909,75262,302729,11.333333333333334,0,34,34,2,SUCCESS,100909,MM_ueRLvTwqkogFNt99OcA
2504,AccessibleArgument#1138,1724264992474,3,101197,95723,303592,9.0,0,27,27,1,SUCCESS,101197,0zjcadNTTOiaPoj7wvDatA
2505,Oistarsracer#5457,1723212240947,3,101731,94531,305195,15.0,0,45,45,2,SUCCESS,101731,6GKTasRORHq-gQ2OAh5gGA
2506,ComplexCircuit#1464,1723118937099,3,102086,98338,306259,9.666666666666666,0,29,29,1,SUCCESS,102086,auIhkH70TG-kGzXtQ_TknA
2507,JavaSlice#7775,1723275196989,3,102109,98798,306329,8.666666666666666,0,26,26,1,SUCCESS,102109,cs-pioVfQw2WfbNoXcYFBA
2508,PythonFunction#2809,1724038278781,3,102906,102724,308719,9.0,0,27,27,1,SUCCESS,102906,GaY_9H5eTCmbJHbEodHz1A
2509,TestingError#7397,1723253531022,3,103706,101869,311120,9.333333333333334,0,28,28,1,SUCCESS,103706,6YJWyEh-SLOCK40yyfjvSw
2510,NBSdeveloper#KTOC,1724589932347,3,104310,97062,312930,15.333333333333334,0,46,46,2,SUCCESS,104310,_1q3En9JQtmRjo0L1P6hmA
2511,ConnectedSchematic#3613,1724219208519,3,104485,98859,313455,9.0,0,27,27,2,SUCCESS,104485,4xjYolZ2RHqv9EKR21DW9Q
2512,LucasClivatti-LDCR3,1723239719102,3,104977,100138,314932,15.0,0,45,45,1,SUCCESS,104977,36UQtcIYToKAZ__29fHesA
2513,RecursiveScript#4936,1724572440286,3,105576,94596,316730,10.0,0,30,30,2,SUCCESS,105576,kPzm2JScRn28BSRL3f3BfQ
2514,PassingCharacter#5535,1722960888421,3,105597,99601,316792,16.0,0,48,48,2,SUCCESS,105597,DRZ3WWaTSF2hrivrYS6MQA
2515,LeetZone#3910,1724277870668,3,106084,104793,318253,0.6666666666666666,0,2,2,1,SUCCESS,106084,cMrkSIEMSgygylhKZ2tHCg
2516,SequentialRequirements#8710,1723600212029,3,106508,101926,319526,10.0,0,30,30,1,SUCCESS,106508,kyWFHL1YSDiIuw4l2VcxrQ
2517,PathingModel#7526,1723299215253,3,107286,99732,321859,16.333333333333332,0,49,49,1,SUCCESS,107286,IHMqw6l7So6zApvtVebjcA
2518,HashableTag#0811,1723169769633,3,107952,102269,323858,16.0,0,48,48,3,SUCCESS,107952,RUl6C7uuSB6y7KPVvI2WWw
2519,ComplicatedFunction#1369,1724726819432,3,108443,101398,325331,15.333333333333334,0,46,46,1,SUCCESS,108443,p2truRliTbeKLHD7sVyHow
2520,CelsoPortiolli,1724271140326,3,109530,106333,328591,10.666666666666666,0,32,32,2,SUCCESS,109530,io0LlT69QmO_ZFxYu9hXBQ
2521,UrgentError#2006,1724929961430,3,109553,96920,328660,15.333333333333334,0,46,46,2,SUCCESS,109553,mhiFsY50RySJipfRmuuogA
2522,RO,1723248970621,3,111332,91057,333996,15.666666666666666,0,47,47,6,SUCCESS,111332,6DarpfsUQUSRuBlTMnb7fw
2523,MUTB-CPIMotorsInc-tanaka,1722655237508,3,111485,105870,334457,16.0,0,48,48,1,SUCCESS,111485,3qa0FPjGTLOn5iIOYbAZpg
2524,Supersonic#8212,1723738477299,3,111997,106195,335992,17.0,0,51,51,1,SUCCESS,111997,ViaqQmUmQcWcEaK6gnfbwQ
2525,RocketRequirements#1251,1724185503277,3,113375,108057,340127,17.0,0,51,51,1,SUCCESS,113375,wq-7_esVTVClMnzMzBlmqA
2526,GabrielTabarelli-MachMachine,1722508033501,3,113778,111861,341334,16.333333333333332,0,49,49,1,SUCCESS,113778,0ca6QT6ZSsaJIzFlvYdbzg
2527,GammaScript#5560,1723253550449,3,113952,112065,341856,11.333333333333334,0,34,34,1,SUCCESS,113952,3RI5XwTESXKL1vXskRfohA
2528,DataSquad#Rajat,1724931458040,3,114131,110197,342393,17.666666666666668,0,53,53,1,SUCCESS,114131,tknTvXnkRrmU-3uy7oHLrQ
2529,AbstractDelta#8760,1722748404373,3,114773,114726,344321,11.0,0,33,33,1,SUCCESS,114773,bgBT_n2rTbaX9LUvSn1Q7w
2530,AutomatedDiff#9734,1724229264374,3,115227,98933,345683,16.0,0,48,48,1,SUCCESS,115227,kz8GtHfTTjOdkRg9ABXW1A
2531,BrunoXavier-AstecWAU,1722947706747,3,115241,104390,345724,17.0,0,51,51,1,SUCCESS,115241,D9kxHlQFSoqaOFVRDySqdw
2532,GustavoHP#WMOMotores07,1722606852040,3,115999,112795,347999,16.666666666666668,0,50,50,1,SUCCESS,115999,ifVfA5tJR_G9B8PDfB06Qw
2533,DesktopBraces#9470,1723617274491,3,117152,109669,351456,17.333333333333332,0,52,52,1,SUCCESS,117152,v5uD9tfgS3igAx6Bta8bwQ
2534,NumericWorkaround#0034,1722482937328,3,117484,115467,352454,15.333333333333334,0,46,46,1,SUCCESS,117484,qhHt4eknSgeRjxbGdW8jtw
2535,ProgrammingDebugger#4643,1723892562950,3,117664,113994,352994,17.0,0,51,51,1,SUCCESS,117664,2XxA4TM9SFaDJRFSxoVkbw
2536,ParametricVariable#9398,1724914432881,3,117863,112919,353591,17.0,0,51,51,1,SUCCESS,117863,IXBdsLnDSgCQNQsEnh_FWw
2537,MSEDU-S4,1724205554109,3,118685,94255,356057,11.0,0,33,33,2,SUCCESS,118685,IJFlMlnyRKCQz3VTPM0BrA
2538,FiniteTech#2627,1723473915766,3,121533,109334,364600,12.333333333333334,0,37,37,1,SUCCESS,121533,ii04tfu2SNCU1pDNJK-Wow
2539,AsynchronousTester#2444,1724754247354,3,122731,115191,368193,19.333333333333332,0,58,58,1,SUCCESS,122731,yFkcynIcRb28Zd6a_8aodw
2540,ImportantArchitecta9be7a,1722534283128,3,123597,93604,370792,18.333333333333332,0,55,55,2,SUCCESS,123597,_FTxKi92Suuo8THzbuocUw
2541,PassingGrid#2402,1724037731720,3,124155,114531,372466,12.666666666666666,0,38,38,1,SUCCESS,124155,nB2dsEkmTkCWytvAcHWmrQ
2542,UrgentSchema#3558,1722625818378,3,124486,124128,373460,13.0,0,39,39,1,SUCCESS,124486,IpgHvLqxQpijGIPzIsxH5Q
2543,SequentialNumber#9331,1724889408721,3,125242,111867,375726,18.333333333333332,0,55,55,1,SUCCESS,125242,frHqBNsjQ-STNWaSUDuLpA
2544,Caio-DMSLAB1,1722617863311,3,125620,121404,376862,19.666666666666668,0,59,59,1,SUCCESS,125620,_BJDJM2PQSGItXrKjZAcwA
2545,EraldoPaulPaciello-DrivesApp,1722621303151,3,125950,115272,377852,17.0,0,51,51,1,SUCCESS,125950,ZIBzzvUQSl6VUgqaFfRpDA
2546,RecursiveTester#1344,1724406174047,3,126642,124398,379926,14.333333333333334,0,43,43,1,SUCCESS,126642,VGn_wmKgQ4GxwofotpK7uQ
2547,FungibleTest#1408,1724848269913,3,128041,123533,384124,13.666666666666666,0,41,41,1,SUCCESS,128041,xq-PYRZsTAeeh_snrNgnRw
2548,EsteemedCallback#1474,1724919924049,3,129110,128323,387331,2.0,0,6,6,1,SUCCESS,129110,GWcSqt0ARLCNVvsiq9qLYg
2549,ParametricDeadline#1125,1723334457067,3,129801,119668,389404,14.0,0,42,42,1,SUCCESS,129801,lurQSDtSQyKrF6q4lGtDPA
2550,ImportantArchitect013ad9,1722532767200,3,130089,124739,390269,14.0,0,42,42,6,SUCCESS,130089,5eYM71PEReiHS-7kOcupYA
2551,MSEDU-016,1724204032532,3,130198,127795,390596,8.333333333333334,0,25,25,1,SUCCESS,130198,T9uPXxfKQc6yLypIvwIA8A
2552,EncryptedExpression#9505,1722589081141,3,131486,123135,394460,14.333333333333334,0,43,43,1,SUCCESS,131486,Yzx4eCh2TwW7-swQihm4ug
2553,UpdatedDescriptor#5368,1724390683031,3,131774,124864,395322,14.333333333333334,0,43,43,1,SUCCESS,131774,hx_GKSWySNaO_oAQTObOlw
2554,Interactive486#0569,1723253783056,3,132733,130263,398200,14.333333333333334,0,43,43,1,SUCCESS,132733,rXkGBPHSRIWRMAirln4P2Q
2555,PrototypeBottleneck#8241,1723253854300,3,133374,118798,400123,14.666666666666666,0,44,44,1,SUCCESS,133374,LUrb-vccSl2YwXn-HopC5A
2556,HashableTest#9306,1723814191670,3,133686,125132,401059,14.666666666666666,0,44,44,1,SUCCESS,133686,2YChNHnjRomUKXg0BXSWBA
2557,UrgentTech#4509,1722863613165,3,134220,126661,402661,20.333333333333332,0,61,61,1,SUCCESS,134220,L23y0r8sTFOpPenUYR9xBg
2558,CreativeValue#3378,1724757342496,3,134756,125994,404269,13.333333333333334,0,40,40,1,SUCCESS,134756,CoBtzPWDRteIqru4gxKJfw
2559,galambborong,1724774182546,3,135885,130457,407656,15.0,0,45,45,1,SUCCESS,135885,a1B-M-YoTXiiMOHG5bIgwA
2560,InnoServe-Too-sticky-Ah-Bang,1723264910698,3,137264,135393,411792,15.333333333333334,0,46,46,2,SUCCESS,137264,F-WrylIlS8GuoMh1FFuq8Q
2561,ReadyPlayerWon,1724783972705,3,137339,129820,412019,15.333333333333334,0,46,46,1,SUCCESS,137339,uQMSQ3oqQgajt8bzmy8E8Q
2562,StructuredObject#4524,1724947456839,3,137574,134868,412722,15.333333333333334,0,46,46,1,SUCCESS,137574,h3F-DPhXTPKdKFnJwP6brw
2563,ITRacers-Bala,1724842084280,3,137595,135457,412787,15.333333333333334,0,46,46,1,SUCCESS,137595,yyjvT1fFR925MCkor7zOVg
2564,mechworks,1722663705154,3,139022,134862,417066,15.666666666666666,0,47,47,1,SUCCESS,139022,VOjQIclOQVKj9OmZzX8NrQ
2565,ProvisionalPointer#8247,1722564866964,3,139155,120270,417466,15.666666666666666,0,47,47,1,SUCCESS,139155,sMDfMvQKRnWi8fS1WZBtQw
2566,Deadpool-Israel,1724670116021,3,139173,134988,417519,15.666666666666666,0,47,47,1,SUCCESS,139173,5nvqVw6PQc2QKo8nzGeU_g
2567,Python486#8598,1723253525602,3,139246,135475,417740,15.666666666666666,0,47,47,2,SUCCESS,139246,zRA4psY_Rc-MlxePrImJog
2568,ReferenceCommand#7056,1724519704295,3,139284,135869,417854,15.666666666666666,0,47,47,1,SUCCESS,139284,--s5mHwRS7qt8MWlaRep0g
2569,IterativeBrackets#3308,1723460496842,3,139485,130326,418457,15.666666666666666,0,47,47,3,SUCCESS,139485,So8PIpJDTu27WwOfi1B4DA
2570,GenerativeInterface#8855,1722723796242,3,139536,135535,418608,15.666666666666666,0,47,47,1,SUCCESS,139536,75SjV_0DTuCsiEaT3bh7jw
2571,JPMC-HYD-REINFORCER,1722589141607,3,140887,124534,422663,16.0,0,48,48,1,SUCCESS,140887,rbJUl3YSSxqJgG-QaNpNag
2572,ASCIICallback#4786,1724404682793,3,140961,135005,422885,16.0,0,48,48,1,SUCCESS,140961,gDV1nzwJQnOHSJUC0tj9HA
2573,MachineClass#8939,1723868524666,3,141219,136124,423659,16.0,0,48,48,1,SUCCESS,141219,dfaMn0nhRly2CHHAbIJhtA
2574,HelpfulSwitch#0671,1724843889651,3,141441,130933,424325,16.0,0,48,48,1,SUCCESS,141441,6d8MlfcpS9Sg75Yr5D1Zwg
2575,UnboundLine#0935,1723253520335,3,141643,139469,424929,16.333333333333332,0,49,49,2,SUCCESS,141643,nkA_Pd9oT6-6FxKfyNEI_Q
2576,Gomes,1722535781324,3,141708,134256,425124,11.333333333333334,0,34,34,1,SUCCESS,141708,lHKRgSM-TyCzWVNG2VQrxg
2577,AtomicDeadline#9942,1722577495615,3,142818,135928,428455,16.333333333333332,0,49,49,1,SUCCESS,142818,1svs4d7zSZGmXHDDFCgUVg
2578,ConnectedTheory#6334,1722476620888,3,143019,136265,429059,16.333333333333332,0,49,49,1,SUCCESS,143019,ftyAsVheTsOhe6_l71rj_A
2579,BrainyFormula#5432,1724906028800,3,143154,130523,429463,16.333333333333332,0,49,49,1,SUCCESS,143154,Hqxnay3RQrGCNsrLcrmsoQ
2580,RocketBottleneck#6628,1722535035362,3,144329,142257,432988,16.333333333333332,0,49,49,1,SUCCESS,144329,a5sC9xkIQjejPTnhTnnsKQ
2581,UnboundDescriptor#0506,1724758141254,3,144732,140934,434198,16.666666666666668,0,50,50,1,SUCCESS,144732,FyLVe9TjTUOKTMV5YHBvRQ
2582,MLWarriors#Nike,1724756538256,3,144997,135867,434991,16.666666666666668,0,50,50,1,SUCCESS,144997,EiiGgNBoS6q-wiSFngcmgA
2583,CyberneticSemicolon#9927,1724756159164,3,146088,140865,438264,17.0,0,51,51,1,SUCCESS,146088,3Ru8AD-VTZGEXqLAoLHZZQ
2584,NullSchema#9236,1723253545245,3,146707,141934,440121,17.0,0,51,51,1,SUCCESS,146707,o0wd717kRTScbKgEVnFgqA
2585,ImmutableAbstraction#0447,1723341579983,3,149042,145924,447128,17.666666666666668,0,53,53,1,SUCCESS,149042,h_jQLlLuRdKHwhum7rlAMQ
2586,HelpfulByte#9817,1724776701627,3,149440,137925,448321,15.0,0,45,45,2,SUCCESS,149440,yq_liLUuRsGxyRIVG8iIRg
2587,abcde,1724133514752,3,156044,152068,468132,18.666666666666668,0,56,56,1,SUCCESS,156044,pc5YCmo-R2qfCiy0bPla1Q
2588,FungibleGame#4997,1724824286751,3,159375,141532,478126,15.0,0,45,45,1,SUCCESS,159375,brzmVmcbRkqZnS_Im-AhWw
2589,BooleanString#3276,1724661351998,3,161310,147335,483931,25.333333333333332,0,76,76,1,SUCCESS,161310,0mrnqGC2QqigvfXmzKB0cA
2590,PradipDas,1724519416313,3,161376,141327,484129,19.666666666666668,0,59,59,6,SUCCESS,161376,npSaCeXsSSqB1kJ-sMDLiQ
2591,QuickGame#3355,1724759080789,3,164063,161858,492191,20.333333333333332,0,61,61,2,SUCCESS,164063,54bB3G3zSSe6TtpwzKKjtA
2592,NumericTable#5481,1724757367529,3,166064,157193,498192,17.666666666666668,0,52,53,1,SUCCESS,166064,WSCOyO5LSxWOr-r8DVqZ8Q
2593,CrypticByte#6869,1724789773181,3,167108,153000,501324,23.333333333333332,0,70,70,1,SUCCESS,167108,Pmr_ol6rRP6u_IEZLXCQOQ
2594,teste2,1723134911308,3,168154,160266,504462,27.333333333333332,0,82,82,1,SUCCESS,168154,nEtKsuFCTKaJTI2cYp1mfQ
2595,Edmo,1723805364272,3,171398,155064,514195,28.0,0,84,84,1,SUCCESS,171398,rAu-E732RqqAvOv2JeISHg
2596,PrototypeArray#4143,1723583614050,3,179907,177723,539721,29.333333333333332,0,88,88,1,SUCCESS,179907,YEs8ypPMQsCTvsKppxB6fA
2597,2024chuncheon-28,1723443996415,3,187087,183661,561262,28.666666666666668,0,86,86,1,SUCCESS,187087,kOa6ER4ATcOd8hWrwzmzWw
2598,PythonBreaker#8486,1723253515415,3,200729,198661,602187,27.333333333333332,0,82,82,1,SUCCESS,200729,mbl-2VqwR8O3tgrGXbMpCQ
2599,GIST-DeepRacer16,1723008667379,3,219641,210652,658923,30.666666666666668,0,92,92,1,SUCCESS,219641,CYgqzDnVRCaEbMDQ7iKJFQ
2600,NeuralLog#7354,1723276032469,3,220821,218393,662465,33.666666666666664,0,101,101,1,SUCCESS,220821,-yzklXP-QzmxfMjOqI63xQ
2601,MUBK-TeamTIDBSmanagement-Matsuba,1723770828961,3,222843,219669,668530,32.333333333333336,0,97,97,1,SUCCESS,222843,QEU422OUSK2wy7CNF-z59A
2602,LucasClivatti--LDCR,1723082075555,3,247021,243004,741064,41.666666666666664,0,125,125,1,SUCCESS,247021,oegixL8nRV-08q1c_XjqfA
2603,ImportantArchitectf76bc4,1722499964281,3,248708,248258,746124,40.0,0,120,120,2,SUCCESS,248708,Hl_355yvRxebDIl4TM7ujQ
2604,4WS-Bharath,1724665027447,3,249448,215795,748345,35.333333333333336,0,106,106,1,SUCCESS,249448,LSKN7XDXT-SXWIRiu53eow
2605,JPMC-MUMBAI-010,1723127794574,3,253331,241733,759994,35.0,0,105,105,1,SUCCESS,253331,LSTNMdQvRom0468lg0eksA
