Rank,Alias,SubmissionTime,LapCount,AvgLapTime,BestLapTime,TotalLapTime,AvgResets,CollisionCount,OffTrackCount,ResetCount,SubmissionCount,LeaderboardSubmissionStatusType,RankingScore,UserId
1,dcongtinh,1691289817425,3,24433,24182,73301,0.0,0,0,0,3,SUCCESS,73301,CqZmW8kHQti0P4KOd0cLdA
2,DecisionTransformer,1690983959462,3,25616,24344,76848,0.3333333333333333,0,1,1,3,SUCCESS,76848,1mW7p6I1Q0-cB3Up-esBeQ
3,CodeMachine,1690968378694,3,26603,26271,79810,0.0,0,0,0,1,SUCCESS,79810,b_WzN_r8ToGPle_8bl2tMA
4,RobinCastro-DBS,1691150277307,3,27596,27260,82789,0.0,0,0,0,1,SUCCESS,82789,7KrbyQXvTBOxnBa0p9YuUA
5,DaVinciDriver,1691233952791,3,28224,27060,84674,0.3333333333333333,0,1,1,1,SUCCESS,84674,XtzXYz2pRByDnXz90XNGSw
6,GoodEveningWeAreFromUkraine,1691236646295,3,30059,29727,90178,0.0,0,0,0,8,SUCCESS,90178,oX4dpYxLTFG2UU6NprA-7g
7,Aurora-DNPds,1690876005768,3,31196,29471,93590,0.3333333333333333,0,1,1,1,SUCCESS,93590,26fba66bedca4aa3bca47w
8,733612726221-SG23-Jianlong,1691131314323,3,31200,30336,93602,0.0,0,0,0,19,SUCCESS,93602,vpsHYdBtSIq__1M9j1R21Q
9,zzg,1691213989420,3,31862,30863,95587,0.0,0,0,0,1,SUCCESS,95587,dgJgsyw2SL-ozyo4T1b-QA
10,IcePandaBoom,1690869141013,3,32167,31668,96501,1.0,0,3,3,1,SUCCESS,96501,BTPWujqqTBOWGAFvEKyRaA
11,makit,1691262811777,3,32196,31470,96590,0.0,0,0,0,3,SUCCESS,96590,FQ4kxx42Rn-ywzWMVEad0A
12,TimJWhite,1691150849118,3,32196,31858,96590,0.0,0,0,0,8,SUCCESS,96590,3dDHylmQSi-Rzd9uUamhlQ
13,Galileo,1691307917286,3,32604,32201,97812,1.0,0,3,3,3,SUCCESS,97812,Y79AzaaOR-u4LVKMxu1Mdw
14,Eviden-Sammy-Cheung,1691294649115,3,32905,32073,98717,0.0,0,0,0,8,SUCCESS,98717,R22FBKQsSMKmRaTpNdD76A
15,Wingism,1691050889582,3,33152,32732,99456,0.0,0,0,0,3,SUCCESS,99456,Spey2yUETeKA1doS2t-McQ
16,ITS-Kura,1691022913480,3,33438,32395,100314,0.0,0,0,0,5,SUCCESS,100314,0KlPowM7Rsm-6depdUzXOg
17,TPC-Tech,1690852312989,3,33866,32537,101599,0.3333333333333333,0,1,1,1,SUCCESS,101599,iEfWhIPLS865MMzpmLNdqQ
18,PITS-1,1691137211752,3,34131,30717,102395,1.0,0,3,3,10,SUCCESS,102395,CThkSPLERtyRM5OptykzEQ
19,barkingdog,1690852162862,3,34540,32359,103622,1.6666666666666667,0,5,5,1,SUCCESS,103622,b3960b6c6f58458880ceew
20,Seab,1690927958283,3,36196,35723,108588,0.0,0,0,0,5,SUCCESS,108588,mjD1OGTXQfKTXMPWVq29rg
21,Mr-Anderson,1690972755860,3,36740,35397,110221,0.3333333333333333,0,1,1,1,SUCCESS,110221,PVsbhx4xRi6aO--P4-kcNA
22,Cinderpelt,1691122552773,3,36917,35801,110752,0.3333333333333333,0,1,1,4,SUCCESS,110752,1UgtHyGoRa-lnh8JgVEtuw
23,Banbone,1690895918166,3,36999,36744,110997,0.0,0,0,0,2,SUCCESS,110997,iTaYYJwUSXWPbqTcxyO0ZA
24,Langley-BIP,1691115378565,3,37246,31860,111738,1.3333333333333333,0,4,4,1,SUCCESS,111738,8JXLSKkhQVin2JwAVdbPzw
25,JPMC-DriftKing-Houston,1690944588111,3,37384,35607,112152,2.3333333333333335,0,7,7,1,SUCCESS,112152,fngewpiZSZm11yX7YgwnMA
26,coppermannzero,1691006641931,3,38446,38275,115339,0.0,0,0,0,1,SUCCESS,115339,LXqv_TvTTi6p7jCcGd4vtg
27,QES-A-YS,1690869296206,3,38797,38603,116392,0.0,0,0,0,19,SUCCESS,116392,OmDJ_yvhRKi32drjq24OiQ
28,TSS-samaujs,1691221766266,3,39140,36863,117420,0.6666666666666666,0,2,2,5,SUCCESS,117420,BteX7647QUyM2a2hexL2ZA
29,Ansh7,1691316036401,3,39197,35004,117593,1.3333333333333333,0,4,4,10,SUCCESS,117593,JCwxucKeRWO_Eij9nr98UQ
30,USC-Taipei-Campus,1690903524375,3,39402,37934,118208,0.3333333333333333,0,1,1,10,SUCCESS,118208,I8oFQeBjSGmCxo4NGOdpRQ
31,Yuliya,1691239648028,3,39644,38070,118933,2.3333333333333335,0,7,7,23,SUCCESS,118933,JWJgkv8bSKeMIGYZ9roR-A
32,EasyCruising,1691212759186,3,39714,37937,119142,0.3333333333333333,0,1,1,4,SUCCESS,119142,UarPLMz5QN2gALpvKtBGOA
33,PeterXing3,1691100292808,3,39757,34269,119272,1.3333333333333333,0,4,4,2,SUCCESS,119272,LY2uEuN1Q6ei3CBuedw4_g
34,D55-Hatton,1690896183568,3,39764,37250,119292,1.0,0,3,3,3,SUCCESS,119292,Zl7c5ziyTHuLBQSu71FPlw
35,Kire,1691092363473,3,40845,39270,122537,0.6666666666666666,0,2,2,1,SUCCESS,122537,N0y9CR6fQN-a4UlAFsTC5Q
36,F1-DevelopersIO,1691055921593,3,40935,39722,122807,0.3333333333333333,0,1,1,7,SUCCESS,122807,UzQrKbzfSKyZCEf6eD2PBA
37,MineSweeper,1690893480323,3,41055,40241,123166,2.3333333333333335,0,7,7,2,SUCCESS,123166,cJBGnsm2SneQEkwWruZDgw
38,Mike211,1690953118427,3,41765,41472,125296,0.0,0,0,0,13,SUCCESS,125296,rgZhd0J7TBGwBO4GPYC3yg
39,J-Hatton,1690975154351,3,41821,40790,125465,0.0,0,0,0,5,SUCCESS,125465,wzVzQyEMRsG8HTwNx0foiw
40,JoeLeyba,1690932308174,3,42488,41939,127464,1.0,0,3,3,3,SUCCESS,127464,nzfVL37yS2G5OUkCQh7omQ
41,Janesoki,1691309096091,3,42531,40528,127594,0.3333333333333333,0,1,1,1,SUCCESS,127594,3SvT2_04Tl-5RIyNtDNtjA
42,HameenHitain#42,1691131343282,3,42688,40128,128064,0.6666666666666666,0,2,2,19,SUCCESS,128064,44YjKeFtRFyv_g8ljvEg1w
43,Gummi,1690923505678,3,42976,42745,128929,0.0,0,0,0,31,SUCCESS,128929,MMl49eA4Tr2AlzL4d7nB3g
44,CH#HKT,1690989130352,3,43809,41660,131429,0.6666666666666666,0,2,2,1,SUCCESS,131429,XJNMPh7lSd6ywcha-m24Cw
45,Zeddx,1690953409425,3,43907,41935,131723,1.3333333333333333,0,4,4,4,SUCCESS,131723,lB7OvrjXS7CM0NMeM6IDPg
46,BoogieTimeProductions,1691320854841,3,44196,41262,132588,1.6666666666666667,0,5,5,8,SUCCESS,132588,MUyQlFafT0yFhQr1sApn9Q
47,KM-Harrier,1691241134455,3,44272,43400,132816,2.6666666666666665,0,8,8,3,SUCCESS,132816,3b8cUKuuQfOWQgfjZSeVFw
48,Fumiaki,1690848084705,3,44887,42182,134661,4.666666666666667,0,14,14,1,SUCCESS,134661,5RzBNYRAQoWVausi3eyhRg
49,bitbycryptobug,1690912815993,3,44974,44399,134924,0.0,0,0,0,6,SUCCESS,134924,I0cvAIwlQceFRm4894L9XA
50,Consort-NicholasV,1690907071728,3,44987,42140,134963,1.6666666666666667,0,5,5,4,SUCCESS,134963,VmJ0zQ9YR2m20d9b3MibPQ
51,ASCIIOrder#1674,1690872230801,3,45035,42852,135105,0.6666666666666666,0,2,2,1,SUCCESS,135105,p4mBVl_9SXCXSLwaQQAUIw
52,KWON,1690943323068,3,45051,42062,135153,0.6666666666666666,0,2,2,3,SUCCESS,135153,DplPbQepT5iDPJ0_iSmzHg
53,LeoMtz-DeepRacer,1691092102975,3,45055,42463,135165,0.6666666666666666,0,2,2,20,SUCCESS,135165,bAuh9G8eSlaPuXBlDHo6mQ
54,KenitoOvbioba,1691331123487,3,45161,42997,135485,0.6666666666666666,0,2,2,5,SUCCESS,135485,iRqwbBoKQY-tP2tGpIMlxA
55,RaynGroup,1691149391971,3,45332,43928,135998,0.0,0,0,0,19,SUCCESS,135998,JxrVgE7oQa-oxMKVy3Vl-Q
56,Galaxy-Destroyer,1690883718077,3,45725,42130,137175,3.0,0,9,9,31,SUCCESS,137175,R5dbzb_dTHeWKz89XJfXSQ
57,CobraTate#8889,1690995836965,3,45953,45652,137861,0.0,0,0,0,4,SUCCESS,137861,xOrnIcTTQ4ySmRsVfZ8rtw
58,JPMC-BLR-RacerMinions,1690962425318,3,46129,45998,138388,0.0,0,0,0,6,SUCCESS,138388,iYLTZyzKQ--9KmFjlHv2Bw
59,chien,1690915111988,3,46352,43266,139057,1.6666666666666667,0,5,5,4,SUCCESS,139057,uwd69Dt3RIWcZLarj_fJfA
60,Devashi,1691258314091,3,46384,42258,139152,1.0,0,3,3,8,SUCCESS,139152,JUmMHC_sQ8-tXJnpqYBoXw
61,darkKILLER,1690903525804,3,46418,46068,139255,1.0,0,3,3,25,SUCCESS,139255,PZ1jMdlUTZuyg-gP1SdBkA
62,CrewT,1690962620425,3,46641,45392,139924,0.3333333333333333,0,1,1,9,SUCCESS,139924,4ZMMkxo-QXGMdm1pmULlrA
63,QAX-Racer-5,1691155500414,3,46761,46058,140283,2.0,0,6,6,2,SUCCESS,140283,lqKZvAseQQm1K6t5pMYwZA
64,MingXu,1691140211478,3,46781,42405,140343,2.0,0,6,6,5,SUCCESS,140343,lQ1u8o2vSnGJGRvVOsyqMA
65,Suphan,1691312134365,3,46819,42470,140459,1.3333333333333333,0,4,4,9,SUCCESS,140459,XoMEpqrvTOmEVzZEuguebQ
66,Sallyqueen,1691099447527,3,46908,46330,140725,0.0,0,0,0,1,SUCCESS,140725,93ze9E-mQ6yXs2aBsDMwMQ
67,GoodmanKR,1690940154428,3,46975,44133,140926,3.6666666666666665,0,11,11,13,SUCCESS,140926,f905b742ca594aadb529eQ
68,HK-WilliamLeung,1690995016966,3,46978,41456,140934,1.3333333333333333,0,4,4,1,SUCCESS,140934,SOaLDMtJTQWr55eR6v710Q
69,Bugek,1691307640190,3,46997,46405,140992,0.0,0,0,0,6,SUCCESS,140992,JpsQKJ8SRvGcKCfABVyMkQ
70,monstsquad,1690902649762,3,47172,41864,141518,3.3333333333333335,0,10,10,1,SUCCESS,141518,DrMkcpQaSYCRAUD22iT2ng
71,janicedal,1690888928766,3,47218,46511,141654,0.0,0,0,0,7,SUCCESS,141654,OwKO9HTAS66Q0EhLegROgg
72,TechnicalUpdate#2255,1690907307022,3,47675,47202,143027,1.0,0,3,3,1,SUCCESS,143027,Wmuvk_6LRDu4MEp7NZVCXQ
73,ConkerMortis66,1690908223549,3,47685,42324,143056,3.0,0,9,9,2,SUCCESS,143056,pA3TV6W2QUevifuhYGfFRQ
74,DelarMonst,1690849560807,3,47935,42860,143805,3.6666666666666665,0,11,11,2,SUCCESS,143805,qSEKGhVTT7-GRnhNxjedug
75,JuanStingo,1691333350093,3,48317,45774,144953,0.3333333333333333,0,1,1,5,SUCCESS,144953,MMauXS90T7qwl6KG_A-TlQ
76,Eviden-SharanJeevangi,1690864735438,3,48667,48589,146003,3.0,0,9,9,10,SUCCESS,146003,gDm9X-57R0WVkYTUSbPOEw
77,HYDDR99-RedBull,1691074601778,3,48674,45286,146023,3.0,0,9,9,37,SUCCESS,146023,dcDe09MSR1WkqTzDbOFyuQ
78,CDDLegionOfWayfinderNewbies-Bertram,1691308080048,3,48705,48328,146116,2.0,0,6,6,2,SUCCESS,146116,OZCLSOHkRzyFQ4G1GhMe8Q
79,StarRacer,1690973076463,3,48763,48537,146291,3.0,0,9,9,1,SUCCESS,146291,zJ8UrtluTnu7Jb5MYG7oiw
80,MaverickF,1691056570107,3,49065,43664,147195,3.3333333333333335,0,10,10,9,SUCCESS,147195,mzaaWUl8QAiWL0N1YA4lVA
81,gabrielkoo#HongKong,1690940820609,3,49201,44135,147603,2.6666666666666665,0,8,8,6,SUCCESS,147603,ydUnMZutQDmeS4U2pIDYLg
82,ProvisionalSlice#5165,1690952376914,3,49240,47123,147720,2.3333333333333335,0,6,7,6,SUCCESS,147720,XzKpJtjKR_m5IprCTgWIEQ
83,winsuperracer#9238,1691306018200,3,49302,44338,147906,1.6666666666666667,0,5,5,3,SUCCESS,147906,iw5ZvuSOTyCycPyZc65u_g
84,howardmao,1690882286392,3,49513,45994,148540,1.0,0,3,3,7,SUCCESS,148540,V5652nzxT4qQxQRxFn4Zaw
85,Frason5566,1691069326325,3,49639,49075,148918,1.0,0,3,3,4,SUCCESS,148918,8l72O0O5Tl2bULqawdQFuA
86,AWS-ToddBevins,1690965378312,3,50086,49067,150258,0.0,0,0,0,2,SUCCESS,150258,Fk_lSJxBTWOhBwe0JDEFUA
87,Varun,1691062670867,3,50093,48344,150279,2.3333333333333335,0,6,7,3,SUCCESS,150279,mTpd7HeITIC-Oe3rMvWHOA
88,Chao-Ju-Chen,1690886326880,3,50113,47541,150341,0.6666666666666666,0,1,2,17,SUCCESS,150341,Ja4cXpowQIKkz0ls3IaPGg
89,ConnectedBuster#1803,1691022083431,3,50165,46732,150495,2.0,0,6,6,19,SUCCESS,150495,kqH21QICRwKcwHv59YXE3w
90,CruzRamirez,1691077648864,3,50175,47852,150525,1.6666666666666667,0,5,5,1,SUCCESS,150525,Zx_FEQUGTo-DLKNy6O2y-g
91,Rocketzill83,1690949833849,3,50359,47469,151079,0.6666666666666666,0,2,2,2,SUCCESS,151079,IuAP6cgPTuqbDdVYWbzwyA
92,NT-systems,1690962019456,3,50361,49600,151085,3.0,0,9,9,8,SUCCESS,151085,HbMU1KhuTeOuMru-g5hR-w
93,RiyadhUddin,1690961904353,3,50415,49060,151247,2.3333333333333335,0,7,7,1,SUCCESS,151247,XEDnTwq3S1Kz0rVPu0hfrA
94,DigitalTable#4042,1691291774409,3,50604,46943,151813,4.0,0,12,12,10,SUCCESS,151813,Wzo1rDuwTYeCm6KFn6az1g
95,Liming,1691160145903,3,50753,48126,152259,0.6666666666666666,0,2,2,1,SUCCESS,152259,OerQqdk4RzqEO_v2VqImSQ
96,FabRacer,1691165077031,3,50758,46534,152276,2.0,0,6,6,2,SUCCESS,152276,YXjU-6WZTe65g7_YyZPJrA
97,ZoomZoomBird-Joshua,1691118191551,3,50778,47255,152335,2.0,0,6,6,2,SUCCESS,152335,h2heOn3aS3SXSTTfTvSu4Q
98,Eviden-Krzysztof-Blaszczynski,1691051735860,3,50833,46535,152500,1.0,0,3,3,2,SUCCESS,152500,IFtCd_sORYaniA1H7Lv43g
99,Eviden-Iteye-Ogbo,1690891877222,3,51021,48928,153063,1.3333333333333333,0,4,4,1,SUCCESS,153063,UMV0Z-z8ROSOsAve8yxjXg
100,KasztP,1691250963756,3,51091,44458,153273,3.6666666666666665,0,11,11,1,SUCCESS,153273,B_NHhZzIT7yLboMZHKC3Qw
101,SFWineDev,1691008529841,3,51231,47750,153695,2.0,0,6,6,4,SUCCESS,153695,gV-GCBRlTguEnYM8HYxsgQ
102,NestedLanguage#1535,1690881254156,3,51268,49328,153805,2.3333333333333335,0,7,7,1,SUCCESS,153805,dGUQ3j0GQ-G245AQ3oQu1Q
103,XMaroRadoX,1691190712915,3,51335,49067,154007,3.6666666666666665,0,11,11,2,SUCCESS,154007,ZMEvNhxmRoeSePlAzJQDqA
104,Gr1zzli3,1691147895364,3,51383,48405,154150,4.666666666666667,0,13,14,7,SUCCESS,154150,yDIET1T2TTmh48Lj1Kh9kQ
105,SwiftRacer-181971935649,1690861046025,3,51422,47588,154266,5.666666666666667,0,15,17,12,SUCCESS,154266,TmhjeoOjRYqbjRPSkIO0iw
106,CodeArray#7005,1690883592709,3,51496,47663,154490,0.6666666666666666,0,2,2,1,SUCCESS,154490,2-uB8a7eTNmLJmV-948YQw
107,InfiniteTable#0979,1691101110845,3,51599,51334,154799,0.0,0,0,0,1,SUCCESS,154799,Wx09W8M1Try3JK9m4z1yYw
108,PrimePoint#6611,1691149101101,3,51654,48805,154962,1.6666666666666667,0,5,5,2,SUCCESS,154962,viN_xcF5Sg20WtfduBS9aA
109,QwikSkills,1690996646614,3,51713,47727,155140,1.0,0,3,3,1,SUCCESS,155140,S2nrxRJZTYWmxt3QyBAKjg
110,R-Mogatusi-absa-aug23,1691047954376,3,51773,50269,155321,0.0,0,0,0,4,SUCCESS,155321,zW58pMSjRv2iOtF-9I_csA
111,CloudHM,1691048004292,3,51801,45464,155404,3.6666666666666665,0,11,11,17,SUCCESS,155404,4rLx3R53SlWrAAil_RgU1g
112,gcjordi,1690965575382,3,51803,47533,155411,1.0,0,3,3,8,SUCCESS,155411,4n-0HYIyQ2241dJ4tZirRg
113,vishleshak,1690879120374,3,51809,48996,155428,0.6666666666666666,0,2,2,1,SUCCESS,155428,40faf93f6fbe487cadee4w
114,JPMC-MUMBAI-006,1691086573852,3,52027,48195,156082,3.0,0,9,9,22,SUCCESS,156082,mvhmcw-ET5igAaFz3O6kGw
115,ImmutablePointer#8960,1690938694620,3,52047,49412,156141,2.6666666666666665,0,8,8,12,SUCCESS,156141,R6eT2waXTMOlZYNuefki0w
116,IVaibhavMalpani,1691063733792,3,52062,46138,156187,4.666666666666667,0,14,14,2,SUCCESS,156187,_FYdDXAnQEm7GFNTfKEWUA
117,Xeppuuuuu,1691062849108,3,52085,51730,156257,0.0,0,0,0,7,SUCCESS,156257,OQLdql-uSiaHDi4mgY7BfQ
118,JPMC-SG-C02-DO-NOT-RENAME,1690979865992,3,52094,47592,156284,1.3333333333333333,0,4,4,10,SUCCESS,156284,WSgyYux8TK-P40l8VL8jRg
119,HooDu,1691159394621,3,52114,49809,156344,2.0,0,6,6,12,SUCCESS,156344,Hz9aMekRTCaXYC-YdsHSYw
120,BeepMind#1999,1691138729307,3,52156,48989,156469,1.0,0,3,3,10,SUCCESS,156469,b3S7kaBDSn-cRVFER3Rt5w
121,raj-1205,1691290423822,3,52331,51857,156995,0.0,0,0,0,1,SUCCESS,156995,558a49745f8843aea7db6w
122,SKYRyder,1691289772309,3,52540,41729,157620,2.6666666666666665,0,7,8,20,SUCCESS,157620,_LagK-bfRROh8SVR9JjSLQ
123,THELASTMOMENT,1691026842731,3,52559,50608,157678,2.6666666666666665,0,8,8,1,SUCCESS,157678,r5Xq9P9iQbOTKzBzDgcIOw
124,CoolCrowTW,1690898204691,3,52627,48616,157882,2.0,0,6,6,6,SUCCESS,157882,tXoki5aeTM2BukpHfYsZgg
125,ais,1690956821491,3,52816,49130,158449,3.0,0,9,9,17,SUCCESS,158449,tfVQ2sN1TpSclKJdUsshSA
126,FiniteValue#5580,1690867043688,3,52826,49463,158479,3.0,0,9,9,2,SUCCESS,158479,kNUTOTgYT1imbkCApghlWQ
127,Sato#0331,1691002704084,3,52842,50725,158528,3.6666666666666665,0,10,11,2,SUCCESS,158528,XwkOPVybTkK4ZacnPTLLDg
128,MK#5197,1691195378156,3,52885,47600,158656,4.333333333333333,0,12,13,1,SUCCESS,158656,Pxiin58OQB-FKy3zHBZvaQ
129,ProgrammingAttention#8597,1690965495603,3,52911,49254,158734,2.0,0,6,6,1,SUCCESS,158734,_ydJWzgeS0iVXlr1TyXUrA
130,DuckiesQuack,1691278724688,3,53068,51868,159204,0.3333333333333333,0,1,1,1,SUCCESS,159204,T3kVQjaKTL2k7xj0TBuAQw
131,Speedi808,1691088863677,3,53180,52549,159541,1.0,0,3,3,5,SUCCESS,159541,HcsDayGmTAawZwKaIFM5zg
132,BLR-DR-001,1691070432052,3,53257,50146,159772,6.666666666666667,0,20,20,7,SUCCESS,159772,YvlaCbHmTcK1pwMngoUyBw
133,Yunn-Alex,1690937673530,3,53474,50002,160422,1.0,0,3,3,10,SUCCESS,160422,USIPb2PITm6RqLQiOmNC5A
134,jinkawa-systems,1690953044761,3,53516,50001,160549,1.6666666666666667,0,4,5,2,SUCCESS,160549,abmAfwziSGKQLZyW5Q-LPQ
135,Polaris-DNPds,1690852556978,3,53553,49786,160661,1.3333333333333333,0,4,4,1,SUCCESS,160661,2617874c942840f0a2fdbQ
136,SaravanaTK,1690920763056,3,53797,52926,161393,0.0,0,0,0,1,SUCCESS,161393,oTR7cCYvQeeB8pYW5K6iXg
137,UrgentUpgrade#3596,1691168833973,3,53896,49731,161689,5.0,0,15,15,3,SUCCESS,161689,fawrrXzSSHKlDYXFgdB26g
138,jjangddung#9130,1691218699662,3,54075,52132,162227,0.6666666666666666,0,2,2,9,SUCCESS,162227,B3HAZ-TdSj2h5X8BmU9O-w
139,NickRoy,1690852615199,3,54086,50269,162259,2.0,0,6,6,1,SUCCESS,162259,rFmvGRiWSGGSXMQv6I3cpQ
140,pablo-ezequiel-inchausti,1690922550195,3,54179,53262,162539,1.3333333333333333,0,4,4,1,SUCCESS,162539,S5tsQuiDTZaSYiUn5Pd9gg
141,ComplexNetwork#0834,1691287006615,3,54314,53134,162943,2.3333333333333335,0,7,7,10,SUCCESS,162943,UuQgeW89Q-CO42fadI__Eg
142,nalbam-me,1690953070659,3,54462,46743,163386,5.0,0,15,15,2,SUCCESS,163386,PnRru4vBRkeyT4xX6LOCtw
143,RadhaRani,1691330043836,3,54468,54213,163405,6.0,0,18,18,16,SUCCESS,163405,htRq1wZLT1mRfByc6j7mfg
144,QuirkyTech-IsaiahGoh,1690848463530,3,54552,49720,163657,5.333333333333333,0,16,16,2,SUCCESS,163657,SvvoeT6xQ3WZgKR14S_xLw
145,TeamJTP,1691135902331,3,54622,52016,163868,0.6666666666666666,0,2,2,1,SUCCESS,163868,phXvIu9NSFauuPZxewRxbA
146,JPMC-HYD-09,1691278768282,3,54750,51125,164250,6.666666666666667,0,19,20,1,SUCCESS,164250,vA_gK0vxTNWI-MTWEWLAxw
147,aws81,1690981753816,3,54752,51400,164258,5.0,0,15,15,22,SUCCESS,164258,ij4wbNfhQWOX_W7SRysQrw
148,JPMC-MUMBAI-008,1690914452850,3,54825,48739,164475,6.666666666666667,0,19,20,4,SUCCESS,164475,eyM5c5hRSrSBVBnujg6OJA
149,PhuengtonC,1691055229429,3,54846,54465,164538,4.0,0,12,12,2,SUCCESS,164538,cb78dmKwSv2MFdjjicAVLg
150,FocusedLambda#4775,1691258771562,3,54931,52533,164795,2.6666666666666665,0,8,8,3,SUCCESS,164795,gIrcQV14REKIQdhA5Fc0NQ
151,ThisTest#5319,1691262763569,3,54971,52657,164914,0.0,0,0,0,9,SUCCESS,164914,Y07XlzfkTcS2cemBRQ7seg
152,Epic-ChenZong,1690949231247,3,55049,45203,165149,3.6666666666666665,0,11,11,8,SUCCESS,165149,P51whDzXRPyLl2dWjRSQSg
153,Frankenstein-,1691209186198,3,55111,49061,165335,3.3333333333333335,0,10,10,1,SUCCESS,165335,k7eqToRVRG6dPrtUeI9cwA
154,stu074,1691099660036,3,55157,47408,165472,3.6666666666666665,0,11,11,3,SUCCESS,165472,UY8rSPFLQ1SUSZDsAiCeXA
155,Dots,1690959032624,3,55226,52059,165679,3.6666666666666665,0,11,11,8,SUCCESS,165679,eFanxdl4R22QTt5v53RaGQ
156,ImportantEvaluation#1026,1691235899936,3,55308,52201,165924,0.6666666666666666,0,2,2,10,SUCCESS,165924,afX8CBr-RT2b4MhR--VasQ
157,G-Smit-absa-aug23,1690990759491,3,55405,53538,166217,1.6666666666666667,0,5,5,7,SUCCESS,166217,TCT-wl7NT3a_HeVGILHICg
158,Cinthylli,1691092844695,3,55519,53523,166558,1.6666666666666667,0,5,5,19,SUCCESS,166558,BFY7bwlJQD2oeSGFi2r3iw
159,elRayoMcQueen,1691099431338,3,55559,53941,166678,1.3333333333333333,0,4,4,1,SUCCESS,166678,OIkH4vofTtmAwagdCufACw
160,KatlynJohn1234,1691083942455,3,55660,52669,166982,0.6666666666666666,0,2,2,2,SUCCESS,166982,IQF8Qx8FSRa4Ua_MPoG_hg
161,HYDDR54-CTIM1,1691096924665,3,55694,51603,167082,5.0,0,15,15,5,SUCCESS,167082,6fdcVCAkQtCCsyHEO0LNiA
162,AZoomer#2786,1690966189692,3,55715,49604,167145,4.666666666666667,0,14,14,1,SUCCESS,167145,aJYq0UiNQ72ZQ6kWud08NQ
163,NullComment#8769,1690929118761,3,55807,51799,167423,5.0,0,15,15,1,SUCCESS,167423,s6kT5PTZSL63e3uWfGzaOQ
164,GroupBTeamA,1691272201579,3,55913,54003,167741,2.3333333333333335,0,7,7,23,SUCCESS,167741,7J7DkEoLQpWaSyQ8hbT9mA
165,PathingUpgrade#6099,1690953958908,3,55920,52133,167761,2.0,0,6,6,4,SUCCESS,167761,ewUwlAWeSNmSeZbHi2ljnQ
166,WebLog#7034,1691129981589,3,56161,49609,168483,5.666666666666667,0,16,17,3,SUCCESS,168483,qgflUUPrR5-Vl0x-jPuUgw
167,Oridori,1691160617527,3,56251,53536,168755,0.6666666666666666,0,2,2,3,SUCCESS,168755,-pB_Xt-rRMyC3cAvZNfncQ
168,Eviden-Andreas-Marchart,1690882570692,3,56288,51928,168865,3.3333333333333335,0,10,10,1,SUCCESS,168865,tZ6JIL5DRqCMSlIPPU67Pg
169,Piggly-Wiggly,1690993647283,3,56385,47134,169157,3.6666666666666665,0,11,11,2,SUCCESS,169157,B7B9Je3hS4mpp4sRCiEx0A
170,SequentialPackage#5713,1691034244564,3,56608,56203,169824,2.0,0,6,6,3,SUCCESS,169824,yyVQTRerQr21jmpmH0AgaQ
171,Starlord7000#5652,1691002365608,3,56646,50326,169938,2.0,0,6,6,14,SUCCESS,169938,MUrrKuMTSSKi0x3R5b0t7A
172,LeetArray#7134,1690902278565,3,56663,54654,169989,2.3333333333333335,0,5,7,12,SUCCESS,169989,wX3Utj6_T-GbGK5t1S4ILQ
173,JPMC-MUMBAI-007,1690886087095,3,56669,55537,170007,0.3333333333333333,0,1,1,13,SUCCESS,170007,ZaQZzenOTEudI-YzqUr01g
174,harinezumi-DNPds,1690864991460,3,56691,53863,170074,1.6666666666666667,0,5,5,2,SUCCESS,170074,6hha6WtBQLCivJX9auQn6A
175,JothanIS,1691039030685,3,56695,56531,170085,2.0,0,6,6,1,SUCCESS,170085,mqHA6QGYTzCoE2wQdBkOww
176,DF-red4d,1691275712116,3,56982,49818,170947,3.0,0,9,9,8,SUCCESS,170947,kMrvfB8MTumSmRCC-OIfng
177,EncryptedVariable#5460,1690850968988,3,57174,52462,171523,5.333333333333333,0,16,16,8,SUCCESS,171523,9PoaFWKfSr6vKbTOzlrEiQ
178,pwceter,1690980335489,3,57246,48738,171739,3.6666666666666665,0,11,11,5,SUCCESS,171739,LUmJOwY9Qxudl0U-2aog4Q
179,LennysRacer,1691160696819,3,57305,49789,171917,3.3333333333333335,0,10,10,6,SUCCESS,171917,CM7MUtLCQziw2mO7eOLHGA
180,AdamBoss0101,1691001429400,3,57428,50607,172285,4.666666666666667,0,14,14,5,SUCCESS,172285,KnPHJHlNRJKrECN7FdCebA
181,ImmutableBottleneck#0254,1691213806648,3,57603,55864,172811,5.333333333333333,0,15,16,3,SUCCESS,172811,b2VMRfL9R9G8QhuP8xssJA
182,ConnectedTest#0273,1691039044381,3,57630,51284,172892,4.0,0,12,12,3,SUCCESS,172892,syjJIxU_SwW6BgPZJM0HnA
183,TG#001,1690868964627,3,57694,52482,173083,4.333333333333333,0,13,13,9,SUCCESS,173083,HwZ0BqQfSIilRT47zp19Qw
184,BrainyRequirements#6757,1691171323147,3,57776,57069,173329,0.0,0,0,0,1,SUCCESS,173329,kTg7puaHSAmszLz8PYB5LQ
185,187916984467-JiaXin,1691323271731,3,57850,55939,173552,1.3333333333333333,0,4,4,10,SUCCESS,173552,a7uyR6whTxGkFK2mnWAooA
186,MemorySystem#3752,1690965784639,3,57912,54530,173737,2.0,0,6,6,5,SUCCESS,173737,NqmS0_DLTNaOi9B6zOkKuQ
187,chynwa2077,1690957094038,3,57952,54143,173858,2.0,0,6,6,2,SUCCESS,173858,F9hb8203REmHtbSeu1120Q
188,onlythree,1690900930022,3,58243,54737,174729,6.0,0,18,18,4,SUCCESS,174729,23e254b25ea0443389ed6w
189,NestedString#0774,1690999563696,3,58342,58134,175026,6.0,0,18,18,8,SUCCESS,175026,T6v9BT2FTEmamN9FPFu09g
190,BISA-ws,1691205041748,3,58362,53220,175088,5.333333333333333,0,16,16,6,SUCCESS,175088,R8YlP8cSTD-FPTusWff9xg
191,BlockchainParameter#7183,1691292907238,3,58425,57537,175276,1.3333333333333333,0,4,4,8,SUCCESS,175276,0bB2rT5HShWzJiQmOjJYRw
192,JPMC-MUMBAI-010,1690993612445,3,58464,52661,175393,8.666666666666666,0,26,26,10,SUCCESS,175393,LSTNMdQvRom0468lg0eksA
193,amkerr-Cheaty-McCheatface,1690855257375,3,58487,56209,175463,0.6666666666666666,0,2,2,1,SUCCESS,175463,2R1bsOUiRceGpNP9wKliAw
194,StructuredDelta#9571,1690973273361,3,58503,55868,175511,4.0,0,11,12,5,SUCCESS,175511,2iIZZwMPQJ2FUuQfyP1D5g
195,ASTK2023,1691072926192,3,58632,53488,175896,3.0,0,9,9,18,SUCCESS,175896,ba2faa5a8bb14b19b042bw
196,FunctionalScript#6321,1690871841143,3,58644,51078,175933,4.0,0,12,12,1,SUCCESS,175933,IqrExq7eTV2vkhY0G9l64w
197,266963433212-SG23-punggolrobotic,1691140326199,3,58647,51467,175941,2.6666666666666665,0,8,8,5,SUCCESS,175941,hqv5ppUJSFabjfG5xDuHww
198,UpdatedConsole#2600,1691329931128,3,58800,54796,176401,5.666666666666667,0,17,17,5,SUCCESS,176401,1YV14_CLQ-u_eyEmG5TThw
199,Osy,1691213712544,3,58827,50831,176482,5.666666666666667,0,17,17,6,SUCCESS,176482,waEG946yR6OgIPE4csSmWg
200,wireless-car,1691205141997,3,58940,52742,176821,3.6666666666666665,0,11,11,8,SUCCESS,176821,UDvKYDrrRByjwZXRVfMvGA
201,BrBrBrr,1691217854349,3,58955,56461,176866,4.333333333333333,0,13,13,2,SUCCESS,176866,KrfdC6UAQIm618yfVQHQvg
202,TzviSzlar,1690907319955,3,59011,48795,177034,3.6666666666666665,0,11,11,2,SUCCESS,177034,jWh3QiK6Tb2dcFmOCqowXQ
203,MarceloPaiva,1691173689584,3,59079,56061,177237,1.6666666666666667,0,5,5,5,SUCCESS,177237,SlvZUnIQTqi3gINQLO2hNw
204,CodeInterface#0087,1691108706050,3,59203,55923,177611,3.0,0,9,9,2,SUCCESS,177611,_ghAiKWMRnGt21XyLmUTMg
205,QualitySandbox#6740,1691166328003,3,59264,58996,177794,0.0,0,0,0,2,SUCCESS,177794,2uh71rT6Ql6_ewOYKou-hQ
206,Mentaiko-DevelopersIO,1691058066077,3,59288,51936,177866,7.0,0,21,21,1,SUCCESS,177866,Wt5C8BPAS0OPlzY3-txb-w
207,GlobalArchitect#3698,1691234959503,3,59315,56397,177947,4.666666666666667,0,14,14,3,SUCCESS,177947,uKqLSKJ8TJevZxtWGhsB6A
208,QualityFormula#1808,1691080844989,3,59451,57066,178353,2.6666666666666665,0,8,8,4,SUCCESS,178353,KFr3xLzGTiyNRcJRn2q1-w
209,JPMC-SG-C01,1691218707404,3,59461,58661,178384,0.3333333333333333,0,1,1,2,SUCCESS,178384,a7S2V2QUTU6tPOYpA8RePQ
210,Z-Omar-absa-aug23,1691001750939,3,59503,54119,178510,2.6666666666666665,0,8,8,3,SUCCESS,178510,zrhxRGdATJmTlXXKFi-60w
211,Schmizzy,1690900569904,3,59512,58926,178537,0.3333333333333333,0,1,1,4,SUCCESS,178537,64KqExOnSla3nlluYwHwsA
212,ocin,1691316191728,3,59537,56532,178613,6.666666666666667,0,20,20,8,SUCCESS,178613,37sD54x6TcGwDXixccYfCQ
213,luckysource0419,1690866918283,3,59544,56880,178632,7.666666666666667,0,23,23,1,SUCCESS,178632,cMbCFbZTT4mWMOnh4ppPbQ
214,AndrewPonce,1690894026056,3,59553,53921,178661,7.666666666666667,0,22,23,6,SUCCESS,178661,LEe2nrF3SsabDlNMSb0WIw
215,GordonWei-TW,1690905143506,3,59581,57145,178744,7.666666666666667,0,23,23,6,SUCCESS,178744,OJbRCKwCTYijxX1XFlnEgA
216,BooleanWorkaround#9683,1691037562202,3,59598,56992,178794,6.666666666666667,0,20,20,3,SUCCESS,178794,cugLnyskSdOwD4k5PQ1DbQ
217,SolvableLog#3033,1691021265475,3,59606,54728,178818,6.333333333333333,0,19,19,14,SUCCESS,178818,kY-X4_BnQmiloyrrz6B2KA
218,CrypticParameter#9205,1691092713423,3,59649,57063,178947,6.666666666666667,0,20,20,5,SUCCESS,178947,ypVuzFWaSeqTsnsBtRk0AQ
219,Kharee-NemoRacer,1690999326424,3,59713,54129,179141,4.333333333333333,0,11,13,19,SUCCESS,179141,Wk1RwagZQ7ayOLFpNV-Dkg
220,c-swart-absa-aug23,1690986603386,3,59713,57000,179141,1.6666666666666667,0,4,5,1,SUCCESS,179141,uKDZ4O7xR8S7gwt6A5kaFQ
221,JamesTan,1691098229032,3,59733,54323,179201,3.6666666666666665,0,11,11,29,SUCCESS,179201,Zhb8OEAdRCacAfzm7aSf-g
222,JPMC-Tampa-SB002,1691028592696,3,59745,59527,179235,3.0,0,9,9,4,SUCCESS,179235,b_KkyuRPQMyQOTa46DZejw
223,PITS-2,1690960147958,3,59837,52980,179511,7.0,0,21,21,1,SUCCESS,179511,tv46AOWnQqGNTgdyxneYLw
224,RacerX435,1691086717794,3,60195,50067,180587,4.333333333333333,0,13,13,3,SUCCESS,180587,3MH1poqVT0-nQXjj7_BQjw
225,JPMC-NYC-DataDevils,1691112259766,3,60197,58990,180593,5.333333333333333,0,16,16,5,SUCCESS,180593,5be0a8a5bdf44b06b9417w
226,bjsong01,1691285277162,3,60271,49535,180813,7.0,0,21,21,11,SUCCESS,180813,Qrg7sQphRkqK67dt3cpFNg
227,Isabel5,1691034998250,3,60286,54596,180860,4.333333333333333,0,13,13,2,SUCCESS,180860,4iV60I88QKyHW9TDdTI7MA
228,Anheechan,1691214507224,3,60396,56461,181189,3.0,0,9,9,1,SUCCESS,181189,b6BDErBvTDGJnJliPL-GXA
229,Kingpru,1690891210590,3,60423,51865,181271,3.0,0,9,9,15,SUCCESS,181271,8pAh9EY-TTC71SvGR66RQg
230,WhizKid,1691095368024,3,60446,57537,181338,3.6666666666666665,0,11,11,1,SUCCESS,181338,0ZUqYP20S16LGkvlc1AOJA
231,PerilDrivers,1691033627894,3,60628,54623,181886,4.666666666666667,0,14,14,14,SUCCESS,181886,2ldL7wAXRQ2E2O3HHQmkrQ
232,MobileSemicolon#2867,1690916839515,3,60642,60401,181928,0.0,0,0,0,4,SUCCESS,181928,cg3pI4upSTqumUisSjvW1A
233,Gravitas,1691181526922,3,60672,55333,182016,4.333333333333333,0,13,13,1,SUCCESS,182016,_aLxDtuVRtKIvQPyYrqKLQ
234,CleanTag#4304,1690926168715,3,60910,55780,182731,4.333333333333333,0,13,13,1,SUCCESS,182731,jILFFMS4S6azXychtCQnPw
235,FuturisticMethod#1871,1691033583282,3,60929,60313,182789,0.0,0,0,0,7,SUCCESS,182789,HnQ73-4HTOqGUXASBQM58Q
236,JPMC-HYD-04,1691056479769,3,60980,55594,182942,7.333333333333333,0,22,22,2,SUCCESS,182942,P3NlpEuNSISO3KBovWopJw
237,IvyLiu,1690862574991,3,61051,54354,183154,5.333333333333333,0,16,16,7,SUCCESS,183154,nAI-U_lVQnSEtv9ZRuog_A
238,Gamars,1691240205148,3,61134,50071,183404,4.333333333333333,0,13,13,7,SUCCESS,183404,9RXJjE1xT7K-SWKcbv4tdw
239,NBL,1691208959008,3,61204,53462,183612,7.0,0,20,21,5,SUCCESS,183612,aTuRUo5PQHChuFyNcNWf8A
240,HKTW-FFFJC,1690885293283,3,61229,59862,183689,0.3333333333333333,0,1,1,10,SUCCESS,183689,SFeZr90aSsWCqEfJni_6jA
241,AlfaRo-MOO-o,1690920007162,3,61244,57337,183734,5.0,0,15,15,2,SUCCESS,183734,6U32E80QSk2vsyxH27LZCw
242,SulaimanL,1691057859633,3,61251,59864,183755,4.333333333333333,0,13,13,20,SUCCESS,183755,uAHDbip4R1qtp5IJ1uaeJw
243,FunctionalTable#2495,1691328277332,3,61259,52800,183779,5.333333333333333,0,16,16,4,SUCCESS,183779,VEOIukkJQfa6y_xBUjRMMQ
244,ITS-fuji,1690959360237,3,61271,53526,183813,2.3333333333333335,0,5,7,4,SUCCESS,183813,4EUY_lqeRwWurkDRKtpL8w
245,unicornering,1691190748462,3,61367,54967,184102,5.666666666666667,0,17,17,1,SUCCESS,184102,WK6MYodBRAm3kkrj8X6mtg
246,adamgyu,1690907571020,3,61476,57688,184430,5.0,0,15,15,3,SUCCESS,184430,K0XIM1LeQzCYZo6VMEQjBg
247,InfiniteDigit#6357,1691010662671,3,61499,56340,184497,5.333333333333333,0,14,16,3,SUCCESS,184497,d8NQLBisT5qMp9f-U7bdEw
248,MisterRusu,1690851315214,3,61509,52137,184528,3.3333333333333335,0,10,10,8,SUCCESS,184528,pNGsQXAuTBucqSMRBWAOiw
249,ConnectedGame#0811,1691023207471,3,61515,59736,184546,0.3333333333333333,0,1,1,1,SUCCESS,184546,HC7bGq21SE6wTb6AsVNA8g
250,ProvisionalTheory#9739,1691334265393,3,61802,59200,185408,2.6666666666666665,0,8,8,3,SUCCESS,185408,TqESkKA5T52bcfPc8osVlQ
251,CleanSpec#2769,1690987970414,3,61910,59462,185730,2.6666666666666665,0,8,8,2,SUCCESS,185730,hFf-5abOTbGSP0nCYTSW9w
252,ContinuousSwitch#2856,1691309547515,3,61943,61676,185829,9.0,0,27,27,1,SUCCESS,185829,Ddg_bDrOSaKTqLmKj56wvg
253,AC3-Data-Team,1690854355767,3,62154,59143,186462,1.6666666666666667,0,5,5,3,SUCCESS,186462,jHpZ85q8Qk6BL5NeFEqMbg
254,undefined-,1691214452743,3,62218,61863,186655,0.0,0,0,0,7,SUCCESS,186655,dbIjx6pgQOOoZzvj-EqArA
255,Pana-mera23-ITS,1691045784393,3,62423,55862,187271,3.3333333333333335,0,9,10,1,SUCCESS,187271,nkBtNywESO25ebFILf-aMw
256,QualityTech#6974,1691046244082,3,62441,62345,187324,2.0,0,6,6,2,SUCCESS,187324,UCUsXzfqShCaYTO2Sj99hg
257,JPMC-Columbus-005,1691172166365,3,62471,58340,187414,9.0,0,27,27,10,SUCCESS,187414,f63cda10bd9344af8bf6cQ
258,HiYEOM#6426,1691212733117,3,62494,57934,187482,5.0,0,14,15,5,SUCCESS,187482,jJO2zxP3QbKJmbaZ140TDA
259,FoundryProductPathway,1691161750972,3,62510,60128,187530,3.0,0,9,9,3,SUCCESS,187530,YwP5gu5QTE2keB0xc2pOew
260,marcusbuckland,1691017435229,3,62538,59003,187614,3.6666666666666665,0,11,11,2,SUCCESS,187614,3UR9pyvVRdKqWdeykfdvrA
261,CodeContext#5877,1690937003538,3,62574,52394,187722,6.333333333333333,0,19,19,8,SUCCESS,187722,NHhOGWO6RNyASRFkxCc8yg
262,Turbo#1605,1691154255732,3,62779,59655,188338,3.0,0,9,9,4,SUCCESS,188338,CYeL4Mw8Smql-0EXWTuG8Q
263,JPMC-Gla-NinjaRacer,1691076946608,3,62860,56410,188582,5.333333333333333,0,16,16,3,SUCCESS,188582,c134eede4abe4ba2bec68w
264,BiggerBuster,1691093492850,3,62941,59532,188824,2.6666666666666665,0,8,8,3,SUCCESS,188824,II5_45-sSwSZnjP8UDAvqA
265,AutomatedSwitch#5297,1690926411710,3,63026,55407,189080,3.3333333333333335,0,10,10,2,SUCCESS,189080,ccERttVoRFGwnyXVb22QRg
266,CRESCObessou001,1690881975610,3,63132,56792,189397,8.666666666666666,0,25,26,3,SUCCESS,189397,1bFbQlRuTf2OBg5K9hpqnQ
267,BLR-DR-006,1690967211660,3,63314,60817,189944,8.0,0,24,24,2,SUCCESS,189944,LBum2P-0S-qIFFQiLpTv2A
268,VariableGame#8050,1690939878715,3,63420,63337,190260,0.0,0,0,0,2,SUCCESS,190260,jc0XnsEkQc6jeahroTjZ6A
269,AsynchronousCharacter#2507,1691170560545,3,63422,58846,190266,6.333333333333333,0,19,19,5,SUCCESS,190266,BT0_k1U3Qza7JtMJfabEOg
270,JPMC-SG-C03,1691046890836,3,63509,57935,190528,8.333333333333334,0,25,25,2,SUCCESS,190528,LJzDpiNuTFeHu9dsqp1APw
271,ummjoonsick,1691143659483,3,63583,61468,190749,2.3333333333333335,0,7,7,14,SUCCESS,190749,uaRCyVsHTxGfS3ytkJeNiA
272,CristinaChang,1690982648867,3,63605,61338,190816,5.666666666666667,0,17,17,1,SUCCESS,190816,TzwIkmOqQNe46dYsSEWWfQ
273,rafael-barreira,1691154650241,3,63672,59402,191016,2.3333333333333335,0,7,7,2,SUCCESS,191016,RyVGAI-HTdSn63EgjaS1xQ
274,QuickDigit#2160,1691292568362,3,63675,58668,191027,1.6666666666666667,0,5,5,9,SUCCESS,191027,DydtIrS2TKy718Bu2qdyRA
275,JPMC-US-DFW-JUSTDOIT,1690940645405,3,63731,55596,191195,8.666666666666666,0,24,26,2,SUCCESS,191195,0bHKxSFCR2aL2CUrGAZRVQ
276,T-Mtombeni-absa-Aug23,1691057607951,3,63734,59066,191203,7.333333333333333,0,22,22,1,SUCCESS,191203,5PFp9297SJGRyHi7gnDatg
277,Individual-Amber#3877,1691259401633,3,63788,61863,191365,3.0,0,9,9,3,SUCCESS,191365,XRIA4GK3QcCmxzfsesCYCQ
278,LeetDigit#8320,1691201903681,3,63803,60541,191410,5.0,0,15,15,1,SUCCESS,191410,Fd37Kn7FSAK91cv9KBbwFQ
279,GroupB-TeamA-Andsty,1691255449637,3,63828,62532,191484,8.333333333333334,0,25,25,5,SUCCESS,191484,YYH8e2dsTMCAwzjlWR7Isg
280,AbstractObject#7847,1691006491182,3,63911,62259,191734,8.333333333333334,0,25,25,2,SUCCESS,191734,O5qNt8f3TbGQf5u7BivcAg
281,marcusfu,1690916575387,3,64027,63809,192082,8.0,0,24,24,10,SUCCESS,192082,-70Lv1DQSOOw6XTCDsxW8Q
282,EsteemedTester#0979,1691125526461,3,64066,63345,192198,0.0,0,0,0,2,SUCCESS,192198,tIpTabZjSimPaLIoVKu3Uw
283,JPMC-HK-SandBox-03,1691128125185,3,64086,60937,192259,0.6666666666666666,0,2,2,9,SUCCESS,192259,VpvceE1oSh6YMrECcvArOQ
284,MLoLoLoLoL,1690978713255,3,64156,52797,192468,6.0,0,17,18,7,SUCCESS,192468,DRZXxGZ4Q92Hl0UqRMCq2w
285,Pshhh,1690873066698,3,64396,57530,193190,3.6666666666666665,0,11,11,2,SUCCESS,193190,lcJITkGXQw6p3netoNPfXQ
286,NeuralLoop#6704,1691195837374,3,64448,59790,193344,1.6666666666666667,0,5,5,6,SUCCESS,193344,ebl-6lzARfOY3jck7zbxaw
287,ArtificialWorkaround#1506,1691053899408,3,64725,60531,194175,6.333333333333333,0,19,19,3,SUCCESS,194175,Sm8JRZ4sTrm8ZXdgrJ5ZUA
288,sun2023,1691076649205,3,64873,62673,194621,3.6666666666666665,0,11,11,4,SUCCESS,194621,biOFRwXJS66R_smzL4k2ZQ
289,chromebookdev,1691116664529,3,64909,63272,194728,5.333333333333333,0,16,16,4,SUCCESS,194728,Zk9SWS7MRzWcIKcpC1DWcw
290,weichen,1691130365763,3,64966,60126,194900,8.666666666666666,0,25,26,5,SUCCESS,194900,DQbEZ3K7Q2SaTldaUJF3WA
291,JPMC-MUMBAI-009,1690989030411,3,65154,60069,195464,10.333333333333334,0,31,31,1,SUCCESS,195464,RK5IYvQeTW2vGQ6hLR0J1A
292,EncryptedSchema#1951,1690954008585,3,65206,58289,195620,4.666666666666667,0,14,14,1,SUCCESS,195620,FZ6duZjwQ3ene7q4xsMm-w
293,TheLittleCarThatCould,1690923692162,3,65248,52605,195744,10.0,0,29,30,4,SUCCESS,195744,Lipdo-bjTpW7SxktGf0QVg
294,o-o,1691159737128,3,65293,52666,195881,7.333333333333333,0,21,22,2,SUCCESS,195881,ufO1to-fRgy9OFvr28Ho1Q
295,GroupA-TeamE-EugeneJonathanBrianEric,1691206296102,3,65316,63202,195948,0.3333333333333333,0,1,1,2,SUCCESS,195948,-cD5RRjMQM29weInHrHUbw
296,ConnectedArgument#1694,1691168577190,3,65476,60969,196430,3.3333333333333335,0,9,10,2,SUCCESS,196430,x-i6yNJSRs-uCjXVjITbhQ
297,sonic-flight,1690956219533,3,65692,61268,197076,8.0,0,23,24,9,SUCCESS,197076,TYTLThubTUGvxZAbaSJDjw
298,Prusi,1690867803918,3,65821,58737,197465,1.3333333333333333,0,4,4,1,SUCCESS,197465,t1aRMG6sSkijUioRFXsPTg
299,GammaLine#0612,1690985466561,3,65825,58601,197477,6.666666666666667,0,20,20,2,SUCCESS,197477,MN1pu3PaSCyFuKEvgU3SeA
300,jachaconc1990,1691026529244,3,65874,59394,197622,2.3333333333333335,0,7,7,2,SUCCESS,197622,B9qoD3S5QCazIUD2V9ybzA
301,MattRivett,1691068397523,3,65890,55263,197672,8.0,0,24,24,4,SUCCESS,197672,dQ8kyHenQqmpvZxlq_8JlQ
302,UpgradedState#1901,1691309192555,3,65915,63134,197747,7.666666666666667,0,23,23,5,SUCCESS,197747,UjRWY3I2Sk6gxdakDx1utA
303,smolguyonearth,1691225615784,3,65961,60675,197884,5.666666666666667,0,17,17,2,SUCCESS,197884,n_1IcO4WTDeCq_CECM4IvA
304,FiniteSandbox#4118,1691038002405,3,66074,61197,198223,7.0,0,21,21,2,SUCCESS,198223,4WRjtze0QeO4T4wu6x1e5Q
305,Eviden-Marius-Ardelean,1690957175849,3,66137,64936,198412,5.666666666666667,0,17,17,8,SUCCESS,198412,8kKCN0BTT56aWwt1NMpqvw
306,SpeedCrew,1691105048037,3,66287,63524,198862,2.6666666666666665,0,8,8,5,SUCCESS,198862,zlCkGShtTGCYkZD6hJV16Q
307,BrainyAttention#7664,1690990543366,3,66310,57003,198931,7.0,0,21,21,2,SUCCESS,198931,oR3jMT5oQ4ifalE0u3-aYQ
308,AutomatedTable#2697,1690960941876,3,66316,64333,198948,0.3333333333333333,0,1,1,2,SUCCESS,198948,ZRshUxjRQS61rlpSfAqiFw
309,ParametricUpdate#2597,1691043336726,3,66396,61344,199189,4.333333333333333,0,13,13,7,SUCCESS,199189,Uek4ZkZlR9uyncd5mpFU8A
310,PITS-3,1690951627986,3,66428,64286,199285,6.666666666666667,0,20,20,1,SUCCESS,199285,yB5wq3tVTHm_RJQ3qQqBCw
311,HY-Auto,1691240952789,3,66466,59654,199398,9.0,0,27,27,5,SUCCESS,199398,IkiWMtj4Ri2qIIK9wZuFiA
312,GPTRacers,1690946478117,3,66469,63132,199409,3.0,0,9,9,1,SUCCESS,199409,puScNmASRXu5LcjPxsC2rg
313,TheTrackBoss,1691047472642,3,66493,64810,199480,9.666666666666666,0,29,29,1,SUCCESS,199480,hbVXmPNNTAGt_ndmy0JCtg
314,NSW-Team2023,1691048638944,3,66734,58863,200204,3.0,0,9,9,6,SUCCESS,200204,Ea-5Ta-1T36WIW1Okz5dgA
315,siddha-DR-noob,1691258025408,3,66874,60423,200623,10.0,0,30,30,10,SUCCESS,200623,_szv3CekRE2Xm_w5jMbZvQ
316,RecursiveAttention#4248,1691157822281,3,66961,63124,200885,5.333333333333333,0,15,16,5,SUCCESS,200885,dGrecsCgS0CXv0lPJMJzJQ
317,IntelligentSchematic#4625,1690905816551,3,67071,61528,201214,5.666666666666667,0,17,17,1,SUCCESS,201214,CjeeK5igTkuQpUVyjv5OKA
318,KleinRacer,1690872775175,3,67088,63927,201264,9.666666666666666,0,29,29,2,SUCCESS,201264,tdLxJG5jToifOOWwW4PoTg
319,FiniteInterface#1696,1691198133929,3,67093,63350,201280,4.0,0,12,12,2,SUCCESS,201280,ttW73pYdTCaH1_EkRcCQfQ
320,NeuralCommand#3564,1691003240093,3,67225,64983,201676,1.0,0,3,3,14,SUCCESS,201676,5fV0DS0hQ1GDt2dCIjJHnw
321,Mr-GPT,1690909094659,3,67291,61803,201874,7.666666666666667,0,22,23,3,SUCCESS,201874,SqCuTT-JR0q1tOPZFQs29A
322,NeuralGlyph#7051,1691126723273,3,67411,58528,202234,6.333333333333333,0,19,19,4,SUCCESS,202234,vGJwmAmwS_Wz_jTDUgSzBQ
323,Teera-as,1691224997975,3,67470,62533,202412,6.333333333333333,0,19,19,1,SUCCESS,202412,JE6vDjGiTqmg2DW2jTMLGA
324,HelpfulToken#0889,1690989996732,3,67497,65962,202492,6.333333333333333,0,19,19,1,SUCCESS,202492,2bddwS-1SgCxCR8LsR4L-g
325,soap,1690914018831,3,67506,63266,202518,7.333333333333333,0,22,22,1,SUCCESS,202518,p4M17i8UQBW2gs7pauoTBw
326,AngelVelay,1690912647570,3,67699,58203,203098,6.666666666666667,0,20,20,1,SUCCESS,203098,kM3GzNETTJSm--RjgrSgeA
327,JPMC-Tampa-SB000,1691249601407,3,67804,60206,203414,9.0,0,27,27,2,SUCCESS,203414,WTUg-fcURfyu_1IFEzaAng
328,HelpfulBuster#8484,1691137364032,3,68006,62612,204018,10.333333333333334,0,31,31,1,SUCCESS,204018,QJIg5PYlQdWoJdcDDdZ_Lg
329,driftkings,1691209643518,3,68426,64666,205280,10.333333333333334,0,31,31,1,SUCCESS,205280,Yh_hZcbxRdaUX9vW7MEJkw
330,HigherGame#3813,1691107556992,3,68444,64605,205332,7.666666666666667,0,23,23,4,SUCCESS,205332,nzFtw8UySPi7ETdnkWjNIw
331,jyjyjyjy,1691037715116,3,68522,64936,205566,10.0,0,30,30,9,SUCCESS,205566,S2MshWuNTC2KFCXaoTjxKQ
332,JPMC-MUMBAI-005,1691077898437,3,68581,64400,205744,11.333333333333334,0,33,34,3,SUCCESS,205744,wsym9JMCT7uKuhqeBcuXsw
333,JeremyB,1691007452647,3,68682,66121,206047,3.0,0,9,9,6,SUCCESS,206047,woDOVfgfT82iNPUDgOrF9A
334,JPMC-NYC-SpeedyShrimp,1691094736754,3,68729,64807,206189,6.0,0,18,18,7,SUCCESS,206189,e344c8e3c12347119a294w
335,Swiftie,1691165255141,3,68757,68470,206272,1.6666666666666667,0,5,5,3,SUCCESS,206272,lOgmWkbZQF2aZ8ec6atOWw
336,CrypticDeadline#2148,1690964519810,3,69022,61330,207066,7.333333333333333,0,22,22,5,SUCCESS,207066,KKm_Ug0yT4yTiwGnpldPww
337,Group,1691210467223,3,69069,63592,207208,4.333333333333333,0,13,13,12,SUCCESS,207208,tmxIXma3S6mnD2wptT6VaA
338,AlphaComment#3403,1691254948781,3,69182,66862,207547,10.333333333333334,0,30,31,3,SUCCESS,207547,QxlkW7Z-TjydqGQujJKkNw
339,BackloggedScope#7805,1691094557325,3,69358,65001,208076,3.3333333333333335,0,10,10,3,SUCCESS,208076,xjrnc03lRs6loIgiMqcbDw
340,MobileHacker#6414,1691118882037,3,69604,64597,208813,8.333333333333334,0,25,25,8,SUCCESS,208813,-aifXr5URo-5hXAGxceHYg
341,W-Hanslo-Absa-Aug23,1691037572511,3,69667,64534,209002,2.0,0,6,6,2,SUCCESS,209002,P76gZ2LzTsGTN9yA1rn3tw
342,Zero-dayDebugger#9845,1691105245850,3,69780,63392,209342,6.666666666666667,0,19,20,1,SUCCESS,209342,rORdOTYkSTKbuFt4MsNGHw
343,awspat,1691084575678,3,69940,60745,209820,8.0,0,24,24,1,SUCCESS,209820,-HZ_xKQYSV2SBs0jfaXXSQ
344,Skynot-ciso-seth,1690991514029,3,69941,62065,209824,9.0,0,27,27,2,SUCCESS,209824,gG4EQDOFQraXU7IQgtELZw
345,JPMC-LDN-AWESOME-RACERS,1690893489743,3,70092,68461,210277,11.333333333333334,0,34,34,3,SUCCESS,210277,063944b6e81f46398c757Q
346,AgileDelta#5996,1691127367956,3,70198,66938,210596,4.333333333333333,0,13,13,6,SUCCESS,210596,Go7L6eYARdqxdQ0N8MLU1A
347,James#Tan,1691188817496,3,70199,67206,210598,8.0,0,24,24,2,SUCCESS,210598,rZKuzarIQ2mQwc80JxdUnQ
348,Kawahiva,1691276593485,3,70227,67669,210682,5.666666666666667,0,17,17,1,SUCCESS,210682,LEU1RXF7Rp6FVuQYM9DNSw
349,intificial-ARTELLIGENCE,1690921177474,3,70710,63002,212131,9.333333333333334,0,28,28,1,SUCCESS,212131,2hm-yd-RTzOEX3eqvwPtLQ
350,CurlyFox#5958,1690881002335,3,70820,65397,212460,6.333333333333333,0,19,19,3,SUCCESS,212460,WHWsVT4lSXSD4RdQX3QmuA
351,poli,1691202820163,3,71383,63893,214149,5.333333333333333,0,16,16,3,SUCCESS,214149,s_uhc7onT5uv2EgLyyOEXA
352,AidanWilliams,1691043768666,3,71386,67271,214159,5.333333333333333,0,16,16,3,SUCCESS,214159,8yLQGcYoS2i9aDO27SUuxQ
353,Shock-n-Freeze,1690921053309,3,71641,63131,214925,10.333333333333334,0,31,31,3,SUCCESS,214925,uBF1ViksSiio_cAcYkvEUg
354,thefastestmanever,1690886909757,3,71647,64998,214941,3.6666666666666665,0,11,11,1,SUCCESS,214941,jUiomP31Q8e680rA_Op-Ew
355,EncryptedMachine#5324,1691165806024,3,71653,67957,214961,2.6666666666666665,0,8,8,12,SUCCESS,214961,SAUv6GuLSo6uJF34n2LKmg
356,uni,1690982214769,3,71686,69419,215058,9.666666666666666,0,29,29,5,SUCCESS,215058,74o6qheGQ9yIoiObcONRdQ
357,basha,1690866459174,3,71756,67538,215270,10.666666666666666,0,32,32,3,SUCCESS,215270,oAQKJajnTqO3-_Hjpgf1hw
358,Winterfell-1,1691177461272,3,71838,66859,215516,11.333333333333334,0,34,34,4,SUCCESS,215516,oRW7e-4rQv6YX71PT9uJJA
359,NestedLanguage#5984,1691174608808,3,71842,68207,215528,9.0,0,27,27,2,SUCCESS,215528,iv2ug9O-Tp2uARokV3z4pA
360,J-Sibanyoni-absa-aug23,1691053592708,3,71864,69457,215594,1.6666666666666667,0,5,5,4,SUCCESS,215594,KtjDCFncQ36tyMtcO40fwA
361,ProcessingUpgrade#2113,1691129707808,3,71893,65134,215679,12.0,0,36,36,2,SUCCESS,215679,-OucZ50vTuWCz2nAapJTsQ
362,AgileDigit#8429,1690875423767,3,72050,66888,216152,5.333333333333333,0,14,16,3,SUCCESS,216152,mDCgCgBSTKWRMR76hWyVpA
363,Mr-Baek,1690936295989,3,72173,56130,216519,9.333333333333334,0,28,28,9,SUCCESS,216519,kr3DaG35TuCGu-8i0FNtwg
364,UnboundCircuit#0812,1691165303679,3,72197,55594,216592,9.0,0,27,27,7,SUCCESS,216592,6vENXORvQdW9HUujmy8v9Q
365,PathingComment#4761,1691071470990,3,72223,61465,216669,9.0,0,27,27,1,SUCCESS,216669,KSiDTgO_TkCFCX_WsusXuQ
366,NestedDescriptor#3842,1691158975451,3,72250,70794,216751,0.6666666666666666,0,2,2,1,SUCCESS,216751,adj2-svKRce-H9nPmK7Hbw
367,QualifiedExpert#7828,1691042492383,3,72273,64009,216821,9.0,0,26,27,1,SUCCESS,216821,pyN2OlN-TCmvSh8cwp-geQ
368,HashableArchitect#6810,1690903399307,3,72672,63280,218016,7.666666666666667,0,23,23,1,SUCCESS,218016,2o25YHQARMCItAVbtj7kNA
369,FormulaicSystem#4431,1690882045258,3,72795,61333,218386,10.0,0,30,30,5,SUCCESS,218386,pdZRa3Z5QMKDFZDs9zcZyA
370,JPMC-MUMBAI-011,1690882204367,3,73054,64005,219164,8.333333333333334,0,24,25,1,SUCCESS,219164,Pt9ME11eQCCVdRVQImWHGg
371,spidey,1691035610649,3,73063,66522,219190,11.0,0,31,33,1,SUCCESS,219190,9ce954d4cb9d43bc9bd9cQ
372,PathingSystem#8322,1691036445010,3,73111,59668,219335,10.666666666666666,0,31,32,6,SUCCESS,219335,nzzvZOkTSAKt1inHVPEtWg
373,LeetSequence#7011,1691121632371,3,73114,66331,219343,5.0,0,15,15,5,SUCCESS,219343,PLda8LfUQPuCb6j8wf8YkA
374,AsynchronousParameter#0976,1690874704614,3,73218,70060,219655,7.666666666666667,0,23,23,8,SUCCESS,219655,saW24v4gRTa5M5PJLkgzqA
375,BBVA,1690936194055,3,73315,70601,219946,5.0,0,15,15,1,SUCCESS,219946,xpHbNsyTSACRwkucMIMdLQ
376,TestingTech#5717,1690904928467,3,73446,72050,220339,0.6666666666666666,0,2,2,1,SUCCESS,220339,gV5_0UWlSbS_Zrpt7Jp8Fg
377,CyberneticPackage#3686,1691212669166,3,73689,61394,221069,8.333333333333334,0,25,25,3,SUCCESS,221069,GzcPNbqvSVm_PUmP4_TZwA
378,CS2000,1690963246076,3,73776,70055,221330,9.0,0,27,27,4,SUCCESS,221330,41NRetXuT8eQe7ylzwmY6A
379,Fastandfurious,1691252104385,3,73805,71931,221415,1.3333333333333333,0,4,4,4,SUCCESS,221415,TLpcmRY5Tsi8cxkdS5UZlg
380,ComplexDiff#0206,1691263292351,3,73881,66923,221644,7.0,0,21,21,2,SUCCESS,221644,y0NxELctT4-6ax0QMYC57g
381,quack#5,1691029315449,3,73939,71133,221818,0.6666666666666666,0,2,2,2,SUCCESS,221818,P3dtqQJqTGSgWyNpWurZHw
382,LetsGoFast,1690923218436,3,74027,72269,222081,10.333333333333334,0,30,31,4,SUCCESS,222081,igL6CKfrRhK1QVf-b4pTDg
383,EncryptedSlice#7925,1691110066622,3,74150,73390,222451,0.0,0,0,0,8,SUCCESS,222451,AFRZNKduQDCr2cgxSRg4TA
384,Evident-Wirote-P,1690874201286,3,74184,66599,222552,2.3333333333333335,0,7,7,1,SUCCESS,222552,Az568LQnQ6S5RgOFJ0wyog
385,Super-N,1691138418661,3,74244,61996,222732,11.0,0,33,33,1,SUCCESS,222732,7e65f11e107247a68c94cw
386,IterablePatch#6177,1691053469179,3,74332,68413,222998,11.666666666666666,0,35,35,2,SUCCESS,222998,rBjd62TqQ46uy9dD2YBlvQ
387,deepracer18,1691155003759,3,74470,69067,223412,10.666666666666666,0,32,32,1,SUCCESS,223412,xJRNiRQ1REy6IrFdYdhRdQ
388,gowon,1691041896135,3,74507,65728,223522,11.333333333333334,0,34,34,10,SUCCESS,223522,fYgIGNzoTEqfQ9Z2702ymw
389,BigTheory#0067,1691174093195,3,74574,68532,223724,5.666666666666667,0,17,17,1,SUCCESS,223724,ehJ3DIVpRQW76f55ve5VOQ
390,Somesh,1691195652507,3,74578,68668,223734,3.3333333333333335,0,10,10,3,SUCCESS,223734,CWY6H8BDQ4SKovJh06MNfQ
391,yongstorm,1691161393704,3,74723,67966,224170,5.0,0,15,15,5,SUCCESS,224170,3S-QhhVNSIODbI-SDABMzg
392,IntelligentMachine#4224,1691100054158,3,74757,68337,224272,10.333333333333334,0,31,31,6,SUCCESS,224272,n_DPB2gRQdmPJPl4fEXYPw
393,teogigi,1691142120624,3,74954,71135,224863,5.0,0,15,15,1,SUCCESS,224863,HslkV80AS9SNfMR4_Blbyw
394,Group-A-Team-D-Cody-Eric-Zhihan,1691194941219,3,75974,74871,227923,0.0,0,0,0,1,SUCCESS,227923,eaungSTWQjyYsGyTRBzqyw
395,SequentialTech#4469,1691092737701,3,76175,71005,228527,5.0,0,15,15,2,SUCCESS,228527,_SjjvbZZSwOb2LMEtxSLnQ
396,Eviden-Ravi-Sharma-Gautam,1691254663222,3,76244,75259,228734,0.0,0,0,0,1,SUCCESS,228734,MHyoZINgQYay_so895mwdg
397,383216750550-SG23-CISO,1690930181287,3,76310,64263,228930,12.333333333333334,0,37,37,1,SUCCESS,228930,5-eZxpt6Sj2EV6F58eXIBA
398,CriticalParameter#7756,1691104306146,3,77490,58737,232472,8.333333333333334,0,25,25,1,SUCCESS,232472,RllUchnxRYShKH_u6IzolA
399,CurlyWorkaround#9911,1691081583120,3,77738,70883,233216,8.0,0,24,24,1,SUCCESS,233216,iiNk_ZM0SWexREIEXb24SA
400,howeven,1690985630013,3,77914,72394,233742,5.666666666666667,0,17,17,1,SUCCESS,233742,q-uDdaFbSxWBszbtVCJeSQ
401,racer-hhchen,1690886906731,3,77955,75394,233867,9.0,0,27,27,4,SUCCESS,233867,KiEtyZjtTAinfSfN5vs3hA
402,JPMC-MUMBAI-012,1691082154789,3,78120,67496,234361,12.0,0,36,36,2,SUCCESS,234361,atxS3LDBSyKFLQLUxhvOUA
403,GammaArray#0139,1691003260327,3,78200,76602,234600,6.666666666666667,0,20,20,1,SUCCESS,234600,Tea-6W_VQqSPlmRSqpLcJA
404,LeetLine#8068,1691077224867,3,78266,73989,234799,9.333333333333334,0,25,28,1,SUCCESS,234799,SXQds-ZVQNGhKjFHaqy5ng
405,VirtualSandbox#9224,1691126010019,3,78314,76669,234943,7.666666666666667,0,23,23,3,SUCCESS,234943,zsPvpWIuTs2AsRUPCfhZHw
406,Tx3z,1690878124379,3,78340,71867,235020,9.0,0,27,27,4,SUCCESS,235020,2o6JTA6ETZKZ27yvsAlW9g
407,GenerativeDeadline#3729,1691163175339,3,78377,75740,235133,12.0,0,34,36,7,SUCCESS,235133,tqrK7eOEQrKHeeBvr-25cA
408,dufl2390ffg,1690870083948,3,78488,71140,235465,12.666666666666666,0,37,38,1,SUCCESS,235465,AIIywPXiThO43PK8Rksmew
409,ParametricConsole#6406,1690902239146,3,78625,77127,235875,13.333333333333334,0,40,40,6,SUCCESS,235875,Np5ymrAnQjmKF2Xo0fsPSA
410,justanhy,1691124091250,3,78730,72931,236192,10.333333333333334,0,31,31,1,SUCCESS,236192,6NOs6SmES7qg1htJqSg6kg
411,GlobalModel#6975,1690997348880,3,78986,77134,236958,6.0,0,18,18,2,SUCCESS,236958,83IUYw7WRo6lOfzgs_6kcg
412,Eviden-Rathinavel-Chandran,1690905885651,3,79223,70262,237669,9.0,0,27,27,3,SUCCESS,237669,6t3qfFtjQLeV1L0bqSGmkg
413,OmoneyPmoney-Singhealth-Faizal,1691042961530,3,79430,72737,238290,10.666666666666666,0,32,32,2,SUCCESS,238290,rP8Q_x9iR7GVxOo7PxlPEg
414,NumericWorkaround#6301,1690912936341,3,79451,78463,238353,3.0,0,9,9,1,SUCCESS,238353,1w2GanV3RsWK4_JI_XfaFA
415,EsteemedEngineer#8312,1691307706880,3,79549,74470,238647,13.333333333333334,0,40,40,4,SUCCESS,238647,H3EVQI-2SeaKFXmVpnYo_w
416,RobotNDisguise,1690921200408,3,79706,66914,239118,9.333333333333334,0,28,28,1,SUCCESS,239118,7uJMsvYIRZ2Qvx6THhHeJQ
417,UpgradedScope#0110,1691080441756,3,81012,77132,243037,11.0,0,33,33,4,SUCCESS,243037,5jJ7Zr6uTq2RGlAZmgn1eQ
418,212503269518-SG23-Tohks2001,1691230311828,3,81024,77992,243073,2.3333333333333335,0,7,7,1,SUCCESS,243073,6_zPGHAfR66GVcd9tz8Xow
419,Jules,1691240536725,3,81026,55805,243079,8.0,0,24,24,7,SUCCESS,243079,LVFHj7i3RNS_YPKMzq42VA
420,WebVariable#6649,1690897850915,3,81431,74158,244295,13.0,0,39,39,7,SUCCESS,244295,cc30ZdP9S0-EHtWLdMTuyw
421,tako,1690899411440,3,82448,76930,247345,11.666666666666666,0,35,35,1,SUCCESS,247345,mDoGCVN-T4GsO3_vtU8oAg
422,TestingSequence#4660,1691301535603,3,83317,79073,249951,12.333333333333334,0,37,37,2,SUCCESS,249951,1Xk8wRjmQDOmxK2NY8-CFQ
423,aduralola23,1690923014580,3,83363,75890,250089,7.333333333333333,0,22,22,5,SUCCESS,250089,fBpP1RpRRNmaZ9K_eG-kDQ
424,SnowMobile,1691002527055,3,83447,79269,250343,1.3333333333333333,0,4,4,14,SUCCESS,250343,QWtxp2HlRcWRf3NQRypI_Q
425,Kh2led,1691003381491,3,83464,83136,250394,0.0,0,0,0,4,SUCCESS,250394,luhGYyIuRnCNDYx68PavNQ
426,Everest-DNPds,1690876189962,3,83539,76806,250617,14.0,0,37,42,1,SUCCESS,250617,13eb4731e0c1457ca4d7dw
427,DraftRequirements#1801,1691176585340,3,83884,82187,251653,1.3333333333333333,0,4,4,1,SUCCESS,251653,nwMGi3mRTEWCHOYog7NAVA
428,test-racer123,1690993152382,3,84151,83987,252454,0.0,0,0,0,2,SUCCESS,252454,bqFZgw_AR-qQGWSfrDcrog
429,ProcessingDataset#8783,1690957383175,3,84729,84334,254189,0.0,0,0,0,3,SUCCESS,254189,1lASeJ-9QVqyzUK9BYnYzg
430,slothfuldiligence,1691098840487,3,85245,72999,255736,14.333333333333334,0,43,43,5,SUCCESS,255736,9dzxSrnCT1yy0kLxE9Ceyg
431,ProcessingCallback#8443,1691004832999,3,86339,82669,259018,6.0,0,18,18,2,SUCCESS,259018,QJhy_-VQSqKF2NBFju4E8Q
432,VariableZone#8552,1691263687617,3,86449,85130,259347,4.0,0,12,12,1,SUCCESS,259347,fV6595_tTyCGyC5TOmxQyg
433,Bangarang,1691084163327,3,86474,79596,259424,14.0,0,42,42,3,SUCCESS,259424,az0t2xkyR-uPme-Pb9Ts9g
434,GenerativeEnvironment#1341,1690961533628,3,86773,86520,260319,0.0,0,0,0,3,SUCCESS,260319,fmKSd3_7REK0RJ-_0h1r1g
435,ContinuousMethod#6553,1691158167551,3,86947,80786,260843,14.666666666666666,0,44,44,3,SUCCESS,260843,ImFeNejtTsSEDEC1p5NAPA
436,TCB,1691176324718,3,86960,81546,260881,12.666666666666666,0,38,38,2,SUCCESS,260881,l6cJojAIS4m2si1m-kHDIQ
437,Eviden-John-McKail,1690911838705,3,86974,82272,260923,6.333333333333333,0,19,19,1,SUCCESS,260923,vJR4cwwaSEW9Ff-_rE_hjg
438,JPMC-BA-D3,1691178159918,3,87003,84083,261010,0.6666666666666666,0,2,2,1,SUCCESS,261010,-tV_CPPDRjydYKmXGOaeBw
439,JetCatDynamos-Bis,1691304993726,3,87047,80989,261142,3.6666666666666665,0,11,11,6,SUCCESS,261142,GMXeMpkIRfi7dTO0bfpyUg
440,PathingServer#2241,1691140330575,3,87278,83595,261836,1.0,0,3,3,1,SUCCESS,261836,XVa5DORNTZq-6L8EaCcNqQ
441,HelpfulState#8307,1691213148529,3,87753,86131,263260,3.0,0,9,9,1,SUCCESS,263260,4n-roy08TBeOdhJfg_7M3w
442,ImmutableFunction#4929,1691071152295,3,87951,87463,263855,0.0,0,0,0,1,SUCCESS,263855,DXIILWOlRSmt7pwp_Tz9Rw
443,03-dr-chicago-JPMC,1690913088442,3,88309,82070,264927,15.666666666666666,0,47,47,1,SUCCESS,264927,200cb7db61e44fa299f73Q
444,AlphaSchema#6460,1691084242013,3,88317,81554,264952,14.666666666666666,0,42,44,2,SUCCESS,264952,pW4_MH3jQi-BpCpzJz3cow
445,EdwardTanTZ,1691230078698,3,88358,83740,265075,1.0,0,3,3,1,SUCCESS,265075,4SxmC_9zSGGhi8Wcog2_8w
446,3d-deep-drive-dilettantes,1691254494942,3,88595,87263,265787,0.0,0,0,0,1,SUCCESS,265787,ugvYEfNuRk-iF4wjJKI44Q
447,NestedHypothesis#5755,1691066185990,3,88783,85473,266350,16.0,0,48,48,3,SUCCESS,266350,pVLEeCo_Qt-RZWqNovZIeg
448,FunctionalZone#2090,1690930669370,3,88898,81472,266696,15.0,0,45,45,4,SUCCESS,266696,QgE8SjEXSYyyVKj-Hu1UBQ
449,SCAR,1691109288241,3,88972,87202,266917,4.666666666666667,0,14,14,2,SUCCESS,266917,4aAendnpThSL3nrjQjlexg
450,stu070,1691135149022,3,89044,88605,267134,0.0,0,0,0,3,SUCCESS,267134,lgAF3WvuTMWIDZN9bwrQcw
451,MobileContext#0677,1691065266418,3,89061,88405,267185,0.0,0,0,0,1,SUCCESS,267185,Y35kSnegTgKFaLm8vVbw0w
452,ProcessingSequence#7882,1690907338932,3,89069,83196,267207,13.666666666666666,0,41,41,1,SUCCESS,267207,Q2F7wtJvS3W_mYbcUmpvpA
453,LoopingGrid#2980,1691188206440,3,89309,89069,267928,0.0,0,0,0,4,SUCCESS,267928,dBVzbWoLRDGQ6JXCepLOFQ
454,Guiev,1691275086433,3,89311,83599,267934,1.3333333333333333,0,4,4,6,SUCCESS,267934,8kH3ah8TTlSpQ4NcnKHueA
455,928245218813-SG23-tata,1691233482505,3,89331,89120,267994,0.0,0,0,0,1,SUCCESS,267994,AkwEDvURQFCGKQjsBIllRQ
456,ReferenceSandbox#7490,1691054319312,3,89444,87925,268334,0.3333333333333333,0,1,1,1,SUCCESS,268334,hkn9PsrJQ566Ge-IuuoD_Q
457,JPMC-HYD-10,1690890957467,3,89560,82618,268680,17.0,0,51,51,1,SUCCESS,268680,sty1wzZ2QtyiGgFt1Lt_Qg
458,BooleanVariable#7571,1691286234303,3,89981,87139,269944,17.666666666666668,0,53,53,2,SUCCESS,269944,qA70KPNSQY-kZq_JXE8tXA
459,ASCIIModel#1648,1690853626141,3,90289,89805,270868,0.0,0,0,0,1,SUCCESS,270868,JvkUD5gtTqWk642DDYzyHg
460,BLR-DR-003,1691066832309,3,90339,86131,271018,18.0,0,54,54,8,SUCCESS,271018,FJ2CDWDHTm27SCfHqEpdXQ
461,InteractiveGrid#8710,1691087601292,3,90362,86016,271086,16.666666666666668,0,48,50,3,SUCCESS,271086,TFl0apnsTz6TBlE9DdLwpQ
462,BackloggedNumber#4389,1691119808419,3,90862,90792,272588,0.0,0,0,0,1,SUCCESS,272588,mWf727r1S6m41MoYbB6dZA
463,Selfcar,1691166938744,3,91152,90996,273458,0.0,0,0,0,7,SUCCESS,273458,xTOHas_PTW-uGi_lkPol2g
464,CleanRequirements#8902,1690901529043,3,91945,84771,275835,7.666666666666667,0,23,23,1,SUCCESS,275835,OAhaf58cQ26iE9jG0jANjw
465,Hashim,1691149721305,3,92032,77099,276096,14.333333333333334,0,42,43,5,SUCCESS,276096,hRjOYiAsQ7mHlTIY37FCsA
466,GlobalUpgrade#2002,1691102275674,3,92131,90856,276393,0.0,0,0,0,3,SUCCESS,276393,uv0gN63BRwyjDmaWDL0L5Q
467,WolfRacer,1691004165693,3,92296,89673,276889,15.666666666666666,0,47,47,1,SUCCESS,276889,JfbusKbHR66s5LbBFOcfNQ
468,AtomicParameter#0022,1691192591231,3,92324,89774,276972,0.0,0,0,0,2,SUCCESS,276972,T_VHqff0TbeDqOHKhxDdAg
469,missifirstmodel,1691193411689,3,92551,91987,277654,0.0,0,0,0,1,SUCCESS,277654,5PgQJXAPReKQ6yhrbwaz8g
470,UnicodeFunction#7194,1691034857099,3,92819,91994,278457,0.0,0,0,0,3,SUCCESS,278457,3aSGht14ToS5-McDD5RFfA
471,10xScript#7843,1690918488380,3,92980,89878,278940,16.0,0,48,48,1,SUCCESS,278940,C78ru2hxSK-iruT9Bk-BSA
472,CompleteCoder#4132,1690947483121,3,92983,90399,278950,1.6666666666666667,0,5,5,1,SUCCESS,278950,QM80oGcJSqKPc2W4aAKBeg
473,ProfCorey,1691173436695,3,93506,92597,280519,0.3333333333333333,0,1,1,2,SUCCESS,280519,Rvu-rOfGR1uG9PHgFAK_eQ
474,lala79,1691220530136,3,93756,93393,281270,1.0,0,3,3,1,SUCCESS,281270,cJSZBwaWTgy8414hgIn83A
475,UnboundSpec#5619,1691265200138,3,93982,93815,281948,1.0,0,3,3,1,SUCCESS,281948,vSGsKCy_SbSBCM1wtA3oGw
476,UnboundRequirements#9132,1690961341135,3,94074,89267,282224,1.3333333333333333,0,4,4,2,SUCCESS,282224,zv1EW7OmQWWXY80nebgowg
477,EncryptedSemicolon#0022,1691187489648,3,94074,92796,282224,2.0,0,6,6,3,SUCCESS,282224,SK95s8y1SP2olVMIcq4naQ
478,AtomicSchematic#8776,1691077629633,3,94084,93795,282253,0.0,0,0,0,2,SUCCESS,282253,CQdcOttiS2WzMRQhUWAI0A
479,DarylGoh-834771325866,1691230078595,3,94312,94195,282936,0.0,0,0,0,2,SUCCESS,282936,i8N6RaPhSdOsljTVhKb5kA
480,TechnicalUpgrade#4744,1691185388171,3,94329,94061,282987,0.0,0,0,0,2,SUCCESS,282987,zWMxNqIKTruGTYyfaYdGkw
481,InfiniteHypothesis#7808,1691077506955,3,94730,93719,284191,0.3333333333333333,0,1,1,1,SUCCESS,284191,RD2fGL5eT6WxcTtLKzMa6A
482,AccessibleVariable#4849,1691014259069,3,94983,85470,284950,17.333333333333332,0,52,52,1,SUCCESS,284950,p1zg6kmCSsOe76SiOoQMoA
483,yahgoo-061736287787,1691232290134,3,95001,94140,285003,0.0,0,0,0,2,SUCCESS,285003,W919Jb4kSbKiVaKTygTqtg
484,ComplicatedDelta#3235,1691093248080,3,95024,94736,285074,1.0,0,3,3,2,SUCCESS,285074,Dg5Xr4rVRGm7BXU0Zeq22g
485,HelpfulUpgrade#4923,1691230087762,3,95182,94821,285546,0.0,0,0,0,1,SUCCESS,285546,UYd2dVKqRg65Kp8DW_XIJQ
486,RecursiveSystem#6071,1691115389005,3,95262,94133,285786,0.0,0,0,0,1,SUCCESS,285786,ZffQcyytQ4mOxmNyjmCx5Q
487,aceracer,1690952530619,3,95266,92530,285800,0.6666666666666666,0,2,2,1,SUCCESS,285800,kpD9y_bvRkelH0Bi1LJlHw
488,TurtleRider#23,1690985801198,3,95440,95319,286320,0.0,0,0,0,7,SUCCESS,286320,oLG2SO6mS7Op9jYGICjUTw
489,Eva-racer-2022,1691230098115,3,95593,94867,286780,0.0,0,0,0,2,SUCCESS,286780,alQnwD2VRwK8K0Qw5FR6UA
490,aphefha,1691230048146,3,95905,93864,287717,0.0,0,0,0,1,SUCCESS,287717,HwxstdM5Tdq3vTDy12vz2Q
491,hyunju,1691182689135,3,96110,94128,288330,13.0,0,39,39,11,SUCCESS,288330,fjuKBAz-Tum_Kx7xbvE2yg
492,bnlab,1691156128667,3,96155,92132,288467,0.6666666666666666,0,2,2,2,SUCCESS,288467,O7xLLQsRRdqOU4_uYROVaw
493,PrimeNode#9207,1691134806658,3,96450,93814,289350,1.6666666666666667,0,5,5,2,SUCCESS,289350,O1SACuttTheiHAMrrzxXTQ
494,dkdkdkdk#6762,1690955090349,3,96517,93869,289552,1.6666666666666667,0,5,5,2,SUCCESS,289552,QmFgVCJ_Tb-kHJlJD4ibzg
495,Maverick-C1,1691177683719,3,96537,96129,289611,0.6666666666666666,0,2,2,2,SUCCESS,289611,6lw4qs9iTAiXqnLYCbbEZA
496,LMQ,1691230065259,3,96576,96405,289729,0.0,0,0,0,1,SUCCESS,289729,gINLZQChQzGJscKZjGbndA
497,Proventriculus,1691077887199,3,97045,91330,291137,19.333333333333332,0,58,58,5,SUCCESS,291137,8RnKIj3uSlum-KFwiBphPQ
498,NumericZone#9352,1691166720449,3,97412,91977,292236,3.6666666666666665,0,11,11,1,SUCCESS,292236,f1GPM65tR1OABoi519TI3A
499,InteractiveResource#8747,1691155678485,3,97518,96597,292554,1.3333333333333333,0,4,4,3,SUCCESS,292554,HZ57EGjWSXeoW1-m8FOTMg
500,RobotEngineer#2803,1690929472646,3,97668,93645,293004,0.6666666666666666,0,2,2,4,SUCCESS,293004,N-X1XyUSTz-MlwpP3wZIYg
501,TabletInterface#6427,1691186884928,3,97746,84565,293238,16.0,0,48,48,5,SUCCESS,293238,KCr1DpbzQROLgGUUa8__Gg
502,InfiniteUpgrade#6858,1690978276039,3,97777,95746,293332,1.6666666666666667,0,5,5,2,SUCCESS,293332,SDxeqsdlQUG8-TaOeV19IA
503,ThisBuster#7712,1691001071840,3,97913,93730,293739,9.666666666666666,0,29,29,6,SUCCESS,293739,fKx1wnQ0T6-QeK-jsFPIaQ
504,AtomicSchematic#1934,1690997318535,3,98144,96695,294432,1.3333333333333333,0,4,4,4,SUCCESS,294432,hwJvm-xfT3WwcA18XAT3Ig
505,InfinitePresentation#1820,1690958681811,3,98159,96147,294479,1.3333333333333333,0,4,4,1,SUCCESS,294479,bk3BYJjTSkmSGA_u-R4dzg
506,stu056,1691048796794,3,98312,95011,294937,1.0,0,3,3,3,SUCCESS,294937,irfGpq21QomQ2nbKx3pONA
507,Variable486#2772,1690961356764,3,98351,96583,295055,0.0,0,0,0,1,SUCCESS,295055,Hz5-RcLATrGoq3a3yK6EwQ
508,PythonSwitch#5690,1691157638510,3,98405,93867,295217,2.0,0,6,6,1,SUCCESS,295217,OKKwvGgyRdiZQZxy76vI5A
509,ImportantLambda#8449,1691126172926,3,98427,94600,295281,2.0,0,6,6,1,SUCCESS,295281,JBmrbqGPS-SHvAf6dmagUA
510,GroupB-TeamC#2499,1691261370629,3,98474,98194,295423,2.0,0,6,6,6,SUCCESS,295423,AD0zaAHRQpuFscrooiecDA
511,UnboundComment#2015,1690920256841,3,98493,98201,295479,1.0,0,3,3,1,SUCCESS,295479,nVAP9t5HS3Gyc8y6BW8KFQ
512,GlobalDeadline#4110,1691120711087,3,98736,97466,296210,2.3333333333333335,0,7,7,1,SUCCESS,296210,jGrHVuYnST6J5NU4hYiVSA
513,TechnicalUpgrade#5440,1691291809961,3,99109,96874,297329,2.6666666666666665,0,8,8,1,SUCCESS,297329,QE89F3d9Q46Bt9earfrKNw
514,AMNT,1690989860824,3,99263,99192,297790,0.0,0,0,0,1,SUCCESS,297790,Zhq-h5ICT6Kpd6Hs0db4uw
515,InteractiveCommand#3754,1691196411798,3,99440,98530,298320,0.0,0,0,0,2,SUCCESS,298320,K3v2G7ikSomIY-VJs9xebg
516,ProvisionalCommand#9661,1691229923632,3,99666,95529,298998,3.0,0,9,9,1,SUCCESS,298998,6EEVLgy6ReyUdVQIkOvwFg
517,MemoryTable#7036,1691097911454,3,99806,94924,299418,1.6666666666666667,0,5,5,2,SUCCESS,299418,Pwbtj1H3T7m-nuODWOaXog
518,AsynchronousRequirements#5611,1691097997754,3,100110,93989,300330,9.0,0,27,27,2,SUCCESS,300330,puICgOnqRBmESN4Fi1L0cQ
519,QualifiedSlice#7895,1690941873853,3,100418,99725,301255,0.0,0,0,0,2,SUCCESS,301255,yCnPPI_kSGSMLvKQyEKRuA
520,kiing-car,1690984910385,3,100555,93046,301666,14.333333333333334,0,43,43,6,SUCCESS,301666,LW2iIomUROSiaLzdWO7nMA
521,ThisSandbox#0946,1691232678959,3,100632,96861,301898,10.333333333333334,0,31,31,1,SUCCESS,301898,xR7AZ3O5QyKHR5twPJe9oA
522,FuturisticWorkaround#5571,1691006395591,3,100640,100407,301921,0.0,0,0,0,9,SUCCESS,301921,CaQRZCQyT4CXGA3FY_FDTA
523,HelpfulArchitect#6414,1691230069703,3,100692,100125,302078,2.0,0,6,6,1,SUCCESS,302078,jnTP16baSCSVo_TSzhNKmA
524,demolitionz,1691230988981,3,100751,98001,302254,2.6666666666666665,0,8,8,1,SUCCESS,302254,fxbowfrjTi2TQKiHYd2cQQ
525,BooleanMethod#1722,1691082493392,3,100890,98146,302672,1.0,0,3,3,1,SUCCESS,302672,exT0_3-9Q9ahw192hclrKQ
526,NeuralPoint#8101,1690861180116,3,100915,98203,302745,0.6666666666666666,0,2,2,1,SUCCESS,302745,UQrNkGc_RQyHANtUc3geDQ
527,JPMC-Gla-05,1691138496108,3,100996,94534,302990,12.333333333333334,0,37,37,1,SUCCESS,302990,OGFR5Oo1QFyjii3ClWF2TQ
528,ShubhangamJha,1691223411559,3,101095,99197,303286,1.6666666666666667,0,5,5,1,SUCCESS,303286,PAqy_RN6QLSeRsYUVCBpUQ
529,EncryptedString#8051,1691078408206,3,101463,81997,304390,17.333333333333332,0,52,52,1,SUCCESS,304390,RTX9RJqqSZ-OnhHbttzSig
530,CreativeExpert#9111,1690977653024,3,101541,97806,304625,0.3333333333333333,0,1,1,3,SUCCESS,304625,naaollX-SRuZUGfi6ldi8g
531,MobileDigit#4050,1691285882121,3,101602,100803,304806,1.0,0,3,3,1,SUCCESS,304806,93guCmwIR_Sx8mzm53yRGA
532,Yuna,1690941759620,3,101795,96068,305387,3.3333333333333335,0,10,10,1,SUCCESS,305387,bp8OhsTBRzaQwZLHAJJtXg
533,ParametricParameter#4921,1691071829671,3,102028,100073,306085,16.333333333333332,0,49,49,4,SUCCESS,306085,SCW3weCNTuG4BgiIVTv7Kw
534,gk007,1691230123688,3,102467,97267,307401,2.3333333333333335,0,7,7,1,SUCCESS,307401,_bLhx_A5QyaOEvCpLx9SLg
535,EBalloon,1690866331542,3,102994,101799,308984,0.0,0,0,0,1,SUCCESS,308984,SgJAsvjNS3-ZCYEhdtssDQ
536,ProvisionalTech#5439,1691304860130,3,103475,102878,310426,2.0,0,6,6,1,SUCCESS,310426,0iTpGZBWQfGVRdr9DR1nFg
537,blm8698,1690873779992,3,104151,99730,312454,1.3333333333333333,0,4,4,1,SUCCESS,312454,94STa5XmSuy4BCSEEQFwpw
538,UrgentValue#7987,1691123633592,3,104402,101673,313208,2.0,0,6,6,1,SUCCESS,313208,aNaEqPH5QMKr5nHs0-2PxA
539,10xHypothesis#2136,1690986446284,3,104514,102725,313544,0.3333333333333333,0,1,1,1,SUCCESS,313544,Hd0wGPzfQ1OIasrQGV2LCQ
540,PassingMethod#7075,1691231577317,3,104855,101200,314567,1.3333333333333333,0,4,4,1,SUCCESS,314567,ASNPGGx4Rb-43-uhdVJlkg
541,MSEDU-S8,1690871196879,3,105508,101399,316525,0.6666666666666666,0,2,2,1,SUCCESS,316525,CEtgVKJbSlik_4fouCZWBA
542,UrgentFormula#5166,1690906372631,3,105604,101422,316813,21.0,0,63,63,1,SUCCESS,316813,yncF1Ys7R5CQakIiSgQsUA
543,BigArray#4172,1691162497610,3,106739,97000,320218,3.0,0,9,9,1,SUCCESS,320218,KBiXUgrsRiKnjyGG-pc2ag
544,MobileConsole#5487,1690958595969,3,107049,104334,321148,2.6666666666666665,0,8,8,4,SUCCESS,321148,ZnCwrX_SSumG9keZ8pGTzw
545,437782049791-SG23-OCM,1691230114138,3,107761,100952,323285,6.0,0,18,18,1,SUCCESS,323285,fGWO-ZByTTyQ2VzlpKF_Xg
546,ImmutableBottleneck#7653,1690975438856,3,107776,101403,323330,22.666666666666668,0,68,68,2,SUCCESS,323330,-IRirPMXRGOidcGkI_U8xg
547,AG2DR,1691025037783,3,108387,107094,325163,1.6666666666666667,0,5,5,2,SUCCESS,325163,11AxoQ2gQ32dafELAIaS0g
548,ArtificialToken#4389,1691228866829,3,108565,107061,325695,4.333333333333333,0,13,13,1,SUCCESS,325695,d9SqpiSnRl21Ifevn4APMg
549,stu072,1691311202439,3,109042,101524,327128,20.333333333333332,0,59,61,2,SUCCESS,327128,WunSYlYuS4S8LIRH0CC9ww
550,JPMC-HYD-06,1691316132154,3,109247,104461,327742,3.6666666666666665,0,11,11,1,SUCCESS,327742,u5StnMv9QNmxDwE06MKSbA
551,TeamVetri-Tamilavel,1691035675867,3,109287,105865,327861,3.0,0,9,9,1,SUCCESS,327861,JLGaa5FPQsuqeHM-avQ0IQ
552,HayatoKazami,1691144471951,3,109313,104996,327941,3.0,0,9,9,1,SUCCESS,327941,O1UXVeMKTSuK12hO9h9XzQ
553,BackloggedZone#1370,1691127902633,3,109490,106992,328471,3.6666666666666665,0,11,11,1,SUCCESS,328471,zDc_CR29QuGrg_JGRDT2rA
554,UnicodeArchitect#0273,1691147672878,3,109688,106338,329066,4.0,0,12,12,2,SUCCESS,329066,s0VZD4uYRCu-UPD1xqKXSw
555,10xLog#5691,1691156637585,3,109758,95060,329275,22.0,0,66,66,1,SUCCESS,329275,k7HV_5qET-2Q-qR1D2vn8A
556,Robotinos,1691189277013,3,110976,108135,332929,1.0,0,3,3,1,SUCCESS,332929,pssHO4JoRWitrTmxBNlMzw
557,harman3788,1691135447382,3,111052,110062,333156,1.0,0,3,3,1,SUCCESS,333156,ba8IcvohSVS4catZXgRaYw
558,HigherOrder#5682,1691231410199,3,111158,108939,333475,3.6666666666666665,0,11,11,1,SUCCESS,333475,U53_ebNPTD6TzKCRcP5AzQ
559,StructuredScope#8414,1691194706962,3,111600,106609,334800,13.333333333333334,0,40,40,1,SUCCESS,334800,VvW0bON4Sq6LauuqLj9WjQ
560,JustinK-909344887203,1691230136161,3,111886,101402,335660,5.666666666666667,0,17,17,1,SUCCESS,335660,R2J56SwIRoKJaGQJCqOhRA
561,jov-co,1691091838262,3,111890,97080,335671,20.666666666666668,0,62,62,1,SUCCESS,335671,71JsUF25TPeyjoJPqTFFTA
562,LCJ,1691214872019,3,112400,105138,337200,23.0,0,69,69,2,SUCCESS,337200,FApjlYl8S4i8IDyf5HAu9A
563,APun,1691265776768,3,112537,110342,337611,9.666666666666666,0,29,29,2,SUCCESS,337611,1-D2vky0QYK24mv5dMji6g
564,UpdatedPointer#1441,1691080911559,3,114687,109065,344062,6.666666666666667,0,20,20,1,SUCCESS,344062,TfEuk0x1QLuje6JfgGybhQ
565,DeepracerX,1691162973509,3,114719,111869,344158,6.666666666666667,0,20,20,1,SUCCESS,344158,FQ-wSwLzTbW3uceGru2E3Q
566,Daniel-N,1690979269025,3,115209,102210,345627,7.666666666666667,0,23,23,2,SUCCESS,345627,vYmKLiMqTianQDbiVKsr6A
567,Jayden-C,1691230060089,3,116180,112863,348541,5.0,0,15,15,1,SUCCESS,348541,sS6ukYO3ToaveqYUBCW75w
568,haode,1691126174656,3,116471,115056,349414,25.333333333333332,0,76,76,2,SUCCESS,349414,sQYhT0b-S0atn4Zrj86PtA
569,RocketDataset#6284,1691148280733,3,116580,108600,349741,3.6666666666666665,0,11,11,1,SUCCESS,349741,8k73yBItTWKjuTgbytIY2w
570,MSEDU-S6,1690875376569,3,116603,113744,349811,3.6666666666666665,0,11,11,2,SUCCESS,349811,l8qpZuSeTOmmeM2UKo4iSQ
571,JPMC-BMTH-knightriders,1691005891683,3,117894,107528,353684,23.0,0,64,69,1,SUCCESS,353684,862178ae6d6947ff88c95Q
572,FunctionalCallback#0190,1691291588241,3,118026,110208,354079,18.333333333333332,0,55,55,1,SUCCESS,354079,k8B6NggVReiTAU3DcFqbAw
573,DraftError#0981,1691012574135,3,118056,113527,354169,6.0,0,18,18,1,SUCCESS,354169,2S_oAYqzQ-uLazsyq8mxeg
574,jtry,1691230072503,3,118604,115735,355813,5.666666666666667,0,17,17,2,SUCCESS,355813,KFG6vQ89RnKfx1LYlvIEkg
575,ComplicatedSlice#3788,1691234026803,3,119309,115078,357929,2.3333333333333335,0,7,7,1,SUCCESS,357929,7oCPZLYaSduvn6miCzs7_Q
576,IterativeBraces#4101,1691127497060,3,119446,114463,358339,22.333333333333332,0,67,67,1,SUCCESS,358339,FYhRJsmnR8SXueQcFmr7Pg
577,gakuci-deepracer,1691230084872,3,119616,114732,358849,8.666666666666666,0,26,26,2,SUCCESS,358849,lGVUQyfaTGC7RIe406AirQ
578,BackloggedDelta#0100,1691143138341,3,120068,114594,360205,15.666666666666666,0,47,47,4,SUCCESS,360205,yBqE1U1QTZGCHgBieYqYDg
579,QES-A-MT,1690974923110,3,120150,115800,360450,5.333333333333333,0,16,16,4,SUCCESS,360450,vMc0Q7cZQ_GDO_JW8hSB3A
580,DraftBreaker#7302,1691228250082,3,120202,117408,360608,7.666666666666667,0,23,23,1,SUCCESS,360608,J0qPddw2StWrp4T_lTavnw
581,ProgrammingExpert#5688,1690994921639,3,120219,114728,360658,5.666666666666667,0,17,17,1,SUCCESS,360658,mEsiteEmTzyyVkLOY0a-XQ
582,CompleteTable#8499,1691156577784,3,120761,115461,362283,7.333333333333333,0,22,22,1,SUCCESS,362283,SeJoOvJMQ7eBIBzvLTlPxg
583,TechnicalTech#3280,1691174436956,3,122306,120334,366919,5.666666666666667,0,17,17,1,SUCCESS,366919,vCxLzoVTSg-MadtFYJQU-A
584,JavaFormula#8922,1691204879656,3,122554,115946,367664,24.0,0,72,72,1,SUCCESS,367664,5TvCqfC4S0SgM7AI3SalLA
585,JPMC-JC-RogueRunner,1691115253604,3,123394,121467,370183,1.6666666666666667,0,5,5,3,SUCCESS,370183,PlB6UYgYSK-JUbiKTqUF8Q
586,ThisDiff#2017,1691000191689,3,123884,122275,371652,6.666666666666667,0,20,20,1,SUCCESS,371652,xfMuol8bSqWPFqr-vLd4pw
587,QualityCallback#9698,1691331199604,3,124115,112542,372347,25.666666666666668,0,76,77,1,SUCCESS,372347,ZlKrpV4GShSOUpU7oeQabg
588,MidiKuperis,1690905625957,3,124453,118606,373359,23.666666666666668,0,71,71,1,SUCCESS,373359,NHw5ylJVRb6E_J_1QOvxkQ
589,YStestracer,1691326998747,3,125220,121800,375661,7.333333333333333,0,22,22,3,SUCCESS,375661,jMtxDFvNRY-EU4LCFjsFKQ
590,NumericZone#8965,1691105787414,3,126111,123733,378335,8.666666666666666,0,26,26,1,SUCCESS,378335,5JotfJWcRUuhzDs7UwmbRQ
591,CurlyTech#1909,1690947304662,3,126688,97261,380064,22.666666666666668,0,67,68,1,SUCCESS,380064,vFuafD8gT_u0r3c12DcQwA
592,ParametricParameter#2974,1691208605525,3,126728,122258,380186,1.6666666666666667,0,5,5,1,SUCCESS,380186,IaAKBqKKQ0-SeVqOwSE3Ng
593,safasf,1691126593386,3,126960,121652,380881,28.333333333333332,0,85,85,1,SUCCESS,380881,AK_4bVZBQOaJU1ZmpeHwyQ
594,CrypticPresentation#4325,1691237538819,3,127758,119322,383274,9.333333333333334,0,28,28,2,SUCCESS,383274,PE5kJ_GmR7yVqvAl_UHVZQ
595,WS-mwx2014,1691229973679,3,129646,121794,388940,10.333333333333334,0,31,31,1,SUCCESS,388940,a6PfBV74RMeWGIwm7Zo9ig
596,GenerativeLine#4561,1690994451626,3,130506,129933,391520,0.0,0,0,0,5,SUCCESS,391520,vn7X_6MxQ9Cjin1ZsvD1ag
597,FunctionalTester#7945,1690918221506,3,133797,131669,401391,11.666666666666666,0,35,35,3,SUCCESS,401391,jyoDRt4iT4KCRHuJzojv3g
598,YankeeDoodle,1691137908384,3,134931,132191,404795,10.666666666666666,0,32,32,1,SUCCESS,404795,XEwQl6jvTHy_UTWUiKjNng
599,stu066,1691308590926,3,137673,134340,413020,26.0,0,78,78,1,SUCCESS,413020,UMgJZcJvQj6MOtOJMO7kfg
600,taysracer,1691074444103,3,138047,124533,414141,28.666666666666668,0,86,86,2,SUCCESS,414141,-XZQkgsETZWqsVsSKEG6pA
601,VariableCoder#6415,1691106869776,3,139130,132944,417390,11.666666666666666,0,35,35,1,SUCCESS,417390,Et2dFyEASlWxcYgD-AluDQ
602,IntelligentSwitch#1747,1691120343653,3,140495,136268,421486,11.333333333333334,0,34,34,1,SUCCESS,421486,PDFX4NHBQE2XgqjXfJXBvA
603,ConnectedArchitect#3078,1691121744552,3,140934,109186,422802,28.666666666666668,0,84,86,1,SUCCESS,422802,ggyZBglXTOWkFxE11w1_4A
604,BigEvaluation#1302,1690956658442,3,140975,140109,422926,5.333333333333333,0,16,16,1,SUCCESS,422926,Bxkct3uQSgerWochSA58dQ
605,Test-winner,1690875403735,3,144246,143326,432740,7.666666666666667,0,23,23,3,SUCCESS,432740,U-7jZ3SiR4ilnI5h4nvMOw
606,LeetSwitch#1041,1691148301223,3,145780,137743,437341,33.333333333333336,0,100,100,1,SUCCESS,437341,sx6W_txCRVyTteD4_eYb2Q
607,CyberneticComment#5255,1691141774006,3,150462,143997,451387,34.666666666666664,0,104,104,1,SUCCESS,451387,ZGfdayFeTDOBuXlLISo6oA
608,DPR0803,1690966861234,3,150693,146406,452080,8.0,0,24,24,2,SUCCESS,452080,t-l9bngZS1KaahjbYoDkdQ
609,BigSchema#3921,1691047548003,3,151242,148863,453726,15.0,0,45,45,3,SUCCESS,453726,rcABj1FOS5CnjqkvNy-0Vg
610,DesktopHacker#2368,1690855129595,3,151664,135455,454994,34.0,0,102,102,1,SUCCESS,454994,oI-moUNoRPKEoU-XqkiqwQ
611,VirtualFormula#9306,1691142257213,3,153668,150996,461006,35.666666666666664,0,107,107,1,SUCCESS,461006,8wkStr66QUKXVf90jCe6CQ
612,Eugibrown,1691219728626,3,153703,151675,461111,30.666666666666668,0,92,92,1,SUCCESS,461111,mAt0TZHuROSDekmFSRk3rA
613,SolvableArchitect#7799,1691143793010,3,155209,148417,465627,36.0,0,108,108,1,SUCCESS,465627,wlc1LT1TSHWI0muUgvHxuQ
614,CreativeLog#9391,1691142500489,3,155428,144692,466284,36.0,0,108,108,1,SUCCESS,466284,yQK2Zp-QQ8Gh6eW0GaybHw
615,GlobalArchitect#4070,1691140755177,3,156732,155068,470198,36.333333333333336,0,109,109,1,SUCCESS,470198,EksQctlkRvaQMGaeVuyfkQ
616,AI-Muscle-Machine,1690918934754,3,157572,149797,472717,36.0,0,108,108,1,SUCCESS,472717,76r6sZg6Reelep--t42HYw
617,racer454f,1691138622882,3,157852,148482,473556,36.666666666666664,0,110,110,1,SUCCESS,473556,aGFjjby0QW6qQACxky-wTQ
618,Team-GrimaceShake,1690992373033,3,157982,138274,473947,36.0,0,108,108,1,SUCCESS,473947,5U8fDf97R_a5qjO05diHxw
619,MechanicalSchematic#0875,1691142692707,3,158873,155131,476620,37.0,0,111,111,1,SUCCESS,476620,5a80G5DVTbaCats9KD--lQ
620,DeepNetwork#0893,1691140464018,3,159112,154997,477338,37.0,0,111,111,2,SUCCESS,477338,7FLz7aa4ScSlj5fJ8MJwbQ
621,PathingLine#5936,1690909076001,3,159429,158431,478289,17.333333333333332,0,52,52,1,SUCCESS,478289,A5nEWfF7QwCecwIci3ao-g
622,CyberneticHypothesis#5261,1691121555872,3,163254,163018,489764,18.0,0,54,54,1,SUCCESS,489764,WmsixjH5QLWlpTpaNlS-XA
623,TabletFix#8500,1691125496485,3,165936,154736,497810,39.0,0,117,117,1,SUCCESS,497810,8jI9WoaxTB6F78nxci_Iag
624,FunctionalCircuit#1265,1690928882503,3,166006,162337,498019,19.0,0,57,57,2,SUCCESS,498019,i76kYnKRTGOtspmFDaXzTw
625,SlowRacer,1691230080426,3,166116,161735,498349,9.0,0,27,27,2,SUCCESS,498349,xQP9zMVxRfyZisaR_aOVcw
626,vss444,1691138718915,3,166472,162727,499417,39.0,0,117,117,1,SUCCESS,499417,atQFF7dARcWdDsmeNc0Qbg
627,NumericAbstraction#6123,1691127756848,3,169359,159398,508077,39.666666666666664,0,119,119,1,SUCCESS,508077,UFKTJdNWTRCiizr6e8phXw
628,Zero-dayResource#1300,1691123469144,3,170073,166200,510221,40.0,0,120,120,1,SUCCESS,510221,81zoZniYSlGDX3ElRHnxuw
629,QualifiedLambda#4277,1691134309626,3,170226,163606,510679,40.0,0,120,120,1,SUCCESS,510679,berzjW7-SG6QaipHlqizKw
630,RecursiveScope#9010,1691054890120,3,170463,150927,511391,15.666666666666666,0,47,47,2,SUCCESS,511391,PT9eiQEMSZOJXZCg8Tiaew
631,NestedLoop#4255,1691161623940,3,170555,163729,511666,20.0,0,60,60,1,SUCCESS,511666,FdL__WoARzO6dE3YN3pcUg
632,StructuredPresentation#3121,1691135585014,3,170643,158260,511930,40.333333333333336,0,121,121,1,SUCCESS,511930,1HBah053Q0SQoZE2UIo8Cg
633,FinitePresentation#0782,1691028218535,3,171196,168535,513589,21.666666666666668,0,65,65,1,SUCCESS,513589,4N334vjQT_2M9_alJiwOQA
634,DraftSchematic#1026,1690874473132,3,171698,169266,515095,39.666666666666664,0,119,119,1,SUCCESS,515095,aaVzf8EuToihpFLEDSttpA
635,ContinuousSchema#1262,1690915682841,3,171702,168215,515106,20.0,0,60,60,1,SUCCESS,515106,S29_PskXQNOvW88L-HYpNg
636,CompleteState#1338,1691134667281,3,171735,169680,515205,40.666666666666664,0,122,122,1,SUCCESS,515205,Ct6ooD-YT2qSA3f5Jta_HQ
637,ComplicatedByte#5095,1691120258746,3,171812,165742,515437,38.666666666666664,0,116,116,1,SUCCESS,515437,E7VijMULQbSeSocPgudmGQ
638,ImmutableHypothesis#3604,1691123010119,3,172047,165794,516141,40.666666666666664,0,122,122,1,SUCCESS,516141,5as1cqzFRR25IMyZhHPyiA
639,ProcessingOrder#2407,1691134742376,3,172427,170011,517281,40.666666666666664,0,122,122,1,SUCCESS,517281,TLDunjvESYmbVpD-9MBYuA
640,Zero-dayCoder#9123,1691120211202,3,172470,162879,517412,40.666666666666664,0,122,122,1,SUCCESS,517412,eljOMJa7T4uo0O9yWMk9gg
641,angainiaaa,1691133460445,3,172486,170591,517458,40.666666666666664,0,122,122,1,SUCCESS,517458,p-JUkwfSSgqLF_NlfPI_Yw
642,CodeServer#4592,1691121075545,3,172511,162864,517533,40.666666666666664,0,122,122,1,SUCCESS,517533,Ira9i72STWaXc66wHZj9hQ
643,StructuredHacker#0929,1691128267747,3,172580,168737,517741,40.0,0,120,120,1,SUCCESS,517741,q0p06EZtRyqlGU-ZT_zWiQ
644,TheLicketySplit-SzeWa,1691172657953,3,173042,166137,519127,39.0,0,117,117,6,SUCCESS,519127,nQ4Pz-EvS0KNUZKeQCYjQg
645,LoopingCircuit#2843,1690990047625,3,173199,166123,519598,41.0,0,123,123,1,SUCCESS,519598,HlHqLa6sQ42uHoxP-lTHTg
646,IterableFormula#2117,1691121320661,3,173423,169592,520271,41.0,0,123,123,1,SUCCESS,520271,nI5EID3kSPOnGGsjyt-WYw
647,UnicodeConsole#4557,1691127083246,3,173549,172869,520647,21.0,0,63,63,1,SUCCESS,520647,DBsPZhtsRbGD_wQCkR7gAw
648,VariableTheory#1743,1691148262620,3,173799,170198,521397,41.0,0,123,123,1,SUCCESS,521397,aQahWZPVSDChfBhSQoMXrA
649,ImmutableNotation#2541,1691128995392,3,174462,172739,523387,40.333333333333336,0,121,121,1,SUCCESS,523387,UJ_F3ByNQIazZ3HeZTXpcw
650,UrgentByte#4633,1691133882754,3,174578,165936,523736,41.333333333333336,0,124,124,1,SUCCESS,523736,U_8PPow9TWuiBI85nQdmPA
651,CyberneticSandbox#5114,1691124172370,3,174601,166411,523804,41.333333333333336,0,124,124,1,SUCCESS,523804,Umih_InVRKGhl71p2Ny8yA
652,AlphaUpdate#2265,1691120977873,3,174733,169270,524200,41.333333333333336,0,124,124,1,SUCCESS,524200,18r9pfSZSWaKoUjbUb5g-g
653,ProgrammingTester#1763,1691123163778,3,174909,169868,524729,41.333333333333336,0,124,124,1,SUCCESS,524729,tGmQ8UAUR0ytG3CScg4-gQ
654,RobotGrid#2797,1691138477427,3,174936,173596,524809,41.333333333333336,0,124,124,1,SUCCESS,524809,IHNJcS8gR5OcR2K51KLWsQ
655,FungibleRequirements#1821,1691124040945,3,174981,169470,524944,41.333333333333336,0,124,124,1,SUCCESS,524944,-c3qFsHoQVGzGnRfmrP0SQ
656,CrypticVariable#2752,1691124780027,3,175425,172934,526276,39.666666666666664,0,119,119,1,SUCCESS,526276,irfSVInST8OLYy0d3UM73w
657,10xGrid#2798,1691150514456,3,175498,173006,526494,39.666666666666664,0,119,119,1,SUCCESS,526494,Nun7t0a8QjWh0qbl2Rdfbg
658,NestedValue#5788,1691120225645,3,175602,167327,526808,40.333333333333336,0,121,121,1,SUCCESS,526808,gI7eCG8PRVmF1XmgUamXTQ
659,GammaCircuit#6990,1691143936698,3,175798,173725,527396,39.666666666666664,0,119,119,1,SUCCESS,527396,Aw_ZZMEhRmCGR4gFNn8NpA
660,DesktopObject#8843,1691120591959,3,175935,169395,527807,41.666666666666664,0,125,125,1,SUCCESS,527807,b4_Sww0bTx6DROjM3M_85w
661,PythonSandbox#9899,1691123302241,3,175955,173267,527866,41.666666666666664,0,125,125,1,SUCCESS,527866,V5BMWG7URkKKHs7QHyrIGw
662,InfiniteSpec#5418,1691120766874,3,176358,174328,529075,41.666666666666664,0,125,125,1,SUCCESS,529075,aQxkTDTWRSWDEAIEczhDZg
663,PythonSandbox#5257,1691138542018,3,176464,168993,529392,42.0,0,126,126,1,SUCCESS,529392,FFUf0iBVTseUoWyPf72Jpw
664,BISA-groot,1690974492903,3,177166,172393,531499,39.333333333333336,0,118,118,1,SUCCESS,531499,yxXvFBiITS2gw2Ih0vv3Mg
665,raceraini,1691133546023,3,177321,170614,531964,42.0,0,126,126,1,SUCCESS,531964,vUzMdXSlQ8C7j90YJ_7Rng
666,huaqiang163,1691125926379,3,177451,174026,532354,42.0,0,126,126,1,SUCCESS,532354,9kHyFgHxSGSB89WWCh_ztA
667,VariableNotation#6068,1691141439777,3,178006,176598,534020,42.333333333333336,0,127,127,1,SUCCESS,534020,LBQW0g4QRh6r-ytF4Ewz2Q
668,UrgentUpdate#3245,1691124359389,3,178580,176994,535742,42.333333333333336,0,127,127,1,SUCCESS,535742,V8KxadaZR1iAJlDMUr6yOw
669,UpdatedLoop#7363,1691142026169,3,179511,177072,538533,42.666666666666664,0,128,128,1,SUCCESS,538533,ie_Y0PaoQgKPhpoAm1Z0Yw
670,FunctionalArgument#2067,1690881182856,3,179627,179473,538882,42.0,0,126,126,1,SUCCESS,538882,SchOoNdbQHCi2AN81PxTUg
671,NotJeff,1690918319945,3,179821,176131,539465,40.0,0,120,120,1,SUCCESS,539465,Bq1DUqzRTTCixHr4KNM4yQ
672,JAMMINNI,1691214582253,3,180464,176717,541393,39.0,0,117,117,2,SUCCESS,541393,13_gq_GZTESgCf1qPh20FA
673,UnicodeSemicolon#0194,1691138683316,3,182267,177817,546801,43.333333333333336,0,130,130,1,SUCCESS,546801,FCaHDiCHQOGxK3uJq2De2w
674,ThisSemicolon#7703,1691119868154,3,182578,180785,547735,24.333333333333332,0,73,73,1,SUCCESS,547735,iL1Z29NnSO-bT6vrwOIbZA
675,GroupB-TeamB#5363,1691185883150,3,183196,177735,549590,26.333333333333332,0,79,79,1,SUCCESS,549590,Kl2YaSxdSa6kCk1oe4XTYg
676,SallyCarrera,1690918211172,3,183207,172797,549621,41.0,0,123,123,1,SUCCESS,549621,qFfp-CFESZ6rYN_SvMFkvg
677,CleanExpression#1768,1690989729241,3,183551,179583,550653,41.333333333333336,0,124,124,1,SUCCESS,550653,G4yvbKpiQzqfGsH1BJtV9A
678,NeuralSchema#5682,1691154291253,3,185427,177484,556281,40.333333333333336,0,121,121,2,SUCCESS,556281,rOHAPCJNSgGPaqhAOjqqVw
679,TestingTable#7349,1691260820526,3,186136,180197,558409,24.666666666666668,0,74,74,1,SUCCESS,558409,xfL4ktodROqKcqCracqeBQ
680,GroupA-TeamF-Nicholas,1691265264363,3,187918,186802,563756,42.333333333333336,0,127,127,1,SUCCESS,563756,wAhkS3HhTOqTkwoneOBf1w
681,HashableVariable#9163,1691155387036,3,188683,180318,566050,41.333333333333336,0,124,124,1,SUCCESS,566050,tEkzOCd_SRW2fMfpzsunHw
682,FuturisticParameter#2034,1691129642429,3,189355,187270,568067,41.666666666666664,0,125,125,2,SUCCESS,568067,d5weAMZCQa-ITwJBQQLtKA
683,TeamVetri-JeremiahJoelPeter,1691121884143,3,190175,181066,570525,43.666666666666664,0,131,131,1,SUCCESS,570525,NIlhWXI5SnCMjDWM-86v6Q
684,Hot-Wheels-TT,1691035660867,3,192735,185002,578206,34.333333333333336,0,103,103,1,SUCCESS,578206,LXIDBxnpQhmBXjPMZR4O0w
685,PrimeArithmetic#2633,1691122636139,3,192748,187701,578244,42.666666666666664,0,128,128,1,SUCCESS,578244,4tNQtm_0TDm_FBvUJLnw_g
686,TestingCallback#1769,1691120426497,3,193512,188397,580536,46.333333333333336,0,139,139,1,SUCCESS,580536,n9m8xMWWSFWidyBC2YZpzA
687,AlphaPointer#6124,1691152627498,3,194582,192747,583748,46.666666666666664,0,140,140,2,SUCCESS,583748,9KNOwVvTRLmWFveUkfXngg
688,FormulaicTable#5119,1690964219883,3,195140,183195,585420,29.333333333333332,0,88,88,1,SUCCESS,585420,9uXUOt3tT_KGedFNCB4OVw
689,HotWheels-Joey,1691036591197,3,196222,189662,588666,24.666666666666668,0,74,74,1,SUCCESS,588666,CJ3we9haTNygmtaRdtQkWQ
690,ImportantLanguage#3676,1691138394525,3,198425,189340,595275,47.666666666666664,0,143,143,1,SUCCESS,595275,Ad5-rl2mSwWCwE6pKLlNHA
691,GenerativeNode#1111,1691121531996,3,198766,192465,596298,28.666666666666668,0,86,86,1,SUCCESS,596298,VACt64HxQJqRLmtP0fMdnw
692,MemorySemicolon#2601,1691124178200,3,199404,189811,598213,29.0,0,87,87,1,SUCCESS,598213,zLb7gNjxRkC897pneuiKwg
693,UpdatedPresentation#6022,1691153285787,3,199825,196345,599476,40.0,0,120,120,2,SUCCESS,599476,boiqqaSrTA-JT9dupCv34A
694,GammaScript#9316,1691126107518,3,202868,199269,608604,41.0,0,123,123,2,SUCCESS,608604,jxuRkIjFTlGeoBvO3aOqmQ
695,CodeLog#9168,1691119755144,3,204933,195272,614799,30.0,0,90,90,1,SUCCESS,614799,wa29oIZ0SdSaJCezQLj-lg
696,AgileGame#5162,1691170275534,3,206046,204667,618139,30.333333333333332,0,91,91,1,SUCCESS,618139,1MmfOT7FQby776JOsAM9Mg
697,HashableToken#9277,1691068898211,3,206176,204125,618529,30.666666666666668,0,92,92,3,SUCCESS,618529,kU81Sm1lQSCz74waoNbV0Q
698,CleanBrackets#2819,1691121454013,3,207351,205988,622053,42.333333333333336,0,127,127,2,SUCCESS,622053,Oeed43SjT-uH1ZJ-o4_krQ
699,IterativeCircuit#2786,1691120050521,3,207713,205147,623139,31.666666666666668,0,95,95,1,SUCCESS,623139,TDNaua68TZyuq14TdnOlEA
700,UrgentSemicolon#4416,1691119832155,3,208352,195334,625056,31.666666666666668,0,95,95,1,SUCCESS,625056,HUBbwAhTS7eBwuY2xkFLFA
701,BackloggedServer#1708,1691121721965,3,210960,209727,632881,50.333333333333336,0,151,151,1,SUCCESS,632881,5lq58GwhSViUm0qen_0Dlg
702,SolvableOrder#2857,1691125102694,3,212552,210265,637658,51.666666666666664,0,155,155,1,SUCCESS,637658,O2PQgZ84QeOtpWMbvdROKg
703,Huiliang-Lui-SGCC,1691035519201,3,213869,211935,641609,40.0,0,120,120,2,SUCCESS,641609,4zhoyKc-S9yNFn3JONx_4A
704,DesktopBrackets#5030,1691120472894,3,216019,214664,648058,33.333333333333336,0,100,100,1,SUCCESS,648058,P3vKA23xRn2K3EHvb8WlxQ
705,metola,1690994052504,3,217586,214634,652758,49.0,0,147,147,1,SUCCESS,652758,f5Xh0_KSTQuR4-qmMA_PlA
706,HashableEnvironment#1233,1690962347752,3,220304,215601,660912,54.0,0,162,162,1,SUCCESS,660912,sbQvtT3LSBGz8SjIwfmekg
707,PrimeToken#7883,1691304295328,3,221897,216529,665692,36.333333333333336,0,109,109,1,SUCCESS,665692,1A7f-l0ZStyVRYqnoU_GHw
708,AIDOBELEAF-WEINA,1691089068070,3,224085,218672,672256,43.333333333333336,0,130,130,1,SUCCESS,672256,3CSvYhFsSB-zva70dtExgw
709,Fast-fil-a,1690919389324,3,224775,215054,674327,40.0,0,120,120,1,SUCCESS,674327,J0v7QonATh-0AagYnDJojA
710,ReferenceBraces#5952,1691121092273,3,227419,221866,682258,55.666666666666664,0,167,167,1,SUCCESS,682258,mVZ7RQ4JQRmZ9y_NfGY_lA
711,BlockchainBraces#3913,1691141155355,3,234182,229014,702547,57.666666666666664,0,173,173,2,SUCCESS,702547,IWBCUHErQmOUFh7u1gLQqg
712,JetCatDynamos-Shauna,1691036065892,3,235600,231065,706801,38.666666666666664,0,116,116,1,SUCCESS,706801,fTnsjJj1R5iKnX2vy-CX4g
713,NestedBreaker#7468,1691002319162,3,238811,235542,716433,41.666666666666664,0,125,125,2,SUCCESS,716433,yxZ80hX8QKekgxHwUspiww
714,TestingVariable#4933,1691119768458,3,241073,240085,723221,41.333333333333336,0,124,124,2,SUCCESS,723221,kcwcL7vRQy2YJ4b4FWfS8g
715,TeamCPD-Grace,1691035969692,3,242674,239745,728024,41.666666666666664,0,125,125,1,SUCCESS,728024,JoqoijzFTiusHImuZS8fqQ
716,EncryptedCoder#2704,1691156044880,3,242729,239200,728188,42.0,0,126,126,1,SUCCESS,728188,k4UXUEjsTX-zGLRIFFdOxA
717,NestedAttention#7558,1691122901479,3,242806,239076,728420,42.0,0,126,126,2,SUCCESS,728420,mMbVNXTqTZOVgttazSB4pA
718,TestingConsole#6143,1691121390841,3,243379,233466,730139,42.0,0,126,126,2,SUCCESS,730139,btQT4CstS4GZd5DZOBW27w
719,ReferenceInterface#7652,1690947445788,3,243404,237479,730212,42.0,0,126,126,1,SUCCESS,730212,QwbH2plBREiw6g55WfIgvA
720,CDDLegionOfWayfinderNewbies-Eric,1691035590485,3,243404,236134,730214,42.0,0,126,126,1,SUCCESS,730214,tlwnj6OpRlmAw2N1fs0Krg
721,IterableConsole#8389,1691127139912,3,243628,237150,730884,42.0,0,126,126,1,SUCCESS,730884,tTbmlNgoRCaQ7CPL3Uk3NQ
722,JPMC-NYC-EnlightenedAI,1691123653851,3,243643,235996,730929,42.333333333333336,0,127,127,1,SUCCESS,730929,VRdXNfDoQDS87kXcvMucMQ
723,ProvisionalCircuit#1797,1691120867439,3,244336,239935,733009,42.333333333333336,0,127,127,2,SUCCESS,733009,GEtG_B-zQUi3Amf6XWjzHw
724,ProvisionalError#2328,1690898657975,3,244686,240521,734059,42.333333333333336,0,127,127,1,SUCCESS,734059,oEYc4fZBRp2hVmEGkoscRQ
725,FunctionalOrder#6442,1691124263359,3,244816,242200,734450,42.666666666666664,0,128,128,2,SUCCESS,734450,M5d2wFOJRYKnA_SRJAmOJg
726,ArtificialExpert#6202,1690950657921,3,244851,226610,734554,60.0,0,180,180,1,SUCCESS,734554,a4CP9SJZTOa3Lqh1VqEq8A
727,AlphaAttention#0691,1691127291477,3,244998,239269,734994,41.666666666666664,0,125,125,1,SUCCESS,734994,jOJ_kH3TTU2jVCLeksXWDg
728,CreativeSandbox#4137,1691316998633,3,245312,236271,735936,42.666666666666664,0,128,128,1,SUCCESS,735936,yEjg318SShmDhbbv4BhzfQ
729,AnthonyNg,1691226894763,3,245693,239605,737081,42.666666666666664,0,128,128,1,SUCCESS,737081,13HXFjEET0yw1PvIsWKISA
730,DraftCommand#1491,1691036905366,3,245717,242955,737151,43.0,0,129,129,2,SUCCESS,737151,fynJlKCeQ6mGGTpOf8awug
731,BlackAbacus,1690917902884,3,245922,240239,737767,42.666666666666664,0,128,128,1,SUCCESS,737767,YhAfhp5fQ9i69ZEOCbWYXA
732,ProvisionalFormula#9150,1691125050024,3,246196,243716,738589,43.0,0,129,129,1,SUCCESS,738589,tsTZPtCARTqAw8DJveQuIg
733,BrainyGrid#4965,1691128483528,3,246518,239461,739555,43.0,0,129,129,2,SUCCESS,739555,74GYSFsiTXeRRx_qxbLFIQ
734,IterativeUpdate#0894,1691035544380,3,246848,243937,740546,43.0,0,129,129,1,SUCCESS,740546,3ylJJwAPRJqkCEIKAeqqtw
735,JPMC-LDN-CORTEX-RACER,1690985996129,3,247135,240334,741406,43.0,0,129,129,1,SUCCESS,741406,rbJUl3YSSxqJgG-QaNpNag
736,VirtualScript#4944,1691122233812,3,247267,239618,741803,43.333333333333336,0,130,130,2,SUCCESS,741803,AfhupZ12TnK-S-BPjFe6LQ
737,IntelligentObject#2654,1690981071738,3,247403,242265,742209,43.333333333333336,0,130,130,1,SUCCESS,742209,Z7Ha51jCQRe1wZ3PU3flAQ
738,QualitySwitch#7929,1691119826050,3,247509,245534,742527,43.333333333333336,0,130,130,2,SUCCESS,742527,yOWSs_KBTQ2_UebNwuaHUg
739,CreativeMachine#8018,1691140523083,3,247780,243416,743342,43.333333333333336,0,130,130,2,SUCCESS,743342,E20-p56aT8i9Nvfa1I_NuA
740,DesktopHypothesis#6166,1691124040260,3,247822,243329,743466,43.333333333333336,0,130,130,2,SUCCESS,743466,kEoXcK_PTu679frmo6phBg
741,XYZ-XinTian,1691035559621,3,247826,243743,743478,43.333333333333336,0,130,130,1,SUCCESS,743478,_AtENBFiT4abA1bEyN6cEA
742,663518681718-SG23-khakh8,1691227891301,3,247954,246471,743864,43.333333333333336,0,130,130,1,SUCCESS,743864,nze1856aSUOtK1mhVXM76g
743,HotWheels-Chris,1691036156725,3,248588,246331,745765,43.666666666666664,0,131,131,1,SUCCESS,745765,dOSphrgITWyGhBYVQlbXyQ
744,BetaBuster#3044,1691119760287,3,248664,243008,745992,43.666666666666664,0,131,131,2,SUCCESS,745992,azl8aHHERpyIJpcLlO6OhA
745,ZoomZoomBird-Wayne,1691035852708,3,248958,243192,746875,43.666666666666664,0,131,131,1,SUCCESS,746875,PK084KXZQauMlbHBcR3c3Q
746,faefasef,1691120569587,3,249409,249069,748228,44.0,0,132,132,2,SUCCESS,748228,FKYGv2T8QJaj-7f_aVYw0A
747,CurlyScope#8953,1691121312608,3,249453,246081,748361,44.0,0,132,132,2,SUCCESS,748361,9Gl_3gUpSVuD3Gl9-1W0NQ
748,StructuredDigit#3993,1691121952054,3,249598,241992,748796,44.0,0,132,132,1,SUCCESS,748796,xH7iaGpdQxyLIrGA9OyEbQ
749,CriticalBottleneck#6430,1691123024368,3,249627,246120,748883,44.0,0,132,132,1,SUCCESS,748883,HoadLnFnS128ahNwJu-xWw
750,SolvableVariable#4665,1691134899945,3,249799,242739,749398,44.0,0,132,132,1,SUCCESS,749398,J1y6gasORxGtu2bmN5uYRQ
751,TestableLog#6753,1691326422726,3,249879,247257,749639,44.0,0,132,132,1,SUCCESS,749639,Fufv8DgJQyeUzCh3NdCdQw
752,UrgentEnvironment#6328,1691124388691,3,249944,249899,749833,44.0,0,132,132,2,SUCCESS,749833,Mb_Fh_Z7R16fypXC8jTAQQ
753,Machine486#0116,1691116552200,3,250098,246601,750295,44.0,0,132,132,1,SUCCESS,750295,ozraXpVOS1mArs0zohRz3w
754,GroupA-TeamB-Roger-Kevin-Alex-Newton,1691210850782,3,250669,246930,752007,44.333333333333336,0,133,133,1,SUCCESS,752007,ibmPDrBhRveayx45c5zCbw
755,RecursiveDelta#5973,1691124317158,3,251117,249741,753352,44.333333333333336,0,133,133,1,SUCCESS,753352,JLq7B7cZR36gjy9H_gUX4w
756,Hot-Wheels#2000,1690997100664,3,251490,246404,754472,48.333333333333336,0,145,145,1,SUCCESS,754472,qATILBgKS_atFQa6G0nZAA
757,YiShLin,1690997951173,3,252778,249477,758336,45.0,0,135,135,1,SUCCESS,758336,p0-JFNoCTiWpDr7vS7PprA
758,AIDOBEONLEAF-Ernest,1691035570011,3,282132,279658,846398,60.666666666666664,0,182,182,1,SUCCESS,846398,00ww1YGiRpKmf8w1SkXKSQ
759,BetaPoint#1223,1690951466647,3,287327,276263,861982,53.0,0,159,159,1,SUCCESS,861982,u07q_BEVR-yahsydiflRow
