Alias,SubmissionTime,LapCount,AvgLapTime,BestLapTime,TotalLapTime,AvgResets,CollisionCount,OffTrackCount,ResetCount,SubmissionCount,Rank,LeaderboardSubmissionStatusType,RankingScore,RacingDivision,UserId
rosscomp1,1665451454105,3,18708,18201,56126,0.0,0,0,0,2573,1,SUCCESS,56126,PRO,fb0d597a87f94697aa1c6w
JPMC-MUMBAI-FormulaAI,1665574976684,3,19795,19417,59386,0.0,0,0,0,7,2,SUCCESS,59386,PRO,Gx2StgEoSza3Gxxo4Oghug
Ensono-Ernesto,1665397442511,3,19930,19597,59792,0.0,0,0,0,82,3,SUCCESS,59792,PRO,8zBEAp0-S5yGbcZvytGZGQ
DaVinciDriver,1665565118079,3,20130,19668,60392,0.0,0,0,0,352,4,SUCCESS,60392,PRO,XtzXYz2pRByDnXz90XNGSw
JPMC-TeamOne-BuenosAires,1665536307272,3,20777,20276,62332,0.0,0,0,0,30,5,SUCCESS,62332,PRO,Fy8bvUIzSN-N-e3D74JhPw
JPMC-JC-RougueRunner,1665368638421,3,21333,20865,63999,0.0,0,0,0,65,6,SUCCESS,63999,PRO,PlB6UYgYSK-JUbiKTqUF8Q
ferrite,1665105607056,3,21375,21346,64126,0.0,0,0,0,5,7,SUCCESS,64126,PRO,SRAgn9lMTCmIjaBREP7hxA
Selehann-Matt,1665575880941,3,21593,21203,64779,0.0,0,0,0,1341,8,SUCCESS,64779,PRO,cVk-aYKdRUmuL0qmjyzmag
JPMC-MEXICO-FuerzaBruta,1665354397564,3,21729,21379,65189,0.0,0,0,0,585,9,SUCCESS,65189,PRO,ja9G8Oc5R82GvO0xrE7OHg
JPMC-AngryWookie-Columbus,1665218564369,3,22287,21997,66862,0.0,0,0,0,714,10,SUCCESS,66862,PRO,rIIziACfQnGou4zeDTbyTg
RobinCastro-DBS,1665178458545,3,22660,22377,67982,0.0,0,0,0,108,11,SUCCESS,67982,PRO,7KrbyQXvTBOxnBa0p9YuUA
tranvietdung-DBS,1665372219382,3,22707,22334,68122,0.0,0,0,0,831,12,SUCCESS,68122,PRO,3OwVWi6tQDCpBzKpWfHj7Q
PITS-1,1665563752106,3,22751,22353,68255,0.0,0,0,0,85,13,SUCCESS,68255,PRO,CThkSPLERtyRM5OptykzEQ
nero-DNPds,1665577781755,3,23033,20732,69100,0.6666666666666666,0,2,2,48,14,SUCCESS,69100,PRO,fdqnbHDPSbKcnf8kE5xuMQ
JPMC-Rogue-HYD,1664762643811,3,23442,20536,70326,0.6666666666666666,0,2,2,14,15,SUCCESS,70326,PRO,LKdw_hyKTSu7moFuxbmiZw
JPMC-Chetak-Singapore,1665212507316,3,23746,22609,71240,0.3333333333333333,1,0,1,4,16,SUCCESS,71240,PRO,LJzDpiNuTFeHu9dsqp1APw
AJM-Model-1,1665086077356,3,23875,22195,71626,0.3333333333333333,1,0,1,4,17,SUCCESS,71626,PRO,gdsU9bkGRWW7LTEHP4rGgQ
EP-RIO,1664933313810,3,24039,22604,72118,0.3333333333333333,1,0,1,45,18,SUCCESS,72118,PRO,_ARh_JWqRH-khggA_9cN0Q
Deepak-dpk,1664952175460,3,24097,22245,72293,0.6666666666666666,2,0,2,3,19,SUCCESS,72293,PRO,gDTBFK77TM6wD6uObZlulA
--Aziz--,1665123891703,3,25710,24795,77132,0.3333333333333333,1,0,1,47,20,SUCCESS,77132,PRO,GPNPp_iMStGjxTirRZJREA
JPMC-DriftKing-Houston,1664740612642,3,26108,23065,78324,0.6666666666666666,1,1,2,1,21,SUCCESS,78324,PRO,fngewpiZSZm11yX7YgwnMA
AIDeepRacer,1664686768176,3,26285,20750,78855,1.6666666666666667,1,4,5,6,22,SUCCESS,78855,PRO,pIRbdCx6QYatgVXm2p5GbA
rapirapi-BIP,1665461671135,3,26460,24912,79382,0.6666666666666666,1,1,2,42,23,SUCCESS,79382,PRO,qsYR-A-0S2OHA1cvbeFfSg
RT22,1665417407285,3,26508,25990,79526,0.0,0,0,0,20,24,SUCCESS,79526,PRO,R7HnUxFsR7WSiNVQ8L4-tA
Chicken-and-rabbit-craziest-duo,1665510224092,3,27774,24402,83324,1.0,3,0,3,3,25,SUCCESS,83324,PRO,eocuTuXWSKOXBRTqs1nhEw
JPMC-LONDON-HandsFree,1664816479069,3,27801,25670,83405,1.6666666666666667,2,3,5,7,26,SUCCESS,83405,PRO,DZAYqyd-Tp6eE15IopWCgQ
PolishThunder,1665359490584,3,27927,26646,83781,1.3333333333333333,2,2,4,4,27,SUCCESS,83781,PRO,qi512oGVTry8V-KtP6j2_w
barkingdog,1664586665742,3,27954,21601,83864,1.6666666666666667,4,1,5,1,28,SUCCESS,83864,PRO,b3960b6c6f58458880ceew
Yuliya,1665397477704,3,28910,23195,86732,1.6666666666666667,1,4,5,53,29,SUCCESS,86732,PRO,JWJgkv8bSKeMIGYZ9roR-A
TCL-Moongi,1665458307001,3,29004,24685,87014,1.0,1,2,3,1,30,SUCCESS,87014,PRO,RgTvucbNQja7yiYbgh2p9A
ZoD,1665222565504,3,29062,26467,87186,1.6666666666666667,2,3,5,22,31,SUCCESS,87186,PRO,TFtvCas4TRWchrBPMyGh0A
BennyLBS,1665287638924,3,29131,25728,87393,1.0,1,2,3,17,32,SUCCESS,87393,PRO,wD3fjDFZTJaZd9AU7WRDlA
Mentaiko-DevelopersIO,1664888864624,3,29243,22911,87729,2.0,0,6,6,31,33,SUCCESS,87729,PRO,Wt5C8BPAS0OPlzY3-txb-w
YeeV,1665466730170,3,30127,25788,90381,1.3333333333333333,4,0,4,16,34,SUCCESS,90381,PRO,M7RHVH5ZSDWGqwqaaWiftw
satussy777,1664886427834,3,30682,27199,92047,1.0,3,0,3,51,35,SUCCESS,92047,PRO,IYaF6LtbRWmZE9xBm87JmQ
Doug-Racer,1664860176858,3,31159,28996,93478,2.6666666666666665,0,8,8,2,36,SUCCESS,93478,PRO,1R021ZoDQrqxSUiHfBvyEw
Langley-BIP,1665103833325,3,31998,28988,95996,1.0,3,0,3,29,37,SUCCESS,95996,PRO,8JXLSKkhQVin2JwAVdbPzw
NapapiirinSankari,1664891363347,3,32663,30998,97989,1.3333333333333333,0,4,4,21,38,SUCCESS,97989,PRO,owJavcU1QoCmdXLlBMjY3w
Pipsqueak6993,1665056052399,3,32795,30128,98387,0.6666666666666666,2,0,2,61,39,SUCCESS,98387,PRO,t0OrSHOwSJGIh_E80UL8Jg
JPMC-London-WackyRacers,1664980614105,3,33399,29729,100199,2.3333333333333335,4,3,7,5,40,SUCCESS,100199,PRO,S1EcBZeaRjW2s85WNzBBog
JPMC-HYD-CircuitBreakers,1665462469638,3,33426,28346,100279,2.6666666666666665,2,6,8,16,41,SUCCESS,100279,PRO,5Z9lAFNASzesOzD7FFfSHw
LeetWorkaround#9088,1664713860393,3,33555,31735,100665,2.3333333333333335,2,5,7,14,42,SUCCESS,100665,PRO,bGc4gvRSSrmed0EUZ2EbUw
AJ-Unamuno-#42,1665070183627,3,33841,32006,101523,0.3333333333333333,1,0,1,68,43,SUCCESS,101523,PRO,KQL5hNNZS1K6VadVBQCxRw
Try,1665569084671,3,34554,32794,103663,1.6666666666666667,0,5,5,126,44,SUCCESS,103663,PRO,laru_fPeR5y9kOqYFM4DwA
EatMyGas,1665188232361,3,34626,34536,103878,1.0,0,3,3,313,45,SUCCESS,103878,PRO,G49XjRGRR76Xv00WxIMvnQ
Tomorrowland-Speedway,1664821947752,3,34727,31661,104183,0.6666666666666666,0,2,2,794,46,SUCCESS,104183,PRO,AuyCOezGRKOT-zoMo85Ekg
MixerTruck,1664874963868,3,34841,33599,104523,1.3333333333333333,0,4,4,93,47,SUCCESS,104523,PRO,bom98UZhRQSisIXdf39rCg
JPMC-BMTH-RacersOfTheLostArk,1665237923066,3,35133,26406,105399,3.6666666666666665,4,7,11,4,48,SUCCESS,105399,PRO,4607b3c36ab4490cad7a4w
5dl,1665462296824,3,35133,26071,105401,3.3333333333333335,0,10,10,6,49,SUCCESS,105401,PRO,DBVc9n_uQ0-r-Cqkz3YweA
DILAB-K,1665304722826,3,35205,33618,105615,1.6666666666666667,2,3,5,137,50,SUCCESS,105615,PRO,0GC8o5_hRCaKgz2FfIGgyA
SchwartzSUN#0012,1665163312071,3,35335,33868,106006,1.6666666666666667,0,5,5,15,51,SUCCESS,106006,PRO,PXDXeynpQROX2h_xTCfj5A
UnboundMetaclass#1758,1665198815346,3,35509,33459,106527,1.6666666666666667,5,0,5,5,52,SUCCESS,106527,PRO,LjAxpprEQR6yieN0J9BYVA
JPMC-HYD-SmartAccelerators,1664881746084,3,35894,33883,107682,2.6666666666666665,3,5,8,4,53,SUCCESS,107682,PRO,6jJ_fiuUQb2PZXOGkr3V7g
Hasenfalle#0012,1665054391068,3,35953,33535,107861,1.6666666666666667,0,5,5,24,54,SUCCESS,107861,PRO,bwmw-gjJRLWWjv0ynkUBKQ
GoodEveningWeAreFromUkraine,1665493764379,3,36156,36075,108468,1.0,2,1,3,14,55,SUCCESS,108468,PRO,oX4dpYxLTFG2UU6NprA-7g
Marco-Petralia,1665500566340,3,36269,34530,108808,1.3333333333333333,3,1,4,11,56,SUCCESS,108808,PRO,Ok4vyAe8T4mFkrhhn39AKw
SonOfBrick,1665575508340,3,36442,32337,109328,3.0,1,7,9,59,57,SUCCESS,109328,PRO,tJMfqKOwReuFufGOOoSHBA
BoltronRacingTeam,1665117669726,3,36886,32526,110659,3.3333333333333335,4,6,10,1,58,SUCCESS,110659,PRO,Lkrg6gQPQ5qwn61K16MHhg
ultrasaurus,1665163073798,3,36941,32557,110824,1.3333333333333333,2,2,4,54,59,SUCCESS,110824,PRO,xajpBpfiS86IZBPMjplvOg
SFEngine#3625,1665155535952,3,37001,34596,111005,0.6666666666666666,2,0,2,104,60,SUCCESS,111005,PRO,rLIKVultTHC2s2XwIjaBcw
Gilles96,1664828096014,3,37375,35867,112125,2.3333333333333335,1,6,7,16,61,SUCCESS,112125,PRO,MmrkMozjT22OtKpxG9Lm-Q
KnightCrawler,1665486877844,3,37533,31403,112600,1.6666666666666667,4,1,5,6,62,SUCCESS,112600,PRO,kfWhJVBySRmpRSjYiD8ezA
JPMC-KWGKMY-HongKong,1664669773745,3,38016,32260,114048,4.666666666666667,4,10,14,2,63,SUCCESS,114048,PRO,zKdKXknwQVCObGdEgutObQ
simon-hill,1664885755949,3,38056,33762,114169,2.3333333333333335,5,2,7,24,64,SUCCESS,114169,PRO,RXNuLA3PS4OprzeySYy87A
Rober,1664888426565,3,38084,28660,114253,2.6666666666666665,4,4,8,2,65,SUCCESS,114253,PRO,KrRSYhzKTfONjRaDUc_ubQ
VurnKambal,1664597447283,3,38233,34197,114700,4.0,2,10,12,35,66,SUCCESS,114700,PRO,rFls1ImYQjyVCfQ5Q3St4w
Rikard-Lindberg,1665404932589,3,38332,35275,114996,1.6666666666666667,2,3,5,10,67,SUCCESS,114996,PRO,CVoG2k1mRtSluK-JmbNpbQ
CodeMachine,1664683644259,3,38357,27128,115073,3.0,3,6,9,5,68,SUCCESS,115073,PRO,b_WzN_r8ToGPle_8bl2tMA
ProgrammingAnalyst#5035,1665213569751,3,38663,37530,115991,1.3333333333333333,1,3,4,28,69,SUCCESS,115991,PRO,Ka4pfqmRSIihkBUInIO2SQ
TH3-MAK3R,1665296489730,3,39173,34733,117521,2.3333333333333335,1,6,7,11,70,SUCCESS,117521,PRO,XOD7PcQ7Q6y3wnxkMoJrJg
pradeepr,1664650339365,3,39398,33736,118194,3.3333333333333335,4,6,10,60,71,SUCCESS,118194,PRO,dcZsVINVTFO9AfLCvg92MA
OsyOsy,1665338218708,3,39480,35528,118442,3.6666666666666665,6,5,11,2,72,SUCCESS,118442,PRO,3itfR0AOSiGl4x2s6JthHw
Galileo,1665052433698,3,39545,34968,118636,4.333333333333333,2,10,13,14,73,SUCCESS,118636,PRO,Y79AzaaOR-u4LVKMxu1Mdw
pauli,1664695880990,3,39565,35395,118697,1.0,3,0,3,2,74,SUCCESS,118697,PRO,40faf93f6fbe487cadee4w
BamBamBoo-BIP,1664775405996,3,39642,33395,118927,2.6666666666666665,3,5,8,1,75,SUCCESS,118927,PRO,5hwG_oWkQm243S5NSYfoww
shiyuan,1665400465804,3,39890,38544,119672,2.3333333333333335,1,6,7,11,76,SUCCESS,119672,PRO,WiaTm3PnR_KrDUuXqU2JJA
MrGunsCar#0007,1664967529002,3,39915,37470,119746,0.6666666666666666,2,0,2,5,77,SUCCESS,119746,PRO,Ob4xtZ5MQ5-u_EVsXCflwg
F1TINHA,1665321585220,3,39946,38933,119839,4.0,1,11,12,12,78,SUCCESS,119839,PRO,MwngqaYVQkGfCo52KXHxOg
LJHJ,1665468851509,3,40154,38671,120464,3.3333333333333335,3,7,10,10,79,SUCCESS,120464,PRO,waEG946yR6OgIPE4csSmWg
QiuMingShanFanChe,1664816303281,3,40178,36196,120534,2.0,6,0,6,19,80,SUCCESS,120534,PRO,lLP5TB_mQLWH4lkFBJA75g
SteveMilner-Atos,1665071378688,3,40400,37462,121201,3.0,1,8,9,19,81,SUCCESS,121201,PRO,jje9JZuSS-eNtNHa1leSng
Mark-Cooper,1664626718647,3,40464,34454,121392,2.6666666666666665,3,5,8,9,82,SUCCESS,121392,PRO,CvVvfgi0QUO9_AhKvoW9GQ
Kire,1665074119113,3,40516,36326,121548,1.6666666666666667,4,1,5,4,83,SUCCESS,121548,PRO,N0y9CR6fQN-a4UlAFsTC5Q
Ateam#technopro,1665305193958,3,40753,39671,122261,1.0,2,1,3,9,84,SUCCESS,122261,PRO,E4xurUV8T6SI2FUKWoCwtA
JPMC-SG-TurboSnail,1665235958445,3,40865,39869,122597,4.333333333333333,2,11,13,47,85,SUCCESS,122597,PRO,a7S2V2QUTU6tPOYpA8RePQ
amkerr,1664939255919,3,41783,39867,125349,3.6666666666666665,7,4,11,1,86,SUCCESS,125349,PRO,2R1bsOUiRceGpNP9wKliAw
Ronnie#2002,1664814427962,3,41828,39200,125484,2.6666666666666665,0,8,8,87,87,SUCCESS,125484,PRO,evEj4D0TTZamDeMeEUWDpw
DBro,1664829539112,3,42002,33337,126008,5.666666666666667,4,13,17,2,88,SUCCESS,126008,PRO,jEkEOpjZRhGUbyDZIfTo_A
HY-Auto,1665493998910,3,42119,37868,126359,4.333333333333333,6,7,13,2,89,SUCCESS,126359,PRO,IkiWMtj4Ri2qIIK9wZuFiA
HameenHitain#42,1664886795601,3,42490,40410,127472,4.666666666666667,1,13,14,6,90,SUCCESS,127472,PRO,44YjKeFtRFyv_g8ljvEg1w
17ss3-1,1665504495450,3,42526,36868,127579,4.666666666666667,2,12,14,27,91,SUCCESS,127579,PRO,fjuKBAz-Tum_Kx7xbvE2yg
Neil-the-tortoise-Clark,1664986796778,3,42630,38739,127890,3.0,7,2,9,5,92,SUCCESS,127890,PRO,SM7LSJiKRViYz4b7yAcSWA
AutomatedTest#2312,1664804605590,3,42637,37071,127912,3.6666666666666665,3,8,11,4,93,SUCCESS,127912,PRO,uqYeMKr0TEe7gAK87pzdRQ
Bindu,1665072803410,3,42864,36658,128594,3.6666666666666665,5,6,11,16,94,SUCCESS,128594,PRO,1yPrGO_vRrqlkEETYKgGyg
zhouxingchen,1665305283327,3,42953,38061,128859,3.3333333333333335,3,7,10,10,95,SUCCESS,128859,PRO,XKn4l6KBQ3OzA_Ry73hxDw
Mark-Ross,1664784097380,3,42974,39658,128922,4.0,3,9,12,37,96,SUCCESS,128922,PRO,F_ThjPFRSx-guPadHlwEuA
Yupa-DNPds,1664755798639,3,43132,33403,129397,5.0,5,10,15,2,97,SUCCESS,129397,PRO,jgRyYla-RkS2kr2rVBdEZA
DeepInterface#1383,1664975228225,3,43152,40520,129456,4.0,3,9,12,3,98,SUCCESS,129456,PRO,JjmVAhaTQUeLJzyDaefuIQ
nrnmnrn,1665462523908,3,43286,38804,129860,3.0,6,3,9,39,99,SUCCESS,129860,PRO,gZs_oETrQQCVlW5iOLG4lQ
ssm-DevelopersIO,1664860121757,3,43404,41942,130212,4.666666666666667,6,8,14,5,100,SUCCESS,130212,PRO,XWuPseyZQLOMJ31jSvdfog
BeeyeM,1664995638866,3,43647,38535,130941,3.3333333333333335,4,6,10,17,101,SUCCESS,130941,PRO,PdoWr1sNSvqGr4zalPAR6A
JPMC-London-Adam,1664803418275,3,43870,39533,131610,2.0,3,3,6,2,102,SUCCESS,131610,PRO,MKyQktY7RcKa36uMHbmmJQ
Kadoya-BIP,1665567789910,3,44349,40390,133049,3.3333333333333335,6,4,10,15,103,SUCCESS,133049,PRO,A4zT_x5MRteJPj0oR9X3UA
ShibaInu-DevelopersIO,1665519086953,3,44359,33074,133077,5.666666666666667,3,13,17,172,104,SUCCESS,133077,PRO,q3lEztDGTfSD-GgkF5IgTg
RazorCrest,1664844383102,3,44425,38196,133277,2.0,5,1,6,4,105,SUCCESS,133277,PRO,qK7g-5TzSRmODElingdzJg
BenHornerTech,1665157347211,3,44433,30430,133301,4.0,4,8,12,12,106,SUCCESS,133301,PRO,3OSV5g9YSgylkMp2BvoVnw
CH#HKT,1664614855243,3,44529,38124,133589,4.0,7,5,12,5,107,SUCCESS,133589,PRO,XJNMPh7lSd6ywcha-m24Cw
Dfwdeepracer2,1665563778435,3,44620,36395,133860,2.3333333333333335,6,1,7,9,108,SUCCESS,133860,PRO,0bHKxSFCR2aL2CUrGAZRVQ
QIAOCHEN#0007,1665254781523,3,45172,41730,135518,5.0,6,9,15,9,109,SUCCESS,135518,PRO,J0m-xb8DTnuGfehZqjBgrQ
TGIF-Sain,1664683658821,3,45378,40474,136135,4.333333333333333,3,10,13,2,110,SUCCESS,136135,PRO,Cq9XjISrSfS8rObK01Msjg
IronPower9K,1664979829147,3,45486,40203,136458,1.3333333333333333,3,1,4,2,111,SUCCESS,136458,PRO,NqF2CQEBSfGymxECBqyG2A
unicornering,1665488233056,3,45537,41343,136613,2.0,2,4,6,7,112,SUCCESS,136613,PRO,WK6MYodBRAm3kkrj8X6mtg
HayatoT-FromSmertSE2019,1664723028329,3,45644,43748,136932,3.6666666666666665,4,7,11,1,113,SUCCESS,136932,PRO,MI-vdPU5Slqk9JOEOfMoOQ
zhi-jacky,1665493817925,3,45670,41803,137012,4.333333333333333,6,7,13,7,114,SUCCESS,137012,PRO,6CZjiGnJTNCNcOVU0SiIYw
IntelligentTheory#1663,1665284894716,3,45710,40669,137131,3.3333333333333335,4,6,10,1,115,SUCCESS,137131,PRO,wVT3hrvvStqNOv29_AE7kw
Daniel-Zecena-Atos,1664989990258,3,45863,40811,137591,5.333333333333333,4,12,16,14,116,SUCCESS,137591,PRO,pV0V7DDhSMiMw3n65cd9_A
NW,1664948608031,3,45868,45136,137604,4.0,2,10,12,2,117,SUCCESS,137604,PRO,WqiE0K2uQ7qL9jFk2BppSQ
JingyaoBai#02,1665043895020,3,45937,43663,137812,1.6666666666666667,4,1,5,10,118,SUCCESS,137812,PRO,t9hzC8K9RJqNN_7NDpTE-A
sobil,1664971407657,3,45980,35594,137941,4.0,4,8,12,13,119,SUCCESS,137941,PRO,bVVeNJqRTeecdeWwM1JzGQ
ArtificialPotato#0018,1665111338630,3,46046,42268,138138,3.3333333333333335,4,6,10,34,120,SUCCESS,138138,PRO,DtS2Kf42ROCLWjpT7vQA_Q
IterableFunction#7929,1665248799563,3,46351,44927,139054,4.333333333333333,2,11,13,15,121,SUCCESS,139054,PRO,2NXMBaezRmmIU8qQqP0_EQ
Banquito,1665435537055,3,46425,42607,139277,4.0,4,8,12,1,122,SUCCESS,139277,PRO,8nrZMW2YT1i7ieUen4raRQ
JPMC-HYD-Fast-And-Furious-4,1665254974485,3,46581,43607,139744,5.0,6,9,15,1,123,SUCCESS,139744,PRO,vA_gK0vxTNWI-MTWEWLAxw
TheTrackBoss,1665451002632,3,46614,37596,139842,6.666666666666667,1,18,20,955,124,SUCCESS,139842,PRO,hbVXmPNNTAGt_ndmy0JCtg
The-CarroLoco,1664777656498,3,46730,42727,140192,3.0,3,6,9,49,125,SUCCESS,140192,PRO,SiuqMim6STSDZpqnPrwHVg
MPS,1665309770033,3,46746,44696,140238,5.666666666666667,6,11,17,15,126,SUCCESS,140238,PRO,ij4wbNfhQWOX_W7SRysQrw
Dimitri,1664810675161,3,46782,42803,140348,4.0,3,9,12,15,127,SUCCESS,140348,PRO,5ff8e242551c42fbbb759w
IVECO-eDaily-Arbon,1664862804036,3,46827,40358,140483,5.666666666666667,2,15,17,49,128,SUCCESS,140483,PRO,6TdUG4aCSPGpCC0drwk7pw
famestad,1664637545876,3,47197,41200,141593,2.6666666666666665,5,3,8,2,129,SUCCESS,141593,PRO,s9LTJ3mFS3ihdLu88LjXiA
UrgentDigit#1031,1664782457073,3,47290,47005,141870,8.0,0,24,24,8,130,SUCCESS,141870,PRO,4gNT349XRKCJJ8XBRx-UwQ
IrisJiang,1665234481473,3,47314,46221,141943,4.333333333333333,3,10,13,23,131,SUCCESS,141943,PRO,i3RzP_N0Rk-3nqXMRsrA0g
ProgrammingPatch#0786,1664754263723,3,47315,44003,141945,6.0,3,15,18,27,132,SUCCESS,141945,PRO,hKfMFZQpS7-_9_VW2MXzwQ
xutianqi,1664959147447,3,47354,46060,142063,4.333333333333333,6,7,13,13,133,SUCCESS,142063,PRO,D7LBHlWfRsu1_JafESzl9A
Phvs3,1664619243737,3,47513,41669,142541,4.333333333333333,4,9,13,13,134,SUCCESS,142541,PRO,1uytjdLsT8GpKWsHn15OBw
nickyl,1665070135173,3,47884,46002,143653,6.666666666666667,2,18,20,1,135,SUCCESS,143653,PRO,O0GALYAoRfGA0kUV6ftgqQ
DerWalrus,1664821220810,3,47935,45996,143805,4.333333333333333,7,6,13,12,136,SUCCESS,143805,PRO,53eg7VgvS6Kz_X0pCrGlcg
KM-Harrier,1664595718242,3,48043,37990,144129,7.0,2,19,21,1,137,SUCCESS,144129,PRO,3b8cUKuuQfOWQgfjZSeVFw
Dikingtest,1665493315443,3,48086,40057,144259,5.333333333333333,5,11,16,43,138,SUCCESS,144259,PRO,V7hZig2GQ_mNOkxRXPlTug
SolvableDocumentation#9297,1664975867918,3,48304,36642,144913,3.0,5,4,9,10,139,SUCCESS,144913,PRO,Fmchj-tjTBiLQZBApOeE_g
DeepRacerSam,1664731954680,3,48332,47009,144997,2.3333333333333335,6,1,7,1,140,SUCCESS,144997,PRO,R22FBKQsSMKmRaTpNdD76A
TBA-ToBeAutomated,1665019747370,3,48393,40458,145181,3.0,5,4,9,3,141,SUCCESS,145181,PRO,karVXLuRQryZw-EzPtmXMA
CarCarCi,1665223304114,3,48420,46134,145261,5.666666666666667,3,14,17,15,142,SUCCESS,145261,PRO,eJo1Bv43T2KgtjY7o1_Bmw
Lohi,1665413891490,3,48424,47939,145273,2.0,2,4,6,18,143,SUCCESS,145273,PRO,vxtE0adwQ_uxjR9r5OSW5w
Wonky-Racers,1664671024211,3,48510,44204,145530,4.333333333333333,7,6,13,13,144,SUCCESS,145530,PRO,RNZyeBPtRUOrZxbq3SWBpQ
null-throttle,1664880667276,3,48916,42399,146749,6.666666666666667,2,18,20,3,145,SUCCESS,146749,PRO,tsq8oAdOR62B6jG2SwXZkw
KayTee,1664946112040,3,49108,44183,147324,5.666666666666667,3,14,17,4,146,SUCCESS,147324,PRO,BvLuh1NXRk63ifapyHPhEg
fengmaolin,1664705005753,3,49733,44060,149200,4.666666666666667,4,9,14,4,147,SUCCESS,149200,PRO,FPdcsJT5SvGpoLc-CgUpwQ
QualityPackage#7059,1665104225037,3,49751,47864,149255,4.666666666666667,1,13,14,1,148,SUCCESS,149255,PRO,6o-j0T10ShGDrIcniaQYSw
QuickCircuit#9099,1664915788608,3,49798,46203,149396,7.0,4,17,21,5,149,SUCCESS,149396,PRO,e1145bMEQQiDt-p_BVpyJQ
JPMC-MUMBAI-MLRacers,1665520974268,3,49843,42124,149531,6.666666666666667,9,11,20,2,150,SUCCESS,149531,PRO,mvhmcw-ET5igAaFz3O6kGw
BlueCow03#6810,1665063659262,3,49873,48599,149620,6.333333333333333,4,15,19,2,151,SUCCESS,149620,PRO,6GG0PiBoQ1iaR7P_5teMLA
PassingComment#9750,1664809363156,3,50029,41885,150089,6.333333333333333,2,17,19,8,152,SUCCESS,150089,PRO,52DZ3MuzSKOIhcV6gKaiCA
bnlab,1665563612007,3,50129,45545,150388,5.333333333333333,7,9,16,2,153,SUCCESS,150388,PRO,O7xLLQsRRdqOU4_uYROVaw
ZhuangQiangGuaiWan,1664616930119,3,50190,44535,150570,4.666666666666667,8,6,14,6,154,SUCCESS,150570,PRO,bpRXoyvXTcOT5xDplfkcXg
JAMMINNI,1665372264771,3,50202,44934,150606,6.333333333333333,6,13,19,22,155,SUCCESS,150606,PRO,13_gq_GZTESgCf1qPh20FA
MariusArdelean,1664696462415,3,50215,44972,150647,4.666666666666667,3,11,14,2,156,SUCCESS,150647,PRO,8kKCN0BTT56aWwt1NMpqvw
Fantastic4,1665469623412,3,50271,44132,150814,4.666666666666667,6,8,14,1,157,SUCCESS,150814,PRO,w-nX_0yZQTOQDvFdQJQwPA
XXQ#0011,1665235234484,3,50372,40469,151118,3.3333333333333335,6,4,10,13,158,SUCCESS,151118,PRO,hiKSX36rSVaCFX11v2fd9w
Chicane-Jack,1664628073193,3,50486,45996,151458,6.333333333333333,4,15,19,3,159,SUCCESS,151458,PRO,u7oNPG9HREeJfgZGUv6iIw
technopro#shimizutsuneaki,1665335895109,3,50559,48403,151679,4.333333333333333,7,5,13,12,160,SUCCESS,151679,PRO,ZG4lP9FbS2GYqab2_5Du1w
JuanSuarezG,1664642176784,3,50752,47682,152258,8.0,4,20,24,2,161,SUCCESS,152258,PRO,RhVrzKGeQgucqv_LfjIqUw
HK-WilliamLeung,1664887567275,3,50826,47682,152478,5.666666666666667,0,17,17,559,162,SUCCESS,152478,PRO,SOaLDMtJTQWr55eR6v710Q
KeimolaRacingTeam,1664987827772,3,50842,49190,152526,7.666666666666667,5,18,23,5,163,SUCCESS,152526,PRO,4AZIrKR6TLGYn0I4dp9PDA
ThankUTelstraDefEng,1664862178353,3,50960,47206,152880,8.0,4,20,24,5,164,SUCCESS,152880,PRO,8n-Iaf39TuS_uw6T6Y9lZw
MK#5197,1664719469796,3,51043,49208,153129,4.666666666666667,8,6,14,3,165,SUCCESS,153129,PRO,Pxiin58OQB-FKy3zHBZvaQ
SCRIC-Ryan,1664912810159,3,51204,47336,153614,3.3333333333333335,5,5,10,1,166,SUCCESS,153614,PRO,BFZ8ruGPTICOc1eMDPLSeA
Yuchen19940503,1664760384721,3,51219,44660,153659,3.6666666666666665,6,5,11,2,167,SUCCESS,153659,PRO,oUfQns0FTv-aHb6QwVIf4w
Everest-DNPds,1664866343612,3,51354,35994,154064,7.333333333333333,9,13,22,4,168,SUCCESS,154064,PRO,13eb4731e0c1457ca4d7dw
ikun,1665418333722,3,51379,50866,154138,6.333333333333333,4,15,19,10,169,SUCCESS,154138,PRO,wB6s6jfSS_qVLpkDCPIm4Q
tuntun#0010,1665134651338,3,51509,44860,154529,4.666666666666667,5,9,14,7,170,SUCCESS,154529,PRO,aTSAuPgCS9S0XrH2z9VxcQ
nalbam-me,1664587058920,3,51520,48359,154562,7.666666666666667,4,19,23,1,171,SUCCESS,154562,PRO,PnRru4vBRkeyT4xX6LOCtw
Selfcar,1665458471482,3,51532,50135,154596,5.333333333333333,6,10,16,12,172,SUCCESS,154596,PRO,xTOHas_PTW-uGi_lkPol2g
BACHU,1664593933388,3,51554,48874,154662,5.666666666666667,2,15,17,2,173,SUCCESS,154662,PRO,zJ8UrtluTnu7Jb5MYG7oiw
The-CarroLoco-PitCrew,1665074835398,3,51576,45386,154728,6.0,2,16,18,8,174,SUCCESS,154728,PRO,KkOk-O9HTFSRYvNAej8r_w
WekRacer,1664782842704,3,51663,46532,154991,6.333333333333333,7,12,19,3,175,SUCCESS,154991,PRO,LiNdKnlNSoqjuaSIBcviBA
F1-DevelopersIO,1665047676918,3,51729,48271,155189,6.0,9,9,18,2,176,SUCCESS,155189,PRO,UzQrKbzfSKyZCEf6eD2PBA
Dots,1664799231608,3,51807,44754,155423,7.333333333333333,4,18,22,1,177,SUCCESS,155423,PRO,eFanxdl4R22QTt5v53RaGQ
CatchMeIfUCan,1665002253655,3,51846,48727,155540,6.666666666666667,5,15,20,14,178,SUCCESS,155540,PRO,bYJtsgACTjKD23DZIjRtEA
gcjordi,1664821869597,3,52286,46733,156858,4.666666666666667,5,9,14,3,179,SUCCESS,156858,PRO,4n-0HYIyQ2241dJ4tZirRg
NekoKart-Platium,1665459172258,3,52466,48203,157398,5.666666666666667,3,14,17,4,180,SUCCESS,157398,PRO,XLUm_PwpR9STCSh9riGWsA
Takiaisten-Herra,1664796875656,3,52551,50794,157654,6.333333333333333,6,13,19,2,181,SUCCESS,157654,PRO,aVZzXS-2Q7ig_G1Q1FJK5g
Legomyeggo,1665018145317,3,52564,50059,157693,4.666666666666667,7,7,14,4,182,SUCCESS,157693,PRO,VyvOhvvnRp-CpR1v4VGDnQ
TSS-samaujs,1664958971717,3,52640,48601,157922,6.333333333333333,3,16,19,37,183,SUCCESS,157922,PRO,BteX7647QUyM2a2hexL2ZA
JPMC-HOU-D1,1665177765320,3,52709,51872,158129,8.0,5,19,24,2,184,SUCCESS,158129,PRO,64bbcd919ce94266a0594w
NickRoy,1664832769178,3,52903,43174,158710,6.0,10,8,18,3,185,SUCCESS,158710,PRO,rFmvGRiWSGGSXMQv6I3cpQ
UpgradedState#1901,1664688831788,3,53334,50262,160003,7.0,7,14,21,34,186,SUCCESS,160003,PRO,UjRWY3I2Sk6gxdakDx1utA
LIZHI,1665211179044,3,53407,45876,160223,4.333333333333333,8,5,13,3,187,SUCCESS,160223,PRO,TsTyHawuTJaC1YxO-H-nbw
JPMC-JerseyCity-DeepRacers,1664687372688,3,53508,53074,160524,8.0,6,18,24,1,188,SUCCESS,160524,PRO,sGrJzwIVRZ6-HawSmV1Tyg
Beeeeee,1664999346803,3,53512,45141,160538,7.333333333333333,5,17,22,1,189,SUCCESS,160538,PRO,fuRDPPvITkaZi6SBr9BVUA
SharanJeevangi,1664622976937,3,53689,50599,161068,6.0,6,12,18,2,190,SUCCESS,161068,PRO,gDm9X-57R0WVkYTUSbPOEw
KWON,1664856099574,3,53778,45852,161336,6.333333333333333,5,14,19,9,191,SUCCESS,161336,PRO,DplPbQepT5iDPJ0_iSmzHg
TUNTUN#0010,1665037649595,3,53799,49474,161398,4.333333333333333,7,6,13,15,192,SUCCESS,161398,PRO,MgJJRKDSTU2FIB0i3cVmlQ
AE85,1664712373415,3,53868,48069,161604,7.666666666666667,8,15,23,3,193,SUCCESS,161604,PRO,uqcyCF-rSeCZyT4Re49bpQ
RiseUp,1665506638937,3,53997,48932,161992,8.333333333333334,3,22,25,1,194,SUCCESS,161992,PRO,oAarKppPTaSLHeXKakRiVg
Jupiter#,1665574168212,3,54063,48454,162190,6.0,8,10,18,2,195,SUCCESS,162190,PRO,AoON4OlnTFGw31HhrGXX_w
Beelzebub#0495,1664631667384,3,54090,46806,162272,8.0,7,17,24,1,196,SUCCESS,162272,PRO,DMFm_6byQ9SA3Hmd67VKEA
W4tson,1664664460717,3,54134,49931,162402,6.333333333333333,6,13,19,1,197,SUCCESS,162402,PRO,Y2b6IuelQJyJft9KkaH8-g
StarApple,1664603569035,3,54232,52290,162696,7.666666666666667,7,16,23,4,198,SUCCESS,162696,PRO,7v3h7Y7BRwC3ZBKw840TWg
Z3ddx,1664601378961,3,54284,53056,162854,6.333333333333333,9,10,19,1,199,SUCCESS,162854,PRO,lB7OvrjXS7CM0NMeM6IDPg
Patrisel#PWRS,1664795569869,3,54485,51926,163457,6.666666666666667,7,13,20,8,200,SUCCESS,163457,PRO,8tc3jYo0T6-Ws_lg7ZEZMA
HigherNode#7484,1665333376460,3,54508,49533,163525,6.333333333333333,8,11,19,1,201,SUCCESS,163525,PRO,XnXzJvmuTAqldMitscHfqg
tianpengfei1,1665490660965,3,54632,41967,163896,6.666666666666667,9,11,20,4,202,SUCCESS,163896,PRO,nDzSdzDwQHKs05ltH5d7Jw
SwishJay,1665376706441,3,54710,52134,164132,2.6666666666666665,5,3,8,18,203,SUCCESS,164132,PRO,wQbSwkgBQX6bBIdNAoY0GQ
Naveen#3312,1664740305739,3,54888,46793,164666,7.0,3,18,21,6,204,SUCCESS,164666,PRO,_NyDIXEiRiKbfmvb_irQTw
BoogieTimeProductions,1664802439541,3,55109,50614,165327,8.333333333333334,2,23,25,9,205,SUCCESS,165327,PRO,MUyQlFafT0yFhQr1sApn9Q
GDTawk,1665419217143,3,55241,54127,165724,6.0,7,11,18,2,206,SUCCESS,165724,PRO,du5FhYsYTLqDPhHy-q_ZvQ
shuoliux,1665386844586,3,55330,49798,165991,4.666666666666667,10,4,14,5,207,SUCCESS,165991,PRO,MvYZ9Ov9QWmevyK6Q2aZZQ
xialei6,1665212648016,3,55558,45874,166675,6.666666666666667,2,18,20,4,208,SUCCESS,166675,PRO,MwERSHvwSZ6mJIf9X6mctg
JPMC-Glasgow2-RPMChaser,1665159387439,3,55690,52732,167072,8.0,0,22,24,1,209,SUCCESS,167072,PRO,c134eede4abe4ba2bec68w
Andrew-Ponce,1664604410177,3,55754,49194,167263,8.0,5,19,24,5,210,SUCCESS,167263,PRO,MyGmiFVkT7e3Kfo5TPnlxQ
jego-express,1665486336929,3,55938,46737,167814,5.666666666666667,7,10,17,3,211,SUCCESS,167814,PRO,M7Uxju9gRmKhhU9nB4QdOA
gabrielkoo#HongKong,1664602126883,3,56137,51412,168411,5.333333333333333,6,10,16,1,212,SUCCESS,168411,PRO,ydUnMZutQDmeS4U2pIDYLg
Kwon,1664856110601,3,56199,50268,168597,7.666666666666667,8,15,23,9,213,SUCCESS,168597,PRO,LRHYsGu3SSyW09Y2yN-Qfg
liyang65,1665325645709,3,56224,50611,168674,7.666666666666667,12,11,23,1,214,SUCCESS,168674,PRO,ws9-YVdkQOGcSZ9LigwLpg
SquareFormula#3115,1664748369293,3,56400,52265,169200,6.0,9,9,18,1,215,SUCCESS,169200,PRO,9YN8whUZQK2DEJr7fqdvMA
jiazhe1,1665313107275,3,56529,45997,169587,6.0,8,10,18,6,216,SUCCESS,169587,PRO,YIcWctAiTW23hp25li0STw
Adam-Niu,1665517970174,3,56597,54267,169792,7.666666666666667,4,19,23,17,217,SUCCESS,169792,PRO,-mYtVYWFRXaby3hy_KwQWw
fengxiaoshuang,1665577324897,3,56603,50001,169810,6.666666666666667,6,14,20,2,218,SUCCESS,169810,PRO,P3mKfH-jRtSEuQlffJ38lQ
raj-1205,1665275509026,3,56842,48869,170527,4.333333333333333,7,6,13,1,219,SUCCESS,170527,PRO,558a49745f8843aea7db6w
liliangji,1665399394154,3,56933,48666,170800,7.333333333333333,5,17,22,1,220,SUCCESS,170800,PRO,6hYrufSUTJSo0qe5yXYoBQ
StarScream,1664841425841,3,57221,54266,171664,6.0,6,12,18,5,221,SUCCESS,171664,PRO,ZOsY7UlJRICPuCzBEXAqZQ
Breadcentric,1664657964709,3,57243,53201,171729,8.333333333333334,4,21,25,4,222,SUCCESS,171729,PRO,SjNec5b-SpOk7y9b6rh4KQ
fengqiushi,1665304333323,3,57267,52996,171803,8.333333333333334,8,17,25,2,223,SUCCESS,171803,PRO,s9ryYpzZTz2BXsnIE_ftBA
JOKES2,1664905779537,3,57529,52250,172587,7.666666666666667,5,18,23,2,224,SUCCESS,172587,PRO,PZ94od3-QdSVzooSGz8-yQ
KCKKC,1665556924293,3,57777,51529,173332,7.666666666666667,6,17,23,1,225,SUCCESS,173332,PRO,v6AQ3jpESJuMkjcXmoetCA
AM730,1665047360480,3,57808,51131,173426,7.666666666666667,5,18,23,41,226,SUCCESS,173426,PRO,BVyCq7XIT-ObuDsJfFVtDA
Provectus-LB,1664933529267,3,57864,49393,173594,6.666666666666667,8,12,20,1,227,SUCCESS,173594,PRO,4d577caab472441c88a5ew
NFS-DevelopersIO,1664700978648,3,57914,53729,173742,4.0,5,7,12,5,228,SUCCESS,173742,PRO,GK7UAsIgT-GSTRiXQi_cLQ
DRC-Hong,1665421773737,3,58109,54999,174327,6.666666666666667,8,12,20,2,229,SUCCESS,174327,PRO,Mnd8yZ_qQ5uKIbcCN6u0Hw
DMC12,1665385668132,3,58664,56809,175994,7.333333333333333,5,17,22,7,230,SUCCESS,175994,PRO,t6akakTTQ7Oyu4PVNIZmYw
MattCamp,1664892245023,3,58800,56470,176401,9.666666666666666,6,21,29,3,231,SUCCESS,176401,PRO,9z8BN2mkSj-Dlb_Chg_0Hw
technopro#koboritomoyuki,1664622543322,3,58825,55993,176475,8.666666666666666,4,22,26,6,232,SUCCESS,176475,PRO,K2j2pcyYT8OsIDz0ty7oSQ
GRS,1664791533536,3,59582,58401,178747,7.666666666666667,7,16,23,25,233,SUCCESS,178747,PRO,eYLzPue2TcGEI7LEvEm8hw
IceManNCSU,1664806518777,3,59911,53207,179733,5.666666666666667,6,11,17,1,234,SUCCESS,179733,PRO,3a7d947b99fb49f682909Q
WannabeLightningMcqueen,1665161831123,3,60157,46402,180471,9.666666666666666,5,24,29,1,235,SUCCESS,180471,PRO,CvvhKAfjQ2SevroJNJUtUA
Stary-Dream,1665494192271,3,60799,57671,182398,7.666666666666667,6,17,23,5,236,SUCCESS,182398,PRO,vgBJFBdwRemfNSwJoPTUTw
ASCIILine#1656,1664632328479,3,60861,56037,182583,7.333333333333333,12,10,22,1,237,SUCCESS,182583,PRO,-LKiOrwlSYimrRFDJ8vlZw
AgentS,1665037462174,3,60929,52996,182789,4.666666666666667,10,4,14,1,238,SUCCESS,182789,PRO,McSRQAYRTSak0z7n3tLe9w
AKTN,1664904560732,3,61129,56852,183388,10.333333333333334,2,29,31,1,239,SUCCESS,183388,PRO,yWPs3pVARRWLhCsauKAJoQ
sio-systemio,1665296311086,3,61219,54533,183658,7.333333333333333,8,14,22,11,240,SUCCESS,183658,PRO,WJ20cLWQQga7gXnFrd_kQQ
BlackJack,1664699638324,3,61265,59874,183795,6.333333333333333,10,9,19,1,241,SUCCESS,183795,PRO,8mI_soJ5RUCCNlvMMoERbQ
BBA-ABB,1665055356527,3,61553,59924,184659,5.333333333333333,10,6,16,5,242,SUCCESS,184659,PRO,VPtkI3K3Sgma53KB5Zh6bA
Eva-racer-2022,1664608201241,3,61780,55884,185342,5.666666666666667,6,11,17,4,243,SUCCESS,185342,PRO,alQnwD2VRwK8K0Qw5FR6UA
FocusedInterface#6928,1664636131886,3,62133,56279,186399,7.666666666666667,9,14,23,1,244,SUCCESS,186399,PRO,nwiB6UWBSz6MW6j9KIu0rQ
Bangarang,1664848223573,3,62513,48868,187540,7.0,8,13,21,1,245,SUCCESS,187540,PRO,az0t2xkyR-uPme-Pb9Ts9g
JPMC-Columbus-IndecisiveSpices,1664933847108,3,64044,54463,192132,6.666666666666667,11,8,20,4,246,SUCCESS,192132,PRO,bf79533e497f4bb89ea79w
JPMC-Seattle-SuperSonics,1665512487454,3,64286,52867,192860,10.333333333333334,12,19,31,1,247,SUCCESS,192860,PRO,mEpuKBgHQE-76J-2IbaoNw
JieMo,1665382106849,3,64370,58977,193112,10.666666666666666,4,28,32,2,248,SUCCESS,193112,PRO,gVfFka8xT9qwPPAo3dRxXw
Lman,1664714898365,3,64382,57473,193148,6.0,5,13,18,2,249,SUCCESS,193148,PRO,scmMmIFGSwea2W_D0pVy8g
kashi,1665207380914,3,64508,56602,193526,12.0,4,32,36,20,250,SUCCESS,193526,PRO,oq7yCLy5QAeEP6k7o53L8A
JPMC-Columbus-CantDerive55,1664729592768,3,65000,61737,195000,7.0,11,10,21,1,251,SUCCESS,195000,PRO,1fecd68ded4342dfb484cQ
FuturisticAttention#1713,1665248240996,3,65331,59392,195995,7.666666666666667,13,10,23,2,252,SUCCESS,195995,PRO,LHnA2FxBRMCIAVYxtoU7sw
EncryptedComment#4211,1665092497012,3,65524,56260,196574,9.666666666666666,10,19,29,2,253,SUCCESS,196574,PRO,JK4RByXnQyateZcJKfZOQw
ComplicatedDiff#1016,1665097159274,3,65934,61192,197802,10.666666666666666,10,22,32,2,254,SUCCESS,197802,PRO,W_6sX9UMTZuJiVlUItM-Eg
Ashiq,1665495559544,3,66035,57595,198106,8.333333333333334,12,13,25,1,255,SUCCESS,198106,PRO,afEastFHR7maoIMhMnROJw
Kypepper#0510,1664778195683,3,66208,56798,198626,6.0,8,10,18,3,256,SUCCESS,198626,PRO,SEeRWFW2Qb2hmen3aIQRcw
ethz,1665022161556,3,66573,60793,199720,10.666666666666666,5,27,32,1,257,SUCCESS,199720,PRO,RJofbzrWRMKwt5G4P46C9g
CompleteVariable#3788,1665505114949,3,66733,62406,200201,12.0,8,28,36,3,258,SUCCESS,200201,PRO,bTt6yUrsQUygkQynnqWU-g
RiyadhUddin,1664727937152,3,66953,57402,200859,5.0,10,5,15,1,259,SUCCESS,200859,PRO,XEDnTwq3S1Kz0rVPu0hfrA
CodeTable#1072,1664720463555,3,67090,58738,201272,9.333333333333334,16,12,28,5,260,SUCCESS,201272,PRO,d--4nUH4RIC2Lfhjt3KETg
NestedPackage#7006,1665241004095,3,67242,58260,201727,5.666666666666667,11,6,17,1,261,SUCCESS,201727,PRO,kl_x-5Q4SQWOTSvZReGUVQ
gcjordi-eH,1664906875420,3,68754,61390,206264,5.333333333333333,6,10,16,2,262,SUCCESS,206264,PRO,hxnXJKpMRKSykoLhfHojdg
Groovy-DNPds,1664847703205,3,69381,60993,208145,9.333333333333334,10,18,28,1,263,SUCCESS,208145,PRO,a4fb0e167d0e4112942c1Q
onlythree,1664721727642,3,69734,57333,209204,10.333333333333334,5,26,31,2,264,SUCCESS,209204,PRO,23e254b25ea0443389ed6w
maaaaaa-BIP,1664957082046,3,69914,64278,209743,13.0,9,30,39,1,265,SUCCESS,209743,PRO,Ec673ByzRPa8VEy3CzYQZg
Prometheus#3,1665032130220,3,70064,56867,210194,9.666666666666666,5,24,29,1,266,SUCCESS,210194,PRO,Cyho5n2MTFKelrEJDZCASQ
speedyRat,1665160702543,3,71711,68198,215134,5.666666666666667,14,3,17,4,267,SUCCESS,215134,PRO,MPu7syIVRX-moh8dJe3yEQ
mayurmadnani,1664593754703,3,72252,60422,216757,11.666666666666666,6,29,35,4,268,SUCCESS,216757,PRO,hr8K12KMRhSIDUEJbQT8fg
fighter23rd,1665302886194,3,72289,67728,216868,12.333333333333334,14,23,37,1,269,SUCCESS,216868,PRO,KEkdkHT1SqmdEkY1qajpow
iliu,1664595335538,3,72911,56395,218734,9.666666666666666,12,17,29,1,270,SUCCESS,218734,PRO,878c0778e5244d8d99e1aw
MemoryTech#8603,1664905774548,3,74004,66589,222012,15.0,6,39,45,1,271,SUCCESS,222012,PRO,xxaYf1VGRjuPgpTD5G5r2w
ContinuousPoint#4640,1664930705847,3,74618,69796,223856,6.333333333333333,11,8,19,1,272,SUCCESS,223856,PRO,-S40ML83SAeAMkLZTP9cxw
AcronLabs,1664754218553,3,75468,71135,226404,10.333333333333334,11,18,31,2,273,SUCCESS,226404,PRO,s3OvxH_HSN-xGOEgf5tY6A
SC-GorillaSanTeam,1665040651685,3,76804,73719,230414,9.333333333333334,13,14,28,1,274,SUCCESS,230414,PRO,8alMXgSxSuiBujnFUvRCAg
LENG,1664831030230,3,76842,72599,230527,7.0,16,5,21,7,275,SUCCESS,230527,PRO,Txhgw2g2Rhitbv21UWfWQg
VipZar,1664950495268,3,78066,76867,234199,14.333333333333334,6,37,43,2,276,SUCCESS,234199,PRO,INT7FlT3T2CflLqWm38uaA
Rambogor-sky,1665241374698,3,79049,61475,237148,12.333333333333334,17,20,37,1,277,SUCCESS,237148,PRO,kzCEUPTcR3SlT-h_UfV7IA
Kypepper#0506,1664861050822,3,80985,74874,242957,12.666666666666666,17,21,38,2,278,SUCCESS,242957,PRO,UEn7xLtBSgGYaGb4TCjj1Q
AbstractDocumentation#5118,1665557993789,3,82687,76465,248062,15.666666666666666,12,35,47,1,279,SUCCESS,248062,PRO,iKDivPb2RZ-OXxqWkCTNqA
ProcessingScript#2869,1665224778216,3,83245,80134,249735,13.666666666666666,12,29,41,2,280,SUCCESS,249735,PRO,vtMTH5KjQKSTy-WjyyJw5Q
AnsonLo#168,1664769779273,3,83533,79731,250601,7.333333333333333,8,14,22,3,281,SUCCESS,250601,PRO,gtSpl1voTKi9PNoba42KfA
CracowNeedForSpeed,1665347188214,3,84437,79117,253313,8.666666666666666,10,16,26,3,282,SUCCESS,253313,PRO,xdv_c0z8SyeK5VhrCHIPMA
lululeopard,1664906169500,3,87598,71640,262794,11.666666666666666,11,24,35,1,283,SUCCESS,262794,PRO,GgfecL4gTTGQuYhXXFKrmw
Yare-BIP,1665459968981,3,89716,80934,269150,17.333333333333332,16,36,52,1,284,SUCCESS,269150,PRO,eRmBxgqUSR-iuseSxmkcOw
LunarDoughnut74,1664644613530,3,89841,85409,269524,5.333333333333333,15,1,16,1,285,SUCCESS,269524,PRO,pSqydTJDQ9KUsrqpBtcVmg
DC-Fanatics,1665508108209,3,90066,84002,270198,16.666666666666668,9,41,50,2,286,SUCCESS,270198,PRO,bsGj0K28S5Ol6HpiXlyOvA
GT-L23Racer,1664852618915,3,98864,82138,296593,19.666666666666668,9,50,59,1,287,SUCCESS,296593,PRO,VW75A2LVTKu9lUI8GwX8Aw
TestingArgument#3246,1665005027807,3,106107,99332,318323,24.0,6,66,72,1,288,SUCCESS,318323,PRO,ljLbOaNJSmKjKIjPrZAqXA
NFS2022,1665285511315,3,109402,100342,328206,15.666666666666666,13,34,47,1,289,SUCCESS,328206,PRO,5SWh-enDS0in0kYeZ1axhg
BLR-2-CodeBots,1665316572858,3,116424,108461,349274,25.333333333333332,6,70,76,2,290,SUCCESS,349274,PRO,Igj2rvcYQPiqLSD6Zzkhhw
HimanshuNakrani,1665577403912,3,117161,99662,351485,24.666666666666668,10,64,74,1,291,SUCCESS,351485,PRO,9wKiHMsqSi6iVDv3WDEg5g
Zero-Day-RS,1664911116585,3,118402,115732,355207,26.333333333333332,3,76,79,2,292,SUCCESS,355207,PRO,SB5IKbDqTiySRq2E-_ybXA
JCDR6-OptimusPrime,1665361001430,3,196421,185066,589265,35.333333333333336,33,73,106,1,293,SUCCESS,589265,PRO,RpbuejNxQ96VNzolo2UVWQ
