Rank,Alias,SubmissionTime,LapCount,AvgLapTime,BestLapTime,TotalLapTime,AvgResets,CollisionCount,OffTrackCount,ResetCount,SubmissionCount,LeaderboardSubmissionStatusType,RankingScore,UserId
1,EvidenMarkRoss,1730201712819,3,16128,16128,60661,0.3333333333333333,0,1,1,30,SUCCESS,16128,9OT4p4dXQ2K2J5pOUfeGfg
2,rosscomp1,1730149689026,3,16146,16146,93669,1.3333333333333333,0,4,4,8,SUCCESS,16146,fb0d597a87f94697aa1c6w
3,ZoD,1730052903032,3,16201,16201,128525,2.3333333333333335,0,6,7,50,SUCCESS,16201,TFtvCas4TRWchrBPMyGh0A
4,DBro,1730286479623,3,16262,16262,71863,0.6666666666666666,0,2,2,18,SUCCESS,16262,jEkEOpjZRhGUbyDZIfTo_A
5,CodeMachine,1729941120981,3,16265,16265,60455,0.3333333333333333,0,1,1,28,SUCCESS,16265,b_WzN_r8ToGPle_8bl2tMA
6,Duckworth,1730283124147,3,16469,16469,51335,0.0,0,0,0,25,SUCCESS,16469,VIu9BQ4-Th6gUqu60ztwUQ
7,JJ,1729565950722,3,16473,16473,61344,0.3333333333333333,0,1,1,8,SUCCESS,16473,afdcX_4vRH6Ussd0mbg5LQ
8,TonyJ,1730291284276,3,16733,16733,52456,0.0,0,0,0,50,SUCCESS,16733,af962be5a4ed4c57af807w
9,AIDeepRacer,1730221479779,3,16738,16738,61795,0.3333333333333333,0,1,1,5,SUCCESS,16738,pIRbdCx6QYatgVXm2p5GbA
10,Nariox,1728719946566,3,16796,16796,51328,0.0,0,0,0,6,SUCCESS,16796,AUWR9HasSr2j2V1bbAptNw
11,Ernesto-PhilJ,1730309488573,3,16871,16871,52193,0.0,0,0,0,44,SUCCESS,16871,8zBEAp0-S5yGbcZvytGZGQ
12,DaVinciDriver,1730299424063,3,16942,16942,83395,1.0,0,3,3,46,SUCCESS,16942,XtzXYz2pRByDnXz90XNGSw
13,Liao,1729751489235,3,16994,16994,51931,0.0,0,0,0,3,SUCCESS,16994,1mW7p6I1Q0-cB3Up-esBeQ
14,JPMC-Rogue-COL,1730251488535,3,17201,17201,64513,0.3333333333333333,0,1,1,33,SUCCESS,17201,_W5Y-ICNSuGKBn7bvv8qzw
15,JPMC-RacingRhino,1730163553458,3,17257,17257,52992,0.0,0,0,0,14,SUCCESS,17257,3b8cUKuuQfOWQgfjZSeVFw
16,Eviden-Simon,1730294612612,3,17269,17269,64125,0.3333333333333333,0,1,1,27,SUCCESS,17269,3XLO68TWRzyd6zo4IaoNYQ
17,Marco-Solo,1729841069331,3,17269,17269,53059,0.0,0,0,0,50,SUCCESS,17269,Hg2CJNXMRmijQmd_jMSJyw
18,MattCamp,1730306698297,3,17480,17480,63601,0.3333333333333333,0,1,1,1,SUCCESS,17480,9z8BN2mkSj-Dlb_Chg_0Hw
19,BSi,1729492123667,3,17533,17533,64252,0.3333333333333333,0,1,1,50,SUCCESS,17533,2eb231b0a43f4940bfed3w
20,JPMC-BA-MiguelG,1730220490539,3,17677,17677,75737,0.6666666666666666,0,2,2,29,SUCCESS,17677,ITPfFYXmSXKi3TqsvUHRKw
21,Fr3d,1730164391433,3,17732,17732,54595,0.0,0,0,0,15,SUCCESS,17732,7x6nmMRlQiWawqJ8wUE7jA
22,Kamiloj-ADL,1730046585706,3,17861,17861,55058,0.0,0,0,0,30,SUCCESS,17861,jmVlUw3DTUubDDSk3oOaPA
23,-Just-Be-Better-,1730244058283,3,17938,17938,108266,1.6666666666666667,0,5,5,25,SUCCESS,17938,X_dNmJilS8SDBQ44yzd2fg
24,m45,1728911988321,3,18063,18063,55113,0.0,0,0,0,1,SUCCESS,18063,EUSWllrrTRep0vB4VQ4RSg
25,YA#88,1730060438363,3,18066,18066,99066,1.3333333333333333,0,4,4,40,SUCCESS,18066,KBCP86t4SpaGJhXNb26AcQ
26,BobbieSoro,1729084109347,3,18134,18134,55597,0.0,0,0,0,1,SUCCESS,18134,aiBTBJ8VTSmeKae9xfJMLg
27,Parmila,1730135530862,3,18198,18198,55661,0.0,0,0,0,8,SUCCESS,18198,PPllYOoFTxm_aJyzm_Jz4A
28,nickyl,1730294570795,3,18199,18199,77328,0.6666666666666666,0,2,2,1,SUCCESS,18199,O0GALYAoRfGA0kUV6ftgqQ
29,janicedal,1730089495291,3,18206,18206,76805,0.6666666666666666,0,2,2,2,SUCCESS,18206,OwKO9HTAS66Q0EhLegROgg
30,Berbbobs,1728977449184,3,18336,18336,70061,0.3333333333333333,0,0,1,32,SUCCESS,18336,bt0g0Yx0R7KyvbtojGlP4A
31,BennyLBS,1730303710707,3,18407,18407,56331,0.0,0,0,0,3,SUCCESS,18407,wD3fjDFZTJaZd9AU7WRDlA
32,EldonNovic,1729330874753,3,18528,18528,76926,0.6666666666666666,0,2,2,1,SUCCESS,18528,mnn6gglKS1Cn18YKvVpbBg
33,Eviden-Rob-Rixson,1730282503530,3,18543,18543,67460,0.3333333333333333,0,1,1,8,SUCCESS,18543,YrXDx-_iShCKFcvX5KDIUw
34,JPMC-Speedy-Gonzales-LATAM,1729002181738,3,18666,18666,132255,2.3333333333333335,0,7,7,5,SUCCESS,18666,McOa_W8cTW2EErfZhOoKxA
35,JPMC-Leo-BuenosAires,1729015230720,3,18868,18868,78787,0.6666666666666666,0,2,2,9,SUCCESS,18868,em6_g8XoRJCdnEEY-COhEg
36,JPMC-London-Griffc,1727797499445,3,18871,18871,91392,1.0,0,3,3,2,SUCCESS,18871,S1EcBZeaRjW2s85WNzBBog
37,pmi-knk4#2630,1730255849673,3,18998,18998,60730,0.0,0,0,0,45,SUCCESS,18998,1ZYesBf7TMufV0hhreTW-w
38,JPMC-HYD-CircuitBreakers,1730227708295,3,19068,19068,58059,0.0,0,0,0,7,SUCCESS,19068,5Z9lAFNASzesOzD7FFfSHw
39,Off-track,1730220612903,3,19122,19122,58128,0.0,0,0,0,3,SUCCESS,19122,1R021ZoDQrqxSUiHfBvyEw
40,DoomBuggy,1728306683745,3,19135,19135,69657,0.3333333333333333,0,1,1,3,SUCCESS,19135,QakV_nzOTm2q_NhqUMwIJw
41,patelaniket,1730240615817,3,19198,19198,79130,0.6666666666666666,0,2,2,6,SUCCESS,19198,2CCdPkFvR0ShO04MUyRDKA
42,PITS-TK,1729942133331,3,19205,19205,59860,0.0,0,0,0,20,SUCCESS,19205,PVc7jVR2RxqbPMpBIhjZ0g
43,BapeLundger,1729083919031,3,19257,19257,78254,0.6666666666666666,0,2,2,1,SUCCESS,19257,Nz5lJbBVQIagqOXFw9P3Zw
44,Rober-rNiubo,1729254104922,3,19331,19331,60391,0.0,0,0,0,20,SUCCESS,19331,KrRSYhzKTfONjRaDUc_ubQ
45,JPMC-BA-D3,1728334781583,3,19334,19334,69735,0.3333333333333333,0,1,1,1,SUCCESS,19334,Fy8bvUIzSN-N-e3D74JhPw
46,laihuan,1730116574184,3,19338,19338,60123,0.0,0,0,0,3,SUCCESS,19338,VJsYhDIQQbu2QJwq2DqwhA
47,MattKreder,1728310378538,3,19400,19400,59332,0.0,0,0,0,2,SUCCESS,19400,cVk-aYKdRUmuL0qmjyzmag
48,kashi,1729740059829,3,19475,19475,61198,0.0,0,0,0,19,SUCCESS,19475,oq7yCLy5QAeEP6k7o53L8A
49,DarkStar,1729051189687,3,19743,19743,61127,0.0,0,0,0,2,SUCCESS,19743,RqPwhBT9R1Oxro8xj4XNmA
50,Velocity-5dl,1729351437102,3,19867,19867,61587,0.0,0,0,0,16,SUCCESS,19867,DBVc9n_uQ0-r-Cqkz3YweA
51,Eviden-Surojit2024,1729262656740,3,20135,20135,82388,0.6666666666666666,0,2,2,2,SUCCESS,20135,J1wwkIv7THCEOtq7arFvXA
52,barkingdog,1727850140669,3,20198,20198,72587,0.3333333333333333,0,1,1,1,SUCCESS,20198,b3960b6c6f58458880ceew
53,DrucillaBlatti,1729166673788,3,20201,20201,73723,0.3333333333333333,0,1,1,1,SUCCESS,20201,LsdJVJlLQsC5cQvv3J0utw
54,harinezumi-DNPds,1727893800589,3,20332,20332,103932,1.3333333333333333,0,4,4,7,SUCCESS,20332,6hha6WtBQLCivJX9auQn6A
55,JPMC-Spyder-HongKong,1730288397275,3,20529,20529,92994,1.0,0,3,3,10,SUCCESS,20529,zKdKXknwQVCObGdEgutObQ
56,JohnsonBranin,1729166879679,3,20536,20536,74526,0.3333333333333333,0,1,1,1,SUCCESS,20536,RX2MGx0-RnCo-lpSCBCEKQ
57,Dexxtz,1728674356966,3,20539,20539,93192,1.0,0,3,3,45,SUCCESS,20539,tabxmSFdSiuDVkEWW34mTA
58,Nevertari,1729254043619,3,20602,20602,73190,0.3333333333333333,0,1,1,11,SUCCESS,20602,x1u5je_jTyqq0Gi1E4OBMA
59,JanisEbg,1729083722245,3,20602,20602,95266,1.0,0,3,3,1,SUCCESS,20602,lcbSFN_QTDu-OGVbNJX5Zw
60,Beverly,1729870888613,3,20675,20675,74399,0.3333333333333333,0,1,1,1,SUCCESS,20675,HIp67VhMSdy8fZBUsC3coQ
61,TeriMcda,1729518889538,3,20803,20803,75192,0.3333333333333333,0,1,1,1,SUCCESS,20803,1cUflEBSRT2allx6amP0jA
62,Guga,1730211683045,3,20859,20859,84393,0.6666666666666666,0,2,2,9,SUCCESS,20859,617e83d68c1240be8b9abw
63,sanshangyoya,1729781503727,3,20871,20871,73994,0.3333333333333333,0,1,1,1,SUCCESS,20871,PJQg2LAeTzKQvtFK4YyZhQ
64,TeraLam,1729695557179,3,20932,20932,84937,0.6666666666666666,0,2,2,1,SUCCESS,20932,Blf7MELgSV2YrR3hqjIgew
65,JPMC-HYD-X-Men,1730009383760,3,20932,20932,95529,1.0,0,3,3,14,SUCCESS,20932,sty1wzZ2QtyiGgFt1Lt_Qg
66,AkikoSoss,1729519100528,3,21000,21000,84524,0.6666666666666666,0,2,2,1,SUCCESS,21000,He6mukgCQAy7sPeqai3swA
67,DesRacer,1730063381716,3,21064,21064,95858,1.0,0,3,3,14,SUCCESS,21064,QBPLdoq3S1C9s7GzPusBxA
68,Ben-URCAlpha,1730296912999,3,21069,21069,96065,1.0,0,3,3,19,SUCCESS,21069,uDmdjyrTSmSKmWVfhmX4Yg
69,Stephani,1729870699616,3,21072,21072,74523,0.3333333333333333,0,1,1,1,SUCCESS,21072,aLUZDgiuRG6YDx4b0FYFpw
70,Carmel,1728846652077,3,21127,21127,64594,0.0,0,0,0,6,SUCCESS,21127,ggNOJjxuSVeD_WrCFabJ9Q
71,EleneVarner,1729001003841,3,21130,21130,84328,0.6666666666666666,0,2,2,1,SUCCESS,21130,XtqgdxquS6CLR5OECjfMPw
72,UpdatedExpression#4624,1730292556404,3,21265,21265,66132,0.0,0,0,0,1,SUCCESS,21265,2AOwP5wUTzSFVGT--irBRg
73,Ellsworth2024,1729433797436,3,21329,21329,105730,1.3333333333333333,0,4,4,1,SUCCESS,21329,bXTkbmSCSYuKUEPvUW4Z8Q
74,Libeichen358,1729173675079,3,21387,21387,74656,0.3333333333333333,0,1,1,1,SUCCESS,21387,AmKZT7a0TQ6aiWN1CXJD2A
75,Sagaya,1728846759857,3,21394,21394,75856,0.3333333333333333,0,1,1,5,SUCCESS,21394,LkIwGY4TQEmht_rkuuwv7Q
76,haksang#6865,1730292504163,3,21405,21405,65389,0.0,0,0,0,1,SUCCESS,21405,ChraSrz_Qpase64KaVr6dg
77,londoso-monst,1730229511394,3,21456,21456,106455,1.3333333333333333,0,4,4,3,SUCCESS,21456,mQQF2PEFSvmDfnR4HGLM1Q
78,DeepLambda#7161,1730292556213,3,21463,21463,66126,0.0,0,0,0,1,SUCCESS,21463,kP_Fld8SQYqqLpnyf8Ge7Q
79,UrgentEvaluation#2114,1730299675422,3,21467,21467,77072,0.3333333333333333,0,1,1,6,SUCCESS,21467,AQ1nQ2wURxioq-3Dag_CGA
80,Akiva,1729068741551,3,21471,21471,108726,1.3333333333333333,0,4,4,4,SUCCESS,21471,hsfJQ05mShW_UFBDkcXFyw
81,JavaScript#7338,1730292410353,3,21528,21528,85721,0.6666666666666666,0,2,2,1,SUCCESS,21528,VRY_mTsYSE-ZsjXrnRblEw
82,Joselyn,1729694064904,3,21591,21591,75002,0.3333333333333333,0,1,1,1,SUCCESS,21591,4rMjji4bT-6YZbAUa3exmw
83,JPMC-Delaware-NightFury,1729732045053,3,21596,21596,67190,0.0,0,0,0,33,SUCCESS,21596,wy53ZYAOTBeVC6RrlU2gzg
84,EncryptedBraces#9443,1730292541423,3,21596,21596,86275,0.6666666666666666,0,2,2,1,SUCCESS,21596,PjAma-Y1RfWV-lvzkghKOA
85,Luozhihe,1729167074378,3,21660,21660,86323,0.6666666666666666,0,2,2,1,SUCCESS,21660,U-2T-zN1RnaevWBNkyIGNw
86,FullGC-Bintz,1729344621067,3,21666,21666,66059,0.0,0,0,0,4,SUCCESS,21666,ogWfmnp6QjOg3H3JbS2mwA
87,JeffreyMonte-SPH-Media,1728311533682,3,21675,21675,75602,0.3333333333333333,0,1,1,1,SUCCESS,21675,GLWDtaYeS2eKxZfMhQ6Xkg
88,NeilSimon-PanSup,1729520667560,3,21731,21731,66057,0.0,0,0,0,18,SUCCESS,21731,caj3LxcuQz297jcW58Y--Q
89,AbstractSchematic#3867,1730272971972,3,21737,21737,77129,0.3333333333333333,0,1,1,1,SUCCESS,21737,Lh5LUGvcSEq2Nz9pxIhJ0Q
90,SilEye,1729484245564,3,21800,21800,77120,0.3333333333333333,0,1,1,49,SUCCESS,21800,y-L1qKgjS2iMcNjbnxNC_Q
91,KWONSEUNGHYUN,1730292580336,3,21863,21863,65994,0.0,0,0,0,1,SUCCESS,21863,M6_SDFBpTJyTaQZJhEvhiA
92,Ric-Mtl,1729011475196,3,22001,22001,78254,0.3333333333333333,0,1,1,9,SUCCESS,22001,R5muw8HbTAmpfHCNU9rVpw
93,makit,1729590646350,3,22003,22003,67457,0.0,0,0,0,1,SUCCESS,22003,FQ4kxx42Rn-ywzWMVEad0A
94,ajsjsvs,1730292482485,3,22003,22003,67112,0.0,0,0,0,1,SUCCESS,22003,dgWQI0sATMuX2BSDueikow
95,LaineRose,1729870511039,3,22062,22062,96663,1.0,0,3,3,1,SUCCESS,22062,SAbeLseFTMOXOlyLO2r4WA
96,LXL1998,1729870132363,3,22064,22064,67526,0.0,0,0,0,1,SUCCESS,22064,FZtN7lP6QCyzwmTfSz6B6Q
97,Kire,1730060178536,3,22064,22064,68387,0.0,0,0,0,33,SUCCESS,22064,N0y9CR6fQN-a4UlAFsTC5Q
98,DavidCatti,1729084302895,3,22134,22134,99999,1.0,0,3,3,1,SUCCESS,22134,Y11WhB7hSr2A-y1zjezdHg
99,MiLKB,1728550417733,3,22202,22202,101378,1.0,0,3,3,16,SUCCESS,22202,8KL8u0H3RIWxgP14x_RC6w
100,cCcDdDeEe,1728918001967,3,22203,22203,67198,0.0,0,0,0,4,SUCCESS,22203,HB_3paMQQUmQVlMuN7kA0Q
101,siverstar,1730292678679,3,22205,22205,77001,0.3333333333333333,0,1,1,1,SUCCESS,22205,IfmxqxfARR2zxSRBy-zHOA
102,ZhaoZiLong5,1729084723449,3,22262,22262,85864,0.6666666666666666,0,2,2,1,SUCCESS,22262,73PDLS4jS22hQJyoyGi-rg
103,stevejjjobs,1730292450410,3,22323,22323,67591,0.0,0,0,0,1,SUCCESS,22323,HofnQgTNQqyJfwF9_rKejQ
104,DrLoveyou2024,1729174702959,3,22333,22333,68463,0.0,0,0,0,1,SUCCESS,22333,QsxhDap4SiKKlz89wlOPpw
105,JoelGenne,1729697404131,3,22336,22336,91396,0.6666666666666666,0,2,2,6,SUCCESS,22336,GK1dvHjzRfScm1ft6bTw8Q
106,IcePandaBoom,1727761369461,3,22391,22391,88464,0.6666666666666666,0,2,2,1,SUCCESS,22391,BTPWujqqTBOWGAFvEKyRaA
107,pxrdazo,1729781296362,3,22536,22536,121530,1.6666666666666667,0,5,5,1,SUCCESS,22536,AWKslMUkS2iw6Kdr3vZPcQ
108,TommyeTT,1729434430533,3,22587,22587,79187,0.3333333333333333,0,1,1,1,SUCCESS,22587,CaZgfarTS7qlUGr3zXeWeg
109,LW520,1729003100734,3,22595,22595,68055,0.0,0,0,0,1,SUCCESS,22595,XGzYwAdzRqqHQu2fMmJi3Q
110,sardarni22,1730057388965,3,22604,22604,89594,0.6666666666666666,0,2,2,11,SUCCESS,22604,uhwvJ4ErS32nFA4WsIsj1w
111,Elizabet1020,1729434027240,3,22661,22661,79253,0.3333333333333333,0,1,1,1,SUCCESS,22661,hKy2sD0JSMOobYWieAl8gA
112,Chistiana,1729871085519,3,22672,22672,89329,0.6666666666666666,0,2,2,1,SUCCESS,22672,l8FaA7_QSuOTCtyzcf273A
113,QiGeHahaha,1728913965606,3,22929,22929,100386,1.0,0,3,3,1,SUCCESS,22929,1ZFh4DwKT6aQomlHdkxA5Q
114,PrototypeLambda#5941,1730050119485,3,22932,22932,69658,0.0,0,0,0,3,SUCCESS,22932,Xq6frsUvQe26yDHb8ay4MQ
115,JamesCrary,1729783802759,3,22935,22935,70986,0.0,0,0,0,5,SUCCESS,22935,lJWLzNmQSsWdOgs4OeT_Kg
116,Madinena,1729332040018,3,22937,22937,69112,0.0,0,0,0,1,SUCCESS,22937,WLgZY-_aQJSPNRJeI1DnWA
117,csvazquez,1730250468635,3,22998,22998,72525,0.0,0,0,0,20,SUCCESS,22998,58jKQ331Sjq8hrqzcZ2RBw
118,StructuredDocumentation#5939,1730019621817,3,23063,23063,81856,0.3333333333333333,0,1,1,13,SUCCESS,23063,YcRurcXFQtK1liiR9uzFYg
119,Jianlong,1728801160561,3,23129,23129,70190,0.0,0,0,0,30,SUCCESS,23129,vpsHYdBtSIq__1M9j1R21Q
120,RisaDelacy,1729000607121,3,23192,23192,89790,0.6666666666666666,0,2,2,1,SUCCESS,23192,-2NuA5F1QD20nwLxoL2RIQ
121,TimJWhite,1727755939091,3,23205,23205,91067,0.6666666666666666,0,2,2,6,SUCCESS,23205,3dDHylmQSi-Rzd9uUamhlQ
122,Agile#786,1729971105349,3,23343,23343,81727,0.3333333333333333,0,1,1,3,SUCCESS,23343,8h-xire5S-edlLuHdfuzBw
123,TuiTuChe,1729438257719,3,23396,23396,71323,0.0,0,0,0,3,SUCCESS,23396,yIYaudWjR_Wyz13HBuB1gQ
124,Anny123,1729695329781,3,23398,23398,82856,0.3333333333333333,0,1,1,1,SUCCESS,23398,ypjlhUpfSHyZLxaPV8YFIg
125,Can202410,1728917229798,3,23536,23536,73194,0.0,0,0,0,2,SUCCESS,23536,Cs-qsDpDQoa_0UXkI5nIxw
126,HameenHitain#42,1728968094586,3,23539,23539,102392,1.0,0,3,3,43,SUCCESS,23539,44YjKeFtRFyv_g8ljvEg1w
127,ChangShan,1729086418059,3,23724,23724,83535,0.3333333333333333,0,1,1,1,SUCCESS,23724,6HG1FKFZQbmAxM-6VNdqxQ
128,Aurora-DNPds,1727916583862,3,23909,23909,80975,0.3333333333333333,0,1,1,1,SUCCESS,23909,26fba66bedca4aa3bca47w
129,TanyaKu,1729520513600,3,24129,24129,83526,0.3333333333333333,0,1,1,1,SUCCESS,24129,oYLKmFiuRUKwoh81qQijDQ
130,ShonaPul,1729872288372,3,24136,24136,93534,0.6666666666666666,0,2,2,1,SUCCESS,24136,M1oXjycgT5e27AoZS_R4OA
131,SinaNirenb,1729332417986,3,24138,24138,93194,0.6666666666666666,0,2,2,1,SUCCESS,24138,wPkJd_7BScijdYQ_F9gp7Q
132,CINDIGO,1730291954731,3,24333,24333,96523,0.6666666666666666,0,2,2,19,SUCCESS,24333,JwCIoJxLS_-v8qjVu2c1vQ
133,ShiDaNiuJS,1728914365316,3,24342,24342,73528,0.0,0,0,0,1,SUCCESS,24342,49vBk-ksQ_yGzj9bewxoZg
134,YangYangG,1729435269638,3,24401,24401,95789,0.6666666666666666,0,2,2,1,SUCCESS,24401,UQHkan55TUu9SLv_K-0PIQ
135,TrustBase,1730011346180,3,24406,24406,95333,0.6666666666666666,0,2,2,43,SUCCESS,24406,tIpTabZjSimPaLIoVKu3Uw
136,LuoYiFan,1729001971423,3,24460,24460,95793,0.6666666666666666,0,2,2,1,SUCCESS,24460,z5J08WBFRcGSpkU8T_ivpA
137,teamEW,1728010452392,3,24471,24471,95922,0.6666666666666666,0,2,2,2,SUCCESS,24471,Eqb88WDVTd6Eh7qqgk_42w
138,LandingAcct,1729084488294,3,24527,24527,78059,0.0,0,0,0,1,SUCCESS,24527,TySeCMl3Qb2r6q61r7qYkw
139,Navn33t-Singh,1728209030807,3,24723,24723,93925,0.6666666666666666,0,2,2,3,SUCCESS,24723,RMXf5sdlS-y4EWrenTSTbg
140,DaeMonst,1730031651154,3,24725,24725,88120,0.3333333333333333,0,1,1,31,SUCCESS,24725,p-9epX-cTF67FZpWi7EwGQ
141,IterableDelta#1443,1730309255494,3,24738,24738,136129,2.0,0,6,6,8,SUCCESS,24738,HhR-Ol2ITSe3pkGW6iGNlw
142,Luocaiyu69,1729173467775,3,24934,24934,77592,0.0,0,0,0,1,SUCCESS,24934,4Gmo_SLERlukFqILYoPj4Q
143,RenatoSko,1729332229828,3,25002,25002,75989,0.0,0,0,0,1,SUCCESS,25002,ZCCyMDSAQXekgCceTRBO6g
144,C3R0,1730247329676,3,25200,25200,97873,0.6666666666666666,0,2,2,32,SUCCESS,25200,61QIIR_GTpCM0JoUAsdwew
145,zhangwuji,1729781712834,3,25203,25203,97259,0.6666666666666666,0,2,2,1,SUCCESS,25203,f5kXdvlQRKqm6sE-PMm4-w
146,DZC1998,1729870324215,3,25258,25258,78324,0.0,0,0,0,1,SUCCESS,25258,OH1d1gu4TXejqd21FioMqA
147,KingoftheTrack,1729824996177,3,25396,25396,119736,1.3333333333333333,0,4,4,24,SUCCESS,25396,ACg6IYaIQNi--irQmpdiHg
148,DorethaRaga,1729001216226,3,25398,25398,89395,0.3333333333333333,0,1,1,1,SUCCESS,25398,wN3OBG9fSw-hKiyj8C0a0w
149,20241015,1728914178071,3,25399,25399,78053,0.0,0,0,0,1,SUCCESS,25399,ayXLS6ZUSu2UzgBwAoiVXA
150,MarkGurui,1729519299430,3,25399,25399,87734,0.3333333333333333,0,1,1,1,SUCCESS,25399,50G4N-VCTfiJYLztmAnK0g
151,JPMC-Anna,1729695755887,3,25400,25400,89147,0.3333333333333333,0,1,1,1,SUCCESS,25400,8d35Y3E7SGyYi4qq4v20-A
152,MaryGarigin,1729000415960,3,25469,25469,87583,0.3333333333333333,0,1,1,1,SUCCESS,25469,W2SBmwFvS7imMejyAlg-dA
153,YaniraKotnik,1728913314699,3,25526,25526,78055,0.0,0,0,0,1,SUCCESS,25526,MSIJaYOtSeGVoxRVy8kMOw
154,UnboundZone#4655,1728127544268,3,25536,25536,78793,0.0,0,0,0,13,SUCCESS,25536,srxd3Ll3Sr2c4JLkGBLTjQ
155,JinShanLiang,1729437321460,3,25604,25604,88927,0.3333333333333333,0,1,1,4,SUCCESS,25604,YNi6PU0IQA-DcIyVnpI29g
156,TurboZzz,1730287138803,3,25656,25656,96792,0.6666666666666666,0,2,2,14,SUCCESS,25656,lKjQZsUMR0upuSPKbX4xrg
157,PSL1998,1728915454855,3,25661,25661,79254,0.0,0,0,0,1,SUCCESS,25661,QBOqYjapQrmX2Ksq2RKSpg
158,LeighanPoon,1729000805997,3,25662,25662,77926,0.0,0,0,0,1,SUCCESS,25662,Sw6Kj9JOQquv1A8FULbo5A
159,SneedRacer,1727951539285,3,25668,25668,118797,1.3333333333333333,0,4,4,4,SUCCESS,25668,EprA2JZ7SsihMmzbw-RxpQ
160,Liuzhenchen,1729520707173,3,25668,25668,78123,0.0,0,0,0,1,SUCCESS,25668,26lD-rwYTBG6erDLzyBR-Q
161,YiZizi,1729520297109,3,25670,25670,99723,0.6666666666666666,0,2,2,1,SUCCESS,25670,pEYLP64OQYm_zZS6eP2Jkw
162,Divyansshri,1729175114646,3,25673,25673,79194,0.0,0,0,0,1,SUCCESS,25673,mHGcPEr5SWi5EUL3farICQ
163,Bret#7983,1729331264932,3,25735,25735,77661,0.0,0,0,0,1,SUCCESS,25735,1N4canlfTBWf3115z3xfCA
164,BarneyRaleigh,1729780898334,3,25735,25735,88596,0.3333333333333333,0,1,1,1,SUCCESS,25735,JR-BsIQrQwOqRnqWA1JYZg
165,LiuXuanDe1,1729084916632,3,25736,25736,78386,0.0,0,0,0,1,SUCCESS,25736,9fxdEnviQgyFbvPTp7nv0Q
166,JPMC-MantaRay-HongKong,1729402609926,3,25793,25793,89728,0.3333333333333333,0,1,1,7,SUCCESS,25793,i9HdmaYUQZKtTq5skioE1A
167,CatherinaMa,1729434223771,3,25797,25797,77996,0.0,0,0,0,1,SUCCESS,25797,9RHXyVPXSiWxkVtKQNLnCQ
168,MobileMethod#6269,1730256244000,3,25867,25867,124121,1.3333333333333333,0,4,4,5,SUCCESS,25867,_17IC2pbT-Ko46byBHvenw
169,PS5Pro,1729780710971,3,25997,25997,100125,0.6666666666666666,0,2,2,1,SUCCESS,25997,YAM0_elARFi7LP38AAs-cw
170,LedaSteky,1729519697706,3,26000,26000,101055,0.6666666666666666,0,2,2,1,SUCCESS,26000,9y5zX_tBRb6bxuIrV6lPsA
171,JPMC-Rodrick,1729695123860,3,26012,26012,99476,0.6666666666666666,0,2,2,1,SUCCESS,26012,Nt1iDtJVQjCwj3PFNnObUg
172,ErinNichol,1729699351412,3,26072,26072,100979,0.6666666666666666,0,2,2,4,SUCCESS,26072,opUJYD6TS2WpCm183o0jNw
173,FinalMonth-Gree,1729174909838,3,26131,26131,79859,0.0,0,0,0,1,SUCCESS,26131,tIgneoUVTp2AtY1O8f1b6Q
174,Shanuka#96,1727777288443,3,26136,26136,101597,0.6666666666666666,0,2,2,6,SUCCESS,26136,H6zk_HVCRgSTJImpC2X-Ww
175,ZitaAlim,1729780519700,3,26145,26145,88526,0.3333333333333333,0,1,1,1,SUCCESS,26145,jGHu_qM1ReyXl7zbNsmHIQ
176,NellKan,1729781101326,3,26201,26201,79462,0.0,0,0,0,1,SUCCESS,26201,plu0dcUtTm232Ro_4D3BOg
177,onlythree,1729518348485,3,26204,26204,101199,0.6666666666666666,0,2,2,29,SUCCESS,26204,23e254b25ea0443389ed6w
178,Polaris-DNPds,1728393296771,3,26332,26332,111994,1.0,0,3,3,3,SUCCESS,26332,2617874c942840f0a2fdbQ
179,SanderRace,1729370572647,3,26394,26394,90394,0.3333333333333333,0,1,1,4,SUCCESS,26394,78uROSfhRz-r7a4t6b9Dpg
180,FRVRacingTeam,1729191609034,3,26467,26467,113260,1.0,0,3,3,12,SUCCESS,26467,GFR95eLiTrWi9M4vCWojHA
181,BobbyeHovda198,1728918111427,3,26532,26532,113055,1.0,0,3,3,4,SUCCESS,26532,zaI7kAkDRQqncOIzydwqvg
182,JenkingPlg,1729087804849,3,26600,26600,102989,0.6666666666666666,0,2,2,4,SUCCESS,26600,V3-RRA2DRve75D59dtw-Mw
183,Maudi,1729697535563,3,26601,26601,101532,0.6666666666666666,0,2,2,3,SUCCESS,26601,5zaVMSpXRTKk3ugC-5k1wQ
184,Essie1998,1729331070428,3,26604,26604,100190,0.6666666666666666,0,2,2,1,SUCCESS,26604,CIOGmOZTR-6L2d0MwS233Q
185,BroCcoLLie-DNP,1729680442108,3,26661,26661,80524,0.0,0,0,0,9,SUCCESS,26661,BU_FxPDVTVK4r2AxbPBuPA
186,ASCIIBreaker#1873,1730292788920,3,26664,26664,81195,0.0,0,0,0,1,SUCCESS,26664,VqEnCKI6RMm-1qbSNOiqbw
187,GlenBird,1729694301237,3,26664,26664,90262,0.3333333333333333,0,1,1,1,SUCCESS,26664,ccj_aQbaSV-2Ct2jWo3pbQ
188,PITS-fuji,1729651517125,3,26666,26666,92318,0.3333333333333333,0,1,1,7,SUCCESS,26666,4EUY_lqeRwWurkDRKtpL8w
189,Sera-NAB,1728330026936,3,26733,26733,104055,0.6666666666666666,0,2,2,14,SUCCESS,26733,CRXu9HyBRjSEuBQdW29GlA
190,GoodEveningWeAreFromUkraine,1728942506476,3,26734,26734,82526,0.0,0,0,0,15,SUCCESS,26734,oX4dpYxLTFG2UU6NprA-7g
191,mame-BIP,1729599728941,3,26735,26735,103184,0.6666666666666666,0,2,2,49,SUCCESS,26735,OFLMZkLLR_Kh3tjK02Kq_w
192,AgnesDeillon,1727785323643,3,26804,26804,103659,0.6666666666666666,0,2,2,2,SUCCESS,26804,YV7I233LSJWqlLgOl3gaIg
193,FernandoAlonso33,1729167274856,3,26869,26869,103472,0.6666666666666666,0,2,2,13,SUCCESS,26869,twizWHUSRyWgEjJZ7z8VZw
194,LccLvvL,1729086223032,3,26929,26929,103065,0.6666666666666666,0,2,2,1,SUCCESS,26929,Ny86cmPhRzCGHAXFx1b_Xg
195,ThiagoD,1729127338836,3,26939,26939,93589,0.3333333333333333,0,1,1,2,SUCCESS,26939,hEXm0S5DSuKhb9giUIfrwA
196,PolishThunder,1729803366942,3,26997,26997,101450,0.6666666666666666,0,2,2,1,SUCCESS,26997,qi512oGVTry8V-KtP6j2_w
197,nabulya-PEG,1729774528435,3,27002,27002,91928,0.3333333333333333,0,1,1,4,SUCCESS,27002,rZVMa1lfQjGr1V-YZAbtXQ
198,AbbieLedty,1729520097536,3,27064,27064,101861,0.6666666666666666,0,2,2,1,SUCCESS,27064,fP1XgkVWTNecVPNZY_OKsg
199,NicoloRace,1729126638814,3,27068,27068,102730,0.6666666666666666,0,2,2,3,SUCCESS,27068,vr1lMXTfS2Gu6RIv8M6lAA
200,gcjordi-eH,1728326069054,3,27129,27129,94927,0.3333333333333333,0,1,1,24,SUCCESS,27129,hxnXJKpMRKSykoLhfHojdg
201,DennyMadrid,1729166480979,3,27204,27204,124602,1.3333333333333333,0,4,4,1,SUCCESS,27204,4RUZJtnKQVq_FC56aVi5hw
202,Yimeng-G,1729038619370,3,27259,27259,101591,0.6666666666666666,0,2,2,3,SUCCESS,27259,FzH1Yc24S2mEgWqbvPhs5w
203,technopro#takahashi,1730258055414,3,27336,27336,124138,1.3333333333333333,0,4,4,11,SUCCESS,27336,hxQVCapVRNaQKIkpBmbrJg
204,ITS-yam,1729768748587,3,27392,27392,103857,0.6666666666666666,0,2,2,1,SUCCESS,27392,4VWteXpBTQePbAKgQCbTjw
205,GC-Ofelia,1729344000254,3,27460,27460,122661,1.3333333333333333,0,4,4,4,SUCCESS,27460,CrsjgKDQQI6hKtar9MDV3g
206,JasonGiacchi,1728919820676,3,27463,27463,103659,0.6666666666666666,0,2,2,6,SUCCESS,27463,inrvtkETTni2s4JoeA3Oxw
207,ArthurHar,1729872092397,3,27469,27469,103657,0.6666666666666666,0,2,2,1,SUCCESS,27469,Rh9G_6HqRQyI4OnwjTYWUg
208,gcjordi-CA,1728598243641,3,27728,27728,126800,1.3333333333333333,0,4,4,16,SUCCESS,27728,XyHlt47zQC6jUaoQpocyxw
209,BonnieY,1730215268377,3,27993,27993,85121,0.0,0,0,0,3,SUCCESS,27993,qph-BYklT1qmFcLQg0DzTg
210,ZhaoPJ,1728551356883,3,28066,28066,104385,0.6666666666666666,0,2,2,1,SUCCESS,28066,aGFg6vqtRzmw7xxQtStQQQ
211,MonetDalesan,1728913713282,3,28139,28139,88381,0.0,0,0,0,1,SUCCESS,28139,kphN_uqgQyOFZKPJBYgmJg
212,PeiSoosam,1729434641412,3,28452,28452,102388,0.6666666666666666,0,2,2,1,SUCCESS,28452,hzVonwXaQeiq8iIDH4NOgw
213,FungibleDeadline#9146,1727870290283,3,28466,28466,118592,1.0,0,3,3,4,SUCCESS,28466,Ib1NMj55Si-pRJmm4nwvLg
214,Elwood#1304,1729871272159,3,28470,28470,88782,0.0,0,0,0,1,SUCCESS,28470,VZDh0UoRQ3y544LmYbRLrA
215,PITS-Kura,1727777181889,3,28586,28586,102859,0.6666666666666666,0,2,2,1,SUCCESS,28586,0KlPowM7Rsm-6depdUzXOg
216,lllaGraham,1729871905729,3,28596,28596,88124,0.0,0,0,0,1,SUCCESS,28596,qeGXGKXbS-uIwQYJE6y4WQ
217,technopro#suzukik,1728579791677,3,28601,28601,111063,0.6666666666666666,0,1,2,8,SUCCESS,28601,0Ghn_z-7QJ2CFSU7kJIMbg
218,JPMC-StreetRacer-Glasgow,1729527201497,3,28790,28790,88927,0.0,0,0,0,12,SUCCESS,28790,ynYx7eneQJi8IkcbiR0Szg
219,MyrtaVane,1729001779431,3,28794,28794,108064,0.6666666666666666,0,2,2,1,SUCCESS,28794,w8Gvv0aqQNeODh8nhrloxA
220,RussPillai,1729001403066,3,28863,28863,88725,0.0,0,0,0,1,SUCCESS,28863,mn8x8uIxQPCtP719jujTmw
221,NovaRohs,1729175327822,3,28863,28863,87731,0.0,0,0,0,1,SUCCESS,28863,6UpiaMZfTCelB2kBNMGrZg
222,SJTelford,1730159893469,3,28864,28864,106922,0.6666666666666666,0,2,2,15,SUCCESS,28864,NED2O6MXQ-KumuqSTAQ14A
223,TryHarder,1730166615599,3,28922,28922,105931,0.6666666666666666,0,2,2,6,SUCCESS,28922,2YAFtsy-SGeJvNBAPVa3lQ
224,AsynchronousArgument#2409,1729155154969,3,29004,29004,117795,1.0,0,3,3,9,SUCCESS,29004,XGcEV4aMR62ws9eBc_DENQ
225,DC-BR-st,1729172117454,3,29064,29064,89327,0.0,0,0,0,19,SUCCESS,29064,efK1ZabCSO-zz1OtjiXcAA
226,sivas,1727748758293,3,29077,29077,89986,0.0,0,0,0,2,SUCCESS,29077,mOcZW4PTTy2BWQZjxxHPHA
227,don-chan-DNP,1729278793221,3,29125,29125,88254,0.0,0,0,0,21,SUCCESS,29125,0ziK21IUS3uClDGVSKbhIA
228,mayurmadnani,1730302918873,3,29193,29193,99329,0.3333333333333333,0,1,1,3,SUCCESS,29193,hr8K12KMRhSIDUEJbQT8fg
229,Super-Ledger,1730279233123,3,29199,29199,88338,0.0,0,0,0,5,SUCCESS,29199,KcZi7MwqSMi_5e0dMRrdFQ
230,MaryCorl,1729434851672,3,29201,29201,91725,0.0,0,0,0,1,SUCCESS,29201,O7vFj-k3ROaZBwetkWdMtA
231,Zippitydo-data,1728879896309,3,29327,29327,116327,0.6666666666666666,0,2,2,32,SUCCESS,29327,gSgHFy9WRhCfES9TO3-A6Q
232,BamBamBoo-BIP,1730265028486,3,29474,29474,109132,0.6666666666666666,0,2,2,4,SUCCESS,29474,5hwG_oWkQm243S5NSYfoww
233,JuanaBomia,1729519895057,3,29543,29543,91930,0.0,0,0,0,1,SUCCESS,29543,ifNWUrB5SaiHGk8EnGtf_A
234,24ShunYamamotoDN,1730075986920,3,29665,29665,122386,1.0,0,3,3,7,SUCCESS,29665,JvMXIYzxT6OaShgrw054kg
235,BooleanTheory#3809,1728538834736,3,29805,29805,114136,0.6666666666666666,0,1,2,11,SUCCESS,29805,5vztz0hvTrmtxpXv2yYTWg
236,HetolElFodel,1729077097319,3,29870,29870,218592,4.0,0,12,12,16,SUCCESS,29870,pwTbYs4VS6unrz6e_q4VQA
237,MerlynSch,1729519499003,3,29874,29874,90933,0.0,0,0,0,1,SUCCESS,29874,3cMOQ43GQreVFVu5Cov16A
238,JamesLee,1729331466238,3,29933,29933,93125,0.0,0,0,0,1,SUCCESS,29933,e6cPR5z2T_269wQmeXbRAQ
239,AlphaNetwork#3140,1729175440300,3,29992,29992,122858,1.0,0,3,3,4,SUCCESS,29992,GfXFv_YiQJmRu-brcmoo5w
240,Jeromy198,1729694710757,3,29996,29996,90792,0.0,0,0,0,1,SUCCESS,29996,mr1K-R_YRm673vH_vgRRIQ
241,ClarenceVand,1729001591245,3,30127,30127,92058,0.0,0,0,0,1,SUCCESS,30127,uDHgE0EtR42zNc348911vQ
242,JPMC-SunnyJ,1729331656810,3,30193,30193,92999,0.0,0,0,0,1,SUCCESS,30193,WY2gmF3AR5CL-lPeYZfDJA
243,Prince#1001,1729871527316,3,30200,30200,92122,0.0,0,0,0,1,SUCCESS,30200,BSEYDuHBQUmNXRcticdGlg
244,HarrisMency,1729435054826,3,30203,30203,91526,0.0,0,0,0,1,SUCCESS,30203,55fc1usKST6BSPU_Tp6g-w
245,FocusedExpert#7259,1730216427762,3,30331,30331,124131,1.0,0,3,3,17,SUCCESS,30331,3MZZuFygRjm1Za-OUz0ufg
246,JimK8N,1728091637033,3,30339,30339,102596,0.3333333333333333,0,1,1,2,SUCCESS,30339,pVLXCPD3RVukGSy3kgZodw
247,DigitalState#3350,1729592603151,3,30400,30400,163333,2.3333333333333335,0,7,7,8,SUCCESS,30400,hJjuiOKESOWnPUMph6zlUQ
248,moeko-BIP,1728030920972,3,30535,30535,103790,0.3333333333333333,0,1,1,4,SUCCESS,30535,lCOZuywhQS2dw5yVA4Uplg
249,LettieWeni,1729871716066,3,30655,30655,113722,0.6666666666666666,0,2,2,1,SUCCESS,30655,pOed2_aQSDGq47XEum-3Tw
250,khanhnv,1727837737319,3,30736,30736,125524,1.0,0,3,3,1,SUCCESS,30736,ZzlUxZ73RGizJM-E1Wcjrw
251,761242500723-SG23-prakashph,1727777384520,3,30923,30923,123990,1.0,0,3,3,2,SUCCESS,30923,z3Dr5_R7TpSBzhiXoJKspw
252,Formula-Tim,1728671553958,3,30927,30927,187127,3.0,0,9,9,39,SUCCESS,30927,OhweyO3YSu-jJnjbc9WQVQ
253,XcatOroshiponz,1729820395425,3,30933,30933,103792,0.3333333333333333,0,1,1,22,SUCCESS,30933,Q_ERQQJXRdejuCcohxsyrg
254,KineticCruiser,1729541918809,3,31006,31006,127394,1.0,0,3,3,16,SUCCESS,31006,4gTWESbfSMOefvxyse-nlw
255,shhs-alfredd,1729531614514,3,31064,31064,143990,1.6666666666666667,0,5,5,10,SUCCESS,31064,orZk6mttTKS3Ufyrh2s7xA
256,muhammedbalogun,1728338380543,3,31271,31271,106196,0.3333333333333333,0,1,1,2,SUCCESS,31271,yhh9yWAJS7Wd_EuT0dHK7w
257,RO,1727936645042,3,31460,31460,144859,1.6666666666666667,0,5,5,38,SUCCESS,31460,6DarpfsUQUSRuBlTMnb7fw
258,FrancoisNantenainaRafalason,1729069431041,3,31532,31532,95465,0.0,0,0,0,4,SUCCESS,31532,BRmu65ZLRHWPebrAyd14dA
259,Betolmiton,1729290341751,3,31727,31727,136657,1.3333333333333333,0,4,4,16,SUCCESS,31727,EC2gX58EQ2WnHAfziVVk2Q
260,ThisTag#1657,1729700350273,3,31872,31872,117725,0.6666666666666666,0,2,2,27,SUCCESS,31872,eTrb11mOSUG5335FgmDwdA
261,KasztP,1729881475521,3,31925,31925,158940,2.0,0,6,6,2,SUCCESS,31925,B_NHhZzIT7yLboMZHKC3Qw
262,Eviden-DeliangGao,1728412626883,3,31925,31925,117194,0.6666666666666666,0,2,2,2,SUCCESS,31925,fG2qFJJXSJe0vHMtXWDmQg
263,Manasi-R-Mahajan,1729156146051,3,31991,31991,129795,1.0,0,3,3,3,SUCCESS,31991,Cbbb8Gc4SICQZp8Fm9CwWQ
264,BigDeadline#3734,1729979867741,3,32120,32120,119183,0.6666666666666666,0,2,2,16,SUCCESS,32120,D4Ua1oJ2SXy12mp9IzxtpQ
265,MachineSandbox#2162,1728343642304,3,32133,32133,128522,1.0,0,3,3,11,SUCCESS,32133,x3y0TrZzT-SLojcq1JGukA
266,Jugo,1729915793751,3,32195,32195,120256,0.6666666666666666,0,2,2,5,SUCCESS,32195,L0sIry-IRJSA8ECfZv-lEw
267,mtlong,1727925337096,3,32200,32200,149853,1.6666666666666667,0,5,5,3,SUCCESS,32200,wLNijw2iQHyiiCRqlMyAGg
268,Team30,1729234945871,3,32201,32201,150463,1.6666666666666667,0,5,5,6,SUCCESS,32201,BnigSzmWTGuMpmnfaZY0lg
269,ImmutableOrder#7698,1730035978930,3,32401,32401,97788,0.0,0,0,0,4,SUCCESS,32401,c2z9E8iKT02KLrQ5lbUfiw
270,10xOrder#4787,1730207724810,3,32408,32408,109192,0.3333333333333333,0,1,1,4,SUCCESS,32408,O_NtZUxJRdKTKaPpBZWGMg
271,TechnicalUpdate#5638,1730040040743,3,32471,32471,149668,1.6666666666666667,0,5,5,27,SUCCESS,32471,DAfbAuw1RFu7bU0ZaHnXrA
272,StructuredNumber#2127,1730264998113,3,32523,32523,139524,1.3333333333333333,0,4,4,1,SUCCESS,32523,wQugWQObQJGu4D2184WrjQ
273,CurlyCallback#3628,1729772894802,3,32535,32535,152193,1.6666666666666667,0,5,5,5,SUCCESS,32535,6Paka0iORhWu5UCOoPumcg
274,CarmenLi,1730318045882,3,32540,32540,118864,1.6666666666666667,0,5,5,1,SUCCESS,32540,GqZ7v2hqTaS6vHPxh18DTA
275,NeuralVariable#4983,1730275257247,3,32600,32600,162121,3.0,0,9,9,27,SUCCESS,32600,3hocrHOrRYy1QQtHlf1dSw
276,CompleteArray#8807,1729086395346,3,32860,32860,150463,1.6666666666666667,0,5,5,3,SUCCESS,32860,Z9ahIcrzQ1GOLaIDkMh4hA
277,gcjordi,1730287264401,3,32861,32861,161860,2.0,0,6,6,31,SUCCESS,32861,4n-0HYIyQ2241dJ4tZirRg
278,NeuralCircuit#0520,1730204109868,3,32866,32866,182127,2.6666666666666665,0,8,8,4,SUCCESS,32866,heeAPaXnQLKKi-tJrGU-sw
279,Echo1911,1728869946688,3,32867,32867,99659,1.0,0,3,3,1,SUCCESS,32867,4WgpazINRpS1KD3yKMjkrA
280,EsteemedDiff#1539,1730277024606,3,32875,32875,140121,1.3333333333333333,0,4,4,4,SUCCESS,32875,YDsgMT91Q6WI0vWao5Eq1A
281,FMSS-gabe,1730267146912,3,33001,33001,126390,0.6666666666666666,0,2,2,2,SUCCESS,33001,xEu5z-NHRZSZNewaQI1_1A
282,UnboundConsole#8106,1728926800122,3,33003,33003,159465,2.0,0,6,6,2,SUCCESS,33003,LdeWqnCkQC2a8Fpoo5_2rg
283,Parv,1727862638723,3,33005,33005,142791,1.3333333333333333,0,4,4,1,SUCCESS,33005,-1uTpWs8R4e3Kn-iP8Ggdg
284,24NanamiTsuchidaDV,1729220614013,3,33053,33053,131590,1.0,0,3,3,1,SUCCESS,33053,1U1YQM-WRYqNk1oxc1DevQ
285,TooSlow-Yanghui,1728946707122,3,33056,33056,119526,0.6666666666666666,0,2,2,40,SUCCESS,33056,HWOc8l8BSEW691guuRHq0g
286,Sprite-KT,1729583705268,3,33068,33068,131060,1.0,0,3,3,2,SUCCESS,33068,uLnUbppRSJGS7jkhQ8RCHA
287,Team9-John,1728568015633,3,33069,33069,151527,1.6666666666666667,0,5,5,39,SUCCESS,33069,LNZGkl05Q76-vr-hljwtsw
288,FabRacer,1729516413596,3,33137,33137,110724,0.3333333333333333,0,1,1,17,SUCCESS,33137,YXjU-6WZTe65g7_YyZPJrA
289,JoshuaRaymondNg#2480,1730202830988,3,33195,33195,100187,0.0,0,0,0,2,SUCCESS,33195,wx8ddFSHR5y5PU-eXce33w
290,KWON,1729748166955,3,33202,33202,132227,1.0,0,3,3,7,SUCCESS,33202,DplPbQepT5iDPJ0_iSmzHg
291,TechnicalState#2852,1729084767101,3,33335,33335,122726,0.6666666666666666,0,2,2,12,SUCCESS,33335,Ilry58MGRa-EJZCPeNASNg
292,Fenerbahce-FAN,1727921332354,3,33336,33336,131720,1.0,0,3,3,3,SUCCESS,33336,-yBKpK66SoKcJrJWFnLvsA
293,DesktopState#9076,1729364540326,3,33451,33451,120393,0.6666666666666666,0,2,2,1,SUCCESS,33451,kBKsP69yQbWBi4O1Ta6VRQ
294,Eviden-WiroteP,1728977402286,3,33470,33470,112195,0.3333333333333333,0,1,1,2,SUCCESS,33470,ELFOqB6AT9GzSMNYz5innQ
295,PrimeHacker#7436,1729535252086,3,33529,33529,162174,2.0,0,6,6,11,SUCCESS,33529,i9fiYJ-NQ7e1xz8o9BvFJQ
296,cbowden28,1729472328771,3,33535,33535,122195,0.6666666666666666,0,2,2,7,SUCCESS,33535,6iiNg4S3QTmAa_J9NQ8bEA
297,Throttle-Jammer,1728102169516,3,33595,33595,102729,0.0,0,0,0,2,SUCCESS,33595,ezHHndnyQeal4j3gnF1CwQ
298,JPMC-MUMBAI-009,1729762726542,3,33597,33597,136792,2.0,0,6,6,3,SUCCESS,33597,RK5IYvQeTW2vGQ6hLR0J1A
299,IterableFunction#7929,1728654192333,3,33601,33601,101262,0.0,0,0,0,1,SUCCESS,33601,2NXMBaezRmmIU8qQqP0_EQ
300,24YuTakeuchiDN,1729133470948,3,33655,33655,131859,1.0,0,3,3,11,SUCCESS,33655,-d3_owQmR1WBEfuPZsfmjQ
301,Eviden-KaushikN,1728983289416,3,33658,33658,196257,3.0,0,9,9,3,SUCCESS,33658,wVBzx4AOQxa_kfBFN5i9gw
302,EsteemedFunction#3030,1729103512097,3,33665,33665,142458,1.3333333333333333,0,4,4,2,SUCCESS,33665,axMyEqAuSyq2oWewVofT5A
303,Covina-Valley-Fitzgerald,1729384417299,3,33733,33733,114264,1.3333333333333333,0,4,4,12,SUCCESS,33733,QaUtJJTTS7iPGxnPpxfXYA
304,Minami,1728744470408,3,33870,33870,125522,0.6666666666666666,0,2,2,4,SUCCESS,33870,lVwyaayLRzCAbFmqCUW9Rg
305,KYRacer88,1728403302556,3,33926,33926,154192,1.6666666666666667,0,5,5,32,SUCCESS,33926,XBtBqRP7Rse5Ggh28IoDzQ
306,leog,1728077993986,3,33930,33930,102860,0.0,0,0,0,4,SUCCESS,33930,3m1CF3LIRpW8715VLKHqpQ
307,BigMiff,1729767621162,3,34123,34123,189590,2.6666666666666665,0,8,8,4,SUCCESS,34123,KoDf4TcPSyeSiFG7XS9fvw
308,JothanCloud,1727778218144,3,34203,34203,124263,0.6666666666666666,0,2,2,5,SUCCESS,34203,Sczguk9eQYuhmYroidQYCw
309,BrainyComment#6267,1728086035829,3,34276,34276,103525,0.0,0,0,0,37,SUCCESS,34276,HQrVVchrTr2PSWFO8NVQZA
310,ProgrammingTag#0371,1730200500317,3,34338,34338,124326,0.6666666666666666,0,2,2,2,SUCCESS,34338,vC83YHMGSdiYb5Wd8UESYQ
311,Team38-MercedesAMG,1729163798272,3,34401,34401,147397,1.3333333333333333,0,4,4,12,SUCCESS,34401,RabePLMFSvuVsz04-gAE2A
312,KartikThakur00,1730044061404,3,34533,34533,125257,0.6666666666666666,0,2,2,7,SUCCESS,34533,edBhfUwhRMuGHHJLRRxdrg
313,ThisAnalyst#4590,1727925345629,3,34603,34603,137134,1.0,0,3,3,1,SUCCESS,34603,BTpVa5lxRxCps-vKuqjwwg
314,ProcessingDescriptor#6738,1729943115193,3,34801,34801,105394,1.0,0,3,3,48,SUCCESS,34801,4Bb7_Wx9SmuNMuR0lLdHHA
315,BoltronRacingTeam,1728354870328,3,34802,34802,117799,1.3333333333333333,0,4,4,1,SUCCESS,34802,Lkrg6gQPQ5qwn61K16MHhg
316,TurbotheSnail-HibaE,1729108268563,3,34932,34932,117935,0.3333333333333333,0,1,1,4,SUCCESS,34932,Gv7nWQlkT923W8pWeRxtxg
317,HimaChand#78,1729353328172,3,35063,35063,132927,1.0,0,3,3,1,SUCCESS,35063,KWPBROM4QeuQvuJCrvuJUQ
318,Yuliya,1727765173698,3,35127,35127,170194,3.0,0,9,9,14,SUCCESS,35127,JWJgkv8bSKeMIGYZ9roR-A
319,ali#7853,1728518144060,3,35197,35197,116725,0.3333333333333333,0,1,1,10,SUCCESS,35197,0Z4GoOrvTVy8h9THeNbY7Q
320,24XuyangChenDP,1729483280522,3,35258,35258,129327,0.6666666666666666,0,2,2,3,SUCCESS,35258,cB8_GdjkQkWE8cEZY87MhQ
321,CompletePresentation#6088,1730175610414,3,35333,35333,116665,0.3333333333333333,0,1,1,40,SUCCESS,35333,GwyqLTr_ThSOs9xT9jCcxQ
322,24ReiOhashiEO,1729567510706,3,35463,35463,183260,2.3333333333333335,0,7,7,3,SUCCESS,35463,8B1TkKglQfmi9KDnhhHitg
323,MachineScript#3741,1729857771718,3,35533,35533,148594,2.3333333333333335,0,7,7,5,SUCCESS,35533,qQhpwwk5SO658UyTnJotlg
324,AsynchronousTest#0936,1728926855988,3,35599,35599,108996,0.0,0,0,0,37,SUCCESS,35599,2JA3cvI7SmW4YnXXK9Uhbw
325,--E2--,1727771847663,3,35731,35731,147126,2.3333333333333335,0,7,7,1,SUCCESS,35731,4eJQf1tiRFK1yE7PUW6CdA
326,CloudArmee-Chuck,1728410345268,3,35738,35738,130999,1.6666666666666667,0,5,5,2,SUCCESS,35738,Aozo2oixSJysh5iSzSBcpg
327,UpdatedString#4391,1730317402046,3,35813,35813,149475,2.3333333333333335,0,7,7,5,SUCCESS,35813,decLbvIDRFuoR_pBX8iGEw
328,raj-1205,1728958923311,3,35925,35925,152995,1.3333333333333333,0,4,4,13,SUCCESS,35925,558a49745f8843aea7db6w
329,AccessibleTheory#6014,1727870352703,3,35929,35929,156327,1.3333333333333333,0,4,4,5,SUCCESS,35929,2ECHiXhgSUCFlZ8R-iSI9Q
330,VirtualClass#1903,1730185052298,3,35995,35995,118789,1.3333333333333333,0,4,4,42,SUCCESS,35995,nwtwg1SBTBGWfEQHn2gTyA
331,IterableAttention#3151,1728345911106,3,36066,36066,177923,2.0,0,6,6,24,SUCCESS,36066,u007vSg9RrGV3oD7aLWoQA
332,Eviden-AbhisekSoni,1728719784996,3,36134,36134,145328,1.3333333333333333,0,4,4,13,SUCCESS,36134,rqhgHP8GTNOq6--l8zSFSg
333,JavaSlice#9523,1727882790116,3,36136,36136,130458,1.6666666666666667,0,5,5,8,SUCCESS,36136,iQbthyjRTAuk1hWeavEqWA
334,claudIA,1729908298416,3,36272,36272,151333,2.3333333333333335,0,7,7,3,SUCCESS,36272,xVcZGyC6Q5qUevYccVUqSw
335,CHI-CAMP,1728512067026,3,36273,36273,174002,2.0,0,6,6,32,SUCCESS,36273,Rsid4h0pT0WDVmvYWi4ymw
336,24TakeshiMiyamotoFY,1729654825351,3,36395,36395,128724,0.6666666666666666,0,2,2,4,SUCCESS,36395,9VNx_h1yTg69CjrSac-Tbw
337,JPMC-LDN-CARrad,1729676863365,3,36595,36595,142581,2.0,0,6,6,5,SUCCESS,36595,Q8rApQyJTkCRtdQN5JDaPw
338,BrainyCoder#4258,1729600307509,3,36599,36599,122000,0.3333333333333333,0,1,1,18,SUCCESS,36599,kcga3iDdTgiuRJtdso41xQ
339,Kuako,1727913092495,3,36658,36658,132455,0.6666666666666666,0,1,2,1,SUCCESS,36658,g3jpBKVBQrSJ7YjOu4pYhw
340,SHHS-Brightbill,1730315707355,3,36734,36734,145854,2.0,0,6,6,2,SUCCESS,36734,AjWd3IsMTdaWXMP_fegkiQ
341,VaptVupt,1729447142205,3,36736,36736,124190,0.3333333333333333,0,1,1,11,SUCCESS,36736,To6wtRF3SWur0HnXayaRng
342,BooleanSemicolon#5555,1729479299771,3,36848,36848,131317,0.6666666666666666,0,2,2,11,SUCCESS,36848,DCDF_hrvQy60B3zSKgXNCg
343,SHHS-Fitz-Virtual,1729623654630,3,36859,36859,113595,0.0,0,0,0,15,SUCCESS,36859,QNX726PfQbCC7dkc8kDGmQ
344,TheJJ-Naspers,1730281577540,3,36937,36937,121863,0.3333333333333333,0,1,1,9,SUCCESS,36937,a342c60d0a6b4a249e10dQ
345,Team5-Troopers,1729155399091,3,36995,36995,154060,1.3333333333333333,0,4,4,17,SUCCESS,36995,ZsFdt8Y3RZuRC10JRZW-tQ
346,LoreLightning,1729881159665,3,37062,37062,115055,0.0,0,0,0,16,SUCCESS,37062,B8Gc9YBqR9irOAVDNcyR4Q
347,Racer-SS,1728406386742,3,37205,37205,143929,1.0,0,3,3,25,SUCCESS,37205,ZBABDUp_TZyvn3sRq_wEww
348,HashableConsole#3143,1729260926372,3,37265,37265,113124,1.0,0,3,3,6,SUCCESS,37265,CnvlxjBXQ-2-iVwCijYliw
349,ProcessingDocumentation#6803,1730003298144,3,37399,37399,129129,0.3333333333333333,0,1,1,14,SUCCESS,37399,UUHRxbzEQEiFWQf0lNWvLg
350,BlockchainFunction#9592,1728923126106,3,37593,37593,114398,0.0,0,0,0,2,SUCCESS,37593,IAm6dxKxTIOq6AR53qsjUA
351,MaryModel,1729097399767,3,37658,37658,197859,2.6666666666666665,0,8,8,11,SUCCESS,37658,Wdg6rRbdQ3CLNhGOwzwT2g
352,RocketPresentation#7225,1729766443084,3,37665,37665,144469,2.0,0,6,6,32,SUCCESS,37665,NejnaR49SA2SE0hDqCd6hw
353,24SotaMuromiyaEJ,1729826453120,3,37734,37734,155065,1.3333333333333333,0,4,4,1,SUCCESS,37734,9LiMwqqqTba9jadO8HwYKQ
354,24KodaiIwasakiDO,1729731234470,3,37737,37737,156458,2.3333333333333335,0,7,7,5,SUCCESS,37737,TTFwIxLGS7iwiZPZw21k2A
355,AWS-Chai,1729553975163,3,37855,37855,126988,0.3333333333333333,0,1,1,2,SUCCESS,37855,ox9u44vURAO9-DKpfMtGCA
356,HigherMetaclass#6024,1729874259476,3,37923,37923,124389,0.3333333333333333,0,1,1,7,SUCCESS,37923,0FLtWH-_QnSk-KjAURImrw
357,BENGALURU-PLUTO,1727749537419,3,37998,37998,125854,1.3333333333333333,0,4,4,1,SUCCESS,37998,FJ2CDWDHTm27SCfHqEpdXQ
358,CompleteDocumentation#7519,1729545811310,3,38066,38066,135724,0.6666666666666666,0,2,2,4,SUCCESS,38066,rfiuj-avR0CjszQ17fpvvw
359,Yoga,1730274135977,3,38136,38136,114989,1.0,0,3,3,21,SUCCESS,38136,9C5BCEtKRUOa2-8axwuEFQ
360,diegoperpetuo#5018,1729781713104,3,38196,38196,125853,1.3333333333333333,0,4,4,2,SUCCESS,38196,ixFTx8WwSpOJRB70ysjt7A
361,MachineMethod#3177,1729214233000,3,38199,38199,157883,1.3333333333333333,0,4,4,24,SUCCESS,38199,2OPYeNX_Rfu1nfobiCLDmw
362,Team14-StigBaba,1729193010855,3,38324,38324,144928,1.0,0,3,3,10,SUCCESS,38324,UaurISGgQN-lF_0P1_kfJA
363,team10-osg,1729243009613,3,38329,38329,115658,0.0,0,0,0,3,SUCCESS,38329,rGyisheXQ6-DDv2sFIKYpQ
364,DanielCostantinRacer,1729617851019,3,38399,38399,154319,2.3333333333333335,0,7,7,4,SUCCESS,38399,GhOikLJ-TeiygB5I18GAzA
365,INET-i-Realize,1728535811659,3,38455,38455,145986,1.0,0,3,3,45,SUCCESS,38455,LkPJiLWASOqxjNb0d5ILcQ
366,la-banda-del-parque,1728485330139,3,38463,38463,134331,1.6666666666666667,0,5,5,1,SUCCESS,38463,9QCsSCjxRQa5lkvgTz4J_w
367,CriticalState#2594,1729020949095,3,38463,38463,135791,1.6666666666666667,0,5,5,9,SUCCESS,38463,P8OifPViQTKrxDkdLg6fUQ
368,may-KATCHAU,1727886550708,3,38598,38598,148723,2.0,0,6,6,15,SUCCESS,38598,PmtXo3f9R-a2FKLMLuaYOw
369,ExaaApp,1729894694562,3,38723,38723,179721,3.0,0,9,9,5,SUCCESS,38723,cbpYWPp-QXOsUM9YYT9YEw
370,24RikuNakagakiCP,1729742131368,3,38735,38735,130336,1.3333333333333333,0,4,4,5,SUCCESS,38735,0TkZQMtZSrG_5N0oFe5hgQ
371,BetaDescriptor#3751,1730204226793,3,38792,38792,162925,2.3333333333333335,0,7,7,3,SUCCESS,38792,R5VQz_AfR7u8metJXG7JOQ
372,SequentialAsh-Parsons,1727915257593,3,38795,38795,128736,0.3333333333333333,0,1,1,12,SUCCESS,38795,Sh0x-dcKR2uuSYRMZ8Wvzw
373,24NozomiSatoDV,1729132621390,3,38867,38867,127389,0.3333333333333333,0,1,1,4,SUCCESS,38867,Hj8U2AaESXSBDfuj66E4Gg
374,BA84,1727778892830,3,39059,39059,118189,0.0,0,0,0,4,SUCCESS,39059,PGA8tUQbRsOdAkFm-FY_YA
375,I-017,1729921710177,3,39129,39129,117857,0.0,0,0,0,3,SUCCESS,39129,TsrN8cOMRjWM1TwBzbOWpA
376,mamanyo-BIP,1729659325083,3,39199,39199,139586,0.6666666666666666,0,2,2,2,SUCCESS,39199,Uw7Ecs_RT8qV5yWn1M58yA
377,GenerativeCallback#8464,1729773910694,3,39320,39320,161459,1.3333333333333333,0,4,4,4,SUCCESS,39320,3EV6iaj1S0Kf7nNQ-sZV4Q
378,RecursiveRequirements#4760,1728749157324,3,39332,39332,142002,1.6666666666666667,0,5,5,1,SUCCESS,39332,_GPvr_kMSce7XRy6F91f9w
379,24MayaKodaiES,1729133511816,3,39337,39337,143329,0.6666666666666666,0,2,2,5,SUCCESS,39337,i_a3HzzhRY-hzPzyLSWggA
380,IterativeAnalyst#1878,1729081227222,3,39338,39338,119263,1.0,0,3,3,4,SUCCESS,39338,x1S9e6VcR4u9XAmjECZ42A
381,JPMC-CLB-RoadRunner,1728779151128,3,39398,39398,120193,1.0,0,3,3,2,SUCCESS,39398,AtdVzA8mQfGn28e9ZQGVCg
382,Dhans,1727752205414,3,39592,39592,179125,3.0,0,9,9,2,SUCCESS,39592,EuEIFYazRo-HLS6-Cak_Tg
383,TheEconomist,1729124592688,3,39609,39609,166812,2.6666666666666665,0,8,8,4,SUCCESS,39609,_sRt0zAsSvGdTJM-2XSBNg
384,Project-Zero,1727752235177,3,39655,39655,148931,2.0,0,6,6,1,SUCCESS,39655,YSbI1jRjSbazQENoTf3hBQ
385,ProcessingPresentation#6221,1729516414024,3,39659,39659,141862,0.6666666666666666,0,2,2,9,SUCCESS,39659,af1isTbxS6687k1grc_JIg
386,SequentialSchematic#9624,1729552520295,3,39664,39664,137724,1.6666666666666667,0,5,5,6,SUCCESS,39664,bb2Cz-KnRHilcDJoPhh6lQ
387,24HanaMiyazakiCR,1729221911656,3,39733,39733,130608,1.3333333333333333,0,4,4,4,SUCCESS,39733,5U_JMcHOS4etWeitp90seQ
388,Abedanos,1727803414013,3,39735,39735,121667,1.0,0,3,3,8,SUCCESS,39735,c8glVZzyRquYymSzihgcfA
389,24RyoTakegamiFS,1729221004329,3,39736,39736,130463,1.3333333333333333,0,4,4,5,SUCCESS,39736,mnkrgmL0QlaNzuVoqeehgA
390,ComplicatedUpgrade#3760,1727977129327,3,39803,39803,205726,2.6666666666666665,0,8,8,3,SUCCESS,39803,A2QUOOJ4RC2uXoo6YggGBA
391,JPMC-DTC-Fit-N-Run,1727746611666,3,39858,39858,151799,2.0,0,6,6,7,SUCCESS,39858,9zv888f5T8WGnzte_yhjyg
392,PeuBorges,1729780165601,3,39866,39866,135130,0.3333333333333333,0,1,1,4,SUCCESS,39866,nXC4McJdQqSkGZ6GWk4c8A
393,elnanofiaum,1729078948383,3,39932,39932,172586,2.6666666666666665,0,8,8,11,SUCCESS,39932,LLw0Fc6_R0OBI7LiG1cLVw
394,Groovy-DNPds,1729122438532,3,39934,39934,161392,2.3333333333333335,0,7,7,4,SUCCESS,39934,a4fb0e167d0e4112942c1Q
395,Tej-Parker,1729764058161,3,40067,40067,133189,0.3333333333333333,0,1,1,2,SUCCESS,40067,LXBTX3rzTQaSDvmtI3BPqg
396,24SeiraEmuraFV,1729741559925,3,40069,40069,151859,2.0,0,6,6,4,SUCCESS,40069,FWBA2ySzSV6WDPn2FdL0Cg
397,Team11-F1Racer,1729239238897,3,40131,40131,143465,1.6666666666666667,0,5,5,3,SUCCESS,40131,AfAQ2gXSSkmIRPU-wqkpfA
398,Kurosaki-2-Parsons,1729025373034,3,40136,40136,142325,0.6666666666666666,0,2,2,19,SUCCESS,40136,GA9061nOQCK-rOgjCN99TQ
399,Team19-ChuaSiHui,1729594714913,3,40388,40388,121526,0.0,0,0,0,4,SUCCESS,40388,Whb0Bm_pS_OWdRXDjN2Psg
400,PRO-GrAMmER,1730056675920,3,40394,40394,183530,2.0,0,6,6,1,SUCCESS,40394,Elcr3Cw7QOG81a4Qc9Fbrw
401,ContinuousError#2926,1730286320330,3,40400,40400,152661,2.0,0,6,6,2,SUCCESS,40400,HUGYIpQBSsil1vcAJ44Aaw
402,BITS-InitialB,1728260111181,3,40469,40469,153233,2.0,0,6,6,50,SUCCESS,40469,Pu_rScBoSba2S0uzWPkg9w
403,GeovannaArtemis,1728317481247,3,40599,40599,133460,0.3333333333333333,0,1,1,16,SUCCESS,40599,snZKJ89-SUyXTp8Xt1t2aw
404,Donni-Parsons-CA,1728498045069,3,40600,40600,132860,0.3333333333333333,0,1,1,2,SUCCESS,40600,ivMO2zbfT5W10IBxVz6DhA
405,HSBCTeamTwelve,1728998662388,3,40655,40655,141587,0.6666666666666666,0,2,2,3,SUCCESS,40655,BEKGIxadSsuhCatJoz9JUw
406,Merfoulis,1730217492019,3,40668,40668,143269,0.6666666666666666,0,2,2,5,SUCCESS,40668,ZXo038NgQoikG6lL_A5fVQ
407,fernando-lacerda,1729736133994,3,40730,40730,134001,0.3333333333333333,0,1,1,5,SUCCESS,40730,V6cPMuxnTzCWg0vvOBwK_g
408,foxfly,1729894488522,3,40738,40738,187131,3.0,0,9,9,1,SUCCESS,40738,8d4ef864240443258ceedw
409,ntxracer,1727897122586,3,40744,40744,133660,0.3333333333333333,0,1,1,5,SUCCESS,40744,f-E0BiKNRrCumpV8ivZjXQ
410,Deepak-dpk,1727741757834,3,40804,40804,197195,4.333333333333333,0,13,13,1,SUCCESS,40804,gDTBFK77TM6wD6uObZlulA
411,QualityArchitect#9808,1729651636859,3,40861,40861,230591,4.333333333333333,0,13,13,4,SUCCESS,40861,Bj-iz817RhOqN2_qEgWSNQ
412,BooleanEnvironment#5457,1729194414823,3,40933,40933,166262,2.3333333333333335,0,7,7,5,SUCCESS,40933,_xJyC2JYTEG336rgaqbsLw
413,IntelligentSpec#4348,1730205973339,3,40991,40991,140318,1.6666666666666667,0,5,5,5,SUCCESS,40991,9l8JVKKPRUewYz_gsl3pRw
414,UpdatedObject#6634,1729510250859,3,41200,41200,124929,1.0,0,3,3,12,SUCCESS,41200,npEh_27nSXCudXya8DIvFg
415,Runners-of-the-Thunder,1729996938650,3,41207,41207,162014,1.0,0,3,3,13,SUCCESS,41207,sINHmhWnTuaTbHyg6SXmTw
416,EnzoTabuchi-Koalas#2228,1729850157490,3,41260,41260,177128,2.6666666666666665,0,8,8,6,SUCCESS,41260,HPqcGsmmRuyDfdrfPJlBYg
417,Team50-JarvisJ,1729224941184,3,41330,41330,152190,1.0,0,3,3,15,SUCCESS,41330,2M4CkIQBTJqO5pWPOBETeA
418,Murilex-koalas,1729999072873,3,41334,41334,156655,1.0,0,3,3,3,SUCCESS,41334,DkF7pEPGSi2s9BUTs3cwhQ
419,ViperTimo,1730155601099,3,41406,41406,127201,1.0,0,3,3,5,SUCCESS,41406,1Ybuiw4dQbi9vnuDPuti3g
420,RicardoMombru,1729950026255,3,41462,41462,157262,0.6666666666666666,0,2,2,4,SUCCESS,41462,dszNfs_HQQC-RAXiNtBM4A
421,HCAlsos,1727773962645,3,41602,41602,136058,1.3333333333333333,0,4,4,3,SUCCESS,41602,Munh160SQROTssQHBnCB4A
422,AnthonySpells-Parsons,1728504938105,3,41726,41726,166862,2.3333333333333335,0,7,7,5,SUCCESS,41726,op4Xd5EVS-eF5_bA_FFuzA
423,EncryptedCallback#8609,1728047100637,3,41864,41864,168266,2.3333333333333335,0,7,7,5,SUCCESS,41864,qhYpEXwHRTePCGxP_nuRYg
424,waieez,1727937746752,3,41996,41996,128925,0.0,0,0,0,10,SUCCESS,41996,THmlVwgSRIqm_cvkWhsDvw
425,24YuyaMaruyamaCW,1729137146201,3,42068,42068,136270,1.3333333333333333,0,4,4,3,SUCCESS,42068,f1gmgVHsRQuhkCILNmslkw
426,EncryptedResource#8738,1729853437228,3,42130,42130,179459,2.6666666666666665,0,8,8,15,SUCCESS,42130,Auv_0k6cT1iI1PVEXCo69Q
427,UsablePatch#9153,1730121551797,3,42252,42252,159057,1.0,0,3,3,2,SUCCESS,42252,TyZ4REZxQ7u5mfq2zuvmUw
428,PassingNamespace#6010,1728582260992,3,42262,42262,129127,0.0,0,0,0,1,SUCCESS,42262,RnUWxuu6SqSEeqDUSa1VWA
429,JIT,1727850292403,3,42400,42400,169263,2.3333333333333335,0,7,7,15,SUCCESS,42400,UutVFGRCRJakJaqvn4db2w
430,inu12345-BIP,1729746749404,3,42599,42599,156993,2.0,0,6,6,1,SUCCESS,42599,BK-KWJrzTUy0yOv_G3xBkg
431,24KazuyaYamamotoDS,1729133728840,3,42668,42668,139393,0.3333333333333333,0,1,1,4,SUCCESS,42668,6FOUtll4QYWwtafaA-XGdA
432,Alvaro-Alonso,1729156106099,3,42696,42696,158563,2.0,0,6,6,11,SUCCESS,42696,5rgKQdafS4-SEBmbtuvBPA
433,timmles,1727774806769,3,42728,42728,128992,0.0,0,0,0,3,SUCCESS,42728,PeCZos_qQXyshXh9QtJ4yg
434,ghzx-jrn,1729347511214,3,42735,42735,152127,1.6666666666666667,0,5,5,6,SUCCESS,42735,geKWR8yfQCuxrLDZDhy76A
435,BrainySemicolon#3584,1729773223281,3,42804,42804,128927,0.0,0,0,0,4,SUCCESS,42804,XgDFaIyMTAOqp7-UBegetQ
436,GeorgeLechner-Parsons,1728990757657,3,42932,42932,158122,2.0,0,6,6,1,SUCCESS,42932,DCrRwBpTRGuk4UqZa_tkNQ
437,jpsimas,1729786336346,3,42932,42932,150660,1.6666666666666667,0,5,5,5,SUCCESS,42932,KYwrbjznRGuTjvAQBkttJQ
438,HSBCTeamTwenty,1728998379982,3,42993,42993,140600,1.3333333333333333,0,4,4,2,SUCCESS,42993,xQ_v-KVSS4-btHonLW555w
439,SKiNcare,1727863870985,3,42995,42995,212195,2.6666666666666665,0,8,8,3,SUCCESS,42995,CGIxhpBpTP-dgFSEEJzLAg
440,AIDriven,1728210165362,3,42998,42998,299933,7.333333333333333,0,21,22,1,SUCCESS,42998,a60d925f516c41178dae1w
441,Mememe,1729051378314,3,43060,43060,160729,1.0,0,3,3,4,SUCCESS,43060,MBfNC5hZTn-ffpWMoOxTWw
442,ghzx-wcl,1728480036396,3,43133,43133,177331,1.6666666666666667,0,5,5,4,SUCCESS,43133,no8Ix96MQDKlJL1oCc4X2w
443,ghzx-jbw,1730278338631,3,43133,43133,156856,0.6666666666666666,0,2,2,8,SUCCESS,43133,Hom65uotTbWtb6oBVUgIww
444,GT-Racing,1729351596527,3,43135,43135,163220,1.0,0,3,3,1,SUCCESS,43135,w9zvXqmyRFWjHCr1e_v0-g
445,PassingLine#8969,1729914179296,3,43192,43192,187854,1.6666666666666667,0,5,5,1,SUCCESS,43192,bv9l9tb_S8arXpBb49PF8g
446,NullToken#3740,1728160082157,3,43199,43199,171861,2.3333333333333335,0,7,7,4,SUCCESS,43199,OxPS9QUvTBCNjMRsXBfEPA
447,AsynchronousArithmetic#9128,1730309393685,3,43328,43328,160855,1.0,0,3,3,3,SUCCESS,43328,xPkLjV-xRXu_D9ehmzwD_g
448,TooSlow-James,1730274303332,3,43461,43461,151860,1.6666666666666667,0,5,5,5,SUCCESS,43461,niwaH6WrS72A9mHLWVib6w
449,SG-JPMC-FalsePositive,1727742991571,3,43538,43538,160927,3.0,0,9,9,3,SUCCESS,43538,a7S2V2QUTU6tPOYpA8RePQ
450,ConnectedGame#7907,1729547575495,3,43538,43538,131553,0.0,0,0,0,4,SUCCESS,43538,NVrd6d3JTWOrbtlztZyQLw
451,Team62-CiscoChamps,1729235942610,3,43733,43733,172394,2.3333333333333335,0,7,7,12,SUCCESS,43733,jnH5-sfJT9SuPslxij_wig
452,BASG-SPEED-MASTER,1728985535533,3,43782,43782,143798,0.3333333333333333,0,1,1,50,SUCCESS,43782,B-iPFAt2QlCAbvNqvzzeLQ
453,pgebski,1727765383074,3,43861,43861,208527,3.3333333333333335,0,6,10,8,SUCCESS,43861,gfTMAo7aSISFQCyBv6fR7Q
454,RafaelT,1729945552945,3,44057,44057,216054,3.6666666666666665,0,11,11,15,SUCCESS,44057,nh20eR6wSW2uOCJ_nRnUvg
455,RoadWarriorJames,1729312274408,3,44122,44122,165788,2.0,0,6,6,7,SUCCESS,44122,teDjZXeFSUqbRZF5gi0wBg
456,VariableAnalyst#2556,1729218263329,3,44139,44139,163132,2.0,0,6,6,1,SUCCESS,44139,CW6ETNdiR32stUe0giduDQ
457,SHHSRchau24,1728075045296,3,44256,44256,174062,1.3333333333333333,0,4,4,5,SUCCESS,44256,JtpN-1APR4amrgWoC4k-3w
458,JamesB,1729623852100,3,44326,44326,199724,3.0,0,9,9,5,SUCCESS,44326,SzJjtfoLQImnQ5ldTVZo3g
459,BackloggedFormula#4304,1729781242892,3,44537,44537,158193,0.6666666666666666,0,2,2,6,SUCCESS,44537,mg-fXg3sSPCv2Argi5IKfw
460,ReferenceLoop#5339,1729083740088,3,44601,44601,144591,0.3333333333333333,0,1,1,5,SUCCESS,44601,y6ucC43nSLyTZZFvvbSZxQ
461,NestedNetwork#1697,1730305482197,3,44672,44672,145257,0.3333333333333333,0,1,1,5,SUCCESS,44672,fU8A2B53Rb6lZGkN-kZ97g
462,24HisaakiMorimotoEE,1729652127294,3,44793,44793,177118,1.3333333333333333,0,4,4,3,SUCCESS,44793,flH1jwbNToOQ6JCseFZc0w
463,Breadcentric,1730150165598,3,44799,44799,189720,3.6666666666666665,0,11,11,1,SUCCESS,44799,SjNec5b-SpOk7y9b6rh4KQ
464,EsteemedConsole#9753,1729282259234,3,44872,44872,146730,1.3333333333333333,0,4,4,2,SUCCESS,44872,lOUGE2MATZqgmuLnrnk00A
465,elyssajkim,1729887040664,3,44928,44928,146195,0.3333333333333333,0,1,1,1,SUCCESS,44928,DcaljxMzTrmTkYH0_hNRyw
466,CompleteGlyph#0643,1730154043273,3,44999,44999,146725,0.3333333333333333,0,1,1,1,SUCCESS,44999,ohrS65Q9TnurFOCt7qSAFA
467,PrototypeGame#8957,1727960376296,3,45066,45066,174990,1.3333333333333333,0,4,4,2,SUCCESS,45066,wH-VgwoVQ6O_5371dDmLCA
468,AWS-SB,1729562476300,3,45075,45075,172061,0.6666666666666666,0,2,2,9,SUCCESS,45075,sVR5YfJbT3Kgv6Gh2Sda5A
469,BackloggedSemicolon#7718,1729686913221,3,45128,45128,173596,1.0,0,3,3,31,SUCCESS,45128,eXoIBWSXSYq-IoeRAZILDw
470,DesktopBraces#8694,1727781352748,3,45200,45200,136857,0.0,0,0,0,2,SUCCESS,45200,W8wpPEl2QAarpKRm_2iEhg
471,NeuralBuster#7430,1729001764387,3,45274,45274,136259,1.0,0,3,3,1,SUCCESS,45274,gR_sUCvHQBCJZnInJhV61Q
472,UpdatedError#0103,1729363956670,3,45459,45459,177725,2.3333333333333335,0,6,7,1,SUCCESS,45459,pYxLfqIPThau1744Lanbwg
473,CyberneticSpec#3805,1729551516734,3,45526,45526,198598,3.0,0,9,9,3,SUCCESS,45526,6D-b-fAARSiEI0Ane_OwNQ
474,MachinePoint#9487,1727949075513,3,45527,45527,137924,0.0,0,0,0,3,SUCCESS,45527,xlx3qFvvTZ2tOtW8p1-FnQ
475,RayNene,1728945568773,3,45599,45599,145788,1.3333333333333333,0,4,4,14,SUCCESS,45599,Mbcg4FrZSS6TEbGERoF-5Q
476,KingYusufAweda,1727832247012,3,45734,45734,179595,2.3333333333333335,0,7,7,5,SUCCESS,45734,zmqJubKtTAmtW03Evt8srQ
477,SweeEH-Erica,1728751548197,3,45739,45739,148390,0.3333333333333333,0,1,1,50,SUCCESS,45739,tiW3P2VVSvyKj5FHUBrgkQ
478,DigitalMethod#4050,1728964981417,3,45795,45795,138039,1.0,0,3,3,1,SUCCESS,45795,5woAn8fURT6VQ_b93owaZQ
479,TabletBreaker#3734,1729535666051,3,45989,45989,178262,2.3333333333333335,0,7,7,6,SUCCESS,45989,XLo-inz8QVuLzqefx0X2dw
480,LeoMtz,1727811221909,3,46058,46058,263990,5.0,0,15,15,11,SUCCESS,46058,bAuh9G8eSlaPuXBlDHo6mQ
481,DesktopBottleneck#6365,1727765155589,3,46065,46065,189661,2.6666666666666665,0,8,8,5,SUCCESS,46065,0OoY2IgxSnmzX1inTmR_yA
482,hozerdiagnozer,1729541054829,3,46121,46121,167589,2.0,0,6,6,6,SUCCESS,46121,NgQonrUKQXewI-itcE8EzA
483,DesktopPatch#1819,1728385875271,3,46131,46131,158541,0.6666666666666666,0,2,2,2,SUCCESS,46131,3D-ojNehTLqWIfa2_wvW3A
484,ABGS585-Papnat,1730116382581,3,46134,46134,151340,0.3333333333333333,0,1,1,6,SUCCESS,46134,y7NNYA9bTw61DfxboyCOzA
485,Lightning-McLearn,1730121296521,3,46330,46330,211189,3.3333333333333335,0,10,10,1,SUCCESS,46330,LH7iKwhaR5qWG_0xwMC2nQ
486,HigherTag#6881,1729229112255,3,46402,46402,168116,1.0,0,3,3,20,SUCCESS,46402,EJAXhNtDR_-LrDOo7lTdMA
487,TKU-CSIE-723,1730046344556,3,46472,46472,159395,1.6666666666666667,0,5,5,1,SUCCESS,46472,6C2Nvx3FR8Gr3rrvd2XcbQ
488,GenerativeMethod#5208,1727988703050,3,46533,46533,141190,0.0,0,0,0,4,SUCCESS,46533,FSzQW5gOSEa8wjF_FvOWqQ
489,QuickInterface#3972,1727862015269,3,46589,46589,163317,1.6666666666666667,0,5,5,5,SUCCESS,46589,F292ejZHQWC74vdjLDF8Aw
490,InfiniteClass#8405,1730308200013,3,46598,46598,180392,2.3333333333333335,0,7,7,4,SUCCESS,46598,WdVKqteSTmSM3BpgKVH8NA
491,RMUSamLinfengHao,1729181831308,3,46668,46668,152056,1.3333333333333333,0,4,4,2,SUCCESS,46668,aZa4NX2VS3SrtMP13z-J2g
492,PassingPoint#2165,1727977191061,3,46727,46727,142102,1.0,0,3,3,2,SUCCESS,46727,qRx_7zGCS46u2vvHZOtgJg
493,Team27-Pegasus,1729068890514,3,46866,46866,169323,1.0,0,3,3,20,SUCCESS,46866,AWXrlTxtSBqddCKcds-v2Q
494,ImportantSchematic#7397,1729767221218,3,46924,46924,141356,1.0,0,3,3,7,SUCCESS,46924,XtRBDh8STFKCMmy_exOmTQ
495,Team2-Chum,1728629279846,3,46996,46996,141192,0.0,0,0,0,5,SUCCESS,46996,CIdPMZitSOWSvtRezWAMYw
496,HelpfulUpgrade#1133,1729098797024,3,47078,47078,141860,1.0,0,3,3,1,SUCCESS,47078,F29rohuhQYafWHRkgdXgDA
497,24KarinGondaCB,1729133349212,3,47260,47260,152454,0.3333333333333333,0,1,1,3,SUCCESS,47260,hnUfgOCaR5CNd-UAjmYOGA
498,UnboundLambda#6115,1728997751892,3,47276,47276,164202,1.6666666666666667,0,5,5,2,SUCCESS,47276,xfdfPU9ZSySfmPu3KvoJLw
499,CidKagenou,1730318596431,3,47334,47334,166729,0.6666666666666666,0,2,2,3,SUCCESS,47334,2CpzdHEwTfSXfUx8nF24Qw
500,QueenBees,1728884455571,3,47403,47403,150922,1.3333333333333333,0,4,4,1,SUCCESS,47403,zCedWvvPRdi1jA_4BcCaPA
501,ImportantArray#9976,1728650075058,3,47404,47404,143848,0.0,0,0,0,5,SUCCESS,47404,6e4yuE4nSGWY_MIDbW2eXg
502,FocusedFix#7415,1728057450878,3,47459,47459,173657,1.0,0,3,3,2,SUCCESS,47459,rPN4B2WvRLODeWYPXyKbKg
503,impazzito#1296,1729077025732,3,47472,47472,143584,1.0,0,3,3,3,SUCCESS,47472,fdgER9ztR_e3HhmxZ80RNA
504,Web486#6362,1728420868443,3,47532,47532,154463,0.3333333333333333,0,1,1,10,SUCCESS,47532,rXMn16sIQR6T4ObM6AvDCg
505,Gunny,1727773076278,3,47532,47532,184252,1.3333333333333333,0,4,4,2,SUCCESS,47532,m5-I630sTqyWjEYTg5eO9Q
506,ComplicatedPresentation#0008,1730176680984,3,47652,47652,175383,1.6666666666666667,0,5,5,6,SUCCESS,47652,C4VUOGUtT1Sz3vNVCRNAOA
507,torrente,1729160378224,3,47660,47660,177330,2.0,0,6,6,15,SUCCESS,47660,HMnSTrMwTkulIsA7m5xyFQ
508,24AyanoNishikawaER,1729650683447,3,47741,47741,160867,1.6666666666666667,0,5,5,2,SUCCESS,47741,Y0pryZq-T-GukECHp93Iuw
509,24AkihiroHaradaCF,1729137727620,3,47790,47790,226990,4.666666666666667,0,14,14,5,SUCCESS,47790,_eqwuO1DSqWIuwKsFFNFDQ
510,VivienneK,1728127863386,3,47793,47793,143926,2.0,0,6,6,1,SUCCESS,47793,fawrrXzSSHKlDYXFgdB26g
511,YiranShenEU,1729567684573,3,47805,47805,170587,0.6666666666666666,0,2,2,3,SUCCESS,47805,WAq8hvrYSn6p7o_bSix0mQ
512,Eviden-SharanJeevangi-India,1727781328483,3,47866,47866,154993,1.3333333333333333,0,4,4,4,SUCCESS,47866,ahNlbPHuRHe5OrNByB0ojQ
513,TestingError#2202,1728901726887,3,47931,47931,154456,1.3333333333333333,0,4,4,2,SUCCESS,47931,XY_o-zBaR2qSi2Yv5EHX-w
514,CodeMetaclass#0229,1729284768511,3,47935,47935,155385,0.3333333333333333,0,1,1,1,SUCCESS,47935,8gEQvF2PQ-iHFHY8rnU-TQ
515,6-monoto,1728954858431,3,48067,48067,166994,2.6666666666666665,0,8,8,1,SUCCESS,48067,IxNCCjOmQbafvqHZJE0INw
516,maeken-BIP,1729672661487,3,48133,48133,176989,3.0,0,9,9,1,SUCCESS,48133,gQos4vmBQQW4RhBLqd-mZg
517,Cloud-Ultra-Pro,1730312713654,3,48159,48159,194026,2.6666666666666665,0,8,8,2,SUCCESS,48159,R22FBKQsSMKmRaTpNdD76A
518,24ShomaKanemakiDU,1729654942342,3,48192,48192,174390,3.0,0,9,9,3,SUCCESS,48192,AzmZsIBcQl2rmxJbaXe7jg
519,24KodaiYoshinoCB,1729655474083,3,48195,48195,177919,1.0,0,3,3,3,SUCCESS,48195,uyVN-um8SaySzwxxJC8dWg
520,PathingSequence#5632,1729014754793,3,48202,48202,180382,1.0,0,3,3,3,SUCCESS,48202,PcuYVCFyQQ2fMBgIJ7isTA
521,IntelligentCharacter#8071,1729527270304,3,48263,48263,157326,1.3333333333333333,0,4,4,4,SUCCESS,48263,yDlQUw07RpSQ9T_209eWOA
522,UpgradedLog#0198,1729604827416,3,48266,48266,164868,0.6666666666666666,0,2,2,1,SUCCESS,48266,aOKpIWySSjm0HoU9LKnrhQ
523,Team8-RuoYan,1729263090828,3,48289,48289,155289,1.3333333333333333,0,4,4,2,SUCCESS,48289,0NoF_pISTVWOn39fVzt8RQ
524,QualifiedTest#9890,1729664920898,3,48464,48464,147654,0.0,0,0,0,8,SUCCESS,48464,6knrUZ_BQ1-T5wC0u8YzfA
525,24RyoOnoderaEE,1729563872230,3,48467,48467,157917,1.3333333333333333,0,4,4,2,SUCCESS,48467,2kUycB6_RRKKHyWq64zD9w
526,failAndLearn,1727893967474,3,48472,48472,168977,0.6666666666666666,0,2,2,2,SUCCESS,48472,6VW1Og7_S0WbV853hzT_TA
527,Riley317551-SHHS,1729274424978,3,48532,48532,209005,4.0,0,12,12,14,SUCCESS,48532,Jpm_ypRjQXyv_kJ4RzSlNA
528,BackloggedConsole#7058,1729201519653,3,48601,48601,169267,2.6666666666666665,0,8,8,1,SUCCESS,48601,HavT02UjRROC26tivYHyVg
529,PathingFunction#4695,1728891408594,3,48655,48655,161656,1.3333333333333333,0,4,4,8,SUCCESS,48655,BRMrqrobSlikdX-_qaKHmQ
530,mpacheVeloz,1729530672831,3,48670,48670,178591,3.0,0,9,9,4,SUCCESS,48670,GyDD6HMARrinzjOjoe4BBg
531,24AkihiroYamatoEK,1729656446299,3,48727,48727,150586,2.0,0,5,6,3,SUCCESS,48727,dfakW-2lQPO7H_AC2nWeuQ
532,UrgentDeadline#9911,1728644678779,3,48729,48729,193471,1.3333333333333333,0,4,4,4,SUCCESS,48729,msHFloS9TRGwHpkkeWEY9A
533,NerdRx01,1728064185638,3,48798,48798,146724,0.0,0,0,0,5,SUCCESS,48798,MIoP3JFZSiyvbaZa3t3eYw
534,DesktopOrder#2994,1728469637072,3,48798,48798,168993,0.6666666666666666,0,2,2,19,SUCCESS,48798,ukfMsO5XSWyBCHwyrlv0Mw
535,BooleanZone#1119,1730026794494,3,48800,48800,147321,2.0,0,6,6,2,SUCCESS,48800,fdETb2-0RB-i03N8ZOI9ow
536,IcemanTaylor,1727797245349,3,48861,48861,183129,2.0,0,6,6,1,SUCCESS,48861,snHaoM1HQ26NW1rMO2MRFQ
537,gui-may-KATCHAU,1729178575298,3,48870,48870,212331,4.0,0,11,12,5,SUCCESS,48870,sx_jJLS8TGiKKhjOqv6vlg
538,ProgrammingLog#6237,1728059741732,3,48932,48932,147590,0.0,0,0,0,7,SUCCESS,48932,VJCrE8AbQTeoD5qiJyNofw
539,24MaikaHaraCQ,1729653169002,3,48938,48938,159520,1.3333333333333333,0,4,4,5,SUCCESS,48938,TdvcyAKISaWbAo1y97j1Aw
540,TechnicalPoint#2294,1729766801550,3,49000,49000,177582,2.0,0,6,6,3,SUCCESS,49000,IZMlCO1ySduxmeHc2e4KoQ
541,Eviden-mw-Chary,1729079334735,3,49067,49067,201746,1.6666666666666667,0,5,5,1,SUCCESS,49067,QNbF4BseTgqZRf5J2tAubA
542,AI-Triad,1729949626530,3,49069,49069,189329,1.3333333333333333,0,4,4,2,SUCCESS,49069,S90EhZzbSmeQZB236dKqew
543,WebArchitect#5111,1728502423845,3,49070,49070,148658,0.0,0,0,0,1,SUCCESS,49070,XtISLS-xT0iYAHiu7W1Y_Q
544,24TakuoUchidaCP,1729563412459,3,49191,49191,148928,1.0,0,3,3,3,SUCCESS,49191,VJsDCD3MS6ejvI9n8at6_g
545,RocketError#5887,1730126897177,3,49196,49196,148858,0.0,0,0,0,2,SUCCESS,49196,kuVdLC3oSbiSCPVaVRNj3g
546,Latil-Nino,1729173873116,3,49204,49204,158992,1.3333333333333333,0,4,4,1,SUCCESS,49204,XkpL3vfrSem-bDQSX88pXg
547,ElMachineGun,1729102367182,3,49257,49257,213662,3.3333333333333335,0,10,10,4,SUCCESS,49257,_e1CxAT6Sb6KFSy0Vz_gOA
548,AleCi,1728758520846,3,49326,49326,170322,1.6666666666666667,0,5,5,8,SUCCESS,49326,R3HcTqybRx26I4O6xo9Qcg
549,24ShihoYamamotoFP,1729483450033,3,49333,49333,171272,1.6666666666666667,0,5,5,5,SUCCESS,49333,jC7pN7C8SK6SLTD-Vk7iYQ
550,InteractiveUpgrade#6316,1729843258918,3,49336,49336,167854,0.6666666666666666,0,2,2,2,SUCCESS,49336,BPFVx4DSSVOLyk803YQgTA
551,DMathiesonParsons,1727895727056,3,49599,49599,224856,4.333333333333333,0,13,13,5,SUCCESS,49599,9x7TASymSAaRjvYyb-NivQ
552,CyberneticLog#4605,1728461881720,3,49731,49731,150322,0.0,0,0,0,6,SUCCESS,49731,Oc65rlXtTxK4iUN1X8tMtw
553,24HaoLingEQ,1729484662836,3,49734,49734,170730,0.6666666666666666,0,2,2,7,SUCCESS,49734,U4w16hoCRg6rG7BguUSMBg
554,24TomokiTakadaCD,1729481410600,3,49790,49790,160256,2.3333333333333335,0,6,7,3,SUCCESS,49790,l74nZvkGQ0-phedMvvIfDA
555,TopGRacer#8889,1729455889672,3,49802,49802,162751,0.3333333333333333,0,1,1,1,SUCCESS,49802,xOrnIcTTQ4ySmRsVfZ8rtw
556,olnlrlo,1729920736512,3,49805,49805,151926,1.0,0,3,3,20,SUCCESS,49805,LLAxU-7KT_uWrY17Eq0JkA
557,Team3-Geraldine,1729664017481,3,49872,49872,181801,2.0,0,6,6,2,SUCCESS,49872,vP7EB9QMRfaB5zGswu_duA
558,24JunnaYoshidaCJ,1729651252738,3,49873,49873,171925,0.6666666666666666,0,2,2,2,SUCCESS,49873,oiGO9RM9Swi4VgwJWCfMWQ
559,24AiMatobaEF,1730173377701,3,49874,49874,150221,2.0,0,6,6,2,SUCCESS,49874,fRrgnxoMReSfnEuLbi1IBA
560,HelpfulValue#9444,1728650771575,3,49895,49895,153226,0.0,0,0,0,1,SUCCESS,49895,MdAboSjSTpaeyH8vvDJLDA
561,EatMyDust-Spencer,1729212828778,3,49925,49925,171450,1.6666666666666667,0,5,5,5,SUCCESS,49925,abe4nj_lTKqtT1NvOAU-Sg
562,NullMetaclass#9923,1729604661242,3,50000,50000,152323,0.0,0,0,0,1,SUCCESS,50000,-JenfpxnT-SwJ6c-3nEcsA
563,24AnnaKobayashiEG,1729482476713,3,50133,50133,180395,3.0,0,9,9,4,SUCCESS,50133,6M93MA08QOmZPsEU7SRjEA
564,Roche-KitKat,1729109248668,3,50137,50137,180524,2.0,0,6,6,3,SUCCESS,50137,gKaY-BnpQw2wv5hIJCuN6w
565,BJSS-ST,1727941985467,3,50199,50199,206056,3.6666666666666665,0,11,11,2,SUCCESS,50199,R3eSbMS4SDWkKslTpQyhbQ
566,QualifiedBreaker#7478,1729671186769,3,50265,50265,276190,5.0,0,15,15,11,SUCCESS,50265,KpcXRqnKS2ei8lMODbQdDg
567,FungibleSchema#1351,1730224747321,3,50333,50333,182994,3.0,0,9,9,2,SUCCESS,50333,MfWQjIJlQdG5PnvGa_vkDg
568,ABHT166-Hari-Absa,1727848876114,3,50336,50336,162991,2.3333333333333335,0,7,7,3,SUCCESS,50336,vM041pmoSFyVi-whp1pPHA
569,VariableBraces#1540,1729001432805,3,50336,50336,167995,1.3333333333333333,0,4,4,6,SUCCESS,50336,8nAYZjEQSJad_4K0tKitKA
570,SulaimanL,1729628427335,3,50526,50526,153204,1.0,0,2,3,3,SUCCESS,50526,uAHDbip4R1qtp5IJ1uaeJw
571,HelpfulScope#6839,1728884377385,3,50589,50589,161247,0.3333333333333333,0,1,1,1,SUCCESS,50589,8C3UMmjbRYm5p5F7IS75QA
572,ThePriceIsRight-home,1727992405228,3,50592,50592,164123,2.3333333333333335,0,7,7,6,SUCCESS,50592,Wo2HNVdVSLm4duJkkhzpSw
573,HelpfulDescriptor#1679,1728381303806,3,50600,50600,162726,2.3333333333333335,0,7,7,4,SUCCESS,50600,jSwUI0IcSmmM7zIDQmhCrQ
574,NestedExpert#4324,1729809862158,3,50657,50657,171528,1.6666666666666667,0,5,5,1,SUCCESS,50657,QrJrp5mhTP2uDNZdeJ-PvQ
575,Team19-FinITRacers,1729179965663,3,50730,50730,187400,2.0,0,6,6,11,SUCCESS,50730,LVghQoGMRfa0Xs4_GAiNiA
576,GabrielOliveira,1729260876225,3,50732,50732,174729,0.6666666666666666,0,2,2,2,SUCCESS,50732,ibo-f9EzRDCiWPRWAgXGoQ
577,LengYouWin-YouYan,1729737757192,3,50732,50732,182128,2.0,0,6,6,12,SUCCESS,50732,0M55AMR4QXid516R5D0jig
578,NDC-NDCyonrinkudoukyoukai,1728204813287,3,50800,50800,197673,3.3333333333333335,0,10,10,12,SUCCESS,50800,Qsn6McZ1QHSxj0dBuw9CGw
579,CyberneticMethod#0828,1729166940332,3,50934,50934,166328,1.3333333333333333,0,4,4,4,SUCCESS,50934,sagp_0MvRqyMVMbhusu4Gw
580,FormulaicString#3634,1729072227245,3,50982,50982,182661,2.0,0,6,6,3,SUCCESS,50982,IeKnumj-QLisATCzX4e1Rw
581,24YamaryoCZ,1729134304944,3,50995,50995,174996,1.6666666666666667,0,5,5,2,SUCCESS,50995,AjK4GxeHSumez_818gE37Q
582,UsableObject#0094,1729562118299,3,50998,50998,183323,1.0,0,3,3,4,SUCCESS,50998,o8lV_AbjSO-sPuPSqKKDpA
583,NumericValue#2920,1728416316560,3,51002,51002,185330,3.0,0,9,9,3,SUCCESS,51002,jYUBtRCCSb6M-ZHenND4aQ
584,CriticalUpgrade#9327,1727954086213,3,51009,51009,166602,0.3333333333333333,0,1,1,3,SUCCESS,51009,_ia3macYQvqEgdITGCkSmg
585,NubeticRacer,1728332343184,3,51123,51123,182687,2.0,0,6,6,6,SUCCESS,51123,87nDbAtgRRqava5hTTHFpQ
586,AgileResource#5743,1729715172943,3,51267,51267,154655,0.0,0,0,0,2,SUCCESS,51267,um4sU13FTm6nvHGm1H_VUQ
587,24KotaOkanoDX,1729213450904,3,51328,51328,187197,3.0,0,9,9,7,SUCCESS,51328,Pdb93jotTUi11DFKWi9-IA
588,ThisDocumentation#6485,1729187721399,3,51390,51390,195658,1.3333333333333333,0,4,4,7,SUCCESS,51390,IGSi89gCQJycjfGkABTS7Q
589,AlphaBreaker#7791,1730278115242,3,51594,51594,155193,0.0,0,0,0,7,SUCCESS,51594,FLY8bRiDSk2h_Ns69rVMcw
590,VenkataC,1729103019894,3,51607,51607,212211,2.3333333333333335,0,7,7,2,SUCCESS,51607,STohkr3OSqeo3DOIZ33jtg
591,MS-LMQZ,1729672363053,3,51669,51669,200984,2.3333333333333335,0,6,7,4,SUCCESS,51669,F336HjRrRDGOAIvEz6l3DA
592,ProgrammingUpdate#3293,1728579412611,3,51729,51729,177190,1.6666666666666667,0,5,5,1,SUCCESS,51729,n0_1OFgnTqmWN12a-dY9Rg
593,Tutor-Ota,1729919332455,3,51796,51796,169319,1.3333333333333333,0,4,4,1,SUCCESS,51796,bn56yspQRE2wlr1QammQVg
594,mv,1728506873831,3,51866,51866,200328,2.3333333333333335,0,7,7,1,SUCCESS,51866,h5vWAY7QSlCXV-4KqukI8w
595,belmihoubmohammedhichem,1729179748560,3,51867,51867,157191,0.0,0,0,0,1,SUCCESS,51867,TigFSFboQvm5UQWiMv4J6Q
596,RobinCastro-DBS,1727769438493,3,51929,51929,156452,1.0,0,3,3,1,SUCCESS,51929,7KrbyQXvTBOxnBa0p9YuUA
597,BlockchainSlice#2595,1727980451229,3,51936,51936,176735,2.6666666666666665,0,8,8,1,SUCCESS,51936,tO8NTeaORBmxxM1ra_MYKw
598,24KotaShimizuFY,1730284746007,3,51939,51939,217540,4.0,0,12,12,5,SUCCESS,51939,BuCaPMuHTMS65nljb4ZPPA
599,AndrewD,1727785175463,3,52066,52066,188202,3.0,0,9,9,1,SUCCESS,52066,hyBODeEXTIeVuja7jrzB8Q
600,pramod,1729152972465,3,52120,52120,217256,2.0,0,6,6,3,SUCCESS,52120,TDaEUY7aQ1mxYx6fjaJ-eA
601,HigherResource#4414,1729603720173,3,52132,52132,199072,3.3333333333333335,0,10,10,10,SUCCESS,52132,nArG1cq3RjCDZk9S8M5Omg
602,CleanTheory#5576,1729171213736,3,52201,52201,188188,2.0,0,6,6,2,SUCCESS,52201,4p_fI3S6SRO19fAJkBiYDA
603,BrainyClass#2687,1729914169163,3,52269,52269,187463,2.0,0,6,6,3,SUCCESS,52269,QnWfPzivSBmErkbHqJ67JA
604,Niks1989,1729172032182,3,52332,52332,178657,0.6666666666666666,0,2,2,7,SUCCESS,52332,EA6_ImM_RvmGn3zZO8O5gw
605,CrypticByte#0311,1730063831680,3,52333,52333,197130,3.3333333333333335,0,10,10,1,SUCCESS,52333,fShnVYaLQLmhlWriDZee5w
606,Eviden-Myles,1730305526129,3,52386,52386,209118,4.666666666666667,0,14,14,1,SUCCESS,52386,d5do2-RKQ6Ow_gSO_EpHsQ
607,QS-Racer,1727812441762,3,52395,52395,197656,1.3333333333333333,0,4,4,1,SUCCESS,52395,KoATD6UTQ_u-V6G6u4_n1g
608,RacerBoi,1728290709998,3,52470,52470,178397,3.6666666666666665,0,11,11,1,SUCCESS,52470,pi6_quH_R-qvRwo-bwNL9A
609,24HayatoTakaokaCG,1729477387005,3,52537,52537,188386,1.0,0,3,3,3,SUCCESS,52537,IVzpJ0EuSeOO-pdqOtW_BQ
610,24TakahiroUchiuraCH,1730088065582,3,52660,52660,170664,2.3333333333333335,0,7,7,3,SUCCESS,52660,xDNoZZ1lRGqxEduc_81I8g
611,LoopingWorkaround#2748,1729079800830,3,52665,52665,179336,1.6666666666666667,0,5,5,7,SUCCESS,52665,bh6RBw78Sp65YJO-YRA03w
612,HigherByte#5166,1727980471517,3,52731,52731,175457,0.6666666666666666,0,2,2,1,SUCCESS,52731,0AfjBVC2Srm7f68oQYnvHg
613,onlylastplaceGQ,1730011245148,3,52733,52733,158787,1.0,0,3,3,3,SUCCESS,52733,KHRKrIHVRKyBdjwsSf7nrw
614,EsteemedDataset#5480,1727895885555,3,52795,52795,159724,0.0,0,0,0,2,SUCCESS,52795,RU7ZuPM4Qy2872-Wg8kNtw
615,benhibajalil,1730313061488,3,52871,52871,172325,0.3333333333333333,0,1,1,1,SUCCESS,52871,PEexeGvxQ7-xPRQeRY2exg
616,LoopingCharacter#7385,1729289575894,3,52927,52927,158931,1.0,0,3,3,1,SUCCESS,52927,nN1XA841RQuCaK2NmiqH6Q
617,DXPF#demo,1728101570395,3,52929,52929,221724,3.0,0,9,9,7,SUCCESS,52929,QfrZ05t4TAq3i5ugzYirOg
618,Blaine,1729102160235,3,52998,52998,181334,1.6666666666666667,0,5,5,1,SUCCESS,52998,5leaQMb6S3yBYwnPHrbChw
619,AiSolutions-Joe,1728243411859,3,53067,53067,267662,6.333333333333333,0,18,19,1,SUCCESS,53067,d12875dc48634d6daedcdw
620,24RenMatsuyamaDU,1730176322480,3,53184,53184,183117,2.6666666666666665,0,8,8,4,SUCCESS,53184,otdq8q5NRzC8amjxTGYH3g
621,24MinoriFujiiCK,1729133668309,3,53269,53269,162125,1.0,0,3,3,3,SUCCESS,53269,ADuVtS1cS4ucmCDzwVCORA
622,FilipeLrz,1729782516815,3,53469,53469,161402,2.0,0,6,6,3,SUCCESS,53469,9vCa6IxiQFKhk4rjjeqU9g
623,24SayakaTajimaDO,1729741570005,3,53735,53735,200797,3.3333333333333335,0,10,10,4,SUCCESS,53735,gywANgtlTQ-m7VbjO3LTVw
624,AutomatedDescriptor#6330,1729579880680,3,53797,53797,180857,1.6666666666666667,0,5,5,1,SUCCESS,53797,FAB6GNbfSH2f3zed3-ufsw
625,Forever21-szeying,1728988266065,3,53870,53870,194596,3.0,0,9,9,1,SUCCESS,53870,vtgNlfvbSM62yEdwXu5_ow
626,MobileRequirements#1707,1729135422609,3,53871,53871,207999,2.3333333333333335,0,7,7,8,SUCCESS,53871,3LoSXNTvTYayiYLYfX7H1g
627,Joaquin-Roibal,1729016521206,3,53932,53932,165587,1.0,0,3,3,6,SUCCESS,53932,q7GxYEDxRA6Mz9VGYIVDbw
628,NeuralSandbox#5378,1728742486252,3,53932,53932,172794,0.3333333333333333,0,1,1,8,SUCCESS,53932,myjvptwhSJmGNpgewv9BvA
629,24KazutoTakeuchiCS,1729477835654,3,53936,53936,162859,1.0,0,3,3,2,SUCCESS,53936,HK9UPhP_SjyGsK929GIZCw
630,24YoshikiHayashiCT,1730257324734,3,54066,54066,173128,2.3333333333333335,0,7,7,2,SUCCESS,54066,xaI2UUeaSvmAGBJOHMaMaA
631,JavaAnalysis#6751,1729950101092,3,54330,54330,207455,3.3333333333333335,0,10,10,3,SUCCESS,54330,dUcMJCRDRymEXu5vVXaqPw
632,ComplexSwitch#6124,1729773804711,3,54336,54336,255116,3.6666666666666665,0,11,11,7,SUCCESS,54336,zck1PecATeewy2sUDnecWw
633,HiroyaIkarashiCS,1728956272624,3,54390,54390,183796,2.6666666666666665,0,8,8,4,SUCCESS,54390,tIby6eleRKWhgyLj1Z5UAA
634,dandanzuishuai,1729764126413,3,54463,54463,164454,1.0,0,3,3,12,SUCCESS,54463,F1SgR4PzRpmgR9NOrOsA4w
635,Team24-ByteOnWheels,1729160863281,3,54471,54471,163862,1.0,0,3,3,1,SUCCESS,54471,7dR7Ot40RR2KCU9JumPqyQ
636,AgileArgument#7951,1728455450648,3,54530,54530,164458,0.0,0,0,0,4,SUCCESS,54530,vW5I15YzSce2YPvVZ_GmcA
637,FocusedSandbox#3443,1728420796001,3,54585,54585,177920,0.3333333333333333,0,1,1,14,SUCCESS,54585,VaaySOQGT4Gb7BIszNacCA
638,JOAOBURGOS,1729783574525,3,54598,54598,203938,3.3333333333333335,0,10,10,4,SUCCESS,54598,ugojJvJEQyKT8U4uPQJAmw
639,eulalia,1729779548942,3,54659,54659,183993,1.6666666666666667,0,5,5,3,SUCCESS,54659,V9CoudJXROO6oag5Syqpxw
640,24KazukiYajimaCO,1729218501088,3,54798,54798,215730,3.6666666666666665,0,11,11,6,SUCCESS,54798,ikJzsdAZSlS0Ym_G9AtItA
641,DesktopGrid#7733,1729078720248,3,54863,54863,167397,0.0,0,0,0,4,SUCCESS,54863,ni-xc3DbRRSQ_muNpGDu2w
642,NitroBoostM,1727785353840,3,54870,54870,209332,4.333333333333333,0,13,13,1,SUCCESS,54870,BbeYnzdXRcmOwq351apTXQ
643,WebDeadline#6250,1729400543348,3,54926,54926,171655,0.0,0,0,0,5,SUCCESS,54926,c5i0PFGpTwaGrJ7klX78xA
644,CyberneticHypothesis#1320,1729531451630,3,55140,55140,188479,1.6666666666666667,0,5,5,3,SUCCESS,55140,Y3csMI23QayEEdI9tfTylA
645,ThisResource#2182,1730303426452,3,55262,55262,230527,5.0,0,14,15,1,SUCCESS,55262,m2zmj8P9QiqBRiIC1jpCuA
646,AtomicContext#3273,1729696507456,3,55328,55328,208125,1.3333333333333333,0,4,4,1,SUCCESS,55328,BZkVKaH_SXm_9n-9bLPyMA
647,PassingGrid#1796,1729609548961,3,55331,55331,187588,2.6666666666666665,0,8,8,3,SUCCESS,55331,3Oxv78OLTdejtuiifwJZ7w
648,Team54-CiscoRacers,1729171006074,3,55468,55468,180588,2.3333333333333335,0,7,7,2,SUCCESS,55468,Z5hc7sFXRuGvAa3hWWpZfg
649,SquareMethod#3807,1729607790564,3,55594,55594,201189,1.3333333333333333,0,4,4,4,SUCCESS,55594,Nje5tpgeSUarb_-Dh-hlng
650,ASU-Aziz,1730248997675,3,55804,55804,176583,1.3333333333333333,0,4,4,4,SUCCESS,55804,8hcTNgeWRs6yb3nscaiZ_Q
651,InteractiveMachine#9511,1728508062935,3,55925,55925,199672,2.0,0,6,6,1,SUCCESS,55925,IlKShpvNSEOlsIEuJAdLuw
652,I-016,1729914057575,3,55931,55931,170920,0.0,0,0,0,4,SUCCESS,55931,36LlfydHTqObVbp2gCZi2A
653,Team19-Jit,1729836984127,3,56000,56000,190054,2.6666666666666665,0,8,8,1,SUCCESS,56000,oTXHultcS-O2LkjlmiHa9g
654,NestedSystem#2056,1727975930148,3,56062,56062,169594,0.0,0,0,0,2,SUCCESS,56062,iL2odFDtTlargm6n3HOslg
655,AgilePoint#3400,1728423161885,3,56066,56066,189815,2.6666666666666665,0,8,8,4,SUCCESS,56066,NY7xVcvkSg2rFtgSIRLpMw
656,technopro#hanaoka-teruaki,1728291872113,3,56130,56130,209658,3.3333333333333335,0,10,10,2,SUCCESS,56130,BY2nJZGyTdWr_u0dSOdojg
657,WebEnvironment#9528,1729364287947,3,56133,56133,169997,0.0,0,0,0,1,SUCCESS,56133,rCGa2708RPqzCTxFxDNLsw
658,IterableTest#4198,1729605763024,3,56135,56135,180391,2.3333333333333335,0,7,7,4,SUCCESS,56135,phPkRUrqQjGaMsukiZ8SEg
659,AsynchronousNumber#5521,1729890035947,3,56334,56334,241391,3.3333333333333335,0,10,10,3,SUCCESS,56334,DI4S-KX9TCa3_kAyS3kbXw
660,BackloggedError#7413,1729291037697,3,56458,56458,203990,2.6666666666666665,0,8,8,4,SUCCESS,56458,vgueuno9RvSEAFkt4RHsDQ
661,PythonPackage#0191,1728040945050,3,56526,56526,181184,2.3333333333333335,0,7,7,1,SUCCESS,56526,0OHlcNE2Qim8N0iNsKJnxw
662,24TaiseiKatoEX,1729213255067,3,56536,56536,223057,2.6666666666666665,0,8,8,4,SUCCESS,56536,lSIj2PWbR-KzMS-jIWIoEw
663,Seab,1728304162439,3,56591,56591,241658,5.333333333333333,0,16,16,1,SUCCESS,56591,mjD1OGTXQfKTXMPWVq29rg
664,24KansukeYabutokoDV,1729730540000,3,56722,56722,203398,2.0,0,6,6,3,SUCCESS,56722,CuoxrDFQSG6I8El7IcgjMA
665,24YuMotojimaDG,1729654984496,3,56731,56731,202621,3.0,0,9,9,2,SUCCESS,56731,v9XWtZprQmuiWTpOJku-KQ
666,Eviden-PaSko,1727982055364,3,56742,56742,170387,0.0,0,0,0,1,SUCCESS,56742,4Q56GaX7Ro6iqFaZSrobYw
667,ImmutableScript#7110,1729186317058,3,56797,56797,183987,2.3333333333333335,0,7,7,2,SUCCESS,56797,U3QR_5CTR6C82PZWLOR4Ag
668,FiniteModel#5271,1728571210979,3,56869,56869,212589,3.3333333333333335,0,10,10,3,SUCCESS,56869,P6K4OK_JRAKDNaY2mpUiDQ
669,UrgentLambda#2547,1729794665285,3,56918,56918,185988,0.3333333333333333,0,1,1,18,SUCCESS,56918,GNs5werrTBKI_gxtU1crwA
670,LEAPracers,1729340974644,3,56936,56936,186195,1.6666666666666667,0,5,5,1,SUCCESS,56936,kJIRzjWhQUGaiY-muB3ewA
671,FiniteDataset#6905,1728314821064,3,57263,57263,175784,0.0,0,0,0,3,SUCCESS,57263,cusI9Xo6RKi2rl5reP8kCg
672,24YukiTanakaFW,1729133410825,3,57266,57266,203066,3.0,0,9,9,3,SUCCESS,57266,SflR8rGwShC6d3nQQ8MXug
673,QualifiedBooster#7428,1727861870521,3,57277,57277,181727,0.3333333333333333,0,1,1,3,SUCCESS,57277,PGFEWshNScWL2v_ICTuA_A
674,Racer7777,1729159917014,3,57396,57396,182593,0.3333333333333333,0,1,1,6,SUCCESS,57396,o73EQmvoSROSJ41BnJK42g
675,SolvableSystem#5204,1727964703385,3,57410,57410,201944,2.0,0,6,6,2,SUCCESS,57410,I8l_SWy3TbWImkhwO8TIYg
676,MSEDU-S6,1727848522953,3,57455,57455,194793,0.6666666666666666,0,2,2,2,SUCCESS,57455,l8qpZuSeTOmmeM2UKo4iSQ
677,RedBeard,1729536387769,3,57464,57464,190385,1.3333333333333333,0,4,4,1,SUCCESS,57464,S3LZzkJoSCqJPFOWJ3TKAw
678,pato-yamada,1728263659447,3,57605,57605,200933,2.0,0,6,6,19,SUCCESS,57605,-9KAXdJiQKKE2ELyE_fl7g
679,Team31-Ferrari,1729171284180,3,57656,57656,201590,3.0,0,9,9,7,SUCCESS,57656,h94WM2dURSO_kdciA83Hlw
680,Beelzebub#0495,1727758378614,3,57660,57660,196468,3.6666666666666665,0,11,11,2,SUCCESS,57660,DMFm_6byQ9SA3Hmd67VKEA
681,JPMC-NYC-Turbo,1728888270172,3,57731,57731,207112,4.0,0,12,12,2,SUCCESS,57731,qbj3rFaNQ0We8e9bGSZBSg
682,JPMC-DTC-CART,1728009179229,3,57802,57802,248793,5.333333333333333,0,16,16,1,SUCCESS,57802,-tN8MLKrTU-zkaQAaimfQA
683,UrgentError#3525,1729843855079,3,57869,57869,176328,1.0,0,3,3,2,SUCCESS,57869,hyzW8rQbTKOxxTljPnNhkg
684,YousfiManel,1729173452952,3,57994,57994,248195,4.333333333333333,0,13,13,1,SUCCESS,57994,eecHUVRyTQKKxD3plSLxgw
685,24ShinnosukeOshimaEH,1729652669650,3,57997,57997,203999,4.0,0,12,12,3,SUCCESS,57997,jDSyhXSvSG-knWj07v86Kg
686,ArtificialTech#2345,1728232011624,3,57999,57999,208462,2.0,0,6,6,4,SUCCESS,57999,WS9peYpgS6SpDoQNb5v5Uw
687,AsynchronousLog#7092,1729706355692,3,58053,58053,236785,2.0,0,6,6,3,SUCCESS,58053,CYSJln1gSc69IGsy7C6BzQ
688,Tanajura,1729781798785,3,58132,58132,178660,0.0,0,0,0,4,SUCCESS,58132,yqZSmZd0RjyRqZy_8iS_Fw
689,GoodmanKR,1729211886499,3,58199,58199,185460,3.3333333333333335,0,10,10,1,SUCCESS,58199,f905b742ca594aadb529eQ
690,Team-SUS,1730213174293,3,58267,58267,216457,2.3333333333333335,0,7,7,2,SUCCESS,58267,Ri2CdaeXSI2wom2V7twuZQ
691,SequentialObject#2701,1728662228719,3,58397,58397,188343,2.6666666666666665,0,8,8,2,SUCCESS,58397,EBruBD32RVuTrFhB09nMcg
692,JPMC-DFW-DeepRacer10,1728320026066,3,58527,58527,227987,4.666666666666667,0,14,14,4,SUCCESS,58527,lu9IPjxGSSmnbtbQ6ic8Hw
693,24ShunkiYahiroFV,1730256112709,3,58529,58529,197123,3.6666666666666665,0,11,11,3,SUCCESS,58529,sJnoCnvyT4KDA1K2n-2YJQ
694,Team57-TopModel,1729187399458,3,58597,58597,210186,1.0,0,3,3,8,SUCCESS,58597,6J420K3wRDOIiSzG-RP9Hg
695,baldenj,1729543277631,3,58604,58604,178261,0.0,0,0,0,2,SUCCESS,58604,mQB_eEbISwumb4YIQ3B_cw
696,2024-tutor-sasano,1729740675217,3,58794,58794,196719,1.6666666666666667,0,5,5,2,SUCCESS,58794,XB0KUWgvSPSiVsS_n8pllQ
697,IterativeMachine#5632,1728939618539,3,58803,58803,237665,4.0,0,12,12,6,SUCCESS,58803,M76xLDpoRj24kvW03cJ7Qw
698,24YutaTakeuchiEM,1729729981113,3,59197,59197,227052,2.6666666666666665,0,8,8,7,SUCCESS,59197,O3mSfxkaQU-PMkhe6VU7hA
699,24KeitoYoshidaDP,1729820502329,3,59198,59198,282381,6.333333333333333,0,19,19,5,SUCCESS,59198,25BXWC9JTAuYvkBO7LPGIQ
700,QuickTech#4549,1729168094201,3,59267,59267,178530,0.0,0,0,0,2,SUCCESS,59267,TEB99yDvS26JnllHCHam5A
701,VariableScript#8615,1729771796826,3,59329,59329,209798,2.0,0,6,6,3,SUCCESS,59329,EL8jygLgTM6EgljhNmJ4Xw
702,RobotNumber#2607,1727777830725,3,59792,59792,231128,3.6666666666666665,0,11,11,2,SUCCESS,59792,ixWe-SssRDKAI1jptimrOg
703,DeepCharacter#2760,1729775791639,3,59802,59802,190928,3.3333333333333335,0,10,10,3,SUCCESS,59802,5BqbfT3IQIe17yjoOgIfpA
704,SMSS-Sophia,1730266930006,3,59930,59930,182270,0.0,0,0,0,3,SUCCESS,59930,VBxzOt--RJS-cvaqCK7LvQ
705,SequentialPackage#9088,1730131542018,3,59932,59932,201391,2.6666666666666665,0,8,8,42,SUCCESS,59932,aWgjTHbnROeZpFy97PP3YA
706,24NaoyaKobayashiEZ,1729656762322,3,59989,59989,202057,3.6666666666666665,0,11,11,3,SUCCESS,59989,uY3_KkDEQKOraXoP_Jt6Ug
707,NeuralShell#0260,1728041687320,3,60007,60007,194330,1.3333333333333333,0,4,4,1,SUCCESS,60007,UtsV_MXGQGOsepebW4yHfA
708,UpgradedExpert#5985,1729537564953,3,60065,60065,223924,4.333333333333333,0,13,13,5,SUCCESS,60065,IJbz0QGsSAegcxnMbaifTg
709,centurygames-2024-team-5team-xu,1729914883095,3,60066,60066,191001,1.3333333333333333,0,4,4,3,SUCCESS,60066,Smn1UpkHR7GMvTBS_ANj5g
710,LucaRelly,1729107787537,3,60194,60194,199328,3.6666666666666665,0,11,11,3,SUCCESS,60194,HVbrFfAKTgKouK0ydIR8wg
711,SHHS-Fitz-WeRobot,1728872453067,3,60205,60205,203125,3.6666666666666665,0,11,11,5,SUCCESS,60205,Vmku0szES5aMrwvMl9rGww
712,marolalaid,1729779892740,3,60217,60217,191947,2.3333333333333335,0,7,7,1,SUCCESS,60217,2tyFMpvGRkqS9HjMoy0lbQ
713,MemoryShell#5752,1728572470040,3,60470,60470,206860,2.6666666666666665,0,8,8,1,SUCCESS,60470,6YlhZiiwSLSWHcQDJJv_tw
714,AgileFix#2702,1727969668092,3,60531,60531,214257,4.0,0,12,12,4,SUCCESS,60531,uebE0fZ5SE-kmWFSgPEOvw
715,tusrau,1727933174663,3,60533,60533,193655,1.3333333333333333,0,4,4,1,SUCCESS,60533,pxr_EG7iQBGAGWuI0rbTdw
716,SHHS-WeRobot-Fitz,1728417935719,3,60597,60597,243583,4.0,0,12,12,5,SUCCESS,60597,dMOm9ttZTAKdQoDkKNwT4Q
717,patrick,1727838468300,3,60663,60663,193730,0.3333333333333333,0,1,1,2,SUCCESS,60663,4a443eafcfbc46eea4a11w
718,CriticalArgument#5614,1729914214849,3,60798,60798,183537,1.0,0,3,3,2,SUCCESS,60798,MOPnuil5RaGlHbsG9IHNwA
719,SC-InitialSOY,1728979384943,3,60803,60803,225322,4.333333333333333,0,13,13,2,SUCCESS,60803,I5sEFPx_Q0-w8biQ8wd-kQ
720,24BlueCQ,1730166373378,3,60807,60807,223184,3.3333333333333335,0,10,10,6,SUCCESS,60807,WDp86RjmTv67rpg0Pu9bYA
721,Ulisses,1729776262881,3,60864,60864,203994,1.6666666666666667,0,5,5,4,SUCCESS,60864,4KbYSardQZ2LS_WWh2IZAA
722,Team35-QuantumRacers,1729096911373,3,61007,61007,279924,6.0,0,18,18,19,SUCCESS,61007,IX32tpC1SIO3Zs9ZZH2RCw
723,JPMC-JC-MacLearnen-RL,1728388619443,3,61201,61201,300062,6.666666666666667,0,20,20,1,SUCCESS,61201,PlB6UYgYSK-JUbiKTqUF8Q
724,24NaoakiTakadaCW,1729650650729,3,61203,61203,196408,2.3333333333333335,0,7,7,2,SUCCESS,61203,jzoeznumROKQUACj6TI7_g
725,PathingToken#7599,1729253338478,3,61261,61261,190722,0.0,0,0,0,1,SUCCESS,61261,wCPjDXiJRf2GbLj0L3r9ZA
726,QualifiedDescriptor#6875,1729364223079,3,61261,61261,205789,0.6666666666666666,0,2,2,1,SUCCESS,61261,xIZ4Ge3bQLa6OWxcdITckA
727,SolvableArray#0866,1727988143083,3,61470,61470,206266,2.6666666666666665,0,8,8,1,SUCCESS,61470,YdWLl5i7RNOTUBPPUAoKQA
728,MSEDU-S16,1728007119654,3,61523,61523,186061,2.0,0,6,6,1,SUCCESS,61523,R59s7HeWR2SLH5Nv5BSZbA
729,RamonPapes#0856,1729781874622,3,61665,61665,196596,0.3333333333333333,0,1,1,2,SUCCESS,61665,0CdvD0C0THKI1zwJngkTQg
730,24TaichiF-EJ,1729132666887,3,61860,61860,185993,1.0,0,3,3,3,SUCCESS,61860,OfTO8b1hSMaJK9H-yMcAjQ
731,24KazukiNakaiCS,1729221213894,3,61989,61989,226055,4.333333333333333,0,13,13,4,SUCCESS,61989,3XyR5tdqRB68gygqOw4XMQ
732,NeptuneNavigators,1728482214375,3,61992,61992,225458,3.3333333333333335,0,10,10,3,SUCCESS,61992,KSj-ISwQSM6fmxkC_25ArA
733,IterativeSwitch#9458,1729167430876,3,61996,61996,206590,2.6666666666666665,0,8,8,1,SUCCESS,61996,qq7D4tIVSjmVhEZNdw3_rw
734,24MizukiShimadaCZ,1729481916423,3,62203,62203,187660,3.0,0,9,9,2,SUCCESS,62203,PxUB5fFWQwqHnlOyBf-bgA
735,Car15-Georgyann,1730276081072,3,62265,62265,206522,2.6666666666666665,0,8,8,7,SUCCESS,62265,RZnKxnNvSL2zM7fW-GamfQ
736,JavaBottleneck#3097,1729918806207,3,62324,62324,208062,2.6666666666666665,0,8,8,2,SUCCESS,62324,f5vrNKj1S8uEJ9-iK_1CRA
737,AlphaContext#6280,1728199957078,3,62659,62659,201130,0.3333333333333333,0,1,1,1,SUCCESS,62659,hGBkYfaxQICR5isc3OLqGA
738,InteractiveLoop#1276,1728650771677,3,62668,62668,262998,5.333333333333333,0,16,16,3,SUCCESS,62668,L-gozb1FSLCH_t0lo9XBaQ
739,centurygames-2024-1-one,1730020037353,3,62788,62788,188997,0.0,0,0,0,3,SUCCESS,62788,x4pJ8gVlTjq9FG1d0cbDgg
740,UnicodeString#8854,1728478848165,3,62934,62934,210384,0.6666666666666666,0,2,2,4,SUCCESS,62934,JwRYKtO0Qzm8hKdK7tECQg
741,ComplicatedDocumentation#7351,1728068171397,3,62996,62996,189791,2.0,0,6,6,3,SUCCESS,62996,ui9QvyAjR2-OWMoM8QPQdA
742,24HarukaInoueEG,1729132201841,3,63001,63001,199381,3.3333333333333335,0,10,10,3,SUCCESS,63001,iXi3thMHS9CFR5y3WPNsiA
743,TestingNetwork#3162,1730269250326,3,63059,63059,281457,5.0,0,15,15,8,SUCCESS,63059,rRQ3IVGXQu-l7aIxhG-TvA
744,Team2-YCH,1729081894499,3,63067,63067,212788,3.6666666666666665,0,11,11,3,SUCCESS,63067,dG18srvfQdeCR312Cek2eQ
745,ggTeam10,1728038578165,3,63134,63134,204928,0.6666666666666666,0,2,2,4,SUCCESS,63134,2Rt8Yb8tQDylWepkRlCaVQ
746,UpdatedWorkaround#0049,1730017251478,3,63267,63267,191858,0.0,0,0,0,1,SUCCESS,63267,GVrCYLhtS-u_YBNT9_rvYA
747,24YukiYokotaCP,1729220866741,3,63335,63335,252465,5.0,0,15,15,3,SUCCESS,63335,R_TF1YlXSeGEqqR0ZlzHgw
748,InfiniteTable#6512,1729079405390,3,63467,63467,212953,0.6666666666666666,0,2,2,1,SUCCESS,63467,4RHXF6dITdqzWoq82L8FZA
749,HSBCTeamSeven,1728997883143,3,63602,63602,205588,2.3333333333333335,0,7,7,1,SUCCESS,63602,uA-fWfGCQYabNOEbN1lcIg
750,IntelligentInterface#9004,1728938754459,3,63603,63603,245922,2.6666666666666665,0,8,8,6,SUCCESS,63603,r9BdnPFiR7GS8Btb4nPcAA
751,Saif,1730154554012,3,63664,63664,192513,0.0,0,0,0,3,SUCCESS,63664,SeCn56laQ7epIgYwMtuV3A
752,ParametricSchematic#8121,1727846400153,3,63667,63667,192453,0.0,0,0,0,1,SUCCESS,63667,IL3ZD9MIRz-YE9sS6-A6aA
753,jdrager,1728593501785,3,63731,63731,203194,0.3333333333333333,0,1,1,1,SUCCESS,63731,w1_tJTfKRqC3h-Pg8UIQVQ
754,CVUSD-Big-Valley-1,1730116836710,3,63855,63855,242794,5.666666666666667,0,17,17,3,SUCCESS,63855,xD7iWHHpQHmzN3byCiV40g
755,SamJacobs23-Parsons,1729082192221,3,64192,64192,240458,4.666666666666667,0,14,14,5,SUCCESS,64192,8EN5AAe5QKKupm5tMDIgfQ
756,FuturisticContext#9247,1730087902475,3,64263,64263,273602,2.3333333333333335,0,7,7,1,SUCCESS,64263,ClamD_laR5m0TakLOTVM1Q
757,ZaragaSenna,1729712462780,3,64335,64335,193723,0.0,0,0,0,6,SUCCESS,64335,s0RUyQM4SOmsRJcs-C69xQ
758,AMEURAYOUB,1729091309072,3,64349,64349,196459,0.0,0,0,0,3,SUCCESS,64349,4VL2-2sIQYK3jcYRB1aZ0Q
759,MechanicalExpression#7836,1727840086958,3,64401,64401,234071,4.333333333333333,0,13,13,7,SUCCESS,64401,qC4p8vE-TY2n_NThP_L56Q
760,ParametricBuster#9045,1729484756449,3,64460,64460,351789,8.0,0,24,24,2,SUCCESS,64460,10lPVgc2SISLWnWkJcnoBw
761,ProgrammingSwitch#7401,1730091352615,3,64470,64470,234056,3.3333333333333335,0,10,10,8,SUCCESS,64470,EeDtAPD1S2iX_99Hrp7D2Q
762,RocketHacker#1116,1729794615545,3,64532,64532,235390,4.333333333333333,0,13,13,5,SUCCESS,64532,0Iex3HgjR0O8SUzkGPVyPg
763,AshThomp-Parsons,1728664645056,3,64599,64599,204662,3.3333333333333335,0,10,10,1,SUCCESS,64599,bBI04nWMTOCyhdvxAty0cg
764,IntelligentWorkaround#2125,1729755500446,3,64609,64609,230796,2.0,0,6,6,2,SUCCESS,64609,x1XL7OZ1SCuySqo1-jNiOw
765,Jake-Spellman,1730141930849,3,64629,64629,249170,4.666666666666667,0,14,14,2,SUCCESS,64629,BIyxxU7SQ2qn1LlH5MIHgA
766,QualitySequence#2540,1728701531086,3,64654,64654,195458,0.0,0,0,0,8,SUCCESS,64654,R0dB1oaXRc2sp5gb9A2irg
767,DocDT2,1729103667755,3,64800,64800,264850,5.333333333333333,0,16,16,3,SUCCESS,64800,8gvMBC7AT0GHGEfDRv04pw
768,24RyosukeFujiokaFG,1729133657986,3,64815,64815,195217,3.0,0,9,9,3,SUCCESS,64815,UUZZ8qMjQimyRub7mRsNIg
769,ContinuousPoint#4126,1730291833186,3,64868,64868,206987,0.3333333333333333,0,1,1,2,SUCCESS,64868,IjFOWLBqQmCoW5JEZ2l_Bw
770,ReferenceNumber#9613,1728956492475,3,65063,65063,195460,0.0,0,0,0,1,SUCCESS,65063,IiuvxT5URCyLZmCgc7jnkw
771,UpgradedScript#1209,1727905967207,3,65064,65064,237326,3.3333333333333335,0,10,10,1,SUCCESS,65064,52SvmI4SSf-0yWVDUjJsOw
772,UnicodeCircuit#5668,1728083575585,3,65065,65065,234872,2.0,0,6,6,3,SUCCESS,65065,jB24eVfTQhSS2n8C5OueWQ
773,ProcessingScript#6799,1729324292876,3,65131,65131,225647,1.6666666666666667,0,5,5,1,SUCCESS,65131,36gmPqr2T6eNIFhEjkLIYg
774,FiniteScript#0301,1727901219756,3,65203,65203,228793,4.0,0,12,12,2,SUCCESS,65203,y1MxS5OmTFeMOn4fZFqIkA
775,HigherShell#5771,1729991320239,3,65265,65265,217207,0.6666666666666666,0,2,2,2,SUCCESS,65265,t8631_3ETL2VCZv1AtXhMw
776,SHHS-Fitz-Monster,1729138392251,3,65330,65330,234199,4.0,0,12,12,2,SUCCESS,65330,nJK6p2zmSSa8Xx2mdNff6Q
777,StructuredZone#4628,1727892147151,3,65468,65468,259792,3.0,0,9,9,1,SUCCESS,65468,C2nmXfx3Q9OihNn2gz7z0Q
778,SOMLAYVictor,1729170338261,3,65671,65671,231991,2.0,0,6,6,1,SUCCESS,65671,gxbgLP-WTSqF3J0J3JqxLw
779,QuickLoop#5703,1729218318539,3,65792,65792,228617,1.0,0,3,3,4,SUCCESS,65792,6tFH3I94SgG9reXsHnFKlQ
780,24TianxinRenEO,1730084719127,3,65797,65797,235330,4.0,0,12,12,2,SUCCESS,65797,GNYBZsmySFWQxqpWYYXG0g
781,hamzaELMOUSSI,1729085276929,3,65869,65869,218423,0.6666666666666666,0,2,2,1,SUCCESS,65869,FnZJIRAbQcS7n2En1f3CCg
782,Team16-FlashRacer,1729058966488,3,65931,65931,219927,0.6666666666666666,0,2,2,3,SUCCESS,65931,XrpCq_X5RlGvS08LNCXVvg
783,ShunsukeAkaiEQ,1729566910479,3,65985,65985,209322,3.3333333333333335,0,10,10,5,SUCCESS,65985,W_75ruh0Q7KphNX4icjfnA
784,BlockchainCharacter#2900,1729173462580,3,65999,65999,226060,2.6666666666666665,0,8,8,1,SUCCESS,65999,j1VFvM4SQC2eZi28fSLiww
785,SequentialDeadline#6437,1729284621728,3,66192,66192,250864,4.666666666666667,0,14,14,2,SUCCESS,66192,jyW3E2HhTOSUrKngwWCzow
786,LewisHamiltonian,1727974454596,3,66201,66201,218465,2.6666666666666665,0,8,8,1,SUCCESS,66201,-5dZXtuKRfqifUoiJa7qzA
787,Karam-Hunjan-Parsons,1728324237815,3,66267,66267,354532,7.0,0,21,21,14,SUCCESS,66267,Wgc8eEaxT-umwQhlSp8M3A
788,MSEDU-S14,1730265697396,3,66345,66345,201336,2.0,0,6,6,2,SUCCESS,66345,X1lzkxwNSASyP2zgGtqZqg
789,CodeFunction#7156,1727957233358,3,66670,66670,234662,4.0,0,12,12,3,SUCCESS,66670,WDhPyC6pTViz7XBZ1REdNg
790,Team-AltF4,1730224696807,3,66676,66676,213421,2.3333333333333335,0,6,7,5,SUCCESS,66676,VmafZSPoT2GT6j7Mk-NP8g
791,maimai-DNPds,1728371851931,3,66735,66735,242930,5.333333333333333,0,16,16,1,SUCCESS,66735,ryz67FyKSXeRfzdmvfPzcg
792,FabioMaxV,1727788895783,3,66867,66867,213260,4.333333333333333,0,13,13,1,SUCCESS,66867,fkCXzcxUQAu40C7Qxc3EzA
793,bonk#1225,1728506970799,3,66925,66925,203990,0.0,0,0,0,1,SUCCESS,66925,GfmfExAPSHC-_7f1RtX9jw
794,David-Lotts-Parsons-Corp,1728455161861,3,66999,66999,222923,3.6666666666666665,0,11,11,8,SUCCESS,66999,PQbs0wtgQBq3BbqC0I444g
795,InfinitePackage#3274,1730309816105,3,67003,67003,254860,5.666666666666667,0,17,17,2,SUCCESS,67003,AO4Ca6loTAqkNOxHGvAMYg
796,ArtificialGrid#1135,1729520558738,3,67007,67007,204191,0.0,0,0,0,1,SUCCESS,67007,0BCmjODKS5uNhQ8wwe2RHg
797,Team2-Rockets,1729210259657,3,67057,67057,243723,3.3333333333333335,0,10,10,6,SUCCESS,67057,kf6re1iWTO-oH0GD8AQ9XQ
798,BigServer#7412,1727880493313,3,67067,67067,231265,1.0,0,3,3,1,SUCCESS,67067,gXvq7Y0yTYeYmNAQ4IOqJg
799,VitorSantos,1729783179814,3,67135,67135,219475,3.6666666666666665,0,11,11,3,SUCCESS,67135,H0UZl48VRIKabl4Dd9uI8A
800,RyuseiAnboDP,1729827546717,3,67199,67199,279456,5.333333333333333,0,16,16,4,SUCCESS,67199,fvrXUydXRAmhnFf2ciJsbA
801,NumericFormula#8023,1730252685331,3,67206,67206,213858,0.3333333333333333,0,1,1,2,SUCCESS,67206,EIAi8ydxQRewPPvEHKtznA
802,24ChihyingHuangDG,1729739639535,3,67330,67330,203869,3.0,0,9,9,2,SUCCESS,67330,B7HXotZzTwm0Ch0121m2mg
803,PythonMachine#5022,1727890185113,3,67468,67468,214527,0.3333333333333333,0,1,1,1,SUCCESS,67468,YnCfhBcFTCmPVo_F3fBiJg
804,24ArataMiyatakeCB,1729137469802,3,67475,67475,226730,0.6666666666666666,0,2,2,2,SUCCESS,67475,MGwo2hmtREaaC1R4dttv2g
805,QualifiedSemicolon#9603,1729109673184,3,67536,67536,203320,0.0,0,0,0,2,SUCCESS,67536,EI_kAgO6RIyI-tiL4uYLaw
806,SHHS-deblox#168,1727936132897,3,67600,67600,203391,3.0,0,9,9,3,SUCCESS,67600,pGpsq-14S6ONc7HcWOyyZw
807,AlphaConsole#6925,1729765729769,3,67601,67601,212062,0.0,0,0,0,6,SUCCESS,67601,lhFlFYdeRiWQ0pqLb6by7Q
808,BetaHacker#2164,1728640792690,3,67668,67668,203660,0.0,0,0,0,2,SUCCESS,67668,o2m7wCMfTEuAnnc2p9Kmrw
809,EncryptedArchitect#3605,1729366371165,3,67796,67796,216191,0.3333333333333333,0,1,1,1,SUCCESS,67796,isItxgA4SQKimX8Q_q2zQQ
810,FormulaicGame#7560,1729952393126,3,67798,67798,220587,0.6666666666666666,0,2,2,1,SUCCESS,67798,t0c1wqCgT9S7NvnAn70lVQ
811,HelpfulBrackets#9989,1728645626295,3,67804,67804,234968,1.0,0,3,3,1,SUCCESS,67804,tsq5EqKjTHKhLgamrkXlmA
812,team45-deepRacer,1729251062555,3,67854,67854,231124,4.0,0,12,12,1,SUCCESS,67854,08_GDki2Sfe8fotr8A4ePw
813,InfiniteBrackets#6813,1729083909723,3,67869,67869,215130,0.3333333333333333,0,1,1,1,SUCCESS,67869,wZiZbCWYQRa8To6170cAZw
814,10xNumber#8934,1728576219731,3,67930,67930,227521,2.6666666666666665,0,8,8,4,SUCCESS,67930,_fx3zXhzRuSxJi-Vf-bCLw
815,xXamongusXx,1729830134606,3,67930,67930,267129,6.0,0,18,18,4,SUCCESS,67930,XfYUUnhTT-uCC3tk0_sxAw
816,ClaireSmerdon,1728507613013,3,67938,67938,244260,3.3333333333333335,0,10,10,2,SUCCESS,67938,t4Avmi4GTMyJgE5BTb3t1A
817,GammaNumber#8321,1729219176177,3,68001,68001,226390,0.6666666666666666,0,2,2,1,SUCCESS,68001,gRPjrlGdTYuqp4hJimGBHw
818,ConnectedSandbox#7754,1728498030076,3,68070,68070,206328,0.0,0,0,0,1,SUCCESS,68070,-UbTjNeJTmCswwdN65Ic4w
819,THOMASMohamed,1729086056237,3,68120,68120,235919,1.0,0,3,3,1,SUCCESS,68120,b7GgQ3nfR_qAXnhxYwcm-g
820,EvigeekMM,1728660433577,3,68184,68184,257592,5.666666666666667,0,17,17,5,SUCCESS,68184,1uoG_CycQhmaw-WroJLgqA
821,TestingUpdate#8928,1729204360049,3,68199,68199,217260,0.3333333333333333,0,1,1,2,SUCCESS,68199,fRk8t4JGQ0SFeWpQ6VUFbw
822,MechanicalError#2050,1730263282535,3,68267,68267,206799,0.0,0,0,0,10,SUCCESS,68267,BlX2wTk3RL-wG3SwfH2T9A
823,ProcessingArgument#8313,1729169397970,3,68325,68325,259523,4.666666666666667,0,14,14,2,SUCCESS,68325,DcFiF4jHS_2kJVFi1mjqmw
824,I-020,1729923727685,3,68330,68330,257990,4.666666666666667,0,14,14,3,SUCCESS,68330,yYUyFdenQrWrsqaJ0CC8kg
825,AsynchronousArgument#0931,1729364209225,3,68354,68354,226669,0.6666666666666666,0,2,2,1,SUCCESS,68354,Oz1mfrvMRGmQWFR2Tmj1HA
826,SHHS-Angelo,1728514227873,3,68396,68396,247255,3.0,0,9,9,1,SUCCESS,68396,GyM5OMCbT_edP5yvwyGCvg
827,CreativeEvaluation#7097,1729366209745,3,68398,68398,225857,0.6666666666666666,0,2,2,2,SUCCESS,68398,kndPkfzPScSp1O9lZgVckg
828,SweeEH-HuiMin,1728814187959,3,68400,68400,280586,6.333333333333333,0,19,19,22,SUCCESS,68400,TsEnDCbzT-GfZnBsI3O23A
829,FungibleArray#4862,1728382016713,3,68475,68475,205863,0.0,0,0,0,7,SUCCESS,68475,rByuIXlQRS6oHffP_wkwRQ
830,DigitalCircuit#4720,1727891536941,3,68525,68525,206394,0.0,0,0,0,1,SUCCESS,68525,E4wUR8RwTmK4WQwAVpnbSw
831,DigitalArchitect#7237,1729781086057,3,68526,68526,226664,0.6666666666666666,0,2,2,2,SUCCESS,68526,9aKcBkEXQ8CvTBrlKZWJOw
832,ASCIITest#5678,1728956777824,3,68529,68529,206323,0.0,0,0,0,1,SUCCESS,68529,q6X2Dt1bSTyqIuO5TVLZYw
833,UpgradedArray#7188,1729555604227,3,68589,68589,225323,3.6666666666666665,0,11,11,4,SUCCESS,68589,CtRm3u6vSUmeJ3gtVclVDA
834,ImmutableMachine#5783,1730153306198,3,68660,68660,216192,0.3333333333333333,0,1,1,2,SUCCESS,68660,5UQPWum6Q-aPaEUPQiKp5w
835,VariableArray#0383,1728996452446,3,68662,68662,258260,1.6666666666666667,0,5,5,2,SUCCESS,68662,9FRiud__SRuHTgmEHaQnTA
836,AWSRacer10,1728507506833,3,68675,68675,221592,0.3333333333333333,0,1,1,1,SUCCESS,68675,PTog5nsoQeG7dxNkbeOHng
837,AbstractNamespace#8899,1730150737011,3,68677,68677,248221,2.3333333333333335,0,7,7,1,SUCCESS,68677,xyfKjHgyS_q_USfh5rVF5Q
838,NullAnalysis#8420,1729363668276,3,68715,68715,208518,0.0,0,0,0,1,SUCCESS,68715,spHn2QbZSG6twLrk0f6vlw
839,24ShunsukeItoDY,1729817100411,3,68851,68851,286124,2.3333333333333335,0,7,7,5,SUCCESS,68851,xqIHoqJxRveCjpv-SgKlkg
840,PathingSlice#0013,1729165150656,3,68868,68868,218726,0.3333333333333333,0,1,1,1,SUCCESS,68868,O29vtMReR9as3lzAaxK1rg
841,PrimeTest#1109,1728507117722,3,69134,69134,230129,0.6666666666666666,0,2,2,1,SUCCESS,69134,8SUHombyR4ChOC2CQPn3Rw
842,AlphaTable#5705,1727765878437,3,69197,69197,208460,0.0,0,0,0,1,SUCCESS,69197,yo63ZbCeQjCEThQjTvQZxQ
843,IterableAbstraction#6032,1729010139311,3,69257,69257,209522,1.0,0,3,3,2,SUCCESS,69257,9_cSMu4DSsmKZBc5UCympQ
844,MobileRequirements#1568,1729362828174,3,69266,69266,218526,0.3333333333333333,0,1,1,2,SUCCESS,69266,07BmaTuxR9-WW4UPLhlDbg
845,24TatsuyaSaekiCO,1729137717745,3,69267,69267,260266,5.666666666666667,0,17,17,5,SUCCESS,69267,1bjvUVZWQP2v5MUnH0XPfg
846,IntelligentBreaker#3330,1728507694105,3,69268,69268,208786,0.0,0,0,0,1,SUCCESS,69268,F0dKU8RaQUSswIsgPrwjzg
847,AutomatedOrder#1936,1729843010853,3,69460,69460,219860,0.3333333333333333,0,1,1,2,SUCCESS,69460,JrVYZPS2RQiM6Z5Ry_3Wgw
848,JavaSpec#7378,1728864896576,3,69465,69465,273256,6.0,0,18,18,1,SUCCESS,69465,gJNlfBOxRYSLGTLx6Uojig
849,RecursiveNamespace#0951,1728996418766,3,69595,69595,209528,0.0,0,0,0,6,SUCCESS,69595,ZTnTCAd3SMysGtCT2m10fg
850,ContinuousMethod#4568,1729693039775,3,69601,69601,209330,0.0,0,0,0,1,SUCCESS,69601,4rxUkQn_RfGAT2URv5iApQ
851,ContinuousHypothesis#6836,1728257428857,3,69604,69604,221193,0.3333333333333333,0,1,1,2,SUCCESS,69604,5-1ekXi7S7mqR7kIZDP32w
852,ProvisionalSpec#8700,1728478413678,3,69665,69665,229988,0.6666666666666666,0,2,2,1,SUCCESS,69665,-cAoqUd3Swu6UXE2YYWimQ
853,DesktopTable#2602,1729613488089,3,69734,69734,210181,0.0,0,0,0,3,SUCCESS,69734,WWpXVdUMRw2BA_oGCmvmHw
854,SwatKatsRacing,1729792542760,3,69734,69734,221994,0.3333333333333333,0,1,1,1,SUCCESS,69734,QsONNgtDRlCsIBvD8W2nWQ
855,DeepAbstraction#3068,1729364575833,3,69798,69798,209793,0.0,0,0,0,1,SUCCESS,69798,N8MaeUezQZ2URvJVFG_wrA
856,CompletePresentation#8648,1729282142955,3,69802,69802,241258,3.0,0,9,9,1,SUCCESS,69802,GKd8ufjeT7uorhz8OlFL6Q
857,Predator96,1729124553106,3,69867,69867,219790,4.333333333333333,0,13,13,3,SUCCESS,69867,pEZ4tYI0SCSpGKBMmPqfZw
858,ConnectedEnvironment#2528,1728480769138,3,69873,69873,260603,3.6666666666666665,0,11,11,3,SUCCESS,69873,390BI5FySWCyoMlfQtINzA
859,TechnicalToken#1004,1728648946584,3,69926,69926,231812,0.6666666666666666,0,2,2,6,SUCCESS,69926,QFat3FIpRYeKXGXK4OrZMg
860,KESAVAN-07,1729150477459,3,69930,69930,219661,4.333333333333333,0,13,13,3,SUCCESS,69930,_lH-spdoQjaEDaQjkKUTSw
861,24MomokaOkawaraEX,1729222312663,3,69938,69938,263738,5.666666666666667,0,17,17,4,SUCCESS,69938,kdvtkGH3TgqQVEJIPu2lUw
862,TEAM25-PORSCHE,1729239524881,3,69988,69988,234127,4.666666666666667,0,13,14,2,SUCCESS,69988,hQwPGUUwSB2qVTvjTHOeOg
863,FunctionalAttention#5052,1729363849066,3,69990,69990,210730,0.0,0,0,0,1,SUCCESS,69990,WkUiN7H-SyaFPetBueARnQ
864,UnicodeLine#5214,1728702111435,3,70059,70059,261057,3.6666666666666665,0,11,11,1,SUCCESS,70059,e1ExT-TDQdWizkVDom1_vQ
865,HibaE,1728488712228,3,70064,70064,227600,0.6666666666666666,0,2,2,1,SUCCESS,70064,3CFj263OQNebCJmaBs-E_w
866,BetaSequence#9260,1729175299049,3,70065,70065,244129,5.0,0,14,15,1,SUCCESS,70065,atqS67trTxqwLOo8KmMu3w
867,SHHS-BIGjohn,1730314092236,3,70119,70119,267921,4.0,0,12,12,2,SUCCESS,70119,-G2IEwBhR3GSRBbxsmf2dQ
868,UpgradedValue#4996,1729794453644,3,70185,70185,235527,2.6666666666666665,0,8,8,3,SUCCESS,70185,b4jTu2aYTbODw_kjYa1_Qw
869,BigOrder#0532,1729627397050,3,70260,70260,220464,3.3333333333333335,0,10,10,1,SUCCESS,70260,cxwmdgaxTcWZVdXWS5xtbQ
870,24RyosukeTakemuraDO,1729475859384,3,70265,70265,210985,0.0,0,0,0,2,SUCCESS,70265,Rv1n8fjKQW-YkiWS0KBJGQ
871,NumericTag#8135,1729802850697,3,70321,70321,211452,0.0,0,0,0,3,SUCCESS,70321,yKS-ZoF6TWu82bQ5cSmGcQ
872,SpartaWin-MLee-Parsons-PR-Pas,1728517683261,3,70324,70324,243132,5.0,0,15,15,2,SUCCESS,70324,fxf7-KqRTuyEK4uQnVbSGg
873,centurygames-2024-6917-Honor,1729748206371,3,70330,70330,231658,3.6666666666666665,0,11,11,1,SUCCESS,70330,HVK2tYlGRaaGDNiMICgFmg
874,PrimeEngineer#5365,1727811103997,3,70400,70400,212998,0.0,0,0,0,1,SUCCESS,70400,AGUfeQfsQguEQUdDW1LFEA
875,24RyutaroFujitaFC,1729138194164,3,70470,70470,212800,4.0,0,12,12,4,SUCCESS,70470,dKwrNX6bT9yQN7D4e9dvqw
876,DeepakRastogi-DR200,1730045323442,3,70522,70522,326261,6.666666666666667,0,20,20,1,SUCCESS,70522,x8ylV-GmRiuhm22-j0JDFg
877,KotomiMoritaFP,1729048016158,3,70533,70533,223524,0.3333333333333333,0,1,1,2,SUCCESS,70533,wc25OWGaSxKQpAMf0FXRRA
878,DraftServer#5749,1729163548259,3,70542,70542,222728,0.3333333333333333,0,1,1,3,SUCCESS,70542,kTu3CbjgShaYSpEWwugjAA
879,PrototypeDataset#1070,1729708237986,3,70597,70597,212456,0.0,0,0,0,1,SUCCESS,70597,c5XGeGROSB6Nw9B-TCL5tw
880,RaceKadiala,1729791860282,3,70601,70601,215664,0.0,0,0,0,1,SUCCESS,70601,BAzsF184RLuWMx5p2-Hzpw
881,SHHS-SebastianS2,1730318550321,3,70618,70618,213882,2.0,0,6,6,1,SUCCESS,70618,3DqG-Qh4Q22CT2T5KnUA3A
882,3lvian,1730260795434,3,70660,70660,393524,8.666666666666666,0,24,26,3,SUCCESS,70660,QvcY1MfVQI-RvxWGbnt0PQ
883,24DaisukeYamasakiCT,1729653373944,3,70670,70670,231790,3.6666666666666665,0,11,11,3,SUCCESS,70670,q3WyZHT4SlKAxJSBSMTkiQ
884,24tomokiDG,1729216861295,3,70729,70729,212856,0.0,0,0,0,2,SUCCESS,70729,9wvyGEoxT9y2_FM2oVniMw
885,StructuredEnvironment#2162,1729010118852,3,70733,70733,213858,0.0,0,0,0,1,SUCCESS,70733,oVo9e6h7R4Ox3EMUWW2TXQ
886,24HatamotoKazuhiko,1729578007753,3,70733,70733,223593,4.333333333333333,0,13,13,13,SUCCESS,70733,MjkD5iC7SdKWQSY6Yr2xcw
887,GenerativeComment#1313,1728504639238,3,70734,70734,213789,0.0,0,0,0,1,SUCCESS,70734,1GNCJ6SST1m41Am31U7sAw
888,LoopingModel#2422,1729712707049,3,70740,70740,296508,6.666666666666667,0,20,20,2,SUCCESS,70740,6k2mV2ayRtmlXr4bLpvAVw
889,TabletCommand#4561,1729608261790,3,70791,70791,214256,0.0,0,0,0,2,SUCCESS,70791,C5__AMp9QjyaJOUAyj-uyw
890,QualityPatch#2932,1728061916771,3,70857,70857,265722,5.666666666666667,0,17,17,9,SUCCESS,70857,ynthPt-LTGG6RlDNwNAzPw
891,ConnectedMachine#0844,1729707175829,3,70933,70933,213930,0.0,0,0,0,1,SUCCESS,70933,DxZd_RSRSXeSpCWzRtjtcA
892,24ShotaShinoharaCT,1729047374449,3,71126,71126,214183,0.0,0,0,0,2,SUCCESS,71126,IhLbnng4TLWzHJgSpF1aGA
893,Zero-daySemicolon#5170,1730235577907,3,71131,71131,225787,0.3333333333333333,0,1,1,5,SUCCESS,71131,3HqYJYKDRBaKfyya2rZdRA
894,DigitalToken#5721,1730299134081,3,71190,71190,224786,0.3333333333333333,0,1,1,3,SUCCESS,71190,XcRuCFQAQ-iZM3VpcfUOPg
895,SequentialGrid#4693,1730247191638,3,71194,71194,214392,0.0,0,0,0,3,SUCCESS,71194,coMCGPCdQA-HZQN8D5JlLA
896,Arthur-TUTSRACER,1727914810820,3,71199,71199,226331,4.333333333333333,0,13,13,1,SUCCESS,71199,rjHZVPOXRLaKNNPzU1v9pA
897,NAZMUL,1728938589322,3,71202,71202,234720,4.666666666666667,0,14,14,8,SUCCESS,71202,QZv0wMQvSGW6JGw1KyhriA
898,AgileShell#6704,1728461393614,3,71204,71204,214790,0.0,0,0,0,1,SUCCESS,71204,QgDlTvHpSxmBWHUY29m0ow
899,CreativeDelta#9272,1729770659650,3,71260,71260,215057,0.0,0,0,0,1,SUCCESS,71260,0oh73Dv4TWS2rQ2HX1jJhA
900,ArtificialPresentation#5159,1729218773317,3,71261,71261,251062,4.0,0,12,12,1,SUCCESS,71261,L4se_XX5TsCB5banUkApKQ
901,24BanyuMatsuokaEZ,1729045817162,3,71265,71265,236653,0.6666666666666666,0,2,2,6,SUCCESS,71265,uVRomevgRK6tMjDwFFieKw
902,QuickTester#4639,1728984168234,3,71320,71320,257326,5.333333333333333,0,16,16,7,SUCCESS,71320,GozrPyEdQjCw7MwPZLDqVg
903,ThisLanguage#0058,1728339341138,3,71325,71325,214328,0.0,0,0,0,1,SUCCESS,71325,UR5bWRZyQQKXf75oq84_rA
904,SolvableDelta#7593,1729766845277,3,71330,71330,246999,3.0,0,9,9,1,SUCCESS,71330,aiHteSKeR52NBcukPFsHxQ
905,24ShoTakeuchiCB,1729044856763,3,71335,71335,247860,1.0,0,3,3,6,SUCCESS,71335,3_PWSE7oRT6F66Av9vPHTg
906,UpgradedBuster#7410,1728070519514,3,71389,71389,215592,0.0,0,0,0,1,SUCCESS,71389,fX3AiPAhT2qBsL0Am445Nw
907,GammaDataset#5079,1729369143784,3,71404,71404,226330,0.3333333333333333,0,1,1,1,SUCCESS,71404,c-hiUCSTRZWcV0ztXA2OEw
908,CompleteToken#3574,1730192434474,3,71462,71462,214796,0.0,0,0,0,1,SUCCESS,71462,D_JtNHu6SPicr13QeuXQIw
909,GoIrish,1729791860279,3,71466,71466,229121,0.3333333333333333,0,1,1,1,SUCCESS,71466,n4FzlgS3S5eZ4s64uqG7jw
910,Leao,1729728777263,3,71529,71529,235654,4.666666666666667,0,14,14,12,SUCCESS,71529,aL_XaY50Ryi1Wsc9AZOGxw
911,ProcessingFix#1540,1729614700371,3,71532,71532,217262,0.0,0,0,0,1,SUCCESS,71532,jNnt5O6AS1SEzRtCjWxtSQ
912,RobotInterface#9535,1729932236375,3,71535,71535,230075,0.3333333333333333,0,1,1,1,SUCCESS,71535,pAH2QAL7SKKM6unkVGAm9Q
913,StructuredModel#9170,1728945217523,3,71605,71605,232789,1.6666666666666667,0,5,5,4,SUCCESS,71605,XVsMzxI1S5WsL0cZstXcqQ
914,AsynchronousEvaluation#6089,1729366626738,3,71666,71666,225265,0.3333333333333333,0,1,1,3,SUCCESS,71666,oI0ZaAfmSsOa4fTbqx26Pw
915,PrimeNotation#9812,1730267638389,3,71728,71728,216390,0.0,0,0,0,1,SUCCESS,71728,sMYWMYjKRzm_nsv_QMQcHQ
916,VirtualTheory#1330,1727978798922,3,71794,71794,217047,0.0,0,0,0,4,SUCCESS,71794,rm8cHzU1T92hqWgInOmZOQ
917,24TatsuyaOnishiCB,1730172033516,3,71798,71798,238792,4.666666666666667,0,14,14,3,SUCCESS,71798,rm9zfsr9Tx6pG7hNNDz9jg
918,RocketVariable#8680,1729165231808,3,71799,71799,239260,0.6666666666666666,0,2,2,1,SUCCESS,71799,XjyhAMbtSCGbTrR67A6arw
919,VariableUpdate#0617,1728873172346,3,71800,71800,231324,0.3333333333333333,0,1,1,2,SUCCESS,71800,ITl3c2nsRW6qyYgV-9WPgw
920,NumericBooster#9074,1729018957301,3,71862,71862,217720,0.0,0,0,0,2,SUCCESS,71862,6J-jU9RCRRCW1EZB8ABUNQ
921,ProvisionalFormula#1321,1728507020769,3,71865,71865,217593,0.0,0,0,0,1,SUCCESS,71865,LL0Yvoz7QxKbdINWlP7o0A
922,NestedSequence#6543,1730101771465,3,71924,71924,238459,0.6666666666666666,0,2,2,3,SUCCESS,71924,jf268GyfTgyYfLnD5GFHIQ
923,SecureNumber#8090,1730106821494,3,71933,71933,216992,0.0,0,0,0,1,SUCCESS,71933,znMAg_Y2R3KlSA8PfI6pBw
924,Team10-huigek,1729090913424,3,71936,71936,227991,3.3333333333333335,0,10,10,2,SUCCESS,71936,qJdmpVYiTfyNbDHGmHl0Iw
925,AccessibleContext#5033,1730223063758,3,71947,71947,240053,3.6666666666666665,0,11,11,1,SUCCESS,71947,e5JiFKnXQyqKBjwk2mngtg
926,DraftTest#6860,1729364940433,3,71988,71988,216727,0.0,0,0,0,1,SUCCESS,71988,zpBjtMufSe-SfZ609Gu15A
927,Bluemetti,1729777081216,3,71993,71993,243992,4.0,0,12,12,3,SUCCESS,71993,Nf08yoZ5Q4yC1bBzfJCcbA
928,TabletEvaluation#5151,1729927429003,3,72059,72059,228584,0.3333333333333333,0,1,1,2,SUCCESS,72059,Pt0ChzDNRFua0_J7OND5AA
929,FunctionalAttention#3124,1729749563312,3,72075,72075,238275,0.6666666666666666,0,2,2,1,SUCCESS,72075,TJc_VnDZRN6rEyhKwsw2Cg
930,PythonDebugger#7383,1729657427383,3,72186,72186,240854,0.6666666666666666,0,2,2,3,SUCCESS,72186,C4yricIaRB6eFjqHCREK7A
931,TestingNetwork#3510,1728836238865,3,72196,72196,246466,3.0,0,9,9,7,SUCCESS,72196,kavVbu3cQqqp3OwfSIEoCw
932,DesktopToken#3006,1729366330021,3,72200,72200,218128,0.0,0,0,0,1,SUCCESS,72200,-KAMX4-mSRi0QsxnAeFW0Q
933,KobayashiYu,1728974003828,3,72202,72202,217921,0.0,0,0,0,1,SUCCESS,72202,1GK3bIx5Qme85OAoXnLN2g
934,AbstractBrackets#6420,1728996310156,3,72203,72203,218851,0.0,0,0,0,2,SUCCESS,72203,OHX3xfiSQ0usxzLQWYiHyQ
935,FungibleEnvironment#3390,1728926431202,3,72258,72258,220125,0.0,0,0,0,1,SUCCESS,72258,oLZ2Bw1LQNiEfQK-OsMc9Q
936,FuturisticParameter#5516,1728793827404,3,72258,72258,241992,0.6666666666666666,0,2,2,1,SUCCESS,72258,KVFw18z_RtO7s01B0aJPLQ
937,ConnectedPackage#6787,1729083606422,3,72261,72261,217461,0.0,0,0,0,1,SUCCESS,72261,PTx2kDUYQg-HiicIIBMGRw
938,AutomatedObject#9337,1729363975539,3,72402,72402,239084,0.6666666666666666,0,2,2,1,SUCCESS,72402,2ou5ZMO2SPuV-H1RDOI4YQ
939,HashableOrder#9260,1728439738497,3,72404,72404,220789,0.0,0,0,0,4,SUCCESS,72404,8cSjYCdJSqyFWXaC2KNjEw
940,IterativeHypothesis#6922,1729082913607,3,72457,72457,219990,0.0,0,0,0,1,SUCCESS,72457,mDi5W_xRTzKJPwAhpN7WwQ
941,FiniteEvaluation#6026,1727749996481,3,72468,72468,219991,0.0,0,0,0,1,SUCCESS,72468,pc-pTxbvTGCCoPmassdsiw
942,DeepTester#7636,1729256468261,3,72474,72474,218660,0.0,0,0,0,3,SUCCESS,72474,DyyKbHdtQpibV-44sQDDgw
943,agenaweer,1728506824064,3,72479,72479,219463,0.0,0,0,0,1,SUCCESS,72479,3nFVTDP8QCmwPGKqSwx_9w
944,BackloggedShell#3835,1728956912829,3,72600,72600,220599,0.0,0,0,0,1,SUCCESS,72600,EIozAgFwSFGPAIVms_Q4kA
945,FungibleDigit#5442,1728509180078,3,72664,72664,230262,0.3333333333333333,0,1,1,1,SUCCESS,72664,eZU2X9jyQ3CtasxVZ3PqRw
946,UpdatedByte#1385,1729766746179,3,72669,72669,239532,4.666666666666667,0,14,14,4,SUCCESS,72669,IJxSTEMWRa2qh61m6IzDgw
947,vinni-bhatia-parsons,1729023586036,3,72680,72680,221059,0.0,0,0,0,10,SUCCESS,72680,EVjVduBlRRS4wsWsKiILCg
948,CompleteSchematic#6606,1729265709502,3,72802,72802,222659,0.0,0,0,0,2,SUCCESS,72802,Wapc6VcNQlSOm7R2AY4f0g
949,24EisukeMurataCK,1729048936809,3,72865,72865,253129,1.0,0,3,3,4,SUCCESS,72865,A8PbBBKOTD21I6rmUjLvvw
950,RecursiveUpgrade#9048,1729024669412,3,72869,72869,250472,4.0,0,11,12,1,SUCCESS,72869,k0LNkdVAQ7usW0H4Ha-s8Q
951,FormulaicGlyph#5466,1730104808823,3,72869,72869,271516,5.666666666666667,0,17,17,2,SUCCESS,72869,8rtXQyu7QGadM1ZeG6kM0g
952,FormulaicEnvironment#2011,1727864188977,3,72892,72892,227564,0.0,0,0,0,2,SUCCESS,72892,nB9GTR3TTcS3jmT6WZ-5yw
953,VirtualAbstraction#4006,1730186652993,3,72929,72929,239927,0.6666666666666666,0,2,2,2,SUCCESS,72929,u2l6AkvCRoK1xLdFjYTqHg
954,MobileNetwork#7560,1730016589245,3,72999,72999,223662,0.0,0,0,0,2,SUCCESS,72999,Zdg1eI8NQOqHPESEww0Tnw
955,StructuredArgument#1992,1729281681362,3,73002,73002,327776,5.333333333333333,0,16,16,5,SUCCESS,73002,9pzVjcwpQIKFopqeV6zPBw
956,24ShokiKitasakaDZ,1729044088165,3,73005,73005,219197,0.0,0,0,0,3,SUCCESS,73005,xhY_cpt4SkO_WMwJq-dYwQ
957,24TaikiHiranoFS,1729133663187,3,73060,73060,250993,3.0,0,9,9,3,SUCCESS,73060,zXBhCQrUSMK-PAIV_eQ_RA
958,RafikFERHANE,1730104705299,3,73071,73071,220841,0.0,0,0,0,3,SUCCESS,73071,nZIWWw_QQImrIYvCKglfbQ
959,ace333,1728506834287,3,73073,73073,238327,0.6666666666666666,0,2,2,1,SUCCESS,73073,f7AN8329TuajPgx7Q-0rRw
960,PrimeTheory#6349,1728416255566,3,73138,73138,231737,0.3333333333333333,0,1,1,1,SUCCESS,73138,CseW1n-qTkuH49XT4a-q9w
961,hyxgjzx089,1729756169457,3,73194,73194,234260,1.3333333333333333,0,4,4,1,SUCCESS,73194,PnamIueaQ1el3dX1OsJ73g
962,JPMC-JC-Falcon,1728891649385,3,73202,73202,241990,5.666666666666667,0,17,17,1,SUCCESS,73202,qc7OJpyiQMiAKhSLS39utQ
963,NumericDescriptor#1617,1729165146265,3,73266,73266,223397,0.0,0,0,0,1,SUCCESS,73266,DHzDSoVwQHGyW9iYM_JdQg
964,ProcessingShell#8846,1729359247109,3,73269,73269,239305,0.6666666666666666,0,2,2,1,SUCCESS,73269,YPfUwjDJTRWO8uYIhoavhw
965,AccessibleSpec#7724,1729884957874,3,73328,73328,231528,0.3333333333333333,0,1,1,3,SUCCESS,73328,tRlkPui-Re6727Hmndyjng
966,24TatsuyaSezakiEV,1729479069584,3,73332,73332,276988,3.6666666666666665,0,11,11,2,SUCCESS,73332,TTTLjrBOT3aEttKYhOujAw
967,SequentialNotation#8077,1729605602950,3,73335,73335,230994,0.3333333333333333,0,1,1,1,SUCCESS,73335,jpu88pEmQvqTR2Znm9XWog
968,ImmutablePresentation#6482,1729363700004,3,73391,73391,231058,0.3333333333333333,0,1,1,1,SUCCESS,73391,gXawfx7ESd-yPb07kibq6g
969,Infinite486#0263,1727810575163,3,73454,73454,231524,0.3333333333333333,0,1,1,1,SUCCESS,73454,EM3VuyrWSpqFI0vt7oOI9A
970,CurlyClass#2970,1729938126034,3,73458,73458,243992,0.6666666666666666,0,2,2,1,SUCCESS,73458,9uxGOpxGRoiKd9qM1u9KkQ
971,FiniteFix#5640,1727963055423,3,73536,73536,236325,0.3333333333333333,0,1,1,4,SUCCESS,73536,zSI4WsrhTBKZaWH2cJ4flA
972,AtomicFix#3289,1729672936139,3,73594,73594,222737,1.0,0,3,3,2,SUCCESS,73594,nTdGr0bFTpGtcC9yaViehg
973,AutomatedNamespace#3039,1728305095613,3,73595,73595,221852,0.0,0,0,0,4,SUCCESS,73595,-bmluvfaTRuoOjJT3oWUTA
974,VirtualLine#9356,1727813283680,3,73657,73657,235526,0.3333333333333333,0,1,1,1,SUCCESS,73657,7OFa_51xSpu71B6E2FGhpg
975,UsableEnvironment#7109,1727963959737,3,73658,73658,221925,0.0,0,0,0,2,SUCCESS,73658,vobSISbcTwa7u_bi0GQhRg
976,MemoryToken#7380,1727750017882,3,73662,73662,221584,0.0,0,0,0,1,SUCCESS,73662,24ioviOHRuCYwZXCzSJt4w
977,Berber-Omar,1729176512271,3,73663,73663,263663,1.3333333333333333,0,4,4,2,SUCCESS,73663,xt0oDM8tRyOS2ABdTPWCzw
978,VariableFormula#1669,1729364232657,3,73665,73665,221397,0.0,0,0,0,1,SUCCESS,73665,2ZVe34AvSMWx_Y8b0BAAEw
979,SethMiller,1729188661887,3,73666,73666,252122,5.0,0,15,15,1,SUCCESS,73666,CZPpe2wYTIKt9laW0iNwqQ
980,Zero-daySandbox#1808,1729456787181,3,73796,73796,223126,0.0,0,0,0,3,SUCCESS,73796,rBKoOMkrQJGRr034FV5SNQ
981,mayla-KATCHAU,1729877647240,3,73804,73804,267732,5.666666666666667,0,17,17,1,SUCCESS,73804,PmmnR4w5Qz64VlsjxLaX4w
982,Setti-Racing,1727891671202,3,73860,73860,265126,5.333333333333333,0,16,16,1,SUCCESS,73860,dVINo1nhQOykA5fSWXFJ8g
983,MemorySequence#6184,1729363966364,3,73866,73866,221726,0.0,0,0,0,2,SUCCESS,73866,By7h2MG8T5SUbOiH9xTCEQ
984,ImportantAnalysis#6180,1727875926076,3,73925,73925,223319,0.0,0,0,0,2,SUCCESS,73925,Ova9ZiTuTXqV1XZMA020eg
985,ImmutableDataset#3487,1728469074980,3,74000,74000,224527,0.0,0,0,0,1,SUCCESS,74000,qI_UdebzQaaLKEdLABqCYw
986,CurlyDeadline#2573,1729997916846,3,74060,74060,233592,0.3333333333333333,0,1,1,5,SUCCESS,74060,2udC--sCTfKP-YIbOXuYow
987,AgileModel#7869,1729647109640,3,74066,74066,233925,0.3333333333333333,0,1,1,2,SUCCESS,74066,nwQKmBFnQmGxx3V_6HL7Qg
988,PythonMachine#0510,1730220707587,3,74073,74073,222530,0.0,0,0,0,1,SUCCESS,74073,i-go1OZeQlGgZSsEoR8aaQ
989,24ToshiyaFujimoriEO,1729125315549,3,74119,74119,235722,1.3333333333333333,0,4,4,3,SUCCESS,74119,hb2IfBS5S1m2ZExoiyyKKQ
990,RacerAlphaDescriptor#1234,1728507531703,3,74128,74128,235055,1.3333333333333333,0,4,4,1,SUCCESS,74128,p5OBbYR5Qa6QK1IBuni0lQ
991,SHHS-MegaPack-Fitz,1728013651957,3,74186,74186,239325,4.666666666666667,0,14,14,2,SUCCESS,74186,Mj1MCqqISWifQJ5A0UalHg
992,UpdatedCoder#4101,1729177609509,3,74186,74186,244054,0.6666666666666666,0,2,2,1,SUCCESS,74186,MecEe_nQT56ax_OcY1Iw9w
993,sneha1kiRacer,1728506753257,3,74192,74192,267458,1.3333333333333333,0,4,4,1,SUCCESS,74192,ekGz1DxQTtehSktwqP3C4A
994,ImportantDelta#6569,1728956521972,3,74273,74273,223459,0.0,0,0,0,1,SUCCESS,74273,KQayAoEJRbCPbaojq0713Q
995,NumericFormula#3570,1727923118048,3,74273,74273,261739,4.333333333333333,0,13,13,3,SUCCESS,74273,kNFDScJ-T8qpILFpxcJLqg
996,InfiniteSandbox#5935,1728645893382,3,74392,74392,254467,1.0,0,3,3,1,SUCCESS,74392,Klo-bHytQ5qbGOOQbco7Pw
997,ImmutablePresentation#2426,1728503576638,3,74392,74392,246814,0.6666666666666666,0,2,2,2,SUCCESS,74392,b9trhQK-QQa_Sc0O-ZwYxA
998,ParametricEvaluation#9205,1727810920323,3,74404,74404,244009,0.6666666666666666,0,2,2,3,SUCCESS,74404,B5TL9z5cTwG77rQqWX1W8A
999,10xValue#1512,1729871656290,3,74456,74456,235008,0.3333333333333333,0,1,1,4,SUCCESS,74456,Q7dFdqB-Qj6_u_Ynjrp1hQ
1000,SchmittBeth,1729538038892,3,74465,74465,225135,4.0,0,12,12,2,SUCCESS,74465,sVTrQ0TLSeSTWKmWa9IY2w
1001,NumericSpec#6475,1730314794985,3,74469,74469,224588,0.0,0,0,0,16,SUCCESS,74469,Vg-nMF1KTmqmmoMs2i9Szw
1002,DaveTheRusso11,1727810556741,3,74530,74530,235058,0.3333333333333333,0,1,1,1,SUCCESS,74530,WWSiLGYgQLiPEOlVzncFYQ
1003,AJM-Model-1,1727742145828,3,74536,74536,288862,7.0,0,21,21,1,SUCCESS,74536,gdsU9bkGRWW7LTEHP4rGgQ
1004,ArtificialNumber#7946,1728402200011,3,74603,74603,235653,1.3333333333333333,0,4,4,1,SUCCESS,74603,zAN6V95mTbmH8qfdU-gJgg
1005,Christinas-Cool-Cars,1728507425527,3,74661,74661,263398,1.3333333333333333,0,4,4,1,SUCCESS,74661,EJ_YwG0jSyKUbQt81EscqA
1006,BrainySystem#9080,1728482503728,3,74665,74665,255546,1.0,0,3,3,1,SUCCESS,74665,KTgiS3_KQxO-DEEvsqc_HQ
1007,UpdatedFunction#9028,1729010099114,3,74725,74725,229790,0.0,0,0,0,2,SUCCESS,74725,_LAZqjFLQbuzSFG8NGeOIQ
1008,PathingDataset#4272,1729754218620,3,74790,74790,235603,5.333333333333333,0,16,16,3,SUCCESS,74790,t4XdC4nvSxavrvLVOsQTFA
1009,waso,1728309329818,3,74800,74800,247329,0.6666666666666666,0,2,2,1,SUCCESS,74800,EIAAjsE6SNqcUp2f43jtBg
1010,24ToshihiroMatsudaCT,1729125249532,3,74803,74803,247193,0.6666666666666666,0,2,2,4,SUCCESS,74803,wIhoh0BFSHmu5WpshPxtyw
1011,24NarumiTakahashiCF,1729043673136,3,74928,74928,238258,1.3333333333333333,0,4,4,2,SUCCESS,74928,WastFUKzTqisvBpdd_DMGA
1012,FocusedHacker#6723,1730211602589,3,75058,75058,242724,0.6666666666666666,0,2,2,1,SUCCESS,75058,dWY5EUleSe6W8hA9NlW1_A
1013,DraftResource#1894,1729765218915,3,75197,75197,237928,0.3333333333333333,0,1,1,2,SUCCESS,75197,sK7XA7vpR6S2A5vNUtWp1g
1014,QuickArgument#6083,1729752422383,3,75266,75266,237467,0.3333333333333333,0,1,1,1,SUCCESS,75266,gzPvszMmTqW49ASu06S1CA
1015,NestedArchitect#0689,1728891013168,3,75328,75328,227402,0.0,0,0,0,1,SUCCESS,75328,vePAMD9SQ2WZ_7sMpQ8ifw
1016,24RyomaKobayashiCV,1729827920006,3,75328,75328,246786,4.666666666666667,0,14,14,3,SUCCESS,75328,ee9pvotnRDKpTS-oPu4zzw
1017,FerOrozco,1730145464308,3,75408,75408,262668,1.0,0,3,3,4,SUCCESS,75408,wajCoqw8Rfu1pHGyjRfUNQ
1018,Java486#6578,1727783223448,3,75454,75454,279588,5.666666666666667,0,17,17,2,SUCCESS,75454,qHtnp-p7TG-T6xP0f1E5lw
1019,Eviden-mw-Shubam-Koul,1728489857583,3,75463,75463,243597,4.666666666666667,0,14,14,3,SUCCESS,75463,oSeWRd3dRaG6NmF7GnEgnA
1020,TechnicalBreaker#8322,1727974454669,3,75464,75464,260726,4.0,0,12,12,1,SUCCESS,75464,o-lVl-oMQGeurl9njlGwGg
1021,LoopingUpgrade#5764,1728507941384,3,75531,75531,243732,1.6666666666666667,0,5,5,1,SUCCESS,75531,ecMt_pXCStWVowpNR4Alvg
1022,Posadilla,1729148476616,3,75540,75540,251932,0.6666666666666666,0,2,2,5,SUCCESS,75540,j-e2jEh1QAiNe9OUy99bsg
1023,BooleanMethod#5752,1729165130623,3,75591,75591,260593,1.0,0,3,3,3,SUCCESS,75591,ySZyGHEKREuj4IFgou770Q
1024,ProcessingArray#1121,1727983036156,3,75664,75664,228325,2.0,0,6,6,1,SUCCESS,75664,lZR2wcLwR4aTf_drkZtnhw
1025,SHHSJohnnyP7,1728330290366,3,75665,75665,228058,0.0,0,0,0,3,SUCCESS,75665,TDjkRFgMQ6WQijOeX6fvbQ
1026,mochazoomies,1728506859544,3,75722,75722,251325,0.6666666666666666,0,2,2,1,SUCCESS,75722,v_R69OXoTIO5VG8aFBFMnw
1027,RowanHossam,1729045867606,3,75734,75734,249457,5.666666666666667,0,17,17,8,SUCCESS,75734,QzF0Z52bTRyLyhiqKfLBNA
1028,PythonDiff#2418,1729114264175,3,75779,75779,231055,0.0,0,0,0,1,SUCCESS,75779,M8_730D_SAuZ0--jz2NpUw
1029,gigi-DNPds,1727753816492,3,75864,75864,281139,6.666666666666667,0,20,20,1,SUCCESS,75864,nkTUmamiSOWmb8YpN0p7aw
1030,Eviden-Gladiator-AJAY,1729066785861,3,75864,75864,281191,6.666666666666667,0,19,20,4,SUCCESS,75864,-aSOEm6ETki7Ia07Qr0-Yg
1031,ProRacerAtGHC,1728507046680,3,75870,75870,242057,0.3333333333333333,0,1,1,1,SUCCESS,75870,mTD7pQQPQaiI873XVgg-mA
1032,HSBCTeamTen,1729006288340,3,75936,75936,301131,6.333333333333333,0,19,19,2,SUCCESS,75936,BmaifPc0SHegAyeCOi_C7g
1033,ImportantArray#1408,1728507228688,3,75997,75997,252063,0.6666666666666666,0,2,2,2,SUCCESS,75997,BlTjBuerSBCfxY55q3N_ZQ
1034,CriticalCircuit#6478,1728770596465,3,76064,76064,258790,1.0,0,3,3,1,SUCCESS,76064,7QdTMOBJRomst8FFcvouqg
1035,FocusedRequirements#3743,1728996616984,3,76141,76141,229261,1.0,0,3,3,1,SUCCESS,76141,ve9ZdHOkSN-bNvPhH8O7Yw
1036,HigherSlice#9368,1727926883148,3,76195,76195,242605,2.3333333333333335,0,7,7,1,SUCCESS,76195,ajeMiO8IRKKDrZ8fdl_Acg
1037,Eviden-Prince,1729149399579,3,76205,76205,230065,0.0,0,0,0,1,SUCCESS,76205,0LiIvvl8Tw2BgOfGlj9JTQ
1038,ThisSemicolon#5452,1728296852644,3,76269,76269,230201,0.0,0,0,0,5,SUCCESS,76269,ZcPWX8IbRnmdxyizItYAvw
1039,ASCIICommand#2837,1730198165142,3,76336,76336,230188,0.0,0,0,0,1,SUCCESS,76336,ptlvQGaURi-WNloqAHw9_g
1040,JoeLeyba,1728065545464,3,76394,76394,260465,5.0,0,15,15,2,SUCCESS,76394,nzfVL37yS2G5OUkCQh7omQ
1041,Sprite-Gary,1729151226551,3,76395,76395,259534,5.0,0,15,15,2,SUCCESS,76395,s5xgH2gnRByMJ0VY0sPjog
1042,EncryptedShell#7449,1729165403755,3,76410,76410,232595,0.0,0,0,0,1,SUCCESS,76410,3Fwp0_CEStSctFH7tZrDwA
1043,PassingLine#9722,1727767176351,3,76410,76410,231406,0.0,0,0,0,1,SUCCESS,76410,4VnN8ApESjyUH8cNbi4alQ
1044,24AkimoriYoshiwaraDF,1729045017954,3,76466,76466,252922,1.6666666666666667,0,5,5,2,SUCCESS,76466,UZM1A2JmRi-PXZKG_UDzGA
1045,HSBCTeamOne,1729007823547,3,76467,76467,263067,5.0,0,15,15,4,SUCCESS,76467,QiQ1DI0jQfGEZxspXn5wtw
1046,PrototypeZone#2266,1728614772349,3,76530,76530,241926,0.3333333333333333,0,1,1,1,SUCCESS,76530,TPop9t5RSM-BV1KERfyFIA
1047,24KazuyaIwanoCT,1729483563701,3,76602,76602,293794,7.0,0,21,21,3,SUCCESS,76602,entfWdAdThalyZru3vrX-g
1048,RocketSchema#0086,1728507941225,3,76664,76664,253259,0.6666666666666666,0,2,2,1,SUCCESS,76664,ORp66dgNQsK3lU1pxhWZCA
1049,rbrunolli-Parsons,1728955017196,3,76666,76666,322602,7.0,0,21,21,3,SUCCESS,76666,PkD9p1nrQzGJRAajddgQ-Q
1050,CriticalSystem#5750,1730112225771,3,76667,76667,261258,1.0,0,3,3,1,SUCCESS,76667,AvhuWSe_QSeSOaz2HLjRKA
1051,FormulaicPoint#4931,1729079446786,3,76668,76668,253662,0.6666666666666666,0,2,2,1,SUCCESS,76668,KYTaNR6iQyGqtDe6cTF-BQ
1052,BetaUpgrade#6084,1729844734357,3,76670,76670,242193,2.3333333333333335,0,7,7,1,SUCCESS,76670,BL6U8WrhRL-sBT4cqxVzBg
1053,FALLMADOU,1729085808025,3,76787,76787,244617,0.3333333333333333,0,1,1,1,SUCCESS,76787,ZGSsjIZ6Qsy8deMDZ6Q4Fw
1054,NumericArray#0102,1729118328942,3,76797,76797,251255,0.6666666666666666,0,2,2,1,SUCCESS,76797,bDCrDTixSzuTbSzgmFjfsg
1055,ferhenri,1727891741143,3,76864,76864,252865,0.6666666666666666,0,2,2,1,SUCCESS,76864,G_Lmgy6uRDu1RjFhmYbtiQ
1056,HSBCTeamSeventeen,1729004405978,3,76865,76865,273323,4.333333333333333,0,13,13,2,SUCCESS,76865,0KOfSFLAQauxGvW2TYjPhg
1057,PathingParameter#6165,1727927115845,3,76924,76924,251067,0.6666666666666666,0,2,2,1,SUCCESS,76924,lWMT0fUHRmKU82JmGviazQ
1058,IntelligentAttention#0724,1728507001172,3,76935,76935,249595,0.6666666666666666,0,2,2,2,SUCCESS,76935,8eBx9567Rj2YcAevqRN1qQ
1059,ProgrammingScope#6330,1729704148111,3,76992,76992,262922,1.0,0,3,3,1,SUCCESS,76992,B2HZYWhfT3K0Mj0EmMUIwA
1060,MachineTheory#6319,1729526943564,3,77134,77134,264391,5.0,0,15,15,2,SUCCESS,77134,3BzcBLZOQXmTcz4ZT7KMbQ
1061,Alisson-TUTSRACER,1727743210063,3,77135,77135,248992,2.6666666666666665,0,8,8,3,SUCCESS,77135,XLxzk16CQMCBUyXJ0i2iOQ
1062,QuickMetaclass#7190,1729165160843,3,77207,77207,232060,0.0,0,0,0,1,SUCCESS,77207,4Dj7oG7mSNO68IJ84YeicQ
1063,NumericObject#3387,1728711241994,3,77266,77266,233387,0.0,0,0,0,1,SUCCESS,77266,Zcg5dTn3QmSQELmiNbBdjA
1064,GammaByte#8451,1727750037652,3,77460,77460,254193,0.6666666666666666,0,2,2,1,SUCCESS,77460,icoJQxkMQNuRSKkHoZd-rg
1065,24MoekaMatsubaraDX,1729046783105,3,77462,77462,242722,0.3333333333333333,0,1,1,1,SUCCESS,77462,JoFAWijQR-CZMsDDwVNsCg
1066,SequentialNode#9676,1728674988954,3,77463,77463,252856,0.6666666666666666,0,2,2,1,SUCCESS,77463,brd42sTqRfKOyyiy4pzk2Q
1067,FungibleResource#5589,1727930394294,3,77465,77465,274990,5.333333333333333,0,16,16,5,SUCCESS,77465,NUsM0lhVR2m25YgwHPR-MA
1068,UpgradedScript#2594,1727750027478,3,77526,77526,244795,0.3333333333333333,0,1,1,1,SUCCESS,77526,0vxcoSIDS-SYqCi4Dy4eOA
1069,Team7-HyperGear,1729065770813,3,77735,77735,235788,1.0,0,3,3,2,SUCCESS,77735,wHNIZLKHQNCnvPiZFzVRpg
1070,HSBCTeamFifteen,1729008076109,3,77826,77826,249962,4.666666666666667,0,14,14,2,SUCCESS,77826,pq5l3gIDQ5KORjt-bJesDw
1071,TestableDocumentation#8319,1727761606297,3,77872,77872,254671,0.6666666666666666,0,2,2,1,SUCCESS,77872,tf_zEdCrQXeg-SwfNT23cw
1072,VirtualAbstraction#0590,1728571048854,3,77926,77926,275126,1.3333333333333333,0,4,4,3,SUCCESS,77926,AJxWuz7JRYSkdJM_-2htXw
1073,Team-VMK,1730176159321,3,77935,77935,235196,0.0,0,0,0,1,SUCCESS,77935,lF7JYuMoQKCTOZ9kB-DpCw
1074,ImmutableUpdate#1405,1728507349496,3,78000,78000,245205,1.3333333333333333,0,4,4,1,SUCCESS,78000,d1p0jZJTTbOToct8sqTKzg
1075,QualityClass#8517,1729837431931,3,78119,78119,257923,1.6666666666666667,0,5,5,2,SUCCESS,78119,Fq3qSwVhRXSI98Vp77alzg
1076,24KazumuNakahiraCT,1728972855433,3,78134,78134,267594,1.0,0,3,3,1,SUCCESS,78134,C21MUqY2TrernVZfY1H6gA
1077,Sequential486#3713,1729527059929,3,78196,78196,245326,4.333333333333333,0,13,13,1,SUCCESS,78196,wxx35bZdQsmsEsjsHOwOwg
1078,Bigracerrossi#2619,1729068119087,3,78198,78198,269718,3.3333333333333335,0,10,10,10,SUCCESS,78198,OUVmJdOASs-_5fbUTbbyYQ
1079,UrgentAnalysis#7665,1729785272917,3,78199,78199,238328,0.0,0,0,0,2,SUCCESS,78199,bXLgKRxiQp-I05Hq9e5Z-g
1080,QuickDeadline#5116,1729791238300,3,78203,78203,255546,0.6666666666666666,0,2,2,1,SUCCESS,78203,TnMivz4mTOyGHR-uyli_Jg
1081,AccessibleSystem#7237,1729934127234,3,78397,78397,278933,2.3333333333333335,0,7,7,1,SUCCESS,78397,GXkun2FcQtiGye70QHPbaA
1082,completeslice,1728507714012,3,78398,78398,259721,1.6666666666666667,0,5,5,1,SUCCESS,78398,_PTYhZCdQR6hVQ-EnRk03A
1083,Eviden-MW-SaurabhGupta,1728909070474,3,78464,78464,294920,5.0,0,15,15,1,SUCCESS,78464,ERfl4QIZSYSbAkHeN7bHhA
1084,SquareArgument#7463,1729771383597,3,78534,78534,266414,5.0,0,15,15,1,SUCCESS,78534,JaY9GNjjTWmDf-rj3FwWrA
1085,TestingBraces#7171,1729863668118,3,78539,78539,236929,0.0,0,0,0,1,SUCCESS,78539,UTsFi5E_Q4G7o8gi4nNolQ
1086,EncryptedDeadline#7707,1729885291086,3,78596,78596,308535,6.333333333333333,0,19,19,8,SUCCESS,78596,TbrkgbUcQ8GXuvWdaZcH8w
1087,Team22-PythonPitstops,1729238521547,3,78611,78611,248068,0.3333333333333333,0,1,1,11,SUCCESS,78611,RPw3cnNwS1yrtBdJYfkJPg
1088,FiniteByte#4090,1727810531274,3,78666,78666,246989,0.3333333333333333,0,1,1,2,SUCCESS,78666,ava-BfNeRRaDUVonw4lkXw
1089,UpdatedGame#3613,1729102008562,3,78674,78674,237933,0.0,0,0,0,2,SUCCESS,78674,DdL3jbBxSLmf2T6k9A0iVw
1090,SecureRequirements#3297,1729364545925,3,78726,78726,269263,1.0,0,3,3,1,SUCCESS,78726,DSLQm3W6ReO1wSz01oOaaQ
1091,ParametricDiff#9405,1728508366260,3,78727,78727,247323,0.3333333333333333,0,1,1,1,SUCCESS,78727,Y_oDvwhhSO-6-Ohyl2hFrQ
1092,ComplicatedSchematic#0448,1728041895858,3,78788,78788,278188,1.3333333333333333,0,4,4,1,SUCCESS,78788,eIDJaO_8QY2Da7lyDJGDug
1093,ReferenceCircuit#9606,1729625311048,3,78805,78805,280669,6.333333333333333,0,19,19,2,SUCCESS,78805,oKabOLUjTHCVW4UljNiSCQ
1094,24TakeshiShimizuDJ,1729477387028,3,78860,78860,237666,0.0,0,0,0,2,SUCCESS,78860,kbL2d9PIQLiagR33yOS8LA
1095,QualifiedInterface#0163,1727777440196,3,78868,78868,248134,0.3333333333333333,0,1,1,1,SUCCESS,78868,G6jLcLQ7QQuCXmezXRzOXQ
1096,AtomicTech#1720,1730128794911,3,79061,79061,256310,0.6666666666666666,0,2,2,1,SUCCESS,79061,GGeJCbZUQ5ORG2FlAOF0LA
1097,UnicodeArgument#0556,1728014152329,3,79063,79063,238859,0.0,0,0,0,1,SUCCESS,79063,bQHRiQT3TleBQMK7NxJxFg
1098,MSEDU-S11,1730265712706,3,79064,79064,283391,5.333333333333333,0,16,16,1,SUCCESS,79064,vozWxgXXSmacnaGFzic_dQ
1099,24YumaKuwabaraCV,1729220623461,3,79068,79068,290334,6.666666666666667,0,20,20,5,SUCCESS,79068,ky1_XjGMQN6NjbQZgP89BA
1100,NitinYadav,1728588604898,3,79128,79128,311326,7.333333333333333,0,22,22,1,SUCCESS,79128,M8SuQIQwQCancsyxfjAx5g
1101,AtomicFix#3668,1728168935214,3,79280,79280,249060,0.3333333333333333,0,1,1,1,SUCCESS,79280,ujBj2kCaSQ-7AYOMb-qBCA
1102,ProcessingPackage#7134,1730170887612,3,79395,79395,240594,1.0,0,3,3,1,SUCCESS,79395,Rpcr3PtXRlyBhBksXpSzVQ
1103,WebLoop#7472,1728508027468,3,79436,79436,365771,4.0,0,12,12,1,SUCCESS,79436,GLN2vpaPSrmOwzut77S-fQ
1104,ComplicatedHacker#3463,1727810531330,3,79467,79467,238992,0.0,0,0,0,1,SUCCESS,79467,W1dYvLFzTT277K64tzr97w
1105,LoopingExpression#4038,1729627132827,3,79515,79515,277316,5.333333333333333,0,16,16,3,SUCCESS,79515,-JBN2yBWS2itNDc-JyYUkA
1106,Speedy-JG,1728923405498,3,79525,79525,278455,5.333333333333333,0,16,16,1,SUCCESS,79525,CUoyY3a6TOCT6e6xtHJvEw
1107,4Albert98#8597,1730228386944,3,79540,79540,239327,1.0,0,3,3,7,SUCCESS,79540,5Ran2pdNT36SXa2yw-6Vmg
1108,testerwester#619,1728570351002,3,79601,79601,242725,0.0,0,0,0,1,SUCCESS,79601,rLJkk-61T1OfbfIoEYDqvA
1109,BrainyDigit#9276,1728302509296,3,79733,79733,239729,0.0,0,0,0,1,SUCCESS,79733,lu8IxYEvS-61CS9cwifnTQ
1110,EssentialTAM,1727891592624,3,79739,79739,239862,0.0,0,0,0,1,SUCCESS,79739,QFab4oleRgyWxSK0PG3E1g
1111,TheAlphaMachine,1728241713843,3,79797,79797,279391,6.333333333333333,0,19,19,2,SUCCESS,79797,X2LBMvp2Rsm8ZN7o94gplQ
1112,babzjoan,1728569619356,3,80056,80056,270319,6.0,0,18,18,2,SUCCESS,80056,ZzEDzdlBRbaJX9Tw3j_KaQ
1113,TyreD-KCH,1729142090799,3,80057,80057,245191,0.0,0,0,0,4,SUCCESS,80057,pehym2-jQBCiDDpq2303lQ
1114,MobileFix#9893,1727810418126,3,80196,80196,242654,0.0,0,0,0,1,SUCCESS,80196,h0RyH83VTEm4WRdraJSRqQ
1115,Xh0p,1728571104432,3,80217,80217,262548,3.0,0,9,9,2,SUCCESS,80217,gp85D0UWRMOB3GfS4B_x7Q
1116,Tigress,1728507566882,3,80330,80330,244989,0.0,0,0,0,1,SUCCESS,80330,CTSwDSbDTliAqOba_te3HA
1117,CompletePatch#7889,1729237776048,3,80331,80331,241993,1.0,0,3,3,3,SUCCESS,80331,QKKueJrGR7Ga3Ujk0q02LA
1118,VariableNode#8968,1728504770490,3,80525,80525,255260,1.3333333333333333,0,4,4,1,SUCCESS,80525,vA0N_UA2QuC1uJ6koS0z4Q
1119,GenerativePointer#1800,1729087302097,3,80533,80533,252062,0.3333333333333333,0,1,1,1,SUCCESS,80533,UXJ5TUkzQV6zQpeOrntGPw
1120,LoopingExpert#9187,1728652003302,3,80602,80602,243115,3.0,0,9,9,1,SUCCESS,80602,4LJxpopkQLC7RBeEUgEvXw
1121,BooleanNotation#5285,1729363970390,3,80665,80665,242526,0.0,0,0,0,1,SUCCESS,80665,m_OZAtkgSOmZqCRHlFdcuA
1122,DesktopArchitect#5457,1729100318787,3,80676,80676,278541,1.0,0,3,3,6,SUCCESS,80676,NOIGt95qQdWX62s8bDjgUw
1123,LewisHamilton#123,1728506859580,3,80735,80735,243598,0.0,0,0,0,1,SUCCESS,80735,u3CW-4CNQA-W7Qbs4GroGQ
1124,shhs-Kingsleyxu,1727988925034,3,80862,80862,296201,6.666666666666667,0,20,20,1,SUCCESS,80862,iy8g8FyBRkKT_ko51izTBg
1125,ConnectedDelta#4560,1728585975804,3,80869,80869,253021,1.3333333333333333,0,4,4,1,SUCCESS,80869,55EbiR9OTwCIWTnAbhPrpg
1126,KosukeKatoEH,1729650989722,3,80989,80989,253854,4.333333333333333,0,13,13,1,SUCCESS,80989,b4Xbn4NcT4WnNAEfIRyAuw
1127,TDS,1728645548859,3,81008,81008,337186,8.0,0,24,24,2,SUCCESS,81008,0yucHm4oQP2AlvYQcHg3-w
1128,NeuralNetwork#9696,1729364529460,3,81067,81067,285465,2.3333333333333335,0,7,7,1,SUCCESS,81067,3FBqye1rTQqJM6sZxHTIow
1129,AbstractNode#5452,1729364809196,3,81068,81068,253523,1.3333333333333333,0,4,4,1,SUCCESS,81068,gjk77cWhSYyiSEiDaJHvgw
1130,-GabrieFidalgo-Amex,1729620288067,3,81125,81125,274932,6.0,0,18,18,5,SUCCESS,81125,D-Q752_hRrCGcD82bekwDA
1131,24KanameTakatsukaFM,1729046615938,3,81132,81132,243927,0.0,0,0,0,3,SUCCESS,81132,Og2zts-LT1qYM5c_k1jZvA
1132,24TomokiKawaguchiEH,1729730350204,3,81132,81132,266193,4.666666666666667,0,14,14,3,SUCCESS,81132,OmaJQiiCQB2p4Q3lpzUK8w
1133,ConnectedCharacter#1089,1727749516267,3,81190,81190,297053,5.666666666666667,0,17,17,2,SUCCESS,81190,S_YqzyVIQa686CWu5FaDqg
1134,GuilhermeV-Senna,1729762058728,3,81199,81199,251391,0.3333333333333333,0,1,1,1,SUCCESS,81199,ku7e1cdDR3CcVyQeFgVDwQ
1135,sophie,1729829603412,3,81262,81262,264866,1.6666666666666667,0,5,5,1,SUCCESS,81262,LvmFys2bS9qqNbs8oX-r1w
1136,Shhs-Kristian,1728678639458,3,81401,81401,306922,7.0,0,21,21,3,SUCCESS,81401,3d7h08qpQH-ZGb2oWE8b3g
1137,24ShunsukeIdeFC,1729047202138,3,81406,81406,244732,1.0,0,3,3,3,SUCCESS,81406,p-ODy1KoRB2Em5KxXTz7MA
1138,I-041,1729920505558,3,81462,81462,264663,5.666666666666667,0,17,17,4,SUCCESS,81462,zw5fNepjSkyn18GC8WUVHg
1139,AbstractSandbox#0973,1729833258870,3,81531,81531,263325,0.6666666666666666,0,2,2,1,SUCCESS,81531,IpGlgQS4R0Cd_g0dVLbIHg
1140,ReferenceSchematic#4855,1727749991439,3,81534,81534,245461,0.0,0,0,0,1,SUCCESS,81534,SjPQIIQgQASzEMM9TU0wPA
1141,SquareObject#9300,1728645344450,3,81542,81542,256058,1.3333333333333333,0,4,4,2,SUCCESS,81542,xKXy15OjQ3ON9Kyn9qeX9Q
1142,PathingParameter#4667,1728504696734,3,81595,81595,255396,0.3333333333333333,0,1,1,1,SUCCESS,81595,JvdAv9YaRM6cL_axQu0_PQ
1143,PrototypeHypothesis#8613,1727744450507,3,81598,81598,263997,1.6666666666666667,0,5,5,1,SUCCESS,81598,FECSK6NeTxKcaTgTLJx15w
1144,VirtualPoint#1502,1727750037081,3,81666,81666,256949,0.3333333333333333,0,1,1,1,SUCCESS,81666,9pgHIa-FSNWQKeKqKLttGg
1145,CleanSpec#8832,1728643061209,3,81794,81794,276328,6.0,0,18,18,5,SUCCESS,81794,puChm6NlQnS8HQDzyt1zOA
1146,AsynchronousSpec#4433,1729654087103,3,81794,81794,255528,1.3333333333333333,0,4,4,1,SUCCESS,81794,_e0Jq9zgStC6xLW4zCkA8g
1147,ParametricMachine#3502,1730017255945,3,81867,81867,257409,1.3333333333333333,0,4,4,1,SUCCESS,81867,VYTRTeBLRmqqhDkk92MbCw
1148,UnboundSequence#1293,1729765850648,3,81869,81869,258661,1.3333333333333333,0,4,4,3,SUCCESS,81869,8NDDK2reRWa-_TOaDCm4Xw
1149,BigDigit#9395,1728129894598,3,81990,81990,269525,0.6666666666666666,0,2,2,1,SUCCESS,81990,LuTUX01KSkqi_0IsNTDkBw
1150,PrimeLanguage#6600,1729218392509,3,82001,82001,248790,1.0,0,3,3,1,SUCCESS,82001,IzDf2zGQTNqsNluIGESoQA
1151,ReferenceSwitch#5676,1729648962586,3,82121,82121,257127,1.3333333333333333,0,4,4,1,SUCCESS,82121,fICd_rcWT7e6r9keKkCuVw
1152,NeuralBrackets#3009,1729824271609,3,82273,82273,268475,1.6666666666666667,0,5,5,2,SUCCESS,82273,wiZ_KhemRA-QU6JsykxsCA
1153,Amoy,1728506894171,3,82324,82324,248329,1.0,0,3,3,1,SUCCESS,82324,GV4_DHdfRsStKrbILyHezw
1154,SolvableUpdate#0405,1728506581049,3,82335,82335,256796,1.3333333333333333,0,4,4,1,SUCCESS,82335,O-5TBHSjRryb9H7cjVLuBA
1155,HenriqueVaptVupt,1728087072247,3,82394,82394,258995,5.333333333333333,0,15,16,1,SUCCESS,82394,y_kA9XSAS7CMYxuMfUwzRA
1156,SweeEH-KahSwee,1728977472874,3,82397,82397,281391,5.0,0,15,15,1,SUCCESS,82397,V9VNahguTeqVtp4dNHJ2wQ
1157,ImportantExpert#0588,1729526906494,3,82525,82525,311194,7.0,0,21,21,1,SUCCESS,82525,Z-caTYxlS-ut6LcBBdeo9w
1158,Smracers,1730209660649,3,82538,82538,289596,5.333333333333333,0,16,16,1,SUCCESS,82538,5wahw3MxTR-JXTM2yG51_g
1159,TabletClass#1897,1729364598131,3,82601,82601,248586,0.0,0,0,0,1,SUCCESS,82601,qFYJ2boyTB2Qw79hk_Y2mA
1160,FungibleTheory#6929,1728288128222,3,82794,82794,269528,1.6666666666666667,0,5,5,1,SUCCESS,82794,mmTszoRJT0qoSnuBu645PQ
1161,AbstractFix#7866,1729975034026,3,82872,82872,271930,1.6666666666666667,0,5,5,2,SUCCESS,82872,ZDwc0hlgRWm_pS9R_605iw
1162,PythonGame#8628,1729737959592,3,82941,82941,251469,1.0,0,3,3,1,SUCCESS,82941,WEiozy45RFufHKFV90Q6ig
1163,Team8-Glenda,1729131807283,3,82994,82994,269597,4.666666666666667,0,14,14,1,SUCCESS,82994,HAVjv6pzQNupXT8BuVnUUA
1164,IndividuoX-ARES,1730299808667,3,83137,83137,251661,5.0,0,15,15,1,SUCCESS,83137,DEePOpXIRWKux7G4MNRB8Q
1165,Henriqu33Bbr-Amex,1729686574835,3,83203,83203,260658,5.333333333333333,0,16,16,4,SUCCESS,83203,oyCxAifrRGO82auNEIVwIw
1166,MemoryWorkaround#7116,1729010129450,3,83265,83265,270992,1.6666666666666667,0,5,5,1,SUCCESS,83265,T81f-qgqR_mShGHba3Zinw
1167,UpgradedCharacter#8942,1729165928784,3,83336,83336,252989,0.0,0,0,0,1,SUCCESS,83336,hEyaaeR3TwCxYiGx0Wb6kA
1168,SolvableConsole#0837,1729628548672,3,83337,83337,282258,2.0,0,6,6,1,SUCCESS,83337,9sEwtzVEQe-t_Ivo3C5k4A
1169,JPMC-HK-CondorSpire,1728939592815,3,83538,83538,316002,8.0,0,24,24,2,SUCCESS,83538,wQl2h07uTuOPY9Uvk9DIEw
1170,HSBCTeamThirteen,1728998915711,3,83732,83732,261457,5.333333333333333,0,16,16,1,SUCCESS,83732,VHfIrjilQFKMFamfo6L7cg
1171,BrainyMachine#0700,1727758546775,3,83795,83795,251926,0.0,0,0,0,1,SUCCESS,83795,hZCbQ9dPQZan5E1iQGgiRg
1172,CyberneticServer#3641,1728386314045,3,83874,83874,262470,2.3333333333333335,0,7,7,1,SUCCESS,83874,mn15lfg2SmKKEqa7Fp3zPw
1173,ProcessingCommand#5801,1728472770569,3,84054,84054,335788,7.666666666666667,0,23,23,1,SUCCESS,84054,eid8KmArR0quObpwZxD-0A
1174,QualityNetwork#1716,1729367349685,3,84069,84069,270588,1.6666666666666667,0,5,5,2,SUCCESS,84069,ou2JT7xEQ2KBy0A37sqMgw
1175,CyberFitz,1728311481806,3,84074,84074,265140,4.333333333333333,0,13,13,3,SUCCESS,84074,8Vstu39ZQuagZlFNhSi3gA
1176,MemorySchematic#1608,1727810542631,3,84124,84124,303787,2.6666666666666665,0,8,8,1,SUCCESS,84124,s3sYBROCSOaodhwEngtXiw
1177,FuturisticOrder#7221,1728368764603,3,84125,84125,253059,1.0,0,3,3,1,SUCCESS,84125,3uGvKnqvQdmrS4D4HXyy-A
1178,ContinuousBuster#3841,1729683678290,3,84201,84201,275675,4.666666666666667,0,14,14,2,SUCCESS,84201,D5Z3YwTXTFOyak0wAuCrSw
1179,RobotGrid#9392,1728450424278,3,84202,84202,253327,1.0,0,3,3,1,SUCCESS,84202,Oi1oWAYRR8i1PLp2WcLSdw
1180,ThisArray#5895,1729765057087,3,84203,84203,500406,8.333333333333334,0,25,25,6,SUCCESS,84203,bPPycb5VTvGOjE8gMu_OZg
1181,BigDescriptor#6480,1727810821940,3,84266,84266,262201,1.3333333333333333,0,4,4,1,SUCCESS,84266,nixhqtwATQK80maP-Yghew
1182,NumericTest#1250,1729953054029,3,84328,84328,253186,1.0,0,3,3,1,SUCCESS,84328,lBlJGJYLTf2N79wZJYoiRQ
1183,StructuredHacker#0686,1729412812053,3,84457,84457,256065,5.0,0,15,15,2,SUCCESS,84457,538qY-uIS8KVfFI-uM-Q_w
1184,GenerativeUpgrade#7117,1730122159911,3,84468,84468,254658,0.0,0,0,0,1,SUCCESS,84468,yBfO7LMsSkGqpde6acSOAQ
1185,adi26,1728505013753,3,84472,84472,326664,3.3333333333333335,0,10,10,1,SUCCESS,84472,lnwlz9ThTViSugbp4kD3Fw
1186,ComplicatedValue#3901,1729083082168,3,84529,84529,286325,2.0,0,6,6,4,SUCCESS,84529,-2qCfsTKR4S9PTw47-e0DQ
1187,J01001111E,1730230233157,3,84533,84533,294731,6.333333333333333,0,19,19,3,SUCCESS,84533,Ncw3tYaiQdSLapzsKptbOA
1188,24AtsushiIwamotoCO,1730083522621,3,84676,84676,288338,2.0,0,6,6,1,SUCCESS,84676,SiFjS0dGTPmpg6JSyeksVw
1189,Secretariat,1727974474999,3,84725,84725,285454,2.0,0,6,6,1,SUCCESS,84725,jmoi_cVRQq6wpydii5v61A
1190,PrototypeAnalyst#3597,1730282062254,3,84730,84730,273066,1.6666666666666667,0,5,5,1,SUCCESS,84730,o5cat2L1Tv-aXTLLkqBkAA
1191,AtomicMachine#2253,1730173330027,3,84800,84800,254722,0.0,0,0,0,1,SUCCESS,84800,yhxAeN-_SR-IQVtCHlZ4gw
1192,ContinuousPresentation#8239,1729937413034,3,84852,84852,288523,2.0,0,6,6,1,SUCCESS,84852,Jm9U5D4rSoS6pfkvGZV3Cw
1193,RobotLambda#4389,1729569321560,3,84997,84997,275985,1.6666666666666667,0,5,5,1,SUCCESS,84997,gSDf0hF4TWS6OlazxO4jEA
1194,NeuralClass#0882,1730108570656,3,85000,85000,299464,2.3333333333333335,0,7,7,1,SUCCESS,85000,rOzgA-7tTF6bmLdcUvkeuA
1195,MSEDU-S10,1730265717505,3,85131,85131,305201,2.3333333333333335,0,7,7,2,SUCCESS,85131,0EzNuH94QBmwlhatlXOByg
1196,CrypticArray#9957,1729527883986,3,85133,85133,309655,6.666666666666667,0,20,20,1,SUCCESS,85133,bP-Voix8TRy-Ue2ACiTGgg
1197,DesktopError#4133,1727884828659,3,85520,85520,326395,6.333333333333333,0,19,19,1,SUCCESS,85520,_vF0hoCOS3KZv3i5S3vm2A
1198,Structura,1728868561300,3,85597,85597,287062,6.0,0,18,18,3,SUCCESS,85597,Bs4BbpR3SSmM5aKlMnvQgQ
1199,SHHS-GuoCharliYe,1730310001379,3,85598,85598,275994,5.666666666666667,0,17,17,1,SUCCESS,85598,RE1eScVdSwCjJXZXp2ziZA
1200,Wolfpack,1728505063796,3,85668,85668,289188,2.0,0,6,6,1,SUCCESS,85668,9f2ye-GcT82VL3VZNUmjaA
1201,Eviden-KnightRider,1729622092099,3,85729,85729,311325,6.666666666666667,0,20,20,1,SUCCESS,85729,xa3ZvVNDTLCAoBUnUrjtSQ
1202,ImmutableMachine#6792,1730157736597,3,85807,85807,259211,1.0,0,3,3,1,SUCCESS,85807,md8lufJrT2Clf594KvhG5Q
1203,ThisValue#0657,1728684826340,3,86071,86071,259788,1.0,0,3,3,1,SUCCESS,86071,twTEWWGHSvqEBZJ5V6Bcig
1204,VirtualDelta#9593,1730264434050,3,86179,86179,269518,1.3333333333333333,0,4,4,1,SUCCESS,86179,iSkciLQkQt6etjYv_Nk2Yg
1205,GridAIDeepRacer,1727970993230,3,86203,86203,317062,6.0,0,18,18,3,SUCCESS,86203,T0JlQwm9TbOc7Wzim3Sf6Q
1206,JoelIsTheOnlyRacerThatWins,1730143876833,3,86259,86259,344663,4.666666666666667,0,14,14,3,SUCCESS,86259,qdBf4OmhSP20SHs57TRYgQ
1207,BlockchainPatch#9276,1729770462438,3,86273,86273,289660,5.0,0,15,15,2,SUCCESS,86273,mZzM9Er8TpaZ4DHZGECZRg
1208,VariableRequirements#2688,1727810483325,3,86399,86399,273531,1.3333333333333333,0,4,4,1,SUCCESS,86399,ZzkW9Q0dQ26gj8E9L-H55Q
1209,ContinuousEngineer#1857,1728077654149,3,86544,86544,281079,1.6666666666666667,0,5,5,1,SUCCESS,86544,4K6F54BDTY6mtGm6UdVDlA
1210,UnboundPoint#2119,1729707885929,3,86596,86596,270855,1.3333333333333333,0,4,4,1,SUCCESS,86596,B8XZVqpLQdC4Y8_e7ff6Hg
1211,I-043,1729924870735,3,86598,86598,260611,0.3333333333333333,0,1,1,2,SUCCESS,86598,w03Q8TeuSN-IRsjur-gyaw
1212,FACI-tpk,1730168374322,3,86607,86607,284194,2.6666666666666665,0,8,8,1,SUCCESS,86607,Nm1Dsq1VRbizy6NEsZ1zvg
1213,MachineCircuit#6537,1728590165442,3,86935,86935,283594,2.6666666666666665,0,8,8,1,SUCCESS,86935,b3UA1AeZRfKIOY-eEbALrQ
1214,UnicodeHacker#0397,1729238333982,3,87134,87134,272135,0.3333333333333333,0,1,1,1,SUCCESS,87134,bP2FvpX_TkiWVxJEOhRsXA
1215,AtomicPresentation#9662,1729383117665,3,87205,87205,304931,2.3333333333333335,0,7,7,1,SUCCESS,87205,ksgLciQ_RBiyUo8GollViw
1216,NestedPoint#9372,1730023028174,3,87205,87205,274588,6.333333333333333,0,17,19,1,SUCCESS,87205,OqLxAmzMQLCXy-rdlcrGqw
1217,ChristyWarner,1729191013004,3,87265,87265,282123,5.666666666666667,0,17,17,1,SUCCESS,87265,zShgysdQRvWXBoLsdZL1wg
1218,COL-SpeedRacers,1728712589422,3,87391,87391,334193,8.333333333333334,0,25,25,1,SUCCESS,87391,Iaa4wynzRHu0xnytRKVqCA
1219,GammaBooster#1865,1729165423879,3,87462,87462,264855,0.0,0,0,0,1,SUCCESS,87462,h2fAG1g4R3O2BkTAtLHxTg
1220,AbstractLog#7566,1729640029663,3,87653,87653,263520,0.0,0,0,0,1,SUCCESS,87653,Zx72VL9GR5CZHO9WAmq2-Q
1221,Amazon-River-Dolphin,1729099381792,3,87663,87663,295997,2.0,0,6,6,1,SUCCESS,87663,9Isf6XlMQGK9mBTt_jZy5w
1222,DigitalSpec#2837,1729194956027,3,87729,87729,358196,8.0,0,24,24,1,SUCCESS,87729,eUjNPWWBTt-1TgZ1KMWrYQ
1223,DesktopBuster#4482,1728074222189,3,87734,87734,273817,1.3333333333333333,0,4,4,1,SUCCESS,87734,IiLxqd8TSsKCR3Jrf9yxcw
1224,DeepDiff#5379,1728463893234,3,87997,87997,265118,0.0,0,0,0,2,SUCCESS,87997,aSVGLVjHSDGw3nBB3ZApMg
1225,QuickUpdate#6426,1729094191491,3,88001,88001,276063,1.3333333333333333,0,4,4,1,SUCCESS,88001,-SoXXK5cQqetxFLIOZOdeg
1226,ImmutableResource#8559,1729079463027,3,88072,88072,282792,1.6666666666666667,0,5,5,1,SUCCESS,88072,l9jmMcS-TpWDY_jvEugDQw
1227,QualityParameter#3517,1729367376401,3,88134,88134,299928,2.0,0,6,6,2,SUCCESS,88134,4e7CaK9XT5aBIcG5vaR0JQ
1228,24TanabeEZ,1729045094362,3,88531,88531,309260,2.3333333333333335,0,7,7,2,SUCCESS,88531,bLymgQwmQg2r0mcYNv-F3Q
1229,NeuralClass#6244,1727750124082,3,88602,88602,298925,2.0,0,6,6,1,SUCCESS,88602,bYE2BDKNQbyN2VKHBbar6g
1230,StructuredCommand#9720,1729533570362,3,88735,88735,309400,6.333333333333333,0,19,19,1,SUCCESS,88735,CXeFwz_7TZ2tYmvKzha2lQ
1231,24YutaroIshidaEU,1730081338171,3,88872,88872,293193,2.6666666666666665,0,8,8,1,SUCCESS,88872,Pg4n27CsSl6FjFLPbZshMw
1232,FiniteAnalysis#9921,1727756418361,3,89060,89060,297794,2.0,0,6,6,1,SUCCESS,89060,UWCpYPabS_-0yRtfNR4diA
1233,SHSS-Roland-Ho,1730266652462,3,89120,89120,287986,6.666666666666667,0,20,20,1,SUCCESS,89120,6e4RItOmTRW1pIwgPpsa8Q
1234,I-019,1729922266162,3,89188,89188,269056,0.0,0,0,0,4,SUCCESS,89188,pqFDBDbwSkuKiD6V5QrQGg
1235,ASCIINumber#3452,1728409141780,3,89325,89325,288728,4.666666666666667,0,14,14,2,SUCCESS,89325,-uVw9ijSQB-jAkWtLzPdXQ
1236,ProvisionalObject#4845,1728575291459,3,89332,89332,280256,0.3333333333333333,0,1,1,1,SUCCESS,89332,T5Udc5sSQ4WWrWWnWOo3kg
1237,PythonLambda#7587,1728945117407,3,89335,89335,288397,5.666666666666667,0,17,17,1,SUCCESS,89335,5nft_KsVR7S9e3QCYMf7Cg
1238,CrypticBraces#6061,1728466827824,3,89395,89395,270729,0.0,0,0,0,4,SUCCESS,89395,cB6YydXgR-mUldPv0qbHYg
1239,TestingLog#0592,1727765438319,3,89404,89404,297999,2.0,0,6,6,1,SUCCESS,89404,CmF8xYaDSS6W8bjYbMaVrQ
1240,CrypticExpression#1989,1729363955777,3,89588,89588,272252,1.0,0,3,3,2,SUCCESS,89588,jDZKhLpUTmybxpSwiJHPTA
1241,FormulaicByte#5270,1729706726307,3,89603,89603,280860,1.3333333333333333,0,4,4,1,SUCCESS,89603,ES7cc95rSPmE3aLh2xIj_g
1242,ComplicatedSwitch#2988,1730306337860,3,89723,89723,291988,6.666666666666667,0,20,20,2,SUCCESS,89723,HmVw5TYAQ4OY3U-umVCrPg
1243,ProcessingNamespace#8355,1729364267731,3,89793,89793,270332,0.0,0,0,0,1,SUCCESS,89793,QMu-ziZUTBqyQD7Q6dOfHQ
1244,MSEDU-S7,1727847455178,3,89801,89801,277657,0.0,0,0,0,1,SUCCESS,89801,RJKhPPcwRTuyTcJp9RVCsg
1245,AtomicAnalysis#1745,1728380945630,3,89930,89930,292723,4.666666666666667,0,14,14,1,SUCCESS,89930,tXYEq9XjT2GQzhdorVhqHQ
1246,SquareShell#9589,1728704826891,3,89983,89983,304325,2.0,0,6,6,1,SUCCESS,89983,bW_Yp8gcT0yh65tuhqV88w
1247,Vanez,1727769141628,3,90268,90268,291609,6.666666666666667,0,20,20,1,SUCCESS,90268,x4V4UB83S8SrnXIYzp8ufw
1248,MachineSandbox#6893,1727745089171,3,90330,90330,273189,6.0,0,18,18,1,SUCCESS,90330,30RbfjGnTwOERVE1gaGOQg
1249,CreativeTag#3394,1729167349847,3,90402,90402,301132,2.0,0,6,6,3,SUCCESS,90402,e583zeC5QruckCT5pX2otA
1250,shhs-turt,1727894976085,3,90534,90534,380795,9.333333333333334,0,28,28,4,SUCCESS,90534,h7y_yKYYRNmmBmeZd5RCpg
1251,ParametricTable#8815,1729165231818,3,90535,90535,285528,1.3333333333333333,0,4,4,1,SUCCESS,90535,_vrQmuGrS6yKPfNlGQcrrw
1252,Team8-FastnFurious,1729205430439,3,90671,90671,304064,6.0,0,17,18,4,SUCCESS,90671,xj48U_p_Rni_tZe472ofzQ
1253,Team18-Xiuhuan,1729405700700,3,90676,90676,280943,2.6666666666666665,0,8,8,2,SUCCESS,90676,kYaSZrjKTjaFVbC64SCWtw
1254,VisheshBreja,1729693091410,3,90732,90732,334869,6.0,0,18,18,1,SUCCESS,90732,wPI8NJMaThGAHgUmwXCoFA
1255,BigMethod#0944,1729095423218,3,90736,90736,315731,7.333333333333333,0,22,22,2,SUCCESS,90736,M4K0wm_1TJuqHXdykNFL6w
1256,24WeiHuangEP,1729129942187,3,90992,90992,273540,1.0,0,3,3,6,SUCCESS,90992,B-FbpFS6TP2e1AwnDvM93g
1257,SamanthaSanchez,1727817013664,3,91068,91068,316600,3.3333333333333335,0,10,10,1,SUCCESS,91068,jB5wkkHgTU2JV2jBYAZwdg
1258,LeetPackage#4092,1728956812998,3,91193,91193,295195,1.6666666666666667,0,5,5,1,SUCCESS,91193,61MwkH4MRdqIBUe_7osc-A
1259,MachineDeadline#1390,1729364564634,3,91198,91198,287588,1.3333333333333333,0,4,4,1,SUCCESS,91198,IOzkBiNhSCeVGy4AKuoRKg
1260,CreativeNetwork#7472,1729364560335,3,91199,91199,273928,0.0,0,0,0,1,SUCCESS,91199,fomcor1PTAu3-4xIWz7W2w
1261,PrototypeSequence#2915,1729253930123,3,91256,91256,276663,2.0,0,6,6,1,SUCCESS,91256,zb0xBpn8SNe_ixrEF4_RSQ
1262,ReferenceBrackets#9438,1730252578820,3,91267,91267,286328,2.3333333333333335,0,7,7,2,SUCCESS,91267,DKZKx0HoR521-2yiLG1XiQ
1263,CyberneticUpdate#5106,1729474611920,3,91275,91275,296064,1.6666666666666667,0,5,5,3,SUCCESS,91275,FhHU1C_oTZKEJquZRb0UsQ
1264,BrainyBreaker#8893,1728508164186,3,91401,91401,298193,1.6666666666666667,0,5,5,1,SUCCESS,91401,jL9g8U8YToac7WLjoXy-2Q
1265,ParametricPackage#4323,1728037593172,3,91456,91456,314525,4.333333333333333,0,13,13,4,SUCCESS,91456,LcUcgHJ_QMaFZepe__DebA
1266,RocketGlyph#2855,1728508376707,3,91478,91478,296066,1.6666666666666667,0,5,5,1,SUCCESS,91478,vi6uTVT3R8CHfPJagKj5fA
1267,SHHS-jeremy,1729281983918,3,91532,91532,312390,2.3333333333333335,0,7,7,2,SUCCESS,91532,ISXAjvuARw6owYhYxBDsLw
1268,MobilePackage#4004,1728507531441,3,91535,91535,276586,1.0,0,3,3,1,SUCCESS,91535,sQvKsIigTu-_LuJ5mnT_jg
1269,JPM-MUM-CatchYouLater,1729777971447,3,91601,91601,324807,3.6666666666666665,0,11,11,2,SUCCESS,91601,eyM5c5hRSrSBVBnujg6OJA
1270,Lincrea-VelocityVanguard,1729046252408,3,91662,91662,275687,2.0,0,6,6,2,SUCCESS,91662,IyaSmPDnQDmMzPZvzDhPGg
1271,EncryptedFix#4374,1728956759707,3,91732,91732,359527,3.6666666666666665,0,11,11,1,SUCCESS,91732,rv_bkfu4Qcq1T_FQr-Ivlw
1272,GlobalFunction#7634,1729775046030,3,91740,91740,316592,3.6666666666666665,0,11,11,1,SUCCESS,91740,azA87SEGS42GXAPxTp9KwA
1273,TestingCoder#8150,1728477240977,3,91796,91796,275857,4.0,0,12,12,4,SUCCESS,91796,TmTCDDOiQbyt9a_9ISOfdQ
1274,VariableLoop#4698,1729364284319,3,91866,91866,286458,2.3333333333333335,0,7,7,1,SUCCESS,91866,plxKpvjqSSuAYp7Lkilwpw
1275,BrainyComment#0209,1729675513461,3,91926,91926,306657,3.0,0,9,9,1,SUCCESS,91926,U6dCYQDTQ0KLMbTHtm_M1w
1276,24HirokiShigetaDU,1729132186397,3,91930,91930,364058,5.666666666666667,0,17,17,2,SUCCESS,91930,k1MR0IQQSLWlkdQgqDcexw
1277,CreativeVariable#8308,1729203934198,3,91995,91995,286796,2.3333333333333335,0,7,7,1,SUCCESS,91995,T4ESNehBRMKzvp79yW9oeQ
1278,ArtificialSystem#1159,1730272360351,3,92063,92063,311868,2.0,0,6,6,1,SUCCESS,92063,0Mx6uVphTdS4MR59Jad29Q
1279,winter-time,1728508249986,3,92201,92201,299197,2.6666666666666665,0,8,8,1,SUCCESS,92201,dwsDdONOQnm2K-iiMajrEw
1280,TestingHypothesis#3305,1730126947766,3,92269,92269,308056,3.0,0,9,9,1,SUCCESS,92269,-u3GesSUTlSE-aL2osPABA
1281,Kinz,1728505246205,3,92473,92473,299735,2.6666666666666665,0,8,8,1,SUCCESS,92473,ZabDzzM8Rw2MyWsZi0I_Vg
1282,FuturisticSpec#4668,1729627857123,3,92588,92588,290519,2.3333333333333335,0,7,7,1,SUCCESS,92588,gcikxd2gRG69g6sGRpbzbw
1283,AccessibleClass#1194,1729083784509,3,92663,92663,279259,0.0,0,0,0,1,SUCCESS,92663,tFCQYibGTYOcchwnfzo1cg
1284,PITS-3,1727827490142,3,93063,93063,361465,7.666666666666667,0,22,23,1,SUCCESS,93063,yB5wq3tVTHm_RJQ3qQqBCw
1285,taufikracing,1730087364224,3,93134,93134,285728,2.0,0,6,6,1,SUCCESS,93134,0KUOlOizSyiZBA7L2qSYmg
1286,EsteemedExpert#3772,1728470309087,3,93324,93324,303321,2.6666666666666665,0,8,8,2,SUCCESS,93324,6zZtCNf1QBaABrPDMFn6EQ
1287,FuturisticArgument#3479,1728651987625,3,93409,93409,310121,5.0,0,15,15,1,SUCCESS,93409,g0XKmSCvRq26i9Xtr_L2qA
1288,IterativeCallback#7535,1728642290158,3,93461,93461,280596,3.0,0,9,9,2,SUCCESS,93461,Oa-a0W00T6KJU0P8eVduJw
1289,ImportantUpgrade#5870,1730100658162,3,93940,93940,282466,1.0,0,3,3,1,SUCCESS,93940,PAql2fzxTxumaZ1sgnUFkQ
1290,InteractiveDigit#8701,1729531477145,3,94073,94073,344531,8.0,0,24,24,1,SUCCESS,94073,y0_mnGhUTPK3dNU_BYbAHA
1291,ConnectedDiff#8627,1730155058636,3,94332,94332,301326,0.3333333333333333,0,1,1,1,SUCCESS,94332,8wF1GHmaSTqYTqYdyOzFqQ
1292,Rosaks-Racer,1727810544743,3,94396,94396,323464,3.3333333333333335,0,10,10,1,SUCCESS,94396,5pCeMdiXTgGuczPHTImu7Q
1293,BetaPresentation#2719,1728507354875,3,94466,94466,315195,3.0,0,9,9,1,SUCCESS,94466,ytKP8t8SQSCL0xcIqulojA
1294,BetaDelta#9978,1729010088840,3,94471,94471,284267,1.0,0,3,3,1,SUCCESS,94471,PE_irltYRNSwDV3IMPBDmA
1295,Sl0wAF,1728505948768,3,94998,94998,285261,1.0,0,3,3,1,SUCCESS,94998,pilo3DoJQ9S9pqMoV_d0Yw
1296,The-A-Team,1728032440115,3,95003,95003,328059,7.333333333333333,0,22,22,1,SUCCESS,95003,cdWQyJafTmqqcUPQUbULzg
1297,WebTag#3651,1729733663791,3,95132,95132,306930,2.6666666666666665,0,8,8,1,SUCCESS,95132,qqYutxm3TbK4M7UFiS1E8w
1298,NDix,1730065383498,3,95194,95194,316927,7.0,0,21,21,4,SUCCESS,95194,G5jpFvXhTeiPc0_X_bBdiw
1299,John-McSweeney,1728572200117,3,95273,95273,317791,7.0,0,21,21,3,SUCCESS,95273,JLXYoOuGSr69rEk5jx7g3A
1300,JPMC-HYD-VictoryChasers,1728823949290,3,95323,95323,413059,11.0,0,33,33,1,SUCCESS,95323,c7t-7XSlSuK0GRSmUV3RWw
1301,WhiteOmniVan,1728645969386,3,95334,95334,329928,8.333333333333334,0,25,25,2,SUCCESS,95334,HymdTSkmTsqVkGv6GvCXpg
1302,CrypticLambda#8491,1728921097432,3,95533,95533,289128,1.0,0,3,3,1,SUCCESS,95533,IoAUisiLT62VBMQvcMgyRQ
1303,Guilherme-DriveFusion,1728181417881,3,95735,95735,298006,6.333333333333333,0,19,19,2,SUCCESS,95735,_KyLa67mRbCQbQnGACLaqw
1304,CodeState#8911,1728507714764,3,96336,96336,316754,2.0,0,6,6,1,SUCCESS,96336,Yjsg7mLeThmD63hpx9NNlg
1305,FocusedSlice#8173,1727986463089,3,96392,96392,289990,5.0,0,15,15,1,SUCCESS,96392,Lri7Gr3XTTivcxEQLE6pzA
1306,KalanaR,1730011817209,3,96662,96662,328327,8.333333333333334,0,25,25,1,SUCCESS,96662,w6Gxz6QLROGV-Cwe6EbpTw
1307,24KazukiTakahashiEN,1729130553582,3,96800,96800,334399,3.3333333333333335,0,10,10,1,SUCCESS,96800,-A9FEIuEQ_WRoL0Yiufdjw
1308,AtomicBrackets#8327,1728656022081,3,96998,96998,292199,6.0,0,18,18,1,SUCCESS,96998,2Wc1R0W8TVWbi6imF_10tg
1309,LengYouWin-sl,1728749455094,3,97067,97067,312193,6.666666666666667,0,20,20,2,SUCCESS,97067,uNEYIVTsQEeNR4AS76iokg
1310,WebExpression#6950,1729363966003,3,97074,97074,291592,2.0,0,6,6,1,SUCCESS,97074,lgs-tSMWQvabQB2RWy770w
1311,TestingBraces#2776,1729706373052,3,97261,97261,313061,2.6666666666666665,0,8,8,1,SUCCESS,97261,6KxAlhl8SUWNuJQET3TKNw
1312,team39-mclaren,1729095063501,3,97400,97400,311794,2.3333333333333335,0,7,7,1,SUCCESS,97400,9rxs93kbSve0GOf2w6RRsw
1313,ReferenceEvaluation#5130,1729691225578,3,97668,97668,315793,0.6666666666666666,0,2,2,1,SUCCESS,97668,j9BtimLqRguYtkGCTA96kA
1314,FuriousBee,1727979727982,3,97743,97743,314729,2.6666666666666665,0,8,8,2,SUCCESS,97743,VvuTGyfoQgCLpR-EbwY6iw
1315,ProgrammingPresentation#2282,1729158755000,3,97934,97934,295659,6.0,0,18,18,2,SUCCESS,97934,oHD0WRcKTse54f8HlGJlIA
1316,CodeResource#4156,1728704818955,3,98020,98020,315020,2.6666666666666665,0,8,8,1,SUCCESS,98020,bJ60XXcRRYGbjMY6sPF72A
1317,hyxgjzx087,1729756968344,3,98268,98268,347058,7.333333333333333,0,22,22,1,SUCCESS,98268,51A1dtCgT6SGv5FHJQ8O-Q
1318,TwHims-IkeLi,1727746143141,3,98268,98268,296874,3.0,0,9,9,1,SUCCESS,98268,i7r-4NjdTg2IJjEFb8E3zA
1319,FocusedAnalysis#2145,1729551774795,3,98534,98534,338926,3.3333333333333335,0,10,10,1,SUCCESS,98534,62UiflmwR-mOo4P9BALFIg
1320,Zero-dayToken#0185,1727811844216,3,98600,98600,298994,3.0,0,9,9,1,SUCCESS,98600,WeJ5Tz67TLiK_QEuNOGONw
1321,QuickPackage#2810,1729101275426,3,98603,98603,316459,2.6666666666666665,0,8,8,1,SUCCESS,98603,etDLX-4QT2SZ5q6_Vok6aA
1322,PrimeSandbox#5836,1729775190285,3,98778,98778,307713,6.333333333333333,0,19,19,2,SUCCESS,98778,RyxeQ2AkRZe7ipGosuBYtw
1323,FiniteVariable#7107,1729694391709,3,98930,98930,317792,3.6666666666666665,0,11,11,1,SUCCESS,98930,fwnGkGD9ThmRVFesumRLlw
1324,CrypticDiff#8743,1730156808736,3,98932,98932,318652,3.6666666666666665,0,11,11,1,SUCCESS,98932,So6n_CSpQLmH2HO26kcaZQ
1325,JerryLee,1728970708344,3,99066,99066,331515,8.0,0,24,24,1,SUCCESS,99066,BMjoJ3L7ShGsF5gA1lHdkw
1326,GingerRacer100924,1728507466227,3,99133,99133,342494,4.333333333333333,0,13,13,1,SUCCESS,99133,yLyX84FRT2qeXwbiee-MXA
1327,AWS-George,1729106029757,3,99329,99329,361587,9.0,0,27,27,4,SUCCESS,99329,f8N3s0SOQwiJFaNwVJDJdw
1328,AgileWorkaround#0652,1729936482910,3,99330,99330,313657,1.3333333333333333,0,4,4,1,SUCCESS,99330,gu99XDH9TDivI8QhSqQ4rw
1329,24AtsushiSanbeEY,1729483629163,3,99459,99459,330538,8.0,0,24,24,2,SUCCESS,99459,mtn-WzOwQiyc5AB6EmD9Xg
1330,JavaState##6869,1729927439272,3,99469,99469,331325,8.0,0,23,24,2,SUCCESS,99469,AEiZQYSYR9qTnuckxK5IAQ
1331,MSEDU-S2,1728007190616,3,99665,99665,320064,7.666666666666667,0,23,23,2,SUCCESS,99665,6N7v5bxMQXa2htIr1fsu3w
1332,RecursiveValue#7268,1728885457539,3,99738,99738,373731,5.333333333333333,0,16,16,1,SUCCESS,99738,9WBlM32TS0Kf6CJ43XrAiw
1333,HelenaBender,1728506623670,3,99984,99984,320262,2.6666666666666665,0,8,8,1,SUCCESS,99984,muRIQFT9Quek0Xvw0Azb9g
1334,LoopingNetwork#9244,1729699371757,3,100257,100257,322263,3.6666666666666665,0,11,11,1,SUCCESS,100257,ooQkWsF5QOmg9MkajEHYGw
1335,NumericBraces#1635,1729519135254,3,100267,100267,433592,11.0,0,31,33,5,SUCCESS,100267,nU495RB7QNSmm8xYn4LtPQ
1336,ArtMendez,1729230648297,3,100466,100466,341991,8.333333333333334,0,25,25,5,SUCCESS,100466,vA0XUF3ZSair7kBZ4Qb_JA
1337,TestableFix#8315,1728940260760,3,100718,100718,304258,3.0,0,9,9,1,SUCCESS,100718,2m-4MgQKQIKbbXOHDmuM2w
1338,CurlyDescriptor#0104,1729949071204,3,101267,101267,323518,2.6666666666666665,0,8,8,1,SUCCESS,101267,xhZ3lhzaT5aFMThNJma68A
1339,JavaArgument#0767,1728259886693,3,101462,101462,365325,5.0,0,15,15,1,SUCCESS,101462,rLZWWoTrT86GDgLF-N6ajA
1340,Demo-Ran,1728505063663,3,101666,101666,305862,7.0,0,21,21,1,SUCCESS,101666,I8XuyT0AShey-DOsCmXcnA
1341,Suicoleiro,1729102053448,3,101929,101929,339200,8.0,0,24,24,1,SUCCESS,101929,Jo_-f8sNTc6iBHbt4APY1g
1342,CleanAnalyst#6934,1729363699932,3,102076,102076,339199,4.0,0,12,12,1,SUCCESS,102076,nfR485oXT2elFBuN9CRahw
1343,24TomoyasuSekiguchiDG,1729233550717,3,102134,102134,306926,3.0,0,9,9,2,SUCCESS,102134,BTvPQkZqSkyLCPfJwOXUOg
1344,JaydenTeo,1730265504515,3,102271,102271,366454,6.0,0,18,18,3,SUCCESS,102271,YAx85kQpTBGKs8WngK07bg
1345,MattDeneen,1727810484007,3,102531,102531,307929,6.0,0,18,18,1,SUCCESS,102531,ooTEpAtOSWK3LUUNkaOdDQ
1346,BlockchainParameter#3570,1730223530309,3,102537,102537,324598,2.0,0,6,6,1,SUCCESS,102537,JoVEpjPdSuSE8_3W_-3XrA
1347,FunctionalPackage#4010,1730114183830,3,102658,102658,359324,4.666666666666667,0,14,14,1,SUCCESS,102658,RBxMfbPnQ8qvy1VoqBEqRA
1348,Team2-PO,1728720668447,3,102725,102725,331989,7.666666666666667,0,23,23,2,SUCCESS,102725,dMo0Dp5DQvmQ7RZtGmlu8w
1349,MSEDU-016,1727847449226,3,102797,102797,317789,0.3333333333333333,0,1,1,1,SUCCESS,102797,T9uPXxfKQc6yLypIvwIA8A
1350,NullLine#0657,1728660575462,3,102929,102929,311188,3.0,0,9,9,1,SUCCESS,102929,Cxyxmhm5QF2twdrv3JLvZA
1351,UnicodeAnalyst#4637,1728505125220,3,102934,102934,319462,3.3333333333333335,0,10,10,1,SUCCESS,102934,INDkSzoRRcSH6jCZHt_w5w
1352,ASCIINetwork#1777,1728504696583,3,103058,103058,340189,4.0,0,12,12,1,SUCCESS,103058,AiWqDWIOQ1uUDFS6-oyowg
1353,RobotAttention#6249,1730212229502,3,103199,103199,310459,3.0,0,9,9,1,SUCCESS,103199,sXlzl44CR-eeY_Y-qD6gGA
1354,SpeedMabagal,1729960358884,3,103468,103468,310814,4.0,0,12,12,1,SUCCESS,103468,ODvpetDuTGa_Z5bGGzPxSg
1355,bechikhahmed,1729175181980,3,104065,104065,317857,7.0,0,21,21,1,SUCCESS,104065,XLw3PN-2Tkqcy8o3zHWMKQ
1356,ReferenceNetwork#6960,1729777445416,3,104264,104264,333265,2.6666666666666665,0,8,8,1,SUCCESS,104264,0NZ4LP7xQkaHpljyAa9YUQ
1357,AlphaSchematic#2084,1729628604789,3,104336,104336,342195,4.0,0,12,12,4,SUCCESS,104336,TBHPzjd7RTCFe2mOI5ImLw
1358,MechanicalFunction#2749,1729867606745,3,104536,104536,314198,3.0,0,9,9,1,SUCCESS,104536,U_J-r-CxRaGQw45tH-7Tgg
1359,SequentialBrackets#7609,1727964273879,3,105195,105195,327847,5.333333333333333,0,16,16,2,SUCCESS,105195,r5WT_w7ZTDuzNnczbHGp3A
1360,Forever21-Taranjit,1728646445028,3,105206,105206,400201,9.666666666666666,0,29,29,1,SUCCESS,105206,ys1av-g1SDq-pAthd5j2_Q
1361,CodeTest#5380,1727847385512,3,105270,105270,316253,3.0,0,9,9,1,SUCCESS,105270,mMa1BUsRSGy52zoodhRMMg
1362,CreativeClass#0608,1727964364424,3,105665,105665,391997,7.333333333333333,0,22,22,1,SUCCESS,105665,ktikj7KjQJ-xhKelXdD9JQ
1363,FormulaicSequence#0929,1730220986231,3,105874,105874,329395,3.3333333333333335,0,10,10,1,SUCCESS,105874,JVvRIwqkSOGFBg4twNshzQ
1364,FungibleEvaluation#6608,1728504790697,3,105932,105932,319599,3.0,0,9,9,1,SUCCESS,105932,DKhHmroCTeS8r4KwcDWYJQ
1365,guibs-katchau,1729884143600,3,105995,105995,403326,9.666666666666666,0,29,29,4,SUCCESS,105995,FYPIml3xQZmJMovQjTVHaA
1366,FiniteNetwork#5257,1730214241288,3,106061,106061,341721,2.6666666666666665,0,8,8,2,SUCCESS,106061,O4-me0tZQ3aGRPhwgpFYKg
1367,UrgentPoint#5655,1729363975700,3,106403,106403,342068,3.6666666666666665,0,11,11,1,SUCCESS,106403,bL_tR4ziS362VrX7EJHE3Q
1368,FM-ShinBigDream,1728486980823,3,106931,106931,359323,7.333333333333333,0,22,22,2,SUCCESS,106931,sdCPkug_SCqBRliScxiCuA
1369,Fasttrack,1730054900440,3,107137,107137,370195,8.666666666666666,0,26,26,1,SUCCESS,107137,HiSbbA6zTGO42bFk6rYdYQ
1370,Forever21-Mich,1729703191608,3,107461,107461,370656,7.666666666666667,0,23,23,4,SUCCESS,107461,UvMKg9DVR_a0mP2thVmrEg
1371,Asynchronous486#5102,1729769537484,3,107467,107467,323857,3.0,0,9,9,2,SUCCESS,107467,x97ZdicQRhytntMxpuMCAQ
1372,UnboundDiff#7493,1728820683796,3,107602,107602,395058,3.3333333333333335,0,10,10,4,SUCCESS,107602,udlejdsxTQaHvE-A7Z6jdw
1373,FormulaicLambda#1836,1728398823168,3,108065,108065,408930,9.666666666666666,0,29,29,1,SUCCESS,108065,A-lYsYAYTpOkT8-FmaR22g
1374,AlphaAbstraction#7896,1727810487210,3,108142,108142,346122,3.6666666666666665,0,11,11,1,SUCCESS,108142,-7fAHFE3Scmk1Q3aRh5CWw
1375,NullScript#4343,1730222320626,3,108148,108148,354469,4.0,0,12,12,1,SUCCESS,108148,HRB4KR1LSp6C389MwK2nKA
1376,FungibleLine#8955,1729546295299,3,108324,108324,381987,9.0,0,27,27,1,SUCCESS,108324,L6egQLzDSmq9Ief2b22OIQ
1377,MSEDU-S13,1730265691678,3,108405,108405,352003,1.6666666666666667,0,5,5,2,SUCCESS,108405,8D-SZSM3TuewjJJMXAs_3w
1378,TKU-CSIE-Lin,1730046784789,3,108667,108667,355200,5.0,0,15,15,3,SUCCESS,108667,mFpGdvHHReuw3BMvNuuovQ
1379,Syd,1729208100243,3,108726,108726,410058,9.666666666666666,0,29,29,2,SUCCESS,108726,LKRuDNjTQki5TmQxiBan0w
1380,LeetState#5643,1729569639633,3,108868,108868,423587,10.0,0,30,30,1,SUCCESS,108868,C6xCTJ2XSkeG-3j1ihKk7w
1381,MSEDU-S9,1728019726796,3,108924,108924,367459,5.333333333333333,0,16,16,2,SUCCESS,108924,e5nVNTfkQKiUguUwjCH_xg
1382,CrypticServer#8648,1728470228012,3,109126,109126,398793,8.333333333333334,0,25,25,1,SUCCESS,109126,ML6GvtnpR-OI1g5yAZRgiw
1383,NestedLoop#9626,1727981599790,3,109318,109318,347391,8.666666666666666,0,26,26,2,SUCCESS,109318,g8Tfum7hT9OKPgXNnjy-Qw
1384,Groot,1728509564399,3,109928,109928,351260,3.6666666666666665,0,11,11,1,SUCCESS,109928,NXKvxoVgTl--W1-qCJVWVQ
1385,AsynchronousEvaluation#7951,1729620110834,3,110000,110000,349388,8.666666666666666,0,26,26,1,SUCCESS,110000,M1IygPFHTqu60IxQkatSzA
1386,lyf1228,1729137970471,3,110792,110792,333124,3.0,0,9,9,1,SUCCESS,110792,OpGDfBc7RF2L9Nuq1MHoiw
1387,MobileShell#9482,1728705302133,3,110793,110793,353991,8.666666666666666,0,26,26,1,SUCCESS,110793,N6cF1mwCSFugW1jgN5bAEw
1388,BlockchainDiff#5566,1727964511043,3,111195,111195,397859,10.0,0,29,30,4,SUCCESS,111195,WeRaBZG3SwOYE-CXsTeYzA
1389,CriticalShell#8705,1729939278547,3,111259,111259,366326,5.0,0,15,15,1,SUCCESS,111259,86Ia0eP0QhWRNQlX-IAM4w
1390,StructuredEvaluation#5619,1729937524287,3,111660,111660,391394,6.0,0,18,18,1,SUCCESS,111660,YGBHSd_oQ4CElGWNXLl6hw
1391,SolvableExpression#2701,1728566989146,3,111806,111806,348674,5.666666666666667,0,17,17,2,SUCCESS,111806,lqKOFv3RQ3Gnx7H8m2qmYA
1392,CompleteDataset#9801,1730291414226,3,111927,111927,358775,3.6666666666666665,0,11,11,1,SUCCESS,111927,DVkZ0gYjQz-n5EP3XBTc-A
1393,AccessibleBraces#4137,1730302714215,3,111994,111994,367133,8.0,0,24,24,1,SUCCESS,111994,IWYiZywETvu_dcugNsB8hw
1394,shefei,1728504681254,3,112936,112936,350194,4.333333333333333,0,13,13,1,SUCCESS,112936,bDxslo6jT9KVbgAis-eUSw
1395,TestableNode#1699,1728417944049,3,113000,113000,379203,5.333333333333333,0,16,16,1,SUCCESS,113000,48H8lardTueizNHqYAclAw
1396,NoahsArkJL,1730255221665,3,113197,113197,340722,4.0,0,12,12,2,SUCCESS,113197,ZIfUY4oiQHiEJW9RRF3--Q
1397,BlockchainEngineer#5770,1728508967566,3,113730,113730,361999,8.666666666666666,0,26,26,1,SUCCESS,113730,YNucWicDRZyYwxzvyXrfZg
1398,HigherFormula#7597,1729849229639,3,113874,113874,394596,4.666666666666667,0,14,14,2,SUCCESS,113874,hec9HHNvR3K3QL6kXNR0bw
1399,Machine486#0058,1728502913670,3,114062,114062,364063,4.666666666666667,0,14,14,1,SUCCESS,114062,6hgli3lgQJi8e4yhZPP1CA
1400,QuickNumber#9133,1728566670852,3,114135,114135,375873,7.0,0,21,21,1,SUCCESS,114135,qFD6dbUpSoqX0mUp5NRCIg
1401,GraceHopper#3468,1728504452000,3,114266,114266,384704,9.333333333333334,0,28,28,1,SUCCESS,114266,O-0DiAYpRuOsql8HVe2V4A
1402,ComplexCircuit#1464,1729174843753,3,114526,114526,486331,13.333333333333334,0,40,40,2,SUCCESS,114526,auIhkH70TG-kGzXtQ_TknA
1403,GammaUpdate#7028,1727931736214,3,114597,114597,366725,3.6666666666666665,0,11,11,1,SUCCESS,114597,4v9WhKAySdStyWNhkLiUDA
1404,sio-ioGeeks,1730226804577,3,114652,114652,362979,8.0,0,24,24,1,SUCCESS,114652,WJ20cLWQQga7gXnFrd_kQQ
1405,CriticalCommand#6560,1729363961790,3,114735,114735,374128,5.0,0,15,15,1,SUCCESS,114735,LitCV3n7Rz6W69h5AuzZZg
1406,BooleanZone#3289,1728913117715,3,114987,114987,395260,8.666666666666666,0,26,26,2,SUCCESS,114987,tXA41MNpTVONASf1_COawQ
1407,UnboundScope#0940,1729707060047,3,115002,115002,356727,4.333333333333333,0,13,13,1,SUCCESS,115002,tS8AKVJLTr2x2s3y9wiRjQ
1408,ArthurGabriel#0066,1729779843363,3,115063,115063,386392,9.333333333333334,0,28,28,3,SUCCESS,115063,8qkHz-pZSPyqJbsLZsvduA
1409,CrushEmCASH,1728504987621,3,115384,115384,388118,5.333333333333333,0,16,16,1,SUCCESS,115384,OclgjF2OQMS805wwmOQxbg
1410,StructuredTheory#3410,1728995880961,3,115457,115457,347714,4.0,0,12,12,5,SUCCESS,115457,qnKq7spSQMCUCe_077Frfg
1411,MSEDU-S3,1727847434562,3,115726,115726,445120,6.0,0,18,18,1,SUCCESS,115726,610JeP3hRkmjuhaESDa1Dw
1412,Elijah-shss,1730268581713,3,116596,116596,382130,6.0,0,18,18,3,SUCCESS,116596,QezT704eSsabhF2RgygVRQ
1413,FunctionalRequirements#7666,1729293386945,3,116662,116662,379659,4.0,0,12,12,1,SUCCESS,116662,Z41mD-zmRy2jzrWoBn3ZgA
1414,MSEDU-S5,1728018185562,3,116738,116738,374592,1.6666666666666667,0,5,5,1,SUCCESS,116738,CEtgVKJbSlik_4fouCZWBA
1415,OUHSINETARIQ,1729088346048,3,117059,117059,384518,5.0,0,15,15,1,SUCCESS,117059,nifYrb6yR8i_cP4nqVhyIA
1416,AccessibleDebugger#5355,1728506798467,3,117070,117070,530670,13.666666666666666,0,41,41,1,SUCCESS,117070,gmiuV26URm68VmOFFHSQig
1417,ArtificialDebugger#0315,1730242794259,3,117138,117138,372133,4.666666666666667,0,14,14,1,SUCCESS,117138,9DZ9O1M7QkCbmLPuvG0InQ
1418,FormulaicConsole#8371,1729247565215,3,117212,117212,361997,4.333333333333333,0,13,13,1,SUCCESS,117212,oyYZZEKpQWqEjoqSONWQeg
1419,Formula2425,1728508370103,3,117602,117602,393791,5.333333333333333,0,16,16,1,SUCCESS,117602,hwzPFe5KQTWztZ4c4vYo0g
1420,BuckWild,1729104793369,3,117610,117610,439143,10.0,0,30,30,3,SUCCESS,117610,Al-I3Q5bT3mpdliPZi6bQA
1421,LiaChoi,1729994927752,3,117866,117866,385322,5.0,0,15,15,2,SUCCESS,117866,Cujcbzb3TPS5mx65679tCg
1422,NeuralPointer#7428,1729618836856,3,117869,117869,384931,5.0,0,15,15,1,SUCCESS,117869,w1_fMeERQyCCoxc7cKhjUw
1423,ProgrammingDigit#6991,1728073832802,3,118199,118199,364668,4.333333333333333,0,13,13,1,SUCCESS,118199,Ukdj3j1aRI2g4m2eHOfQUw
1424,liujunhao,1730255362820,3,118200,118200,376261,4.666666666666667,0,14,14,1,SUCCESS,118200,zZBsQIaDRg2gE5WxNp_Zmg
1425,ProvisionalSlice#5047,1729176091338,3,118323,118323,363597,6.333333333333333,0,19,19,3,SUCCESS,118323,QmBPCW4KRf-gXxoFlZY_pw
1426,Nemuri629,1729133480983,3,118738,118738,377322,9.666666666666666,0,29,29,1,SUCCESS,118738,TkNxL0avSlm-biglp1OTkw
1427,ThisBooster#4699,1729015710767,3,118738,118738,386738,6.0,0,18,18,3,SUCCESS,118738,Kiqc6TSgTX65HIIgDaXHVA
1428,BeeP-BeeP,1729067773147,3,118930,118930,447926,11.0,0,33,33,20,SUCCESS,118930,tK07saK5SDKARD_7dxiWOA
1429,UpdatedTech#0311,1729085266864,3,118931,118931,388859,5.0,0,15,15,1,SUCCESS,118931,YHRRaOiQSVC2F7qbL3XeeQ
1430,UpgradedRequirements#9357,1728479511132,3,119128,119128,388923,10.0,0,30,30,1,SUCCESS,119128,1UDubA88TKu5Q-ZAVBcSzQ
1431,TestingSemicolon#2373,1728990512507,3,119263,119263,410730,10.666666666666666,0,31,32,1,SUCCESS,119263,KVpExxfcRNuR1_PoBbV92A
1432,CriticalOrder#6334,1730058002458,3,119462,119462,380059,4.666666666666667,0,14,14,1,SUCCESS,119462,yT4xdk2eT6eNvqfPv_rWrg
1433,VariableLog#6793,1728923180354,3,120264,120264,361924,4.0,0,12,12,1,SUCCESS,120264,Rg1m2JkEQqqJBWAHgeBu4w
1434,Rads1212,1727979702253,3,121398,121398,392598,10.0,0,30,30,1,SUCCESS,121398,3keqP30TQMS6jO8SRw_1uw
1435,FinitePatch#2725,1730147896027,3,121601,121601,377523,2.3333333333333335,0,7,7,1,SUCCESS,121601,yX6loLvpQAm9jywcaiXXfg
1436,InteractiveSpec#1665,1728947590398,3,121602,121602,405790,10.333333333333334,0,31,31,2,SUCCESS,121602,55yBVooCRCSxt-v9Q8UK9Q
1437,MechanicalServer#1931,1729684774034,3,121661,121661,394667,10.0,0,30,30,1,SUCCESS,121661,TntNOdrbRMyE5rz4Vni6oQ
1438,JavaArchitect#9118,1729937726503,3,122328,122328,418456,6.666666666666667,0,20,20,1,SUCCESS,122328,4je7WI3vQuWOLsdn-9I5sg
1439,RecursiveArchitect#2916,1729868764752,3,122416,122416,420015,6.666666666666667,0,20,20,1,SUCCESS,122416,K5RiyJF_QaqPbfaQvAzbYQ
1440,caitlin,1730255546923,3,122528,122528,368121,9.0,0,27,27,1,SUCCESS,122528,K80fV8GdQzOOLEI1wPtptw
1441,UnicodeLine#2492,1730212488567,3,122733,122733,495192,13.0,0,39,39,2,SUCCESS,122733,6Ve4dwvNTbq1JpoE0rV6FQ
1442,MaxVerstappen4Real,1730147469742,3,122796,122796,465591,7.0,0,21,21,3,SUCCESS,122796,bp7P0XrwRIibf5aSMSUjrw
1443,CleanPatch#4261,1728991538556,3,123198,123198,421994,6.666666666666667,0,20,20,1,SUCCESS,123198,sLNyKqSjTre8WHhMWaNsfg
1444,LINNN,1729920530966,3,123543,123543,403656,9.0,0,27,27,1,SUCCESS,123543,qoDG-H8zSuGNXIjVNShbYA
1445,CreativeMetaclass#5603,1729079406463,3,124060,124060,405726,6.0,0,18,18,1,SUCCESS,124060,i6ZOE_SsQ5u8DV-fEz4m9w
1446,Qijun,1730255519311,3,124267,124267,403532,10.0,0,30,30,3,SUCCESS,124267,5jKTPWBNSMu6OMtuDY1JHA
1447,NestedTheory#5103,1728931958791,3,124403,124403,444389,11.333333333333334,0,34,34,2,SUCCESS,124403,ikc-A2n0RCG2or8VU6gwZw
1448,Aevum#2,1728508497414,3,124473,124473,374058,2.0,0,6,6,1,SUCCESS,124473,t8CUMm16R62ggqz942giHQ
1449,2024Tutor-S-Ogawa,1729560983447,3,124600,124600,394993,4.666666666666667,0,14,14,2,SUCCESS,124600,PTR19ykJTx6mVofYe5G_YQ
1450,DeepRacer9406,1727752543555,3,124668,124668,374722,10.0,0,30,30,1,SUCCESS,124668,oX5vK1xrTMCEcsx2I49Miw
1451,GlobalBottleneck#3960,1729283540586,3,125337,125337,472519,13.0,0,39,39,4,SUCCESS,125337,tgJPS2A6SP2Bf65x-tAImA
1452,RocketConsole#3666,1728935923317,3,125398,125398,447929,11.333333333333334,0,33,34,1,SUCCESS,125398,s3e6uoruTom-20okhvWl4Q
1453,StructuredBuster#2851,1728566817350,3,125533,125533,408988,10.0,0,30,30,1,SUCCESS,125533,X-Ouixr6QGSlxrbI33Kavg
1454,InteractiveLine#0706,1729587537521,3,125545,125545,399396,5.666666666666667,0,17,17,1,SUCCESS,125545,adj9TZP_ReCyTJbn1UKYvA
1455,ASCIIExpression#8432,1728410006214,3,125927,125927,419478,6.333333333333333,0,19,19,2,SUCCESS,125927,ed_iMqvRQyisBc4835mo_w
1456,Team10-Aries,1728730740169,3,125934,125934,379743,2.0,0,6,6,1,SUCCESS,125934,LNYdPiKwRLSZJY1TiSWhyQ
1457,SHHS-angelz,1728669409112,3,126129,126129,453796,12.333333333333334,0,37,37,2,SUCCESS,126129,ru9iaZg2QLO0PaNLioj8FQ
1458,UpgradedExpression#6640,1728514658658,3,126130,126130,420809,10.333333333333334,0,31,31,3,SUCCESS,126130,MErQUxIRTDeBzgb8vPDqdg
1459,TechnicalValue#0788,1729776909208,3,126393,126393,390117,5.333333333333333,0,16,16,1,SUCCESS,126393,jSyVIwryR_2nnm0WtNrpvQ
1460,RecursiveTag#5558,1728652005421,3,126451,126451,433050,3.3333333333333335,0,10,10,2,SUCCESS,126451,WatYjzzFQg2CbhJVOsVl4Q
1461,Luca--vapt-vupt,1729436233296,3,126938,126938,413666,6.0,0,18,18,1,SUCCESS,126938,2QLdea9tTOSS6UczjFEdTA
1462,Neural-Nomads,1729695220091,3,126998,126998,410265,8.0,0,24,24,1,SUCCESS,126998,7Le__PBeRtyasuyX87ucOA
1463,PrototypeArgument#9713,1727750103027,3,127125,127125,404733,5.666666666666667,0,17,17,1,SUCCESS,127125,fLAiHeHjRrK_lsmfK0bLwA
1464,ReferenceDebugger#0031,1727815205751,3,127403,127403,417990,5.0,0,15,15,1,SUCCESS,127403,f2l9DMZOSjenhsQobeU3Pg
1465,ArthurAdrianoUltimoRomantico#2628,1729780984692,3,127862,127862,395860,10.333333333333334,0,30,31,1,SUCCESS,127862,Z8c2zGzGQe2UiUiepX7Y4w
1466,ImportantToken#5810,1730258391882,3,127931,127931,405656,10.666666666666666,0,32,32,3,SUCCESS,127931,dRuZdiTPTBuYGp5a9CQGpQ
1467,MachineGame#4374,1730195596450,3,128006,128006,384732,5.0,0,15,15,1,SUCCESS,128006,yHXEop6vSRaQwgq7zk-jEw
1468,FormulaicTest#4652,1729781227740,3,128191,128191,396790,4.333333333333333,0,13,13,2,SUCCESS,128191,oJ6jWBsjTBeVYFFEawvx4w
1469,BrainyWorkaround#3287,1730259407653,3,128202,128202,408927,5.666666666666667,0,17,17,1,SUCCESS,128202,MZyHZkvRRUKvhTXlH_GzlQ
1470,SquareMetaclass#4413,1729567623563,3,128391,128391,386457,5.0,0,15,15,1,SUCCESS,128391,F-w0MNI2Q3eRhDZUJrwgkA
1471,JPMC-MUM-EnemiesOfSyntax,1728805696297,3,128461,128461,415398,11.0,0,33,33,1,SUCCESS,128461,LSTNMdQvRom0468lg0eksA
1472,CodeNode#4469,1728999067522,3,128464,128464,396475,5.333333333333333,0,16,16,2,SUCCESS,128464,iqZgoDs9Q_SX01QbFedakA
1473,FormulaicAnalysis#3413,1728504948220,3,129339,129339,388536,5.0,0,15,15,1,SUCCESS,129339,0glcgFYYSnqFMbqwiHLzvg
1474,LeetParameter#5457,1728505245947,3,129342,129342,409076,5.666666666666667,0,17,17,1,SUCCESS,129342,lLWaqde3RCmgXpGiiyfe3Q
1475,BigOrder#8387,1728504684515,3,129462,129462,401568,5.333333333333333,0,16,16,1,SUCCESS,129462,FDe4Z0iNSK-yJyw6-bxWfg
1476,MSEDU-9690,1730265713922,3,129729,129729,489327,8.0,0,24,24,1,SUCCESS,129729,7OTX3fr6QhqxEXkZ-9NDaQ
1477,IntelligentCircuit#5906,1729924784798,3,129863,129863,442000,6.666666666666667,0,20,20,1,SUCCESS,129863,d00i1XnrTg6Ud7ljBjeqQA
1478,BrainyToken#3448,1730051065646,3,130068,130068,406398,10.333333333333334,0,30,31,1,SUCCESS,130068,BELJfnvwQgCfhU1fayB3Zg
1479,Binjita,1729536614431,3,130132,130132,411654,9.666666666666666,0,29,29,1,SUCCESS,130132,ZXs_wwdCT9GwIosJVwuS0g
1480,JPMC-BMTH-LightningMcDream,1728840255028,3,130398,130398,453392,12.0,0,36,36,1,SUCCESS,130398,A4724nyYRPSlfEM4-dPp9Q
1481,RobotBreaker#5536,1729867272464,3,131332,131332,435670,11.333333333333334,0,34,34,1,SUCCESS,131332,yYhrgrS8TD28o2YZlwmOOA
1482,PassingMachine#2090,1730220990844,3,131398,131398,428123,11.0,0,33,33,2,SUCCESS,131398,gVFmIsg6RM-ngOtV0n4lXw
1483,FormulaicServer#6301,1729364242129,3,131732,131732,457196,6.0,0,18,18,1,SUCCESS,131732,BR--lcrRRhCjJj5PT3pLyA
1484,QualityBuster#6304,1730173381739,3,131790,131790,415392,5.666666666666667,0,17,17,1,SUCCESS,131790,8F3zxTRgSXyabmG5U6q18w
1485,IntelligentFix#3018,1730273047815,3,132473,132473,418315,6.666666666666667,0,20,20,1,SUCCESS,132473,ULIIE2gDQr6lfm9C0ggsAQ
1486,AsynchronousPoint#8557,1729261285747,3,132868,132868,430992,11.0,0,33,33,1,SUCCESS,132868,0sYIL41jT8CMGTc00Gs_4g
1487,BossGCPTee,1728247624913,3,132883,132883,480285,11.666666666666666,0,35,35,1,SUCCESS,132883,OnXaS5A2RoC-Azfy7G32vg
1488,ProcessingCallback#1506,1729368349872,3,134324,134324,427125,10.666666666666666,0,32,32,1,SUCCESS,134324,Fb1GOLbFRvqFhcSurjmsqQ
1489,MechanicalValue#3160,1730308391855,3,135608,135608,438056,7.0,0,21,21,1,SUCCESS,135608,eFdx9ksHR86IeRDKDnGEFw
1490,VirtualAnalyst#8409,1729708704186,3,135673,135673,448935,7.333333333333333,0,22,22,1,SUCCESS,135673,SMfCT3dtRHapFTtrgyiRUQ
1491,UsableScope#4862,1730183814092,3,136132,136132,408922,6.0,0,18,18,1,SUCCESS,136132,j3zv_rrkQCCOBIxTuFYJvA
1492,IdeeGHC#2024,1728504669519,3,136593,136593,432319,6.666666666666667,0,20,20,1,SUCCESS,136593,7UesmkpeRMi07Zy5YXQfyA
1493,TestingCallback#2893,1730058086823,3,136737,136737,516526,14.333333333333334,0,43,43,2,SUCCESS,136737,Ox2PQ-buS6CfsxoUkSO98Q
1494,Faisal-Alghamdi,1730250655237,3,136869,136869,473419,12.0,0,36,36,1,SUCCESS,136869,SEiMcxBRTgeibZTrF5pCIA
1495,UnicodeArgument#0898,1727779774795,3,137198,137198,432259,7.666666666666667,0,23,23,2,SUCCESS,137198,R2T8T8R2Rk2Zj_axF8a1SA
1496,TestingPoint#4827,1729981657212,3,137529,137529,474925,8.0,0,24,24,1,SUCCESS,137529,dHm4w5eDQTGT4F0ptj3vmg
1497,IterableSlice#4336,1727973870051,3,137669,137669,466749,12.666666666666666,0,38,38,1,SUCCESS,137669,AElCMTkkSJKZ7hr6myCCGQ
1498,BackloggedExpert#3175,1728471383297,3,137929,137929,416486,6.0,0,18,18,1,SUCCESS,137929,bME1NmmEQBytpdSIFrptrQ
1499,ProgrammingToken#3852,1729937397676,3,138059,138059,445795,8.0,0,24,24,1,SUCCESS,138059,MN2dOq6eQRKLyYvE89JqYQ
1500,TabletFix#8787,1727807829687,3,138343,138343,436815,6.666666666666667,0,20,20,2,SUCCESS,138343,hzacH2DDRZyoCvhbnUJz6g
1501,RiyadhUddin,1730178398771,3,138606,138606,460129,11.333333333333334,0,34,34,1,SUCCESS,138606,XEDnTwq3S1Kz0rVPu0hfrA
1502,ryu,1727744779703,3,138666,138666,429586,11.333333333333334,0,34,34,1,SUCCESS,138666,VJ3BbvBVTJul_5HJYllepg
1503,BetaBuster#1854,1730247734685,3,138737,138737,418262,6.0,0,18,18,1,SUCCESS,138737,yFbq8tpUQQqkGI6DkQAvPQ
1504,MachInfinity,1727752414651,3,139071,139071,482725,13.0,0,39,39,1,SUCCESS,139071,k9v4shtPSl68I4KT2wPoUA
1505,24KaitoTonozakiCZ,1729131554755,3,139267,139267,438395,6.666666666666667,0,20,20,1,SUCCESS,139267,8ERU4V3qRQyIRAv_TB_Nog
1506,DesktopOrder#3434,1729532368047,3,139398,139398,450335,12.0,0,36,36,1,SUCCESS,139398,GmciU7pzTBiuoIrhVN7l5w
1507,FunctionalTech#5707,1729087007288,3,140268,140268,455522,12.0,0,35,36,1,SUCCESS,140268,29EJemCTQteunlO4Iid_FA
1508,QualifiedUpdate#9294,1729458126607,3,140523,140523,441194,9.666666666666666,0,29,29,1,SUCCESS,140523,edHRurIITliBsVle_TAhkQ
1509,GenerativeNumber#4770,1730146416090,3,141393,141393,464591,7.333333333333333,0,22,22,2,SUCCESS,141393,GfVKQH1jQny4QUTzfseZrw
1510,TrainingSeason,1727759876523,3,142272,142272,523858,14.0,0,40,42,1,SUCCESS,142272,2ZrGrnCTTLac0_y0h4IxEQ
1511,GammaHypothesis#6608,1728019969757,3,142469,142469,439339,6.333333333333333,0,19,19,1,SUCCESS,142469,Rewm-QvvTy--_BuZA7GtBg
1512,MSEDU-S12,1730265700789,3,143464,143464,431594,5.0,0,15,15,1,SUCCESS,143464,qvJMDIpNQVqyFlDVwNYPjw
1513,ContinuousScope#8199,1729363966454,3,143595,143595,481324,8.666666666666666,0,26,26,1,SUCCESS,143595,-ylVVQPDTMOL_fgextGp1Q
1514,COL-SamurAIPizzaCats,1729028168386,3,143668,143668,483255,12.666666666666666,0,38,38,1,SUCCESS,143668,eUPG700TQheAYKrjljmdBg
1515,Team8-XinYi,1729060934729,3,143929,143929,515061,12.666666666666666,0,38,38,3,SUCCESS,143929,AiKSEuTCQLGIb82Sq7AmPw
1516,Giovana-Kodiak,1728083977683,3,144333,144333,437599,11.0,0,30,33,1,SUCCESS,144333,e-3lacfIQhyxSd2dOCfeEw
1517,MachineDigit#4641,1730293576134,3,144591,144591,436652,6.0,0,18,18,1,SUCCESS,144591,_PUxeHraRqCAhlS6UPYxbg
1518,HSBCTeamTwo,1728998766358,3,145267,145267,499196,13.0,0,39,39,3,SUCCESS,145267,9Ra9MdKVS-GxwHG4JhYlZw
1519,ContinuousSchema#8897,1730073905603,3,145672,145672,440117,6.0,0,18,18,1,SUCCESS,145672,WxJaiPIVR-OyvlT82P-law
1520,NestedBreaker#9517,1729648153912,3,145805,145805,457401,6.666666666666667,0,20,20,1,SUCCESS,145805,j6ZwP_I3SaKEHMTeiJS1Mg
1521,GammaDocumentation#1254,1729263499867,3,146064,146064,547257,15.333333333333334,0,46,46,1,SUCCESS,146064,nOS1xnKVSOS225Cw0hpTGA
1522,AccessibleObject#1408,1729706134887,3,146322,146322,512402,9.333333333333334,0,28,28,1,SUCCESS,146322,HD3ziVSRQt69pqquQRlu3g
1523,QuickBraces#2414,1729626997128,3,146726,146726,463331,7.666666666666667,0,23,23,1,SUCCESS,146726,ZPo2SJXpQDCwmr5AXhU0oQ
1524,PrototypePresentation#6131,1727969207425,3,147134,147134,473675,12.0,0,36,36,1,SUCCESS,147134,DxJ6yiuqSPe6BftCYy_4Uw
1525,vera,1730255683396,3,148271,148271,468664,7.666666666666667,0,23,23,1,SUCCESS,148271,u-rPZK0nT66VlX7EMDGxGw
1526,CompleteExpression#9527,1730299356229,3,148531,148531,551870,14.333333333333334,0,43,43,2,SUCCESS,148531,yrTrPoC5SAibPRYB-P2vIw
1527,24HinaKurokiCY,1729131712088,3,148735,148735,479139,8.0,0,24,24,1,SUCCESS,148735,Fqiq15DiTQqGVxQ1G_HVtQ
1528,deepracer-24,1729179930288,3,148997,148997,499066,8.666666666666666,0,26,26,2,SUCCESS,148997,xDpZOkCtRZWl96HFK9LnEQ
1529,MachineContext#1128,1729860442694,3,149129,149129,468599,7.666666666666667,0,23,23,1,SUCCESS,149129,10WVqKcLSxelUDXFnH05CA
1530,QuickNumber#0933,1729560707162,3,149597,149597,470662,7.666666666666667,0,23,23,1,SUCCESS,149597,W1yhdOODTG6c5RTCiSgK7w
1531,InfiniteHypothesis#4258,1729314367895,3,149992,149992,450523,7.0,0,21,21,1,SUCCESS,149992,dKET4yd4RQezL-yJmmc8VA
1532,ReferenceArray#9052,1730301232167,3,149999,149999,459596,6.333333333333333,0,19,19,1,SUCCESS,149999,5yzE8QgZTFu6rK-AGO9mqw
1533,FungibleSpec#5092,1729585828562,3,149999,149999,471866,8.666666666666666,0,26,26,1,SUCCESS,149999,PWNrKIVtQF6ZpZ55BlZV8w
1534,GIST-DeepRacer09,1729838860549,3,150188,150188,543523,15.0,0,45,45,1,SUCCESS,150188,9LDCxkdHTRyxpDXJCQ5DMw
1535,2022CN-N-M-ZhouXuhan,1728465469504,3,153124,153124,498870,13.0,0,37,39,1,SUCCESS,153124,q5JE1jfwSzO4ajTItK-CBA
1536,Team4-SimSzeXiong,1728622120062,3,154123,154123,523062,12.0,0,36,36,1,SUCCESS,154123,O4QVBWXPSeO9RGK2p7g39g
1537,MSEDU-S8,1730265705993,3,154394,154394,479861,12.666666666666666,0,38,38,1,SUCCESS,154394,XBCt2kNaSzSz5MegDelbNg
1538,CompleteHypothesis#1195,1729363941449,3,154864,154864,506126,8.333333333333334,0,25,25,1,SUCCESS,154864,7Wve-1xQTFSyDs7ucZx-og
1539,Orozco,1730144626809,3,154933,154933,496674,9.0,0,27,27,1,SUCCESS,154933,Nv5aFMonSN2LB7NeTkpI1Q
1540,HigherHacker#8886,1729706230489,3,155739,155739,487658,7.666666666666667,0,23,23,1,SUCCESS,155739,_nysKk_DRr6aONaGDL0KhQ
1541,10xScope#1925,1729771575713,3,155875,155875,572667,15.333333333333334,0,46,46,1,SUCCESS,155875,_qooqwXrT_S20GBjN6GS9Q
1542,CriticalCommand#9735,1729364294510,3,156466,156466,511733,9.333333333333334,0,28,28,1,SUCCESS,156466,bBm_YDQ2QAm3COKY0N8Pvg
1543,CreativeTech#2912,1729766963673,3,157729,157729,474273,8.0,0,24,24,1,SUCCESS,157729,zJv6tl9hS06aoAGGAR392g
1544,QualityError#7035,1728839636786,3,158322,158322,526986,9.666666666666666,0,29,29,1,SUCCESS,158322,Cy1hq6aTThWVj4NUoSBJEw
1545,Critical486#7165,1729706220261,3,158800,158800,505531,9.0,0,27,27,1,SUCCESS,158800,5gr2ff2aT2uKlvK9sU75_w
1546,Gamma486#7142,1728656506289,3,158922,158922,496986,13.666666666666666,0,41,41,2,SUCCESS,158922,caHXczsZRsih41tpB6UIVQ
1547,GIST-DeepRacer16,1729839023113,3,158924,158924,517665,13.333333333333334,0,40,40,2,SUCCESS,158924,CYgqzDnVRCaEbMDQ7iKJFQ
1548,D-ai-leEarnhardtSr,1730226381531,3,158930,158930,536468,14.666666666666666,0,43,44,2,SUCCESS,158930,-zC5ZOuHQj-qI-iFlOzPFQ
1549,Team11-Heng,1728752615134,3,159059,159059,497859,13.666666666666666,0,41,41,1,SUCCESS,159059,UG-BLGxUTii4ehIhtx3aPA
1550,InfiniteBraces#3168,1727964936195,3,159062,159062,495190,8.666666666666666,0,26,26,1,SUCCESS,159062,RXyk0Ii0REKr2ssra_FAiA
1551,BackloggedInterface#6712,1727810836193,3,159117,159117,527585,14.666666666666666,0,44,44,1,SUCCESS,159117,NkMi3A1FRgOvfspptiYDjA
1552,TechnicalDeadline#0395,1730144218668,3,159931,159931,533926,9.666666666666666,0,29,29,1,SUCCESS,159931,OMclDTKoQ5OGKjbqOpOQ4w
1553,SHHS-valentino,1728671679347,3,160392,160392,555792,15.333333333333334,0,46,46,1,SUCCESS,160392,7F6r-dL8SHOlhSbnm3EeHw
1554,AHS-chungmuchen,1730255420484,3,161131,161131,535592,12.666666666666666,0,38,38,1,SUCCESS,161131,KhgEaviASoWqTDVs9dePoQ
1555,ProcessingSchematic#0340,1729764000127,3,161206,161206,534927,9.666666666666666,0,29,29,1,SUCCESS,161206,iN8Bf0IyQx-d7eKqBfCD6g
1556,M-masuda-2024,1730090811660,3,161799,161799,525752,8.333333333333334,0,25,25,3,SUCCESS,161799,di_jg0a4RT-Z-5cwvXpE6Q
1557,LeetAbstraction#8915,1728962640267,3,162062,162062,592660,16.333333333333332,0,49,49,2,SUCCESS,162062,cTuc9lE7TKizvn6Tcm4ukA
1558,BlockchainDigit#3361,1729701537934,3,162201,162201,508395,8.666666666666666,0,26,26,1,SUCCESS,162201,vAyeD3XvS-CQrfTKb_JYbQ
1559,StarShweta,1728505797569,3,162268,162268,488989,8.0,0,24,24,1,SUCCESS,162268,nspANH-dQ4atXVmlRGrC9A
1560,kgarg,1729743657512,3,162724,162724,489729,11.0,0,33,33,1,SUCCESS,162724,5d1711c9689c4497bcc90w
1561,VirtualLog#5187,1730152683103,3,163138,163138,520462,9.0,0,27,27,1,SUCCESS,163138,nx6R5VV5S8uX7FOAiY9a8w
1562,SolvableError#0676,1728504706200,3,163522,163522,521526,14.0,0,42,42,1,SUCCESS,163522,8316PDVqTViqvzoG_VVZLw
1563,FungibleBooster#9359,1730219135366,3,163730,163730,521390,10.0,0,30,30,1,SUCCESS,163730,Wi7nVJ_HT7yeTjsoy2f_IQ
1564,PrototypeFunction#9016,1729557784448,3,163734,163734,502250,9.333333333333334,0,28,28,3,SUCCESS,163734,yWJqZ5w3Q9a4k_pMIC0Nqw
1565,JPMC-HYD-Optimizers,1728987104409,3,164332,164332,596193,16.333333333333332,0,49,49,1,SUCCESS,164332,agIkde1WQJy_lP-RwwHieQ
1566,24MakotoYukinariFX,1729740154535,3,165732,165732,508456,13.333333333333334,0,40,40,1,SUCCESS,165732,Je22CkylRUqOmOWTgfoN8Q
1567,SignificantName#1355,1728784963841,3,165999,165999,556072,12.0,0,36,36,1,SUCCESS,165999,uHpPajGyT_e63UVXRQQ08w
1568,InfiniteLanguage#2365,1729091476557,3,166069,166069,551390,14.666666666666666,0,42,44,3,SUCCESS,166069,q4Mhaw2_RjCE6WKBPPAeiw
1569,ZemouliZakary,1730254477773,3,168261,168261,633719,16.0,0,48,48,1,SUCCESS,168261,UTP5rAmxQcOzUMq1K-QYTg
1570,AM730,1729961635135,3,169787,169787,582186,15.333333333333334,0,46,46,2,SUCCESS,169787,BVyCq7XIT-ObuDsJfFVtDA
1571,FocusedFunction#6969,1730029469479,3,169803,169803,551394,10.333333333333334,0,31,31,1,SUCCESS,169803,yym7dkhAQKq5X2jeFbyS4A
1572,CleanDiff#3428,1730164447449,3,172193,172193,526266,9.333333333333334,0,28,28,1,SUCCESS,172193,wPxHNmBuQmOpZcAGze6cRg
1573,NLvU,1730279649511,3,172335,172335,561179,1.0,0,3,3,1,SUCCESS,172335,yIwHp1bJRyCAhn_IjyKRyA
1574,Obama,1730266547149,3,172468,172468,554924,13.0,0,39,39,1,SUCCESS,172468,LI0ezvUITpm-J2pWZu-XzA
1575,AgileNumber#7523,1727800680547,3,172472,172472,552539,14.0,0,42,42,1,SUCCESS,172472,1ta2pbxVRXm5YEDUDxHMzg
1576,NullSandbox#7461,1728376520753,3,172661,172661,588126,16.333333333333332,0,49,49,1,SUCCESS,172661,koV1DEtVSFSAYr9_K8ChdA
1577,Trung,1730255698897,3,173592,173592,602259,13.666666666666666,0,41,41,1,SUCCESS,173592,QuJtQBpuTheWF5AavvYxWQ
1578,Please-dont-send-us-to-Finals-HQ-T16,1730087140808,3,173856,173856,540925,14.666666666666666,0,44,44,1,SUCCESS,173856,Yk9CofsqRp2D9XrFbRHPPQ
1579,ContinuousValue#8679,1730134725982,3,174327,174327,554252,10.0,0,30,30,1,SUCCESS,174327,fZ31l-6-SjK6UvmYpnjtLA
1580,NullOrder#4939,1729872571225,3,174937,174937,546663,9.666666666666666,0,29,29,1,SUCCESS,174937,T1owSobgQaO9kylkCi_XIA
1581,pjoshi1212,1728508249914,3,175877,175877,587450,10.0,0,30,30,1,SUCCESS,175877,LX0k7W-4TLy3_WueqLf0YQ
1582,Encrypted486#7963,1729363966244,3,178062,178062,534524,13.0,0,39,39,1,SUCCESS,178062,IcQemazGRXOKTXC_3bwTng
1583,Tutor-Tanaka,1729570687319,3,178393,178393,578724,15.333333333333334,0,46,46,2,SUCCESS,178393,Ngt5g38tRWKxmad35V5HcQ
1584,SecureHacker#4452,1728507254303,3,179270,179270,576736,9.333333333333334,0,28,28,1,SUCCESS,179270,eneB6hhnRWyLloJArvEVug
1585,UsableZone#6056,1729863754285,3,179531,179531,559195,10.666666666666666,0,32,32,1,SUCCESS,179531,Gm56zYR0SeCTuHsq77YTiA
1586,IterableLine#9870,1730170684873,3,180193,180193,561806,10.666666666666666,0,32,32,1,SUCCESS,180193,tpU9kLxhT-CtAmaaEuc9rw
1587,FormulaicBuster#4057,1727995992215,3,180925,180925,594258,11.666666666666666,0,35,35,1,SUCCESS,180925,4ZtoimdxQgqxzT20L1yRrg
1588,FocusedToken#4160,1730180725233,3,181599,181599,563790,10.666666666666666,0,32,32,1,SUCCESS,181599,PXzRxLFoSbuCGtYKw-B-mg
1589,FunctionalPackage#4070,1729996210348,3,182064,182064,575874,11.0,0,33,33,1,SUCCESS,182064,38hWoo2UQiWKmf00VOGuaw
1590,SequentialObject#4903,1728598944333,3,182532,182532,688928,19.333333333333332,0,56,58,1,SUCCESS,182532,I9ah9nW8Tr6sI4QBIlBsTA
1591,MSEDU-S15,1730265929454,3,182622,182622,683886,18.333333333333332,0,55,55,1,SUCCESS,182622,T57qcbSsRx2crkWJ1QfOqg
1592,Tutor-Kawai,1729917825168,3,183866,183866,665260,15.666666666666666,0,47,47,2,SUCCESS,183866,WQS-05HMQ2aifMuIAR5_ww
1593,WebSlice#6734,1729102939571,3,184131,184131,611521,15.666666666666666,0,47,47,3,SUCCESS,184131,OTOFi984QmWxKwWWS5PPrw
1594,PrototypeSpec#2446,1729699320711,3,184529,184529,573785,10.666666666666666,0,32,32,1,SUCCESS,184529,QjBCYCXbRO6aLLp1KnFJsQ
1595,HigherDelta#2639,1728264062752,3,185733,185733,579125,11.666666666666666,0,35,35,1,SUCCESS,185733,I-THlFkMQgGSKXv1ja2q5g
1596,DigitalObject#6280,1729101735189,3,186132,186132,620258,13.0,0,39,39,1,SUCCESS,186132,Dt9q1Q-zR_yftphdBdgg4Q
1597,Ryan-TUTSRACER,1728087849200,3,186602,186602,636523,17.333333333333332,0,52,52,1,SUCCESS,186602,U-uSpYEwTSigXtKK4UON_A
1598,The-Baker,1729104256505,3,187934,187934,601265,10.0,0,30,30,2,SUCCESS,187934,W9aE1sPxRnGjvtQWWeC84Q
1599,NowSomeDonkeyCar,1729212126197,3,188722,188722,608590,16.333333333333332,0,49,49,1,SUCCESS,188722,d7Pg_Ma0QlmH09hFeOkSUg
1600,gabrielkoo#HongKong,1727746457250,3,188737,188737,640725,17.333333333333332,0,52,52,1,SUCCESS,188737,ydUnMZutQDmeS4U2pIDYLg
1601,AutomatedDelta#4066,1729083620194,3,190140,190140,622156,12.666666666666666,0,38,38,1,SUCCESS,190140,SythnihNQfK0WCO2hlusFQ
1602,FormulaicSchematic#8528,1729979816142,3,190803,190803,687732,18.666666666666668,0,56,56,2,SUCCESS,190803,lPurUEXIQTOI5CKCRv1pJQ
1603,CleanTable#4219,1729930820336,3,192002,192002,627784,12.666666666666666,0,38,38,1,SUCCESS,192002,yMfFbNG6RDW47EOwnj7eWQ
1604,NumericOrder#4064,1729706826920,3,192071,192071,586734,11.333333333333334,0,34,34,1,SUCCESS,192071,I5npDD-yQnSg3xXwOTSCdA
1605,NestedExpression#8090,1729912136276,3,192729,192729,579197,11.0,0,33,33,1,SUCCESS,192729,x148UiA8TGOO-JCCntf2qg
1606,EsteemedConsole#0909,1727976377464,3,193067,193067,611257,15.0,0,45,45,1,SUCCESS,193067,U3iQcuwdTKSBU5U1T8mtMQ
1607,FunctionalCommand#8507,1729363966144,3,193532,193532,632395,12.666666666666666,0,38,38,1,SUCCESS,193532,f3RmgpwnT9OgPhJrgnej0A
1608,MobileToken#6699,1729875857576,3,193867,193867,623801,15.333333333333334,0,46,46,1,SUCCESS,193867,fa88seyOTNmXyNv6_PFeTg
1609,LeetExpression#6619,1729696568006,3,194264,194264,614590,15.0,0,45,45,1,SUCCESS,194264,imdQliz2SS6KN1RJ8tB2bQ
1610,AlluTheRacer,1728506009707,3,194334,194334,583326,11.0,0,33,33,1,SUCCESS,194334,m_1xkIzlSyGuQAQyFUbkhw
1611,BigPointer#6758,1729550335671,3,194670,194670,635662,17.666666666666668,0,53,53,1,SUCCESS,194670,-pYoEMH6SaG1iz3ShPS6WA
1612,SHHS-Worksmarter,1727900826684,3,194864,194864,615664,16.0,0,48,48,3,SUCCESS,194864,-1R01n_HSkSlfmvk0aGIcw
1613,ImportantArgument#2426,1727874472487,3,194875,194875,618598,17.0,0,51,51,1,SUCCESS,194875,eOfpFwBqQ1OzG255YzDVbA
1614,UrgentMetaclass#2496,1729367005712,3,195260,195260,619392,17.0,0,50,51,2,SUCCESS,195260,FDPd0Z4-Qja7NtpNRx9tbw
1615,SecureVariable#3976,1730012746857,3,195580,195580,597052,11.333333333333334,0,34,34,1,SUCCESS,195580,yd3OWCWmSreyt6DD80EimA
1616,MechanicalMetaclass#8691,1730186947450,3,195663,195663,597930,11.333333333333334,0,34,34,1,SUCCESS,195663,IVdYuX5LSFyxkbp747DGuQ
1617,CurlyBooster#7785,1729706361335,3,196268,196268,599599,11.333333333333334,0,34,34,1,SUCCESS,196268,aX7zRRDLSQO-fBccpoSNUA
1618,TestableOrder#2754,1730266849795,3,196531,196531,609452,16.666666666666668,0,50,50,1,SUCCESS,196531,X5mwYPUUSzaPFK4O_afTIw
1619,RecursiveDocumentation#4399,1730248441450,3,196606,196606,621593,12.0,0,36,36,1,SUCCESS,196606,fHc2xMdDRnyEA_U937H-Dg
1620,Yinzhe,1728119526795,3,198202,198202,699860,19.333333333333332,0,58,58,1,SUCCESS,198202,cVdAK8bHQp2AMDMfA4SxEg
1621,BrainyBrackets#5622,1728939841559,3,198330,198330,595460,14.0,0,42,42,1,SUCCESS,198330,GBCM5JFVQICK3KIZJm7FQQ
1622,RedBull-wings,1727952836368,3,199467,199467,628663,16.0,0,48,48,1,SUCCESS,199467,1pwVXYWOSKCfB8rzYseQHQ
1623,Woodys-DeepRacer,1728494213229,3,199739,199739,610456,17.333333333333332,0,52,52,1,SUCCESS,199739,ZJgesL5CRX-LaBmLpuTTDA
1624,PassingCommand#8176,1730042977960,3,199929,199929,600261,12.0,0,36,36,1,SUCCESS,199929,_hfCNKBHQCOY1TbZ0cZCNw
1625,DigitalTech#6582,1729766104266,3,201003,201003,649003,10.333333333333334,0,31,31,1,SUCCESS,201003,xurxH6CvSdil_KSTlRKk2A
1626,VirtualSpec#0519,1729782335293,3,201133,201133,666192,19.0,0,57,57,1,SUCCESS,201133,9Rm8HAWqQDOLhniylfgymg
1627,BigCircuit#8006,1730300934225,3,201593,201593,624685,12.666666666666666,0,38,38,1,SUCCESS,201593,N0fp3TMgSIufX2FJ1HOavQ
1628,FiniteRequirements#2592,1727891632400,3,203332,203332,652400,16.333333333333332,0,49,49,1,SUCCESS,203332,8oMKS8wwTISvSx_Ueyjh9g
1629,ImportantAnalyst#0434,1729706538854,3,204137,204137,622597,12.333333333333334,0,37,37,1,SUCCESS,204137,7I8VrQRmSrqxJn6CvzMYOg
1630,GIST-DeepRacer03,1729838733696,3,204666,204666,635323,17.666666666666668,0,53,53,1,SUCCESS,204666,y7JQ1ZdXRHa8ovMqB4MDuw
1631,ThisResource#7713,1729876014524,3,204744,204744,635277,12.666666666666666,0,38,38,1,SUCCESS,204744,O36qH1n7QmeDa237WbTvGg
1632,SolvableTable#4973,1729180091730,3,205606,205606,680991,19.0,0,57,57,1,SUCCESS,205606,2VglfJoTTnOMGOsxC0kEew
1633,Mechatron-2,1727807298441,3,205936,205936,641060,17.666666666666668,0,53,53,1,SUCCESS,205936,Cuc8tQFcQ8y5x22xHPw0pQ
1634,VariableNotation#3166,1728937172560,3,208595,208595,680714,18.0,0,54,54,2,SUCCESS,208595,fEt8TSlRQu-J6MEbm0Z8ug
1635,PrimeSemicolon#4339,1729630436759,3,208661,208661,646792,17.666666666666668,0,53,53,1,SUCCESS,208661,erBHG568Qr2CImQRy7JO5A
1636,GlobalRequirements#8698,1729874297794,3,208874,208874,669878,17.333333333333332,0,52,52,1,SUCCESS,208874,AfZUZd42RDmm2i2IP1KHaw
1637,Loki-89,1730090820396,3,209386,209386,648654,13.666666666666666,0,41,41,2,SUCCESS,209386,1rweqNBsRDuWIK0xMXemng
1638,JoeSayed21,1728620141941,3,209473,209473,657278,17.0,0,51,51,1,SUCCESS,209473,Gm7v9q0jRP2wZMzmgolbWA
1639,CrypticObject#0214,1729768814565,3,210061,210061,683591,18.666666666666668,0,56,56,1,SUCCESS,210061,MqhXnU59SSeCSDMfbyHWuw
1640,Grip-and-drift-GASANTEWAA,1729102058815,3,210126,210126,682441,17.333333333333332,0,52,52,1,SUCCESS,210126,NUbe1CEuSWa0Y9OECMfOpg
1641,CleanConsole#4991,1729827803480,3,210328,210328,672118,14.333333333333334,0,43,43,1,SUCCESS,210328,oR-mwBtiSOCIx_H2yYtGPg
1642,DesktopArray#4099,1728507202717,3,212667,212667,783668,16.666666666666668,0,50,50,1,SUCCESS,212667,sGJcNQ_8TSK-kMvhCPwOLQ
1643,Aliciafong,1730256247977,3,214526,214526,727921,20.666666666666668,0,62,62,1,SUCCESS,214526,Va95yy3KQcWqWBi3_EgMKA
1644,10xBuster#7671,1729921209647,3,215198,215198,646595,13.0,0,39,39,1,SUCCESS,215198,c5PwQ2l2SDGiy1S-2CLdJQ
1645,BetaNumber#0080,1728645636112,3,215323,215323,667118,16.666666666666668,0,50,50,1,SUCCESS,215323,PcmJ14u0TCikmEe-Dsm-lA
1646,TestingBrackets#4662,1729105084186,3,217732,217732,717457,19.0,0,57,57,2,SUCCESS,217732,8bb7fd5zTuiykf6H_6tnsw
1647,VirtualAnalyst#1400,1729911762124,3,217932,217932,725794,18.333333333333332,0,55,55,1,SUCCESS,217932,HrwyHG8NSFqQeAefednwEQ
1648,AbstractBottleneck#0689,1728565994575,3,219066,219066,772056,20.666666666666668,0,62,62,1,SUCCESS,219066,Bijbo7fQSFWqZvQ03p0S5w
1649,WebArgument#1073,1730239363435,3,220067,220067,736587,21.333333333333332,0,64,64,1,SUCCESS,220067,_uEQ49OuQVSYIP8vamm_0Q
1650,HSBCTeamEleven,1729008718825,3,222255,222255,742721,21.333333333333332,0,63,64,1,SUCCESS,222255,uAT4Z6CLRmOVvQeLQ3TyeA
1651,CrypticTester#6358,1729877158643,3,223637,223637,691369,16.666666666666668,0,50,50,1,SUCCESS,223637,87JJ4PUXQwmngjRoQd5D5g
1652,ConnectedByte#4813,1730167758691,3,223783,223783,713585,15.333333333333334,0,46,46,1,SUCCESS,223783,wdZvt_4DTTq_F-dVWB6dTQ
1653,DraftSwitch#7992,1729616419486,3,224268,224268,694256,14.666666666666666,0,44,44,1,SUCCESS,224268,hV8qYpg9QiGZk-WtpYxeWg
1654,ALL0085,1729100213612,3,225400,225400,740125,21.0,0,63,63,1,SUCCESS,225400,SY480IxqRgmgd_T1Ry6QDA
1655,CompleteDebugger#1767,1728366117597,3,226528,226528,700458,14.666666666666666,0,44,44,1,SUCCESS,226528,CMbkVLbvRkC31P3eFwV55g
1656,Team18-Rachel,1728618553786,3,228980,228980,759987,21.333333333333332,0,64,64,1,SUCCESS,228980,sZbHMsa2SQC9HvaXVTlUaw
1657,BooleanCircuit#1637,1729817384756,3,229402,229402,736662,2.3333333333333335,0,7,7,1,SUCCESS,229402,HxA43dJTRu-qnNB-lNwRvQ
1658,technopro#sekiguchishunsuke,1729374185371,3,230000,230000,815591,22.0,0,66,66,1,SUCCESS,230000,Eu-VK-r8SNOdI1jyyPF9ow
1659,Focused486#6467,1729875978670,3,231202,231202,716623,15.666666666666666,0,47,47,1,SUCCESS,231202,Khl1MTOJQtuxFvRVRy2g6A
1660,ComplicatedMethod#5086,1729364555080,3,231735,231735,757054,20.0,0,60,60,1,SUCCESS,231735,sBr4x5U2RzmI0ZOrtZpN8w
1661,GIST-DeepRacer13,1729835967093,3,232401,232401,751132,21.666666666666668,0,65,65,1,SUCCESS,232401,-GnUV5m1Ruyx23ZAIXovZw
1662,AtomicAttention#5384,1729584763463,3,233336,233336,785726,18.666666666666668,0,56,56,1,SUCCESS,233336,qGSBdGQTSnOvOUVORg_acQ
1663,Team12-Elaine,1730300004579,3,233403,233403,784798,22.666666666666668,0,68,68,1,SUCCESS,233403,1zV5LwMTRmWpmZdWSSwdQA
1664,KimchiRamen-Asilah,1728618561823,3,233930,233930,711860,18.333333333333332,0,55,55,1,SUCCESS,233930,kns-RJGPRum8neGE8iVMcQ
1665,VariableArithmetic#2205,1727883572149,3,234719,234719,796653,18.0,0,54,54,1,SUCCESS,234719,Ni9O9U7GQNedBY5EZ9G7bg
1666,AtomicState#0337,1730121244698,3,234812,234812,724884,15.666666666666666,0,47,47,1,SUCCESS,234812,rOuwSSdETZC0smf2ropHXw
1667,NullSlice#1804,1730201082510,3,235465,235465,707002,15.0,0,45,45,1,SUCCESS,235465,4N6wIEuTSgiVHHmpErGx3w
1668,EsteemedDigit#6633,1729705982390,3,235728,235728,729720,15.666666666666666,0,47,47,1,SUCCESS,235728,Wu2ildRyT5WPk8iGiDyexw
1669,Team46-DashDynamos,1729113581047,3,237539,237539,745589,21.0,0,63,63,1,SUCCESS,237539,zNtNfWOAQ4ycBmecobpI4Q
1670,TestingSchema#8930,1729794297002,3,246317,246317,762720,21.666666666666668,0,65,65,1,SUCCESS,246317,r0GE5C-CR1-FXUo86gN16g
1671,TabletCommand#6119,1728154933635,3,248066,248066,796670,17.666666666666668,0,53,53,1,SUCCESS,248066,neIVyy0PSImbanTzXkuFLw
1672,MSEDU-S1,1730264766226,3,250068,250068,814668,23.0,0,69,69,1,SUCCESS,250068,71v06eGiTkyolFRnvsuWnw
1673,zinebelgourain,1729173837441,3,254934,254934,786195,20.666666666666668,0,62,62,1,SUCCESS,254934,amwMdpDoS1aHhsjWNh8hlw
1674,MechanicalObject#4241,1730208124361,3,255130,255130,776464,17.333333333333332,0,52,52,1,SUCCESS,255130,oxY2mmF3Siiba0uGG3C17g
1675,centurygames-2024-team4-disizu,1729912646982,3,255198,255198,807989,15.333333333333334,0,46,46,1,SUCCESS,255198,ZQ0s2gs-Q7qoPp9XEv4_nA
1676,RecursiveDocumentation#6267,1730312051987,3,255322,255322,766190,17.0,0,51,51,1,SUCCESS,255322,so0kT6eFS9SpJJakfFooiw
1677,elisaysha,1730256202366,3,260791,260791,806654,22.666666666666668,0,68,68,1,SUCCESS,260791,NIWu1bqzT-68l9TioflAqQ
1678,MemoryParameter#7737,1729019426598,3,265534,265534,817941,18.666666666666668,0,56,56,1,SUCCESS,265534,BI7VAX-EQheXcNIdiHSnUQ
1679,ConnectedHypothesis#6018,1730170331969,3,266744,266744,811605,18.333333333333332,0,55,55,1,SUCCESS,266744,w82sBAZJSiG364CK8PgePA
1680,WebBrackets#8962,1727747282028,3,266925,266925,801857,18.0,0,54,54,1,SUCCESS,266925,BNmtk0uuSbO7A8Kz2joN9g
1681,AsynchronousAttention#7328,1729275993541,3,267667,267667,804190,18.0,0,54,54,1,SUCCESS,267667,dhHeIGOURSWhL6urFjARkg
