Rank,Alias,SubmissionTime,LapCount,AvgLapTime,BestLapTime,TotalLapTime,AvgResets,CollisionCount,OffTrackCount,ResetCount,SubmissionCount,LeaderboardSubmissionStatusType,RankingScore,UserId
1,Kamiloj-ADL,1725394016528,3,21111,20403,63333,0.0,0,0,0,1,SUCCESS,21111,jmVlUw3DTUubDDSk3oOaPA
2,Roy-NYCU-CGI,1725411302180,3,21754,21336,65263,0.0,0,0,0,1,SUCCESS,21754,dp6TI42gTkKkJnzjFzN_Mw
3,Mungi,1725164033536,3,22445,21396,67336,0.0,0,0,0,4,SUCCESS,22445,RgTvucbNQja7yiYbgh2p9A
4,PITS-TK,1725458434304,3,22462,21721,67386,0.0,0,0,0,3,SUCCESS,22462,PVc7jVR2RxqbPMpBIhjZ0g
5,YA#88,1725538362645,3,23795,23402,71386,0.0,0,0,0,2,SUCCESS,23795,KBCP86t4SpaGJhXNb26AcQ
6,Duckworth,1725177767475,3,23912,19139,71737,0.3333333333333333,0,1,1,2,SUCCESS,23912,VIu9BQ4-Th6gUqu60ztwUQ
7,Guga,1725540610618,3,24200,23860,72601,0.0,0,0,0,4,SUCCESS,24200,617e83d68c1240be8b9abw
8,Abhidnya,1725306995208,3,24465,24276,73395,0.0,0,0,0,1,SUCCESS,24465,mTpd7HeITIC-Oe3rMvWHOA
9,-Just-Be-Better-,1725517284959,3,24510,20663,73532,0.3333333333333333,0,1,1,3,SUCCESS,24510,X_dNmJilS8SDBQ44yzd2fg
10,Jianlong,1725233115895,3,25284,25136,75854,0.0,0,0,0,7,SUCCESS,25284,vpsHYdBtSIq__1M9j1R21Q
11,TimJWhite,1725519458691,3,25287,24136,75861,0.0,0,0,0,9,SUCCESS,25287,3dDHylmQSi-Rzd9uUamhlQ
12,BoltronRacingTeam,1725463671833,3,26395,25930,79187,0.0,0,0,0,7,SUCCESS,26395,Lkrg6gQPQ5qwn61K16MHhg
13,Liao,1725468169312,3,27045,23274,81137,0.3333333333333333,0,1,1,1,SUCCESS,27045,1mW7p6I1Q0-cB3Up-esBeQ
14,IcePandaBoom,1725256639005,3,27710,26199,83132,0.0,0,0,0,2,SUCCESS,27710,BTPWujqqTBOWGAFvEKyRaA
15,Dexxtz,1725499453377,3,28333,27268,85000,0.0,0,0,0,11,SUCCESS,28333,tabxmSFdSiuDVkEWW34mTA
16,DaVinciDriver,1725432544927,3,28639,20989,85917,0.6666666666666666,0,2,2,1,SUCCESS,28639,XtzXYz2pRByDnXz90XNGSw
17,Origami,1725426210457,3,29306,28924,87919,0.0,0,0,0,50,SUCCESS,29306,xOcXWdU4QdeaSGZy6VYZjQ
18,mechworks,1725429791045,3,29862,29254,89588,0.0,0,0,0,2,SUCCESS,29862,VOjQIclOQVKj9OmZzX8NrQ
19,saina-r,1725247908927,3,29886,28936,89660,0.0,0,0,0,14,SUCCESS,29886,2-Nym-syQw28rSTO4RWENw
20,HameenHitain#42,1725441007088,3,30002,29333,90007,0.0,0,0,0,35,SUCCESS,30002,44YjKeFtRFyv_g8ljvEg1w
21,JPMC-Speedy-Gonzales-LATAM,1725394118325,3,30374,22661,91124,0.6666666666666666,0,2,2,3,SUCCESS,30374,McOa_W8cTW2EErfZhOoKxA
22,FabRacer,1725530251621,3,30439,29606,91319,0.0,0,0,0,25,SUCCESS,30439,YXjU-6WZTe65g7_YyZPJrA
23,PITS-Kura,1725386039174,3,32729,31661,98188,0.0,0,0,0,4,SUCCESS,32729,0KlPowM7Rsm-6depdUzXOg
24,pgebski,1725445804829,3,32819,31997,98459,0.0,0,0,0,10,SUCCESS,32819,gfTMAo7aSISFQCyBv6fR7Q
25,SilEye,1725432226918,3,32927,32199,98782,0.0,0,0,0,7,SUCCESS,32927,y-L1qKgjS2iMcNjbnxNC_Q
26,Eviden-DeliangGao,1725526245200,3,33622,29471,100867,0.3333333333333333,0,1,1,2,SUCCESS,33622,fG2qFJJXSJe0vHMtXWDmQg
27,Team-Chicane,1725510027223,3,33752,33000,101256,0.0,0,0,0,14,SUCCESS,33752,eEarCTBMTe-9dFD9jM28oQ
28,Badgercaim,1725459047660,3,34020,33931,102060,0.0,0,0,0,4,SUCCESS,34020,8Kb4MsxhS-SIZiV6wGQiZg
29,CZ1-CapeKaos,1725449811181,3,34709,34266,104129,0.0,0,0,0,12,SUCCESS,34709,jZ6bzgY2R76ODc1I_5Mpzw
30,teamEW,1725203772942,3,35462,31174,106388,0.3333333333333333,0,1,1,6,SUCCESS,35462,Eqb88WDVTd6Eh7qqgk_42w
31,EatMyGas,1725488138599,3,35643,35007,106930,0.0,0,0,0,30,SUCCESS,35643,G49XjRGRR76Xv00WxIMvnQ
32,JothanCloud,1725222915360,3,36066,35597,108199,0.0,0,0,0,6,SUCCESS,36066,Sczguk9eQYuhmYroidQYCw
33,Aurora-DNPds,1725523118213,3,36458,35803,109375,1.0,0,3,3,2,SUCCESS,36458,26fba66bedca4aa3bca47w
34,ContinuousError#2926,1725432356422,3,36684,29740,110053,0.6666666666666666,0,2,2,6,SUCCESS,36684,HUGYIpQBSsil1vcAJ44Aaw
35,EmmaGuo,1725470158029,3,37108,36333,111325,0.0,0,0,0,5,SUCCESS,37108,-STTQzx1SgG2l7aTxUH94g
36,gcjordi-CA,1725534972092,3,37172,36675,111517,0.0,0,0,0,10,SUCCESS,37172,XyHlt47zQC6jUaoQpocyxw
37,Yousuf,1725482377587,3,37416,36929,112248,0.0,0,0,0,8,SUCCESS,37416,AUUgWPINQyOVDV0ty-nKZw
38,RX-78-2,1725290891785,3,37558,36590,112674,0.0,0,0,0,9,SUCCESS,37558,zTHkz3K5TKOZVb32p8SX0g
39,KingoftheTrack,1725276469368,3,37621,30806,112863,0.6666666666666666,0,2,2,4,SUCCESS,37621,ACg6IYaIQNi--irQmpdiHg
40,Akiva,1725186960124,3,38668,33597,116006,0.3333333333333333,0,1,1,2,SUCCESS,38668,hsfJQ05mShW_UFBDkcXFyw
41,JPMC-HYD-SmartAccelerators,1725168052767,3,38727,34997,116182,0.3333333333333333,0,1,1,1,SUCCESS,38727,6jJ_fiuUQb2PZXOGkr3V7g
42,JPMC-HYD-26,1725449405165,3,39265,35535,117797,0.3333333333333333,0,1,1,2,SUCCESS,39265,n_DmP_mQS96SZ4XA8YwSaA
43,HelpfulScope#6839,1725258772664,3,39509,35598,118527,0.3333333333333333,0,1,1,4,SUCCESS,39509,8C3UMmjbRYm5p5F7IS75QA
44,UnboundConsole#8106,1725330034282,3,39750,38668,119252,0.0,0,0,0,1,SUCCESS,39750,LdeWqnCkQC2a8Fpoo5_2rg
45,KineticCruiser,1725459212934,3,40219,39999,120658,0.0,0,0,0,7,SUCCESS,40219,4gTWESbfSMOefvxyse-nlw
46,GoodEveningWeAreFromUkraine,1725485364919,3,41311,33478,123935,0.6666666666666666,0,2,2,3,SUCCESS,41311,oX4dpYxLTFG2UU6NprA-7g
47,raj-1205,1725246751803,3,41417,40729,124252,0.0,0,0,0,2,SUCCESS,41417,558a49745f8843aea7db6w
48,FabioMaxV,1725371757102,3,41534,34062,124604,0.6666666666666666,0,2,2,10,SUCCESS,41534,fkCXzcxUQAu40C7Qxc3EzA
49,Kuako,1725319007134,3,42063,35398,126190,0.6666666666666666,0,2,2,5,SUCCESS,42063,g3jpBKVBQrSJ7YjOu4pYhw
50,BonnieY,1725176686433,3,42749,35474,128249,0.6666666666666666,0,2,2,1,SUCCESS,42749,qph-BYklT1qmFcLQg0DzTg
51,CodeMachine,1725150014050,3,43152,33345,129458,1.0,0,3,3,1,SUCCESS,43152,b_WzN_r8ToGPle_8bl2tMA
52,Bob199110,1725156466492,3,44242,40797,132726,0.3333333333333333,0,1,1,1,SUCCESS,44242,1-ZplXIsQ0WFkyVFLM-qDQ
53,Rads1212,1725312833736,3,44573,39917,133720,1.3333333333333333,0,4,4,4,SUCCESS,44573,3keqP30TQMS6jO8SRw_1uw
54,gabrielkoo#HongKong,1725168881742,3,45243,39726,135730,0.3333333333333333,0,1,1,12,SUCCESS,45243,ydUnMZutQDmeS4U2pIDYLg
55,ASCIIOrder#1674,1725333250891,3,45287,37137,135862,0.6666666666666666,0,2,2,19,SUCCESS,45287,p4mBVl_9SXCXSLwaQQAUIw
56,gcjordi,1725218626393,3,45420,45011,136261,1.0,0,3,3,12,SUCCESS,45420,4n-0HYIyQ2241dJ4tZirRg
57,JuanQuevedo,1725226346277,3,45646,45065,136939,1.0,0,3,3,30,SUCCESS,45646,5fYD1NpsQnGWYrtp1goBqA
58,claudIA,1725496555091,3,45729,41735,137187,0.3333333333333333,0,1,1,4,SUCCESS,45729,xVcZGyC6Q5qUevYccVUqSw
59,AlgoRacing,1725372177071,3,45754,35067,137262,1.0,0,3,3,3,SUCCESS,45754,1c72paSJQm2L2XsfvpXyRQ
60,JPMC-BlessedAcceleration-Chicago,1725315694646,3,45910,41596,137731,2.3333333333333335,0,7,7,1,SUCCESS,45910,TeJiUXqUQTu71GIEMrzmSg
61,MV-THEYA,1725163991290,3,46332,40670,138997,1.6666666666666667,0,5,5,1,SUCCESS,46332,lEMJa_knTkmYUf8sZq7p8w
62,drunken-monkey,1725225517343,3,46506,41995,139519,0.3333333333333333,0,1,1,2,SUCCESS,46506,c7a82cb998e44f9abd469Q
63,TKU-CSIE-410411598,1725389992878,3,46906,40134,140719,0.6666666666666666,0,2,2,17,SUCCESS,46906,sAQGISkZRQqXU75bF1iQIQ
64,godmod007,1725265211301,3,46955,39349,140866,1.6666666666666667,0,5,5,2,SUCCESS,46955,sqtQ9FnDStmvWBZ2nMrhMg
65,C3R0,1725391490580,3,47660,31523,142982,1.6666666666666667,0,5,5,7,SUCCESS,47660,61QIIR_GTpCM0JoUAsdwew
66,Groovy-DNPds,1725435543065,3,47690,47324,143072,2.0,0,6,6,3,SUCCESS,47690,a4fb0e167d0e4112942c1Q
67,gcjordi-eH,1725272154213,3,47777,45734,143332,0.0,0,0,0,2,SUCCESS,47777,hxnXJKpMRKSykoLhfHojdg
68,Fenerbahce-FAN,1725303230866,3,48245,44010,144736,1.3333333333333333,0,4,4,1,SUCCESS,48245,-yBKpK66SoKcJrJWFnLvsA
69,Navn33t-Singh,1725363243551,3,49394,44931,148182,2.3333333333333335,0,7,7,5,SUCCESS,49394,RMXf5sdlS-y4EWrenTSTbg
70,barkingdog,1725160726260,3,49422,42999,148268,1.6666666666666667,0,5,5,1,SUCCESS,49422,b3960b6c6f58458880ceew
71,gcmsrc,1725384395931,3,49596,47472,148789,0.0,0,0,0,14,SUCCESS,49596,9fCRw6P4SAWXmGE8CkIZYQ
72,tranvietdung-DBS,1725290140354,3,50606,32601,151819,1.6666666666666667,0,5,5,1,SUCCESS,50606,3OwVWi6tQDCpBzKpWfHj7Q
73,VVIK,1725163936220,3,51065,39395,153196,2.0,0,6,6,1,SUCCESS,51065,9K4Cz2EiTz2YB5ZrAauVRA
74,JPMC-JC-Speed-Daemon,1725373879309,3,51286,41343,153858,1.0,0,3,3,17,SUCCESS,51286,8afnJoZMQ66K60JaXgi0nw
75,Parv,1725174943373,3,51440,47605,154320,1.3333333333333333,0,4,4,2,SUCCESS,51440,-1uTpWs8R4e3Kn-iP8Ggdg
76,FiniteDataset#6905,1725533926027,3,51442,38322,154327,1.3333333333333333,0,4,4,3,SUCCESS,51442,cusI9Xo6RKi2rl5reP8kCg
77,LionSita,1725430794533,3,51465,43795,154396,0.6666666666666666,0,2,2,13,SUCCESS,51465,QNHXS5UdQkiLPbx_JJQk-A
78,J-Hatton,1725446334890,3,52306,47613,156918,1.6666666666666667,0,5,5,15,SUCCESS,52306,wzVzQyEMRsG8HTwNx0foiw
79,HCAlsos,1725427545214,3,52647,52337,157941,1.0,0,3,3,2,SUCCESS,52647,Munh160SQROTssQHBnCB4A
80,Yoga,1725240188956,3,52706,45663,158120,1.6666666666666667,0,5,5,8,SUCCESS,52706,9C5BCEtKRUOa2-8axwuEFQ
81,SilverBullet777,1725410447713,3,52706,48851,158118,0.3333333333333333,0,1,1,4,SUCCESS,52706,9tyVk4VlRF-d6J3rlZDwjg
82,RacingRooster,1725523343611,3,53108,51397,159325,0.0,0,0,0,9,SUCCESS,53108,4QTCG6i-T1uekNWDa2KGnw
83,AlphaGame#0059,1725163553152,3,53750,48989,161250,2.3333333333333335,0,7,7,5,SUCCESS,53750,Gqy4-23PRb29NSdRr7HLMA
84,Pasko5000,1725517798284,3,53888,36206,161664,1.6666666666666667,0,5,5,6,SUCCESS,53888,MZ6Wy-TERYm07k3nzO-Vgg
85,ContinuousPackage#1218,1725522618798,3,54107,50603,162322,1.3333333333333333,0,4,4,6,SUCCESS,54107,I5sEFPx_Q0-w8biQ8wd-kQ
86,drdj,1725313043936,3,54200,43202,162602,2.0,0,6,6,1,SUCCESS,54200,OZK0S-bsRB2VxjFuxca3lg
87,BA84,1725198255574,3,54444,50532,163334,1.3333333333333333,0,4,4,4,SUCCESS,54444,PGA8tUQbRsOdAkFm-FY_YA
88,raZs,1725378616888,3,54529,39521,163589,2.3333333333333335,0,7,7,3,SUCCESS,54529,5PFarl3qQc-mTgORU3cmew
89,Romario-Speed,1725467333573,3,54559,46671,163677,1.6666666666666667,0,5,5,7,SUCCESS,54559,xl3JtYbLQdSDaNlSUlzIoQ
90,QueenBees,1725249305504,3,55063,43601,165191,1.0,0,3,3,3,SUCCESS,55063,zCedWvvPRdi1jA_4BcCaPA
91,la-banda-del-parque,1725504613095,3,55107,51333,165321,2.3333333333333335,0,7,7,1,SUCCESS,55107,9QCsSCjxRQa5lkvgTz4J_w
92,pablo-ezequiel-inchausti,1725194310020,3,55224,49200,165674,2.6666666666666665,0,8,8,1,SUCCESS,55224,S5tsQuiDTZaSYiUn5Pd9gg
93,SJTelford,1725280778401,3,57884,43329,173653,2.3333333333333335,0,7,7,2,SUCCESS,57884,NED2O6MXQ-KumuqSTAQ14A
94,SneedRacer,1725212022434,3,57997,53136,173991,2.3333333333333335,0,7,7,1,SUCCESS,57997,EprA2JZ7SsihMmzbw-RxpQ
95,HigherBraces#9298,1725435034953,3,58534,48335,175604,2.0,0,6,6,5,SUCCESS,58534,cihpX53SRzuIs3gZQnRrUQ
96,Wolfking7,1725514491381,3,59023,58605,177070,2.0,0,6,6,3,SUCCESS,59023,zDhMPmTYSn6gduZ26KjthA
97,Roaringlions-SivaM,1725534689711,3,59128,52463,177384,1.6666666666666667,0,5,5,5,SUCCESS,59128,kboRjlUuSoqQLVwsOPELIg
98,BLR-DR-017,1725519887704,3,59152,58800,177458,3.0,0,9,9,1,SUCCESS,59152,iFZoyJsCQYuy6-sVOBxZBg
99,FlyWheels,1725364120746,3,59223,55265,177669,3.3333333333333335,0,10,10,14,SUCCESS,59223,mmRcs-QHTsOL3sF6dd4few
100,JPMC-Spyder-HongKong,1725151480219,3,59224,55272,177672,3.3333333333333335,0,10,10,1,SUCCESS,59224,zKdKXknwQVCObGdEgutObQ
101,Archer,1725466513695,3,59773,49593,179321,2.0,0,6,6,8,SUCCESS,59773,p7ErzLtPRnecmAE047BoEA
102,VenusMM,1725208880682,3,60510,53865,181531,2.6666666666666665,0,8,8,2,SUCCESS,60510,u_JUmum5Q0mfhRy1MtE8cw
103,JPMC-Columbus-001,1725505375053,3,60642,54935,181928,2.6666666666666665,0,8,8,7,SUCCESS,60642,7af1a95891764d3493afdw
104,technopro#suzukik,1725466164853,3,61336,56740,184008,2.3333333333333335,0,6,7,1,SUCCESS,61336,0Ghn_z-7QJ2CFSU7kJIMbg
105,QualifiedTable#4349,1725276838179,3,61553,51463,184661,2.0,0,6,6,3,SUCCESS,61553,Rwbg2anxRjG-VjX_2GtOFA
106,DigitalOrder#6547,1725463191711,3,61823,61449,185471,2.0,0,6,6,5,SUCCESS,61823,2nXDXbC2SFqoJvJHWXQNMQ
107,AWSomeRacers-SARAVANAGOWRI,1725255730390,3,62190,61844,186572,1.0,0,3,3,9,SUCCESS,62190,Hqxnay3RQrGCNsrLcrmsoQ
108,acoela-DNPds,1725433844409,3,62271,52126,186813,3.0,0,9,9,2,SUCCESS,62271,0lZyn5CUSVK9Llk2oSaS3w
109,gottueagles,1725513732451,3,62306,52467,186918,1.0,0,3,3,2,SUCCESS,62306,nEn813DYTiqk78BFD7lWCw
110,MemoryDiff#2114,1725289577405,3,62578,49272,187735,3.3333333333333335,0,10,10,4,SUCCESS,62578,ZzEDzdlBRbaJX9Tw3j_KaQ
111,onlythree,1725324181401,3,62820,51799,188462,3.0,0,9,9,4,SUCCESS,62820,23e254b25ea0443389ed6w
112,TKU-CSIE-wei,1725382697224,3,62887,45074,188663,2.6666666666666665,0,8,8,1,SUCCESS,62887,bBKLpMzqRS2YZTuLYVUmcA
113,BreakTheWalls,1725341579437,3,63003,62207,189009,2.0,0,6,6,3,SUCCESS,63003,l3UOwtAVQTC7kPmkAndj3A
114,Gunny,1725275918006,3,63019,55339,189059,1.6666666666666667,0,5,5,4,SUCCESS,63019,m5-I630sTqyWjEYTg5eO9Q
115,BossGCPTee,1725235436603,3,63525,52586,190575,3.0,0,9,9,2,SUCCESS,63525,OnXaS5A2RoC-Azfy7G32vg
116,NeuralFix#3649,1725166606125,3,63784,57137,191353,2.6666666666666665,0,8,8,1,SUCCESS,63784,69kUv7qhScSY6tsp034yww
117,KujoEviden2024,1725169816527,3,63797,52874,191393,3.0,0,9,9,4,SUCCESS,63797,zoR-u0tCTb-HxNl84amjdA
118,nine9,1725189825556,3,64154,58124,192463,2.6666666666666665,0,8,8,8,SUCCESS,64154,nh20eR6wSW2uOCJ_nRnUvg
119,Tomukas,1725224111417,3,64335,56594,193006,2.6666666666666665,0,7,8,4,SUCCESS,64335,q9Gjt2eMQBGRZk0j1R4E7Q
120,Kono,1725522418107,3,64489,53733,193469,3.0,0,8,9,9,SUCCESS,64489,1cbNtvq_SlKsplu-EyE_IQ
121,AleCi,1725178466721,3,64909,53133,194729,2.0,0,6,6,2,SUCCESS,64909,R3HcTqybRx26I4O6xo9Qcg
122,Roaring-lions-sujith,1725257681458,3,65798,55338,197394,2.0,0,6,6,3,SUCCESS,65798,rw1BRHeOT827K8EaQteOsQ
123,Rukhsar-Bakhtaj,1725212971504,3,66444,51929,199334,2.3333333333333335,0,6,7,2,SUCCESS,66444,681NkhJESxmvjFnSCfz6OQ
124,JPMC-MUMBAI-007,1725246148272,3,66555,54599,199667,3.0,0,9,9,3,SUCCESS,66555,ZaQZzenOTEudI-YzqUr01g
125,SHHS-deblox#168,1725215682612,3,66754,60725,200262,2.6666666666666665,0,8,8,4,SUCCESS,66754,pGpsq-14S6ONc7HcWOyyZw
126,UpgradedScope#1495,1725270622043,3,67136,66460,201410,3.0,0,9,9,5,SUCCESS,67136,9FULDGFNQ_ehda_808n8TQ
127,EliteRacers-Savitha,1725533925817,3,67223,58266,201669,3.0,0,8,9,2,SUCCESS,67223,CtKYzxWWSniv2PknZF3BPA
128,AlphaTest#5137,1725197443993,3,67329,49067,201989,3.6666666666666665,0,11,11,2,SUCCESS,67329,z9x4IwFITMSO74oKAI1LfQ
129,JPMC-NYC-01,1725504208843,3,67418,63663,202254,3.3333333333333335,0,10,10,2,SUCCESS,67418,61QqpgA2Q5u9aH4wE3B4TA
130,Karters-Ranjith,1725444326420,3,67845,64198,203536,3.3333333333333335,0,10,10,3,SUCCESS,67845,zAiIWKmLQEWcEIfC-XsCzA
131,CloudArmee-Chuck,1725509294072,3,67908,63594,203726,3.3333333333333335,0,10,10,2,SUCCESS,67908,Aozo2oixSJysh5iSzSBcpg
132,flux-indigo-fs,1725469198227,3,68248,67336,204744,3.0,0,9,9,7,SUCCESS,68248,TvP2qPvNQG-nFVAOqyKqSQ
133,TenDot,1725398627647,3,68684,45597,206052,2.0,0,6,6,1,SUCCESS,68684,MsThekRoRy-V31dmW9kmCg
134,tusrau,1725222304916,3,68886,64599,206660,2.3333333333333335,0,7,7,1,SUCCESS,68886,pxr_EG7iQBGAGWuI0rbTdw
135,--E2--,1725179860052,3,68914,61672,206744,0.6666666666666666,0,2,2,1,SUCCESS,68914,4eJQf1tiRFK1yE7PUW6CdA
136,CZ1-Tekai,1725367638314,3,69039,62311,207117,3.6666666666666665,0,11,11,3,SUCCESS,69039,wpjlmAUKR5ODe_gFEopSkg
137,MiLKB,1725153459784,3,69200,68599,207600,4.0,0,12,12,2,SUCCESS,69200,8KL8u0H3RIWxgP14x_RC6w
138,Rellab-Rockers-JayaVarshini,1725259175742,3,69688,58003,209064,3.0,0,9,9,4,SUCCESS,69688,Ce3I5z3cTxeK1ljaa6ZZMA
139,Ram-ITEC-Elec,1725288545848,3,70844,65268,212532,1.3333333333333333,0,4,4,6,SUCCESS,70844,1gSdRU0sQEyjv6083WLaOQ
140,MikeyBoi,1725290607436,3,71217,70534,213653,3.0,0,9,9,1,SUCCESS,71217,ap2EZqbrQvOAO808YpJGYQ
141,Eviden-SharanJeevangi-India,1725251526896,3,71664,56399,214992,3.3333333333333335,0,10,10,1,SUCCESS,71664,ahNlbPHuRHe5OrNByB0ojQ
142,GenerativeEnvironment#3654,1725351152438,3,71711,64938,215135,3.6666666666666665,0,11,11,3,SUCCESS,71711,wLNijw2iQHyiiCRqlMyAGg
143,CompleteContext#2555,1725225669854,3,71986,70737,215960,2.0,0,6,6,10,SUCCESS,71986,aObeyd1kTyS70-eDEnjHRg
144,LeoMtz,1725312575231,3,72216,59003,216648,3.3333333333333335,0,10,10,1,SUCCESS,72216,bAuh9G8eSlaPuXBlDHo6mQ
145,SpeedFreak,1725447182548,3,72441,44135,217324,4.666666666666667,0,14,14,1,SUCCESS,72441,d12875dc48634d6daedcdw
146,BetaDescriptor#3751,1725446503460,3,72816,62665,218449,4.0,0,12,12,6,SUCCESS,72816,R5VQz_AfR7u8metJXG7JOQ
147,elyssajkim,1725348131321,3,72839,65865,218517,2.6666666666666665,0,8,8,1,SUCCESS,72839,DcaljxMzTrmTkYH0_hNRyw
148,HigherServer#7047,1725216086051,3,73084,68604,219254,0.3333333333333333,0,1,1,2,SUCCESS,73084,2PGqBibYQX6feo8P7EAHkA
149,NolaAlzayat,1725401358331,3,73262,69660,219786,3.3333333333333335,0,10,10,2,SUCCESS,73262,VQGytTuxQ1aPUro44ueh1A
150,JPMC-BLR-TeamRocket,1725278546769,3,73377,69388,220133,2.3333333333333335,0,7,7,2,SUCCESS,73377,862178ae6d6947ff88c95Q
151,Wolf-Warriors-GOKUL,1725260792093,3,73649,66208,220948,3.6666666666666665,0,11,11,5,SUCCESS,73649,qQysGrpOTd-XU4M6TCJIUg
152,KasztP,1725402148949,3,74018,64329,222056,4.0,0,12,12,6,SUCCESS,74018,B_NHhZzIT7yLboMZHKC3Qw
153,Galaxy-Destroyer,1725532456821,3,74131,69399,222394,1.3333333333333333,0,4,4,4,SUCCESS,74131,R5dbzb_dTHeWKz89XJfXSQ
154,ImmutableCoder#5130,1725472064778,3,74240,73526,222720,0.0,0,0,0,1,SUCCESS,74240,JVXd84IwQ9OGPsB25tFKjA
155,BLR-DR-011,1725289476643,3,74353,59869,223060,4.333333333333333,0,13,13,15,SUCCESS,74353,WFY8eLPuRrKoch8ySW9ybg
156,Yuliya,1725263573058,3,74379,57930,223137,3.6666666666666665,0,11,11,11,SUCCESS,74379,JWJgkv8bSKeMIGYZ9roR-A
157,LeetSequence#9324,1725383683238,3,74423,69535,223271,3.3333333333333335,0,10,10,6,SUCCESS,74423,M6PXOXt6TeGauYABUKMCWg
158,The-Slow-and-the-Furious-Tokyo-Crash,1725307038477,3,74511,70866,223535,4.333333333333333,0,13,13,1,SUCCESS,74511,Ft3eWStjQWO1c0j8DyJfUg
159,PrototypeFormula#6991,1725268918148,3,74801,62327,224404,1.0,0,3,3,1,SUCCESS,74801,odLBsFrZTUekLMRzu8un5w
160,NullEnvironment#5559,1725456741273,3,74887,74132,224661,0.0,0,0,0,6,SUCCESS,74887,wokBtnl5TvSueD8fjYagJg
161,MSEDU-S4,1725535574761,3,74979,63130,224937,2.0,0,6,6,2,SUCCESS,74979,IJFlMlnyRKCQz3VTPM0BrA
162,CriticalNode#3141,1725266706171,3,75086,65257,225259,4.0,0,12,12,4,SUCCESS,75086,Qg8A_DgdQ1SDmK_GMsu6wA
163,BurnOut-Aswin,1725437468650,3,75128,55255,225385,4.0,0,12,12,1,SUCCESS,75128,saGCSt4mTnOK4J_WTqNhhQ
164,JavaArray#6656,1725203950497,3,75371,61456,226113,4.0,0,8,12,1,SUCCESS,75371,PeC8MX0ySqa4zOZCFA34Ww
165,SALMAN,1725514748795,3,75906,74724,227718,3.0,0,9,9,7,SUCCESS,75906,a0UN1O-KSt-oDvlhinMKHw
166,AWSomeRacers-Gopinath,1725262152465,3,76045,61731,228135,3.3333333333333335,0,10,10,9,SUCCESS,76045,WUlZY4zrQyqKz9EnQ6hsFA
167,hollywood-PaulWalker,1725517273804,3,76239,72787,228719,3.3333333333333335,0,10,10,8,SUCCESS,76239,XySxJNYtRHmYKWZO05IFEQ
168,ITRacers-Bala,1725254931854,3,76598,66205,229794,3.0,0,9,9,2,SUCCESS,76598,yyjvT1fFR925MCkor7zOVg
169,Jaystones,1725379056402,3,76914,68744,230742,1.6666666666666667,0,5,5,4,SUCCESS,76914,Eu3wXlOXQ7-XyKPxGZ-qcA
170,Mastricks-Nandha,1725286652653,3,77048,56145,231146,3.0,0,9,9,8,SUCCESS,77048,lUYb2uDRRB2UtfuQsjLkag
171,ID-19881121,1725452787033,3,77642,70267,232928,0.6666666666666666,0,2,2,4,SUCCESS,77642,XVAMmZdfQwaKChL0s2rE1w
172,TrainingSeason-by-LLM,1725151926225,3,77913,63666,233740,4.333333333333333,0,13,13,1,SUCCESS,77913,2ZrGrnCTTLac0_y0h4IxEQ
173,IntelligentPoint#5080,1725305013367,3,77931,73523,233793,0.3333333333333333,0,1,1,2,SUCCESS,77931,3dWOAd-4S2i9hDiNINOGxA
174,ASCIICallback#4786,1725273145732,3,78087,59724,234262,2.6666666666666665,0,8,8,2,SUCCESS,78087,gDV1nzwJQnOHSJUC0tj9HA
175,VCNITROKNIGHTSShree,1725164391739,3,78392,76727,235176,2.0,0,6,6,6,SUCCESS,78392,yhAEjWHMRve79qH0ThmgPA
176,EsteemedLoop#4842,1725172051839,3,78468,74466,235406,2.3333333333333335,0,7,7,3,SUCCESS,78468,9mHRG_nJRNOmK50I3iDiSg
177,BrainyComment#6267,1725492161390,3,78553,63859,235659,3.3333333333333335,0,10,10,6,SUCCESS,78553,HQrVVchrTr2PSWFO8NVQZA
178,JacobLebon,1725208919796,3,78642,74468,235928,4.333333333333333,0,13,13,2,SUCCESS,78642,6WwmdXiQQ7esCdq1UddkGQ
179,FE-madhan,1725533910614,3,79023,75208,237071,3.3333333333333335,0,10,10,2,SUCCESS,79023,LQetAakJSQi6Ecik0uJ0LA
180,CyberneticDocumentation#3294,1725452078093,3,79043,67331,237131,1.0,0,3,3,1,SUCCESS,79043,3m1CF3LIRpW8715VLKHqpQ
181,Forgotten-Indicators,1725295038236,3,79163,65002,237489,3.3333333333333335,0,10,10,9,SUCCESS,79163,snQ_0pvuSv-aeWcf9ge0Mw
182,Saravan-racer,1725337976861,3,79224,74394,237672,0.3333333333333333,0,1,1,9,SUCCESS,79224,85xCIVddSwKkIhhYjPLRAg
183,Stinger-SK,1725351473364,3,79261,68866,237784,2.0,0,6,6,2,SUCCESS,79261,tbA0qJcYT5ye7E4pEl4iJg
184,Kay10,1725247241992,3,79285,55265,237857,3.3333333333333335,0,10,10,1,SUCCESS,79285,7HEyRr70TvuzBGLoxWLHtw
185,EcoRacer,1725522418095,3,79325,79127,237977,4.0,0,12,12,2,SUCCESS,79325,JMJtI-S-RLyD0GivfUo3Cw
186,StructuredDocumentation#5939,1725193684517,3,79527,66444,238582,4.333333333333333,0,13,13,1,SUCCESS,79527,YcRurcXFQtK1liiR9uzFYg
187,ReferencePresentation#9478,1725276301370,3,80043,72720,240130,3.6666666666666665,0,11,11,2,SUCCESS,80043,qQvj9tPTRtOckfcDNxnFTw
188,Chaman,1725270666964,3,80287,69327,240862,1.0,0,3,3,1,SUCCESS,80287,L9zmP9EXTTKmZMbqBd9XNQ
189,JPMC-HYD-22,1725201487787,3,80314,69338,240943,5.0,0,15,15,1,SUCCESS,80314,2W0Uz-JGSGCBf6O5-rejAQ
190,NitroKnights-Prasanna,1725183902535,3,80556,73742,241670,3.6666666666666665,0,11,11,8,SUCCESS,80556,gCpVbt1cQwqIk-gNTB6xQA
191,Project-Zero,1725164051218,3,80713,69472,242141,5.0,0,15,15,1,SUCCESS,80713,YSbI1jRjSbazQENoTf3hBQ
192,JPMC-AlphaX,1725479184993,3,80730,63395,242191,4.666666666666667,0,14,14,4,SUCCESS,80730,w-ggkAnwSy-4JMty4ympSg
193,Karters-RM,1725530882325,3,80798,77464,242396,4.333333333333333,0,13,13,2,SUCCESS,80798,aCeBiNapQxeujVyvIcrlUw
194,JPMC-DFW-DeepRacer3,1725418415012,3,81240,76660,243722,3.3333333333333335,0,10,10,1,SUCCESS,81240,JnPpPfPvSZyFbmipPbt0yA
195,Hollywood-Skidmark,1725533319189,3,81289,70726,243868,3.0,0,9,9,11,SUCCESS,81289,L8QyihYRR-W12rWQqKzfcQ
196,ImportantCoder#8520,1725280048128,3,81354,77753,244063,4.333333333333333,0,13,13,2,SUCCESS,81354,fnaPpU7QRbuGv5StysF2PA
197,StarlinS,1725298652983,3,81510,66662,244531,4.333333333333333,0,12,13,6,SUCCESS,81510,-tCB8So9T1WndL9jkkfpJg
198,GammaLoop#9353,1725477728187,3,81533,73803,244599,1.6666666666666667,0,4,5,1,SUCCESS,81533,jQ18JGhhTMC6-tGoufSjMg
199,BLR-DR-147,1725344637923,3,82375,68000,247126,4.333333333333333,0,13,13,14,SUCCESS,82375,lG16OjobQNqG71BZDatuTw
200,Pacers-ANR,1725260766959,3,82488,58070,247464,4.333333333333333,0,13,13,2,SUCCESS,82488,AAR6Ll4nSiSvNmP2-TRAPw
201,IterativeArchitect#3819,1725383410083,3,82686,70210,248058,4.0,0,12,12,11,SUCCESS,82686,6dmqs1C9S4af-KazL2cNEg
202,IcemanTaylor,1725285887477,3,82973,77055,248921,2.6666666666666665,0,8,8,2,SUCCESS,82973,snHaoM1HQ26NW1rMO2MRFQ
203,QualifiedScope#8763,1725526104252,3,83047,75608,249141,3.6666666666666665,0,11,11,8,SUCCESS,83047,coKVKUx7TQ2y7jRmDgmqVQ
204,JPMC-HYD-09,1725282905306,3,83398,75925,250194,5.666666666666667,0,17,17,1,SUCCESS,83398,vA_gK0vxTNWI-MTWEWLAxw
205,TestableComment#1355,1725428278426,3,83756,79868,251268,4.333333333333333,0,13,13,3,SUCCESS,83756,uHpPajGyT_e63UVXRQQ08w
206,ProvisionalLoop#1080,1725541029359,3,83773,79269,251320,0.3333333333333333,0,1,1,1,SUCCESS,83773,uLw57WVUR9GCyYpqudTKsA
207,MachInfinity,1725154168755,3,84219,70527,252657,5.333333333333333,0,16,16,1,SUCCESS,84219,k9v4shtPSl68I4KT2wPoUA
208,ComplicatedEngineer#2276,1725513131893,3,84285,76403,252857,2.6666666666666665,0,8,8,2,SUCCESS,84285,wrbfirOVTQmZN7eUon-ChA
209,CalvinO,1725354794878,3,84555,70142,253667,4.333333333333333,0,13,13,11,SUCCESS,84555,8cXZo6QwTLK6tDzyurZrMg
210,Zippitydo-data,1725335535614,3,84575,75000,253727,5.0,0,13,15,7,SUCCESS,84575,gSgHFy9WRhCfES9TO3-A6Q
211,CyberneticError#7827,1725283223210,3,84596,76662,253790,2.6666666666666665,0,8,8,2,SUCCESS,84596,h93j02zTTDqPd3K7V4i2Iw
212,vishleshak,1725181145634,3,84621,77795,253865,3.6666666666666665,0,11,11,1,SUCCESS,84621,40faf93f6fbe487cadee4w
213,HashableBreaker#0905,1725508602629,3,84733,73532,254200,4.0,0,12,12,4,SUCCESS,84733,ncejMy4LSwmO7np5LfiZnA
214,don-chan-DNP,1725241448071,3,84756,74129,254270,5.0,0,15,15,2,SUCCESS,84756,0ziK21IUS3uClDGVSKbhIA
215,AsynchronousTester#9397,1725165327127,3,84827,77003,254482,4.666666666666667,0,14,14,3,SUCCESS,84827,M3HYW7qYRz-p7grJ6GLk6A
216,4ALPHA-DD,1725260129145,3,84861,67579,254584,4.666666666666667,0,14,14,2,SUCCESS,84861,Te6BXDkjQ7OYcdynJkiRyg
217,FE-racerteam,1725444556331,3,84909,77466,254727,4.666666666666667,0,14,14,9,SUCCESS,84909,-SxTGITpQeO0bEpWqnz4lw
218,AceSquad-HSBC,1725477621477,3,85286,84400,255859,5.0,0,15,15,6,SUCCESS,85286,NYa6UXnZRtGdXbAYOLLawg
219,BLR-DR-016,1725360734734,3,85469,78275,256408,5.666666666666667,0,17,17,4,SUCCESS,85469,Jo66tsPYSXu-Edb3T3C6VQ
220,TopGRacer#8889,1725152895543,3,86310,71866,258931,4.333333333333333,0,13,13,1,SUCCESS,86310,xOrnIcTTQ4ySmRsVfZ8rtw
221,BasifrankRacer,1725157786449,3,86350,79249,259050,5.666666666666667,0,17,17,3,SUCCESS,86350,SB6mlB4JQW29RWtMdVvRgA
222,CaptainJackSparrow6,1725342957354,3,86459,61407,259377,5.333333333333333,0,16,16,4,SUCCESS,86459,tVDZMahiTzCcC-1Y4DkNgA
223,DataNerds-Raghul,1725273219141,3,86486,85537,259459,5.0,0,14,15,1,SUCCESS,86486,GPZ7x4u6QfqPds0WgVeXCw
224,MechanicalPresentation#9514,1725489290273,3,86781,72727,260344,5.333333333333333,0,16,16,1,SUCCESS,86781,CP2HYYVPTsiJT_uJVblr4Q
225,SulaimanL,1725435619713,3,87060,79661,261181,4.666666666666667,0,11,14,2,SUCCESS,87060,uAHDbip4R1qtp5IJ1uaeJw
226,JPMC-Columbus-008,1725491706726,3,87150,77850,261450,5.0,0,15,15,1,SUCCESS,87150,xkETu2SnSZeKYj3zi_F4Jg
227,andijakl,1725449319139,3,87377,80002,262133,3.6666666666666665,0,11,11,3,SUCCESS,87377,dda71eea12f0494a8f8dfw
228,JPMC-MUMBAI-011,1725541152165,3,87728,70126,263185,5.666666666666667,0,17,17,1,SUCCESS,87728,Pt9ME11eQCCVdRVQImWHGg
229,McRae-Racing,1725186822899,3,88062,72530,264187,4.333333333333333,0,13,13,1,SUCCESS,88062,DC5U72g_S9-xFZ_rUUTBlQ
230,QualifiedFunction#9168,1725283935653,3,88088,82666,264266,0.3333333333333333,0,1,1,1,SUCCESS,88088,4OfMwx7ESDGKGNYdocduvA
231,QualityMachine#2305,1725160442528,3,88264,85265,264793,3.3333333333333335,0,10,10,1,SUCCESS,88264,EdgBzOdDSAuI7UuDqk4mbw
232,chandhni,1725271794856,3,88328,64064,264985,5.333333333333333,0,16,16,2,SUCCESS,88328,VBzpDLDzQhiQT5XXC-7SQQ
233,Hollywood-Nipa,1725298538647,3,89105,84990,267315,5.333333333333333,0,16,16,9,SUCCESS,89105,pzWcVk8lRKirx20WAoKDvQ
234,FantasticFour-SatheeshVarmaA,1725441440992,3,89670,75685,269012,5.333333333333333,0,16,16,1,SUCCESS,89670,vlysIAgUTdu9P0Ncx5TRUA
235,FocusedExpert#7259,1725182786740,3,89910,65593,269731,5.333333333333333,0,16,16,8,SUCCESS,89910,3MZZuFygRjm1Za-OUz0ufg
236,TeamTools-Surendar,1725272341101,3,90421,82340,271264,4.0,0,12,12,1,SUCCESS,90421,YC9uvoTZT9ulIIdT_nqa3A
237,Gopinathan,1725274860204,3,90421,69788,271264,3.0,0,9,9,1,SUCCESS,90421,di3YsXmTSwKhNz8xLjYyyQ
238,FormulaicToken#0532,1725340742328,3,90728,79670,272185,4.0,0,12,12,7,SUCCESS,90728,9eI8JgmzQqyKbIH3sqEwIw
239,NitinYadav,1725200353248,3,90887,83127,272662,5.666666666666667,0,17,17,1,SUCCESS,90887,M8SuQIQwQCancsyxfjAx5g
240,SecureCallback#2135,1725264943121,3,90906,66717,272719,5.333333333333333,0,16,16,4,SUCCESS,90906,ZfTsGOOiRIyaPXjCrrCCEw
241,NitroBoostM,1725179471790,3,90927,90528,272782,6.0,0,18,18,2,SUCCESS,90927,BbeYnzdXRcmOwq351apTXQ
242,FE-SrinathR,1725530903524,3,90954,59145,272863,5.0,0,15,15,2,SUCCESS,90954,MiWwDWmUQDuW4rKIIrNF4A
243,AgileToken#3869,1725273004339,3,91047,86999,273143,1.3333333333333333,0,4,4,1,SUCCESS,91047,qLSlQZmrSyKOn9DaBw2Fzg
244,FullThrottleK,1725437464267,3,91174,76998,273523,5.333333333333333,0,16,16,9,SUCCESS,91174,ivhuA6ZZReOljwM2jo0tyg
245,NitroKnights-prasan,1725255465759,3,91201,90261,273604,5.0,0,15,15,15,SUCCESS,91201,FCMBVCW6SOeQ-qldoLnzTw
246,ImmutableOrder#7698,1725198364794,3,91243,90596,273729,6.0,0,18,18,2,SUCCESS,91243,c2z9E8iKT02KLrQ5lbUfiw
247,AIracer,1725394446830,3,91733,90471,275199,2.0,0,6,6,1,SUCCESS,91733,vLFegynWQIqcSi6RP9j05Q
248,Eustar,1725167135981,3,91867,81139,275602,6.0,0,18,18,1,SUCCESS,91867,PqVshhzdQS2_DGyd4ILE1w
249,Pirates-of-racing-nandhini,1725265438673,3,92022,84341,276067,5.666666666666667,0,17,17,2,SUCCESS,92022,aqUAQ35AQUeo7HDiIeoxTw
250,FM-Researchers,1725417975667,3,92173,83937,276520,5.666666666666667,0,17,17,4,SUCCESS,92173,sdCPkug_SCqBRliScxiCuA
251,Im-AI,1725178854778,3,92333,70789,277000,6.0,0,18,18,1,SUCCESS,92333,o3c-48v2QXiIOUudONGmfA
252,Charlie-Joonas,1725296667808,3,92374,88058,277124,2.3333333333333335,0,7,7,2,SUCCESS,92374,7JKVnHmBSoW3q8ziFGQNqw
253,PS-Pete,1725477509956,3,92822,85800,278467,4.666666666666667,0,14,14,11,SUCCESS,92822,MC3aujZiQQu65erzRu8hNg
254,GlobalPoint#2461,1725477231821,3,93233,72501,279701,4.0,0,12,12,1,SUCCESS,93233,AGFJEsUHRJqzH4iRI8WxFQ
255,AlanValo,1725478001042,3,93665,92999,280996,0.0,0,0,0,2,SUCCESS,93665,3wsmvmGYS62PZS2ePHYOgA
256,Muthu-TopGunMaverics,1725272665112,3,93727,66251,281183,5.666666666666667,0,17,17,1,SUCCESS,93727,PKVZo9SlQzaqJnU4wgoTzg
257,UnicodeLoop#1953,1725424829857,3,93799,74734,281398,4.666666666666667,0,14,14,3,SUCCESS,93799,T0TNl4QUSkyT1yp31vsAbg
258,UpdatedLanguage#9560,1725355465009,3,93996,90865,281990,2.3333333333333335,0,7,7,3,SUCCESS,93996,4R-GJ5YATiqGbshzVO8grg
259,Minami,1725291069649,3,94015,74044,282045,6.0,0,18,18,2,SUCCESS,94015,lVwyaayLRzCAbFmqCUW9Rg
260,DriftKing#8371,1725232179518,3,94047,72603,282143,5.0,0,15,15,1,SUCCESS,94047,uFfojS_OR5KnqAH_J5ZD0w
261,GOAT2024-Rajababu,1725275343843,3,94057,87445,282171,5.666666666666667,0,17,17,2,SUCCESS,94057,Xne0_LG7SriHp1lIjKkfMw
262,NeilSimon-PanSup,1725200274339,3,94061,90257,282183,6.333333333333333,0,19,19,1,SUCCESS,94061,caj3LxcuQz297jcW58Y--Q
263,#NPC2,1725208975137,3,94218,79799,282655,5.333333333333333,0,16,16,4,SUCCESS,94218,6gkWrOYFQYWwwFsphjJ9sQ
264,Eliza,1725257636314,3,94800,87459,284401,5.666666666666667,0,17,17,6,SUCCESS,94800,0XFCxKtbQYCYNOfaromqEg
265,ASCIIValue#7758,1725520398513,3,94822,73600,284467,5.0,0,15,15,3,SUCCESS,94822,pSpQc11qRAm7cPtkxrRxOQ
266,SaberXrod#4904,1725346460820,3,94973,73511,284920,6.0,0,18,18,1,SUCCESS,94973,JlA_8UNKSVy4lqTejNbZYg
267,harinezumi-DNPds,1725278122218,3,95355,79464,286066,6.666666666666667,0,20,20,2,SUCCESS,95355,6hha6WtBQLCivJX9auQn6A
268,LeetBraces#7234,1725380578644,3,95357,91610,286072,6.333333333333333,0,19,19,6,SUCCESS,95357,NP6uaeuYRDypvA92mOrtKg
269,LoopingNotation#3171,1725277010077,3,95638,77604,286916,5.666666666666667,0,17,17,1,SUCCESS,95638,PBM8e1vqSBOmZc9el-_IFA
270,LizRacer-11,1725378981252,3,95712,72935,287136,6.0,0,17,18,2,SUCCESS,95712,7FY9PNLpTEG2DErIwW5dgA
271,TestingResource#1915,1725217059440,3,96261,86199,288783,2.0,0,6,6,1,SUCCESS,96261,jYXphazXQb6FCTKg-y5cVQ
272,RealRacers-Ebenson,1725272080317,3,96596,86201,289790,6.0,0,18,18,1,SUCCESS,96596,ezyzNUJsS7K55ZZ3YCscQw
273,ImportantShell#3101,1725272882742,3,96933,93867,290799,3.3333333333333335,0,10,10,1,SUCCESS,96933,EM2bE1YRQ_SuSmW7mFTe-Q
274,MSEDU-S2,1725513844597,3,97553,96523,292661,0.0,0,0,0,1,SUCCESS,97553,6N7v5bxMQXa2htIr1fsu3w
275,ESPADA-Racer1#9090,1725261009203,3,97596,97338,292790,6.0,0,18,18,2,SUCCESS,97596,6zPyf3cMR2-hwRVZqKUmyw
276,SequentialUpdate#8237,1725368106093,3,97661,89468,292985,1.6666666666666667,0,5,5,1,SUCCESS,97661,6hSUth_kQUSyxxVXMXAfiw
277,LukeG,1725282427297,3,97712,86934,293138,6.0,0,18,18,1,SUCCESS,97712,iRodzDVrRuaeVxruJO0SPA
278,SwatKats,1725257900194,3,98069,97932,294209,1.0,0,3,3,1,SUCCESS,98069,bByXiomaTpi-5YdfjxLr6A
279,Most-wanted-kone,1725263825516,3,98218,91535,294656,1.6666666666666667,0,5,5,1,SUCCESS,98218,0faN8R-TTvGFM8IEpSLNSw
280,AndrewD,1725182314615,3,98487,84141,295461,6.333333333333333,0,19,19,2,SUCCESS,98487,hyBODeEXTIeVuja7jrzB8Q
281,GoodmanKR,1725265222921,3,98607,91327,295822,6.666666666666667,0,20,20,1,SUCCESS,98607,f905b742ca594aadb529eQ
282,TechnicalLog#7410,1725249816460,3,98754,91261,296264,1.6666666666666667,0,5,5,2,SUCCESS,98754,vOl1QUodTXOhgag9Bviw4w
283,makit,1725201643310,3,99066,83661,297200,6.333333333333333,0,17,19,1,SUCCESS,99066,FQ4kxx42Rn-ywzWMVEad0A
284,anupam1407,1725262891397,3,99067,74401,297203,6.333333333333333,0,19,19,2,SUCCESS,99067,aE70AnvcQXK0UE8urBa2bw
285,RealRacers-Ramesh,1725284147108,3,99419,85066,298257,4.333333333333333,0,13,13,1,SUCCESS,99419,I7X04fcsRS-iI823mlVz6w
286,CyberneticAnalysis#6335,1725349334067,3,99596,92855,298788,5.666666666666667,0,17,17,1,SUCCESS,99596,4lh5HugPQJSpSlQc9OgDvQ
287,MobileVariable#1337,1725504949315,3,99645,98069,298937,2.0,0,6,6,2,SUCCESS,99645,W-hZ6ZM1Q2mBem6rG4RVqg
288,10xSchematic#9039,1725230253623,3,100261,78251,300783,5.0,0,15,15,1,SUCCESS,100261,1uG0M2KDS5KQk2QcJTtYmw
289,Chicago-01,1725402525763,3,100796,86801,302388,6.333333333333333,0,19,19,2,SUCCESS,100796,Rsid4h0pT0WDVmvYWi4ymw
290,KishorW,1725348572596,3,101020,93925,303061,6.666666666666667,0,20,20,6,SUCCESS,101020,g-Mv0AQfTYmBYtHloblpQA
291,IntelligentInterface#9004,1725486494080,3,101176,93404,303528,1.6666666666666667,0,5,5,1,SUCCESS,101176,r9BdnPFiR7GS8Btb4nPcAA
292,ViperTimo,1725254587296,3,101711,97270,305134,6.333333333333333,0,19,19,6,SUCCESS,101711,1Ybuiw4dQbi9vnuDPuti3g
293,UpdatedMetaclass#3802,1725176439081,3,101953,82594,305861,5.0,0,15,15,3,SUCCESS,101953,j7Xhz2owQKSxTXsdBceDrQ
294,Thunderbold#2000,1725301787572,3,101955,78328,305865,3.3333333333333335,0,10,10,3,SUCCESS,101955,Cmz45d4OQzi0F4zqVLIQhg
295,JPMC-HYD-23,1725334344714,3,102288,90864,306864,7.0,0,21,21,1,SUCCESS,102288,_x0Cn4fqTQK9YuuWSD5IsQ
296,GammaCoder#4238,1725208035196,3,102295,92750,306885,5.0,0,15,15,1,SUCCESS,102295,K6B9IfjcQ8G4zqfigucEyA
297,ProvisionalCallback#4223,1725478551701,3,102488,97275,307465,3.6666666666666665,0,11,11,1,SUCCESS,102488,cneqlojETPGkyaiEfQFxkw
298,InfiniteDeadline#4153,1725359516660,3,102820,102265,308461,3.0,0,9,9,1,SUCCESS,102820,ZiiAQHKqTnSfxiK-XpYIPg
299,InfiniteEvaluation#7303,1725274106236,3,102849,88339,308547,6.333333333333333,0,19,19,1,SUCCESS,102849,3SlD2_rXQkG_L-AI7yTcBQ
300,Pirates-of-racing-Narrmadha,1725267751753,3,102953,88319,308861,6.333333333333333,0,19,19,3,SUCCESS,102953,fBrhjm9wQaeRdJklj6zokg
301,ThiagoD,1725370195756,3,103202,99872,309606,7.333333333333333,0,22,22,1,SUCCESS,103202,hEXm0S5DSuKhb9giUIfrwA
302,UrgentSandbox#9572,1725174674150,3,103334,103069,310004,2.0,0,6,6,1,SUCCESS,103334,6fBP27ULR5O2mW6A83VdWg
303,RealRacers-Lido,1725284687756,3,103348,96459,310046,5.666666666666667,0,17,17,1,SUCCESS,103348,rdEK3xxvSVaqu9xn2_GITg
304,Thunderbird#8480,1725353379793,3,103437,87310,310312,6.333333333333333,0,18,19,3,SUCCESS,103437,yR12u-9sQ1ex-5XXluis5Q
305,Predator96,1725370099850,3,103642,79390,310927,7.333333333333333,0,22,22,1,SUCCESS,103642,pEZ4tYI0SCSpGKBMmPqfZw
306,BetaPointer#5294,1725163315721,3,103688,98333,311065,7.333333333333333,0,20,22,3,SUCCESS,103688,gKJANW9iR1e5XgMOi-X9jQ
307,TheGlitcher,1725350052777,3,103751,93185,311254,5.0,0,15,15,1,SUCCESS,103751,qep7WhQeQY2M5011xZboxQ
308,AsynchronousCircuit#7672,1725255016756,3,103888,103006,311664,2.0,0,6,6,6,SUCCESS,103888,6YdwYeV3Sx-wNRi04wzgiA
309,YosanoAkiko,1725164945273,3,104065,90200,312195,7.333333333333333,0,22,22,1,SUCCESS,104065,z18D1m_vTwODe-AVRUu3OQ
310,deepracer-001,1725262768873,3,104237,82814,312713,6.0,0,18,18,6,SUCCESS,104237,ecJ4O99bSzu_dZIqYT-BZg
311,Sandbox7,1725197525575,3,104486,96992,313459,2.6666666666666665,0,8,8,9,SUCCESS,104486,v7tPdEpcSY6jtk-hz5UQnA
312,PS-Perttu,1725457524425,3,104687,96997,314063,2.6666666666666665,0,8,8,1,SUCCESS,104687,DH2WZV9sRI-wV0r0w_NMCQ
313,CodeMetaclass#0229,1725486439124,3,105464,83884,316393,7.0,0,21,21,1,SUCCESS,105464,8gEQvF2PQ-iHFHY8rnU-TQ
314,NicoloRace,1725370166612,3,106377,99326,319133,7.666666666666667,0,23,23,1,SUCCESS,106377,vr1lMXTfS2Gu6RIv8M6lAA
315,RocketRavi#2009,1725264445432,3,106425,101878,319277,2.3333333333333335,0,7,7,2,SUCCESS,106425,Y9tl9E-NTEmjv2cIPxQQcg
316,AsynchronousDelta#9964,1725436518373,3,106642,93599,319927,3.0,0,9,9,2,SUCCESS,106642,VMPpxjecTd-dFiHRPyykSg
317,KONE-IT-RACER-PR,1725271127445,3,106775,81865,320327,6.333333333333333,0,19,19,1,SUCCESS,106775,megRSI57Rc2m8wWt4Db2Qg
318,PS2-Gryffindor,1725387560984,3,106794,87450,320383,7.0,0,21,21,3,SUCCESS,106794,ws6VXJACQbOnpNa4tqXVJA
319,ConnectedCharacter#2397,1725486413694,3,107272,103194,321817,2.3333333333333335,0,7,7,1,SUCCESS,107272,ISXAjvuARw6owYhYxBDsLw
320,PS-KnightRiderKITTY,1725185000860,3,107335,102061,322005,5.333333333333333,0,16,16,7,SUCCESS,107335,dMGJthorSKSiynEl21dDoA
321,Namadeep-TOP-GUN-MAVERICKS,1725256210663,3,107616,86005,322849,7.0,0,20,21,2,SUCCESS,107616,nRABFNEgRsOlRKZWjUenHA
322,TopRacer1,1725505704819,3,107779,103664,323339,2.3333333333333335,0,7,7,1,SUCCESS,107779,DYuOYtOxTJ2mRonLgJhrlQ
323,SG-JPMC-03,1725279859273,3,107938,95395,323816,7.0,0,18,21,1,SUCCESS,107938,LJzDpiNuTFeHu9dsqp1APw
324,EliteRacers-Meenakshi,1725522461517,3,107953,106665,323859,7.0,0,21,21,3,SUCCESS,107953,pRWYO_5ITk67qCi_fL_PzA
325,Karters-PreethiKirubha,1725461182788,3,108328,101810,324985,7.666666666666667,0,23,23,9,SUCCESS,108328,KA6yHzziQ-iF_ZghE6VckA
326,ITEC-AVENGER-VC-KS7,1725270171961,3,108463,87279,325389,7.0,0,21,21,6,SUCCESS,108463,_lH-spdoQjaEDaQjkKUTSw
327,Bashanta-Bikash-CHakma,1725210303395,3,108577,95664,325731,7.333333333333333,0,17,22,3,SUCCESS,108577,cejAn_xcRDytYj-dSoBwLA
328,mgmt-CaptainSlow,1725520447290,3,108774,88342,326324,7.0,0,21,21,2,SUCCESS,108774,OvjjPji2REqw2-ml2VzByQ
329,Sarakata#TechRacers,1725342731970,3,108910,104932,326732,7.333333333333333,0,22,22,3,SUCCESS,108910,5dbCThQtRHSF1srfpxD6TA
330,lambda#31,1725366714210,3,109016,108399,327049,7.0,0,21,21,2,SUCCESS,109016,nSlF2455R3aAy7FXlqAuRg
331,Eviden-TommyMaine,1725388015514,3,109200,94926,327602,5.333333333333333,0,16,16,4,SUCCESS,109200,JepnZjBCR827xPPnTHQ--w
332,ConnectedSystem#3393,1725477591486,3,109818,99661,329455,4.0,0,12,12,1,SUCCESS,109818,ru9iaZg2QLO0PaNLioj8FQ
333,AutomatedNode#3615,1725260736490,3,109885,99263,329655,3.0,0,9,9,1,SUCCESS,109885,eXNxO3JOSWak8stsaGA5aA
334,JPMC-HK02-HongKong,1725486221459,3,109999,79139,329999,8.0,0,24,24,1,SUCCESS,109999,wQl2h07uTuOPY9Uvk9DIEw
335,NowSomeDonkeyCar,1725265590178,3,110401,95751,331204,7.333333333333333,0,22,22,1,SUCCESS,110401,d7Pg_Ma0QlmH09hFeOkSUg
336,ITEC-RACERS-Syed,1725534430984,3,110615,96116,331847,7.666666666666667,0,23,23,2,SUCCESS,110615,5euMUFR7SAaXj4OOG3fWuA
337,Wolf-Warriors-AJ,1725511857266,3,110779,92195,332337,7.666666666666667,0,22,23,4,SUCCESS,110779,RH08uPAUTsCE8GZHRH4Kfg
338,JavaServer#9300,1725436872195,3,111039,107468,333118,6.333333333333333,0,19,19,3,SUCCESS,111039,XlZRB9qlQ6yNLHUiiTfMqQ
339,RocketBuster#0171,1725324240854,3,111174,106473,333522,2.3333333333333335,0,7,7,1,SUCCESS,111174,6eiwhj_bTRqTVh3bLiTOEQ
340,4WS-RameshBabu,1725246526530,3,112049,94672,336148,7.666666666666667,0,23,23,14,SUCCESS,112049,phrnxTInQz-4tSJGx1jTdg
341,JPMC-DFW-DeepRacer2,1725387682258,3,112280,97146,336841,8.333333333333334,0,25,25,2,SUCCESS,112280,0bHKxSFCR2aL2CUrGAZRVQ
342,TheMrDave#123,1725256652097,3,113109,103472,339328,7.0,0,21,21,1,SUCCESS,113109,xiJlDtraQn-LEWqKoK67RA
343,ProcessingResource#6430,1725218116106,3,113552,111799,340657,4.0,0,12,12,1,SUCCESS,113552,rKAhCjqESqWpq1MfiFJy9w
344,QueenBees-yazh,1725526873533,3,113794,105530,341384,7.666666666666667,0,23,23,1,SUCCESS,113794,6Momg4xuRjuzA7owTSP9SQ
345,InfiniteVariable#0861,1725216695882,3,113797,106872,341392,2.6666666666666665,0,8,8,1,SUCCESS,113797,NwftL-A8R3Wp_QA5Y0C7Iw
346,NestedCallback#0416,1725428647536,3,113842,99928,341526,7.333333333333333,0,22,22,4,SUCCESS,113842,oe-60aTnTBCvRgWJ7dARfg
347,10xCommand#8610,1725418334443,3,113846,110072,341540,2.3333333333333335,0,7,7,1,SUCCESS,113846,SfCVaf97Te-YtVwM7KlpxA
348,DeepServer#8752,1725271385556,3,114064,86128,342193,6.666666666666667,0,20,20,5,SUCCESS,114064,1d1x8EYETk22VL29HewU5A
349,IterativeArgument#7693,1725205346715,3,114174,113590,342523,3.0,0,9,9,1,SUCCESS,114174,5XsCXicARbOcLjo4Pdn2MA
350,UsableWorkaround#3673,1725222363723,3,114350,82856,343050,7.0,0,21,21,3,SUCCESS,114350,SuCXyGp4ShiZhT16IsP4pA
351,CrystalMeds,1725541689735,3,114397,103467,343191,8.333333333333334,0,25,25,2,SUCCESS,114397,WPo9ormrSUyVJayF3tmlyQ
352,NumericServer#5955,1725179550730,3,114551,107740,343655,2.6666666666666665,0,8,8,3,SUCCESS,114551,WNBwnCCmS0utO73kkfkUpg
353,pirates-of-racing-sumalatha,1725446610108,3,114690,88064,344070,7.666666666666667,0,23,23,4,SUCCESS,114690,Ny7-dHkPRWqkeKrBRSdQJA
354,Akanksha1008,1725382726777,3,114954,90344,344863,7.333333333333333,0,22,22,1,SUCCESS,114954,3nB6U4FwSSSOFiL5UdmXyQ
355,PradipDas,1725478420714,3,115245,114543,345736,4.0,0,12,12,2,SUCCESS,115245,npSaCeXsSSqB1kJ-sMDLiQ
356,JC-JPMC-Pythonistas,1725412312280,3,116777,91334,350331,8.333333333333334,0,25,25,1,SUCCESS,116777,881406a4a7be4e29b8c9bw
357,LeetValue#6751,1725256179643,3,117017,96933,351053,8.0,0,24,24,1,SUCCESS,117017,sJ9R6xyjQoSB7NMgPjLq7Q
358,ShikhaKoria,1725275119699,3,117081,107002,351243,8.0,0,24,24,1,SUCCESS,117081,i7QxOYA5RlaypP474Rl09w
359,Ranjeet-AUS,1725420970309,3,117088,116804,351264,3.0,0,9,9,2,SUCCESS,117088,rf8PJgesRh2Xj_039T31mw
360,itsamemario,1725465815883,3,117246,110541,351740,8.666666666666666,0,26,26,1,SUCCESS,117246,wwLh1gzdQdyqlJ_HUUfeLg
361,TheEconomist,1725370140332,3,117307,109725,351921,8.666666666666666,0,26,26,1,SUCCESS,117307,_sRt0zAsSvGdTJM-2XSBNg
362,Race-Racer,1725292018549,3,118023,116664,354070,4.0,0,12,12,3,SUCCESS,118023,QPlVbML0R86xOJqvGX-Rbg
363,JeffreyMonte-sph,1725282861150,3,118373,104995,355119,9.0,0,25,27,1,SUCCESS,118373,GLWDtaYeS2eKxZfMhQ6Xkg
364,AutomatedAnalysis#2506,1725486525082,3,118407,99794,355221,3.6666666666666665,0,11,11,1,SUCCESS,118407,JtpN-1APR4amrgWoC4k-3w
365,ComplexError#3010,1725265878473,3,118751,111657,356255,3.6666666666666665,0,11,11,1,SUCCESS,118751,EPVrTMXSSuiEKi2zLHjSyA
366,WULINZHIGUANG#1,1725161453569,3,118818,111530,356456,7.666666666666667,0,23,23,3,SUCCESS,118818,tyo4mDBNR1-EPlRsFPj8vw
367,RocketDiff#5141,1725335967881,3,119040,108199,357122,9.0,0,26,27,1,SUCCESS,119040,A_5fIoiySGuRsbPLvdnV9Q
368,Merlin-Markus,1725433995753,3,119072,113734,357216,3.3333333333333335,0,10,10,2,SUCCESS,119072,T6ZohL1oTHWdFtDuf9rr2A
369,Turbo-shaft-Arun,1725238282034,3,119240,107196,357720,7.0,0,21,21,2,SUCCESS,119240,Izor3M0ZR0mRUrp101SXww
370,SpeedArchitect,1725193309837,3,119285,96867,357856,8.0,0,24,24,2,SUCCESS,119285,sKrV4uy4SDKoLN2ylQ7law
371,MasterMinds-Jaggu,1725192212076,3,119349,109123,358049,8.0,0,24,24,1,SUCCESS,119349,jp1NHxzMS2iHFX0Py9Kmyg
372,LeetExpression#3861,1725498163016,3,119490,113272,358472,3.6666666666666665,0,11,11,2,SUCCESS,119490,GyM5OMCbT_edP5yvwyGCvg
373,BooleanContext#2050,1725335800912,3,119494,114610,358483,3.3333333333333335,0,10,10,2,SUCCESS,119494,YFEu2bevTdOjsBckluRAzw
374,AccessibleObject#9001,1725334996208,3,119820,117931,359462,8.0,0,24,24,4,SUCCESS,119820,G4K9aurDSAK7eOrmcn002w
375,UrgentBreaker#3412,1725266227533,3,119864,103336,359592,7.666666666666667,0,23,23,2,SUCCESS,119864,K9A8_xW1RPux21tJLPpOQw
376,Full-Throttle-19891206,1725528253119,3,119972,119593,359918,8.0,0,24,24,3,SUCCESS,119972,xt5StUtKSl6MHbVVYY81iQ
377,FE-Bhuvana,1725283678237,3,120177,102067,360532,6.666666666666667,0,20,20,9,SUCCESS,120177,GTsbmzptSyOzoJ8Yud0BaQ
378,MLWarriors#Queen,1725338619834,3,120558,106339,361674,7.333333333333333,0,22,22,1,SUCCESS,120558,sSA6kERpQ6uKb-Fnxzzjvw
379,BlockchainLoop#8086,1725274860178,3,120578,120065,361734,8.0,0,24,24,2,SUCCESS,120578,w2x0Aqx5Swi9zUz4dSnXEw
380,Vanez,1725178648806,3,120664,95668,361994,9.333333333333334,0,27,28,1,SUCCESS,120664,x4V4UB83S8SrnXIYzp8ufw
381,FormulaicValue#2263,1725287515329,3,121085,120335,363256,6.0,0,18,18,5,SUCCESS,121085,HHu9cdNjQcG2fesNR0LpTA
382,MSEDU-S6,1725513829566,3,121661,110187,364984,4.0,0,12,12,1,SUCCESS,121661,l8qpZuSeTOmmeM2UKo4iSQ
383,10xBrackets#0538,1725239982465,3,122696,109886,368088,8.333333333333334,0,25,25,1,SUCCESS,122696,OMG8n1FvQxOdfgRP9xMDyA
384,GenerativePackage#4273,1725480589211,3,122707,109181,368121,9.333333333333334,0,27,28,1,SUCCESS,122707,h7y_yKYYRNmmBmeZd5RCpg
385,ShadowPrince,1725352153511,3,123045,93395,369135,8.666666666666666,0,26,26,2,SUCCESS,123045,lVAhK7LfRKiBHLAmdCZ_qw
386,FE-Aarthi,1725530658078,3,123274,89356,369823,7.333333333333333,0,22,22,1,SUCCESS,123274,ngewHFzrTeKAmE_IQlYWKw
387,RADY-ARAVINDH,1725361666065,3,123484,104468,370453,4.666666666666667,0,14,14,3,SUCCESS,123484,NK3PttvvRQagm_OUk1FKfA
388,CarlHouston,1725293991204,3,124488,113146,373466,8.0,0,24,24,5,SUCCESS,124488,GBgU6b1uRw2_RJd0WlF3pg
389,BetaEvaluation#7073,1725279355725,3,124528,123271,373586,5.0,0,15,15,2,SUCCESS,124528,iLEsgQV-QkyUP75BVqg0ww
390,TechnicalLog#0829,1725358075894,3,124682,95600,374048,5.666666666666667,0,17,17,2,SUCCESS,124682,F6jNqYSxRYOY0b0FerAEpQ
391,NeuralSandbox#5378,1725448386164,3,124950,120327,374850,5.333333333333333,0,16,16,1,SUCCESS,124950,myjvptwhSJmGNpgewv9BvA
392,PrimeScript#8396,1725486499262,3,125011,118066,375035,8.666666666666666,0,26,26,1,SUCCESS,125011,mkgfQWahRmq-tgDep6zrTg
393,GenerativeSchema#1332,1725502828743,3,125062,113989,375188,4.0,0,12,12,1,SUCCESS,125062,GqHrM8nwRLql72TR4MybCA
394,Irshad-A,1725332787504,3,125177,121719,375531,9.333333333333334,0,28,28,2,SUCCESS,125177,gBuNPAeST2uu1HcaJ1U8tw
395,4WS-Mohan,1725443154744,3,125444,125134,376333,9.0,0,27,27,1,SUCCESS,125444,SPK9HP0uR9S8C6ZsQxl5cA
396,TechRacers#Nikhil,1725342105472,3,125483,111654,376451,8.333333333333334,0,25,25,5,SUCCESS,125483,p4GkfnYMRC2JHaGxiX0lEg
397,Baiju2024,1725404877007,3,125751,110330,377253,4.333333333333333,0,13,13,1,SUCCESS,125751,4KOIsMF-Qcu-zqgjxRAB6A
398,AccessibleZone#5452,1725190462473,3,125866,118999,377599,4.666666666666667,0,14,14,1,SUCCESS,125866,AZYNosp8Sz2Fn_PzItaTjg
399,JPMC-HK04-HongKong,1725434780940,3,126262,102865,378786,9.333333333333334,0,28,28,4,SUCCESS,126262,EgVFNiAfQeyFls3WLMSOgA
400,MinVerstappen#Roy,1725307250921,3,126795,116723,380385,9.0,0,27,27,7,SUCCESS,126795,iJNsBM_PSA2076zuVhn4QA
401,TechnicalLog#9146,1725263532273,3,127488,123861,382466,4.333333333333333,0,13,13,1,SUCCESS,127488,slwDnkK4R7yro7Rxd-AM-Q
402,FE-sathishbabu,1725528900620,3,128087,113593,384261,9.333333333333334,0,26,28,4,SUCCESS,128087,8LKW95E1S7i9Hd0MRL3rfQ
403,ITEC-MUSTANG#5164,1725271577719,3,128842,118398,386528,9.0,0,27,27,3,SUCCESS,128842,KTprdpiAQv-bFdwbelU0-w
404,JPMC-GLA-HOTWHEELS-EPIX,1725518560018,3,128930,108323,386792,9.0,0,27,27,2,SUCCESS,128930,OGFR5Oo1QFyjii3ClWF2TQ
405,Goose,1725331443891,3,128949,117728,386848,9.0,0,27,27,1,SUCCESS,128949,7KETPnesRxSvT2RgTVOzGQ
406,GenerativeSpec#3553,1725484068028,3,129197,122265,387593,7.666666666666667,0,23,23,1,SUCCESS,129197,9SBZ_pOUS6OkZmQiMhkz2Q
407,JackC,1725376245780,3,129242,119996,387728,8.0,0,24,24,3,SUCCESS,129242,h5PY7dsKQJWCmIRSZ11BbA
408,Stinger-Antti,1725218899976,3,129467,119465,388402,9.0,0,27,27,1,SUCCESS,129467,dlphZNT2RfqjyMdk_B737A
409,ZeroTry#3775,1725482859559,3,129884,129264,389652,9.0,0,27,27,3,SUCCESS,129884,nwsHN7R3RHS7djE_crXVUA
410,IterativeInterface#2542,1725265492075,3,130319,121549,390959,9.0,0,25,27,2,SUCCESS,130319,RYc5AEMISGislt6Cz8ya_Q
411,QualifiedFix#3522,1725513632473,3,130336,122335,391010,4.666666666666667,0,14,14,1,SUCCESS,130336,UiQ9n4CIToev7gQBiff1aA
412,Kire,1725363688968,3,130953,129998,392861,10.0,0,30,30,1,SUCCESS,130953,N0y9CR6fQN-a4UlAFsTC5Q
413,RecursiveNetwork#6401,1725444723704,3,131263,122734,393789,4.0,0,12,12,1,SUCCESS,131263,EyhkBTz9RE28JWq1o4D08g
414,groundbreakers-mahendiran,1725274642847,3,131326,124473,393980,7.666666666666667,0,23,23,2,SUCCESS,131326,l0GGu9rET0GxK9x5xaJMog
415,AgileModel#5042,1725253712617,3,132529,124384,397589,4.666666666666667,0,14,14,3,SUCCESS,132529,Kd65XdTLRVyy1eyklUHC_A
416,BLR-DR-91,1725219907598,3,133021,112732,399064,10.0,0,30,30,1,SUCCESS,133021,VcKul3r3Qy6XH_RU7vy5bQ
417,761242500723-SG23-prakashph,1725464134632,3,133444,115071,400333,9.666666666666666,0,29,29,1,SUCCESS,133444,z3Dr5_R7TpSBzhiXoJKspw
418,Eviden-Rob-Rixson,1725264524180,3,133468,109132,400404,9.333333333333334,0,28,28,1,SUCCESS,133468,YrXDx-_iShCKFcvX5KDIUw
419,JoeSayed21,1725242766376,3,133819,133200,401458,10.0,0,30,30,1,SUCCESS,133819,Gm7v9q0jRP2wZMzmgolbWA
420,charlie-madmax,1725530391823,3,134363,123740,403090,8.0,0,24,24,1,SUCCESS,134363,P0Xsk4mBQ0OKSOZ9wybt6A
421,ASCIIDelta#0081,1725315762059,3,134618,131461,403854,5.333333333333333,0,16,16,2,SUCCESS,134618,o-4WTPP3RtaDDq4he-XqqQ
422,RocketSlice#0273,1725275317021,3,135085,127738,405257,9.666666666666666,0,29,29,1,SUCCESS,135085,gpi9GbITQ2a5-CDTcIBuoQ
423,GOAT2024-PrakashK,1725276572996,3,135221,125393,405663,10.0,0,30,30,3,SUCCESS,135221,uU9umhjpQuG73KXV7G1F5Q
424,SHHS-MUNOZ,1725477555613,3,135958,118274,407875,7.666666666666667,0,23,23,1,SUCCESS,135958,0IaRqYPrRFalu8K8Y9KSrg
425,ConnectedCircuit#2153,1725233920998,3,137332,109869,411997,8.0,0,24,24,2,SUCCESS,137332,PsoH_2CQSy-l7UTN-MkkQw
426,VelocityVirtuoso#8123,1725424414380,3,137338,133393,412016,10.333333333333334,0,31,31,2,SUCCESS,137338,SOaLDMtJTQWr55eR6v710Q
427,Jester-Tester123,1725371897860,3,137666,129331,413000,9.666666666666666,0,29,29,5,SUCCESS,137666,6teytEJsQ_CVBn6sqRoh3w
428,RiyadhUddin,1725183651612,3,137841,115992,413524,6.0,0,18,18,1,SUCCESS,137841,XEDnTwq3S1Kz0rVPu0hfrA
429,DC-BR-st,1725462677314,3,138067,131792,414201,10.666666666666666,0,32,32,2,SUCCESS,138067,efK1ZabCSO-zz1OtjiXcAA
430,Hollywood-southwood,1725374523780,3,138997,131068,416991,9.666666666666666,0,28,29,5,SUCCESS,138997,FruCsIfbRS6i2wuHth93TA
431,TeamAMC-Parvathy,1725198975990,3,139709,132606,419129,6.666666666666667,0,20,20,10,SUCCESS,139709,sP48DB3QQDSdHMjKEbdonw
432,EsteemedShell#4575,1725518768214,3,139952,129736,419858,6.0,0,18,18,1,SUCCESS,139952,LkPJiLWASOqxjNb0d5ILcQ
433,Vishnu-KTOC,1725270576747,3,139953,135330,419859,10.333333333333334,0,31,31,1,SUCCESS,139953,9apOcnnFRgmzrjwi0sefWQ
434,MSEDU-016,1725339193255,3,140127,118916,420383,7.0,0,21,21,1,SUCCESS,140127,T9uPXxfKQc6yLypIvwIA8A
435,Eviden-KnightRider,1725269837202,3,140190,130072,420571,10.0,0,30,30,1,SUCCESS,140190,xa3ZvVNDTLCAoBUnUrjtSQ
436,StormCavalry1000cc-Gryffindor,1725351796294,3,140596,123469,421790,10.666666666666666,0,32,32,5,SUCCESS,140596,snndVttuSwCcUeSJkdY50g
437,Jester-Osku,1725537940546,3,140930,128134,422792,8.333333333333334,0,25,25,3,SUCCESS,140930,kBWQR7DnQcetd_IiSlaS5w
438,VirtualNotation#7533,1725349956963,3,141286,128858,423859,5.333333333333333,0,16,16,1,SUCCESS,141286,bi993CVLR6y9jczM9nWydw
439,AWSomeRacers-Vinoth,1725252210832,3,141330,115050,423992,10.333333333333334,0,28,31,8,SUCCESS,141330,Z-c8Bi5JTwitna783LS8nQ
440,SpinCrashBang,1725382343233,3,142537,131735,427611,10.0,0,30,30,2,SUCCESS,142537,Wpq2wN6vSCepTU_lOAjRuw
441,MSEDU-S16,1725513844689,3,142707,120866,428122,4.0,0,12,12,1,SUCCESS,142707,R59s7HeWR2SLH5Nv5BSZbA
442,Charlie-Aljosha,1725531059539,3,143152,121871,429456,9.0,0,27,27,2,SUCCESS,143152,44NzryZNTxOqYEDF4oBLRA
443,Zero-dayMethod#4884,1725386635700,3,143421,133671,430263,10.0,0,30,30,1,SUCCESS,143421,BwK3ERRcRKOoBH9ZL0sQ5Q
444,CyberneticZone#3513,1725253287459,3,143575,129259,430726,6.333333333333333,0,19,19,1,SUCCESS,143575,lgFOcUVwTFq8hjeX_Buczw
445,VisheshBreja,1725454543652,3,143801,125665,431403,3.6666666666666665,0,11,11,2,SUCCESS,143801,wPI8NJMaThGAHgUmwXCoFA
446,Kave4Lumen,1725453646750,3,144063,130114,432190,10.333333333333334,0,30,31,8,SUCCESS,144063,w5n24VrgSL6pBUmTgu8ugw
447,Deepak-dpk,1725149177174,3,144486,115594,433459,11.666666666666666,0,35,35,1,SUCCESS,144486,gDTBFK77TM6wD6uObZlulA
448,LoopingMetaclass#1136,1725267582809,3,145466,127598,436400,10.666666666666666,0,32,32,2,SUCCESS,145466,i2Hx9jItS9SGNzPzoGtqLA
449,Thenmozhi-S,1725266749095,3,146241,125803,438725,11.0,0,33,33,1,SUCCESS,146241,rAoVQqq6S2er7gO4qGgjsg
450,FantasticFour-Aharish,1725261631019,3,148154,142077,444463,10.666666666666666,0,32,32,6,SUCCESS,148154,ajUa-4YuT4WenY7c7y4Buw
451,RickyBobby78,1725507799335,3,148432,117553,445297,11.0,0,33,33,4,SUCCESS,148432,ET43cMsfSJqnFhLlhWl-jA
452,Sequential486#4593,1725257565801,3,148777,134729,446332,11.333333333333334,0,34,34,1,SUCCESS,148777,XK1NSz79SZOSmhPIt93PiA
453,DeepBlueSpeeder2022,1725242543671,3,148929,113593,446789,9.333333333333334,0,28,28,1,SUCCESS,148929,rdCpX0AnQFu72QyhW2eH0g
454,IterableTag#6253,1725302581761,3,149023,117477,447070,11.0,0,33,33,1,SUCCESS,149023,jBSooYVPSsy27A4g6y85Cw
455,EliteRacers-Anu,1725531489186,3,149286,133799,447859,9.666666666666666,0,28,29,4,SUCCESS,149286,MEQuOZawREijZPHWafzn0Q
456,DavidLiu,1725150429616,3,149286,148192,447858,12.0,0,35,36,1,SUCCESS,149286,p8Kq8gVIS0W9DoFRPItxlA
457,HigherLog#1025,1725260018036,3,149977,146533,449931,11.333333333333334,0,34,34,2,SUCCESS,149977,hSrr_4-6REGVytNda8pung
458,Andromeda-Anoop,1725227638738,3,150593,136245,451779,11.333333333333334,0,34,34,2,SUCCESS,150593,cMluU5jrT-2NtYZNdFFuog
459,Autonics#Bimmer,1725342211472,3,150685,143066,452056,11.666666666666666,0,35,35,1,SUCCESS,150685,rFnlbicuS0ShAQ_gsY57pg
460,Kasturi-Madineni,1725258227950,3,150931,129135,452794,12.0,0,36,36,7,SUCCESS,150931,54bB3G3zSSe6TtpwzKKjtA
461,UrgentDeadline#9648,1725452842702,3,150977,143603,452933,11.666666666666666,0,35,35,1,SUCCESS,150977,HJu988hKTfazYRwKwDGo7g
462,BigAbstraction#8867,1725226478183,3,151709,147259,455129,4.666666666666667,0,14,14,1,SUCCESS,151709,M9bkcRGaRxCz0kmt8BuBEQ
463,MLWarriors#JediMaster,1725306989936,3,151819,127799,455457,11.333333333333334,0,34,34,1,SUCCESS,151819,SCKH4IdDQiuIbH1Wrq7_3A
464,QualityMachine#6039,1725474452630,3,152930,143209,458792,7.0,0,21,21,1,SUCCESS,152930,vaoI1Zm1RYWKpiNxMfaybg
465,Itsme,1725343337597,3,152976,123728,458930,11.666666666666666,0,34,35,2,SUCCESS,152976,arJyrM_DT8KQmofXGiatSg
466,Marvel-McSpeedy,1725382671983,3,153485,131463,460456,8.0,0,24,24,6,SUCCESS,153485,yGeCv9XdTd2YBGdyHDaFcQ
467,JPMC-Columbus-002,1725205324092,3,154221,141130,462664,12.333333333333334,0,37,37,1,SUCCESS,154221,bf79533e497f4bb89ea79w
468,DeepRacer9406,1725154927473,3,154242,111669,462727,12.0,0,36,36,1,SUCCESS,154242,oX5vK1xrTMCEcsx2I49Miw
469,Bruteforce2024,1725269979239,3,154356,143672,463069,11.0,0,33,33,3,SUCCESS,154356,5UVLtOb4TcibrXW1tXWUyQ
470,Pinto,1725322039851,3,154659,140799,463978,12.333333333333334,0,35,37,1,SUCCESS,154659,2HK9bkKhSKK55xXkhFQ6dw
471,Jester-pjotr,1725271653726,3,155105,120449,465317,11.333333333333334,0,34,34,2,SUCCESS,155105,RKkQT0ArRHWJBSQrRuP9Rg
472,ryu,1725178599117,3,155821,150732,467465,12.333333333333334,0,36,37,1,SUCCESS,155821,VJ3BbvBVTJul_5HJYllepg
473,janicedal,1725242229203,3,158021,129597,474063,12.666666666666666,0,36,38,1,SUCCESS,158021,OwKO9HTAS66Q0EhLegROgg
474,ITEC-racers-Gowtham,1725534209449,3,158845,144340,476536,12.333333333333334,0,37,37,2,SUCCESS,158845,2n4P4wL7SJ-u1OeP0woQdA
475,Eviden-Vignesh,1725510584505,3,158892,155267,476676,12.333333333333334,0,37,37,5,SUCCESS,158892,QTHvjVYnR4C9fg0GC2PcEw
476,SquareMetaclass#9664,1725331801816,3,158938,134467,476815,6.333333333333333,0,19,19,1,SUCCESS,158938,M2q9zLpUTtm_mvsNYU_fmw
477,BSi,1725161621809,3,160783,134083,482350,12.666666666666666,0,38,38,1,SUCCESS,160783,2eb231b0a43f4940bfed3w
478,ComplexTester#0136,1725535402693,3,161486,157784,484459,7.333333333333333,0,22,22,1,SUCCESS,161486,NuqqcrSTQSq2yH4iCWRgaw
479,UpgradedValue#4996,1725474865663,3,161529,141058,484589,12.0,0,36,36,1,SUCCESS,161529,b4jTu2aYTbODw_kjYa1_Qw
480,ProgrammingDigit#5073,1725474582317,3,162155,155207,486467,11.666666666666666,0,35,35,1,SUCCESS,162155,wuGVa9GGQfO0Fg4htxFHwA
481,UpgradedSandbox#0982,1725467408464,3,162205,148464,486616,12.333333333333334,0,36,37,1,SUCCESS,162205,Q963qtHCRbahd75IEVY3zA
482,UpgradedBuster#7410,1725480705555,3,162733,148193,488199,7.333333333333333,0,22,22,1,SUCCESS,162733,fX3AiPAhT2qBsL0Am445Nw
483,UndercoverRacer,1725435629650,3,165286,151469,495859,12.333333333333334,0,37,37,1,SUCCESS,165286,rnfzzA5fTtuJ9_R3GA3r_w
484,UnboundTest#8772,1725425296753,3,165931,147455,497795,10.666666666666666,0,32,32,4,SUCCESS,165931,DTZU0bVoRZqHX53VzJzb9g
485,DataNerds-Rubesh,1725219431667,3,166179,148402,498539,11.666666666666666,0,35,35,1,SUCCESS,166179,0vtv45HeTbCEBGrYpf9UBA
486,SecureUpgrade#4537,1725311883034,3,166506,145328,499518,12.0,0,36,36,4,SUCCESS,166506,sMwUR5YkTVSoO6LkCIIDhQ
487,B-mpers,1725449123402,3,167336,166665,502009,13.0,0,39,39,2,SUCCESS,167336,hKPhCZwZQvmfw4_j-4qvqQ
488,TechnicalDataset#5042,1725349966975,3,167635,147924,502907,8.0,0,24,24,1,SUCCESS,167635,waONObJlTfSClEYFfFk8AQ
489,RobotPresentation#1937,1725267443050,3,168175,129118,504526,13.666666666666666,0,38,41,2,SUCCESS,168175,UeBwFPygRiuGQu--QMtDwA
490,Mastricks-Ajay,1725265064233,3,169317,151673,507953,13.666666666666666,0,41,41,4,SUCCESS,169317,V-W4ZFjKQtumh4nxdG_Abw
491,gstir-eviden,1725457864324,3,169977,160263,509931,14.0,0,42,42,2,SUCCESS,169977,nwuwZ-jeTUONVNEMz70LAw
492,StructuredArgument#1992,1725484750310,3,171041,157669,513123,12.333333333333334,0,37,37,1,SUCCESS,171041,9pzVjcwpQIKFopqeV6zPBw
493,AlphaEvaluation#0900,1725287582389,3,171625,154132,514876,8.666666666666666,0,26,26,2,SUCCESS,171625,qeVr_NTGQJ-zx1_sbmfr9A
494,CloudFestival2022,1725381322620,3,175620,162455,526861,9.333333333333334,0,28,28,1,SUCCESS,175620,OzBSw18rTRyTLKkegEqpEg
495,hyxgjzx087,1725528678287,3,176887,165266,530662,12.0,0,36,36,1,SUCCESS,176887,51A1dtCgT6SGv5FHJQ8O-Q
496,MSEDU-S5,1725513824382,3,176889,167862,530667,14.0,0,42,42,1,SUCCESS,176889,CEtgVKJbSlik_4fouCZWBA
497,JPMC-DFW-DeepRacer9,1725506235624,3,176999,169940,530997,14.666666666666666,0,44,44,2,SUCCESS,176999,LPqSQTz6T22eT_XnK6kkJw
498,Extreme-Heimonen,1725531673040,3,178661,165259,535985,14.333333333333334,0,41,43,4,SUCCESS,178661,8hBjqo35Rt-aPlvK3twNFQ
499,ProgrammingHacker#0518,1725163012070,3,180469,173332,541407,14.666666666666666,0,42,44,3,SUCCESS,180469,B1OqwzYoQZCUAoFTcD1jfA
500,StructuredModel#9170,1725483804862,3,180556,176804,541670,14.333333333333334,0,43,43,1,SUCCESS,180556,XVsMzxI1S5WsL0cZstXcqQ
501,Dinesh-Dinu,1725272567748,3,181596,161535,544790,15.0,0,45,45,3,SUCCESS,181596,T16jGFN1RjK3HV9_UaZ6lA
502,Wolfwarriors-Ram,1725535624951,3,181662,163126,544988,14.666666666666666,0,42,44,5,SUCCESS,181662,rREOrNoES_Wldrd_kf5D1g
503,Eviden-Gladiator-AJAY,1725374321153,3,181817,169323,545451,15.0,0,44,45,3,SUCCESS,181817,-aSOEm6ETki7Ia07Qr0-Yg
504,CreativeEngineer#3791,1725483430498,3,182578,175869,547734,9.666666666666666,0,29,29,1,SUCCESS,182578,5cY8Tok9SuK99vNJ_Rd2KA
505,IceManNCSU,1725386320685,3,183064,150598,549192,15.0,0,45,45,1,SUCCESS,183064,3a7d947b99fb49f682909Q
506,MasterMinds-Saranya,1725268007563,3,183402,175335,550208,12.666666666666666,0,38,38,1,SUCCESS,183402,2A43FfJ4Q520tZXWtjhfXQ
507,MemoryTable#2028,1725318531694,3,186038,145930,558116,10.666666666666666,0,32,32,1,SUCCESS,186038,Q9n1usx-RLisjKqO3gPCSQ
508,Zero-dayExpert#4950,1725474532533,3,186264,179393,558793,14.666666666666666,0,44,44,1,SUCCESS,186264,jlUKc3S0QjC1KnWoOiKYNg
509,VigneshJ,1725193688550,3,186817,181323,560452,15.333333333333334,0,46,46,3,SUCCESS,186817,KW56yr8xRyGnAQNaG5a98w
510,Vino-Vignesh,1725250585515,3,189908,166003,569724,15.333333333333334,0,46,46,3,SUCCESS,189908,KHGHH3mxTHuQ5Qq9_lEhwg
511,MiddleAgedMutantNinjaCoder,1725332100574,3,190533,172327,571600,14.666666666666666,0,43,44,1,SUCCESS,190533,LroaJOi9R0W2azYcUdB5lw
512,MSEDU-S3,1725513839304,3,190994,177652,572984,15.0,0,39,45,1,SUCCESS,190994,610JeP3hRkmjuhaESDa1Dw
513,NithyaShreeJawahar,1725245663225,3,191821,185792,575464,15.666666666666666,0,46,47,6,SUCCESS,191821,5jc1IiXjRteIlFErGG7Ppw
514,ThisDocumentation#6485,1725474531904,3,191841,188134,575524,13.333333333333334,0,40,40,1,SUCCESS,191841,IGSi89gCQJycjfGkABTS7Q
515,BackloggedArithmetic#3359,1725274898330,3,194958,173939,584874,16.0,0,48,48,1,SUCCESS,194958,VuV53Gu1Rf2HB8Ri6OuU7Q
516,IterativeGlyph#8277,1725484705183,3,195374,187597,586123,15.666666666666666,0,47,47,1,SUCCESS,195374,nEpZT4fsS2-E525GQO6bXQ
517,ASCIILanguage#0021,1725483227335,3,195718,185562,587156,16.0,0,48,48,1,SUCCESS,195718,iy8g8FyBRkKT_ko51izTBg
518,CreativeExpression#6098,1725483445915,3,196935,179673,590807,15.666666666666666,0,47,47,1,SUCCESS,196935,3DqG-Qh4Q22CT2T5KnUA3A
519,GlobalTester#4771,1725375214766,3,197690,164531,593070,11.0,0,33,33,1,SUCCESS,197690,yEunKftHTv2ueVxOMeXuJw
520,FormulaicShell#2758,1725474830133,3,199306,198935,597919,16.0,0,48,48,1,SUCCESS,199306,kGkCqC0QRbqufCgywGpJbQ
521,HashableNumber#4482,1725215194830,3,204223,187729,612669,15.666666666666666,0,47,47,1,SUCCESS,204223,Mw5qb7u_Sum1JkfIJLlAwg
522,TechnicalExpert#8456,1725259491997,3,205332,194596,615997,17.0,0,51,51,1,SUCCESS,205332,7epqhmMYRSaBpi1zChvbuQ
523,Thegroundbreakers-Akilan,1725540938549,3,205842,201404,617527,16.333333333333332,0,49,49,1,SUCCESS,205842,4ZXL3XI7TH2wYnPWk22w9A
524,Vy-MOD,1725266212414,3,205884,194199,617654,17.0,0,51,51,1,SUCCESS,205884,lYTXcssqRdCEzlp-qZNI9w
525,SequentialComment#5762,1725413384879,3,207176,197336,621530,12.0,0,36,36,1,SUCCESS,207176,mlQb2GHQRA2O6rtDbbByOQ
526,Extreme-Antti,1725368991297,3,209394,184657,628184,16.333333333333332,0,48,49,3,SUCCESS,209394,HrrO6txKRnWSHdA5iTWHIQ
527,KOAIE,1725292089317,3,210127,185599,630381,17.333333333333332,0,52,52,1,SUCCESS,210127,MEyolotoSUuzOaObIRt_8w
528,4WS-Bharath,1725265787524,3,215353,194598,646059,18.0,0,54,54,1,SUCCESS,215353,LSKN7XDXT-SXWIRiu53eow
529,Mastricks-Vijay,1725453571082,3,216905,206797,650716,18.0,0,52,54,1,SUCCESS,216905,KIu-lZ13TUiXy-GYMH7GcQ
530,InfinitePackage#3274,1725477621712,3,220287,207063,660861,14.333333333333334,0,43,43,1,SUCCESS,220287,AO4Ca6loTAqkNOxHGvAMYg
531,MobileBreaker#4647,1725439667897,3,223284,212460,669852,19.0,0,57,57,2,SUCCESS,223284,1y7XzhMVT5-CgpV7DwOcpg
532,BackloggedParameter#3084,1725484143980,3,223290,216261,669872,18.666666666666668,0,56,56,1,SUCCESS,223290,c88SO1iWSUClGm6oJmyLSg
533,hyxgjzx089,1725529413780,3,225863,194057,677591,18.333333333333332,0,55,55,1,SUCCESS,225863,PnamIueaQ1el3dX1OsJ73g
534,KTOCDeadPool100,1725247939534,3,226066,202210,678200,18.333333333333332,0,55,55,2,SUCCESS,226066,vZ0y3-WGTnCwxh6nmXAtSg
535,IterativeMachine#5632,1725484407246,3,227044,223334,681134,19.333333333333332,0,58,58,1,SUCCESS,227044,M76xLDpoRj24kvW03cJ7Qw
536,SeriousSam,1725263000251,3,229355,207465,688067,19.0,0,57,57,1,SUCCESS,229355,PqTD8Y8CQPKVXMy5zW_08A
537,DesktopAttention#7544,1725349214257,3,232289,207132,696869,19.333333333333332,0,58,58,2,SUCCESS,232289,rC5oIJq-RMS4LZNuOM1efg
538,KTOC#Israel,1725530371621,3,232352,205328,697057,19.333333333333332,0,56,58,1,SUCCESS,232352,5nvqVw6PQc2QKo8nzGeU_g
539,MSEDU-S1,1725513834255,3,234373,196922,703119,19.333333333333332,0,55,58,1,SUCCESS,234373,71v06eGiTkyolFRnvsuWnw
540,JPMC-JC-go-anime,1725372064561,3,243198,236263,729594,15.666666666666666,0,47,47,1,SUCCESS,243198,252ec499ac2d4391836a6Q
541,ProgrammingUpgrade#9264,1725276518937,3,246685,228852,740057,20.666666666666668,0,62,62,1,SUCCESS,246685,SIh4DOIlROSfwiZg_VXEug
542,BLR-DR-013,1725433004935,3,247949,226383,743847,21.0,0,63,63,1,SUCCESS,247949,9TUvai2zT6-jC5J4VM6uAQ
543,UnicodeGame#8602,1725533820056,3,251373,237398,754121,16.333333333333332,0,49,49,1,SUCCESS,251373,1uMsPES_QISbFFHUu1DMWQ
544,UnboundArchitect#0532,1725474527720,3,253203,239477,759610,16.333333333333332,0,49,49,1,SUCCESS,253203,fRodZhJ2SHGM_SE3BVngrw
545,ADASConquerors-Haripirasath,1725207787832,3,257953,239268,773861,21.666666666666668,0,65,65,1,SUCCESS,257953,8BXQpIOpQGa4rEHXw9EV8g
546,SolvableCoder#0845,1725525937750,3,260264,242987,780793,22.666666666666668,0,68,68,1,SUCCESS,260264,OKAeTCdeTv2bsaNSq-mXuA
547,Bisekleta04,1725233010178,3,264022,253194,792068,21.0,0,63,63,1,SUCCESS,264022,Sr2xc3BXRDSaVMaM2w4O6g
548,UrgentClass#7965,1725483269051,3,264910,253934,794732,23.0,0,69,69,1,SUCCESS,264910,JNFQm_KuROiqQxT0iEmXXw
549,ALL0085,1725468103922,3,275241,247063,825723,23.666666666666668,0,71,71,1,SUCCESS,275241,SY480IxqRgmgd_T1Ry6QDA
