Alias,SubmissionTime,LapCount,AvgLapTime,BestLapTime,TotalLapTime,AvgResets,CollisionCount,OffTrackCount,ResetCount,SubmissionCount,Rank,LeaderboardSubmissionStatusType,RankingScore,RacingDivision,UserId
DoomBuggy,1635199336682,3,24556,23851,73668,0.0,0,0,0,384,1,SUCCESS,73668,OPEN,QakV_nzOTm2q_NhqUMwIJw
DoomBuggy2,1633657242966,3,25609,23935,76828,0.3333333333333333,0,1,1,8,2,SUCCESS,76828,OPEN,8t9wQ_P1SyOdNkWCxHpWiw
ovbiedo-pataki,1634806204754,3,26750,26315,80251,0.0,0,0,0,619,3,SUCCESS,80251,OPEN,djd04ZlYRNGKRz_dIbKvlA
CGS-N00bRac3r,1635298021780,3,29496,26720,88489,3.0,0,9,9,169,4,SUCCESS,88489,OPEN,TV9WKnh6SqaCREjHP7EjCw
Racer0,1633103667019,3,29687,26800,89062,2.6666666666666665,0,8,8,1,5,SUCCESS,89062,OPEN,dY54GPz6Q4-ri__AZcnzog
awsandy,1634853175964,3,30248,28537,90744,0.3333333333333333,0,1,1,18,6,SUCCESS,90744,OPEN,qqgllayMTaSETlvPOdz2kw
BeepBeepRibbyRibby,1634430557870,3,33352,32724,100056,1.0,0,3,3,17,7,SUCCESS,100056,OPEN,b36yGISCT_W-i-fEv_Dp-A
Geronimo,1634577372815,3,33458,31665,100375,0.3333333333333333,0,1,1,1,8,SUCCESS,100375,OPEN,e-wTIT-ZSCigYVXw1SkGYw
JPMC-BMTH-DarkStars,1634626446687,3,34020,31862,102061,1.6666666666666667,0,5,5,16,9,SUCCESS,102061,OPEN,w-ggkAnwSy-4JMty4ympSg
BrainyTest#7599,1633054438447,3,34175,31531,102525,1.6666666666666667,0,5,5,5,10,SUCCESS,102525,OPEN,k_aoSr_DRFq9xHHBn97OKQ
Sigmoid,1635177062489,3,34616,33603,103850,0.0,0,0,0,65,11,SUCCESS,103850,OPEN,2lPg1P8tSkOZzqoT9tFOkA
NguyenTrungThanh,1633049026721,3,35491,30941,106473,4.0,0,12,12,5,12,SUCCESS,106473,OPEN,kaVGgECET--R_b6c8bHhpQ
JPMC-HongKong-S-paceX,1633931729599,3,35651,34625,106953,4.0,0,12,12,33,13,SUCCESS,106953,OPEN,VpvceE1oSh6YMrECcvArOQ
RomyRacing,1634334496634,3,36615,34209,109846,2.6666666666666665,0,8,8,14,14,SUCCESS,109846,OPEN,lm-aIv1GShOTcqyk7IbVdQ
BetaPatch#1919,1634434775207,3,37017,36200,111053,4.0,0,12,12,1,15,SUCCESS,111053,OPEN,NDL2SoijTgWFWvGX48wMXQ
Pangzi,1634979560635,3,37060,33934,111182,4.666666666666667,0,14,14,11,16,SUCCESS,111182,OPEN,QwoLeMNTT1W-5WgadmNZCg
AutoSpeedingBalancer,1634920217741,3,37529,34984,112589,1.6666666666666667,0,5,5,6,17,SUCCESS,112589,OPEN,XpOGgHTMRX6hlu2Lab3yqA
DorothyChen,1633067466428,3,37665,32928,112997,5.333333333333333,0,16,16,7,18,SUCCESS,112997,OPEN,tVI5ju_VTf2q4HzMfRgivg
JaguarRobotics-Blaze,1635032976917,3,37775,34754,113326,0.6666666666666666,0,2,2,11,19,SUCCESS,113326,OPEN,JFZUNkIURT2jaHS6Hf5I0Q
NSX,1635276804388,3,37824,35871,113472,1.6666666666666667,0,5,5,2,20,SUCCESS,113472,OPEN,gPCX-G2gRge0e2BEAfBDqw
ChoiJunYeong,1635219956005,3,38063,37926,114189,2.0,0,6,6,55,21,SUCCESS,114189,OPEN,dL7KOE4GTayQL41P_ptoXw
Unsupervised-Racers,1633092338107,3,38105,36738,114317,2.3333333333333335,0,7,7,1,22,SUCCESS,114317,OPEN,owY2-b_kS9aa8-39rBz7Kw
Ainat,1633672957747,3,38217,37463,114653,1.0,0,3,3,17,23,SUCCESS,114653,OPEN,EvQn1lNGQSKUlDOFYxuskA
capstone-018-addspeedweight-3,1634725010057,3,38447,36868,115343,4.666666666666667,0,14,14,2,24,SUCCESS,115343,OPEN,GtjvtWVhQ06FlVLGQKg51w
JPMC-MUMBAI-FormulaAI,1633100828255,3,38663,36597,115990,5.0,0,15,15,2,25,SUCCESS,115990,OPEN,Gx2StgEoSza3Gxxo4Oghug
Queens-Stalion,1635141649975,3,38801,34839,116405,1.3333333333333333,0,4,4,29,26,SUCCESS,116405,OPEN,XIWvn31-SSyMad8QBXw6Mw
5thStWaffleHouse,1633458722961,3,38980,37212,116941,3.0,0,9,9,8,27,SUCCESS,116941,OPEN,OBD2dIZXS-S5qBalgCoUEg
RushingBear-NUK,1633075901104,3,39239,35994,117717,3.0,0,9,9,7,28,SUCCESS,117717,OPEN,R2fKLJClSIyIZKqNmDKkTA
PrimeServer#4161,1634460651461,3,39331,38001,117993,4.666666666666667,0,14,14,5,29,SUCCESS,117993,OPEN,ZdWjoIFnRHmIAJ1p15oiCQ
CGS-Skoota4ever,1635206323646,3,39445,36270,118337,3.6666666666666665,0,11,11,6,30,SUCCESS,118337,OPEN,F2k_OHHQSWOlYlhbzzvP5w
NataliiaKulabukhova,1633864355422,3,39470,36729,118412,0.6666666666666666,0,2,2,19,31,SUCCESS,118412,OPEN,Lyai0QrXQyGvx391WXtrXg
MastBosch-DNPds,1633049133132,3,39525,38108,118575,5.666666666666667,0,17,17,1,32,SUCCESS,118575,OPEN,KHwVzXk7RF-UpZvca_jzUg
hirosys,1634986763015,3,39566,34409,118699,1.6666666666666667,0,5,5,77,33,SUCCESS,118699,OPEN,DhYHXwMpSFuKMR0_Hv3Ndg
BiSou,1635010519189,3,39621,38864,118865,5.333333333333333,0,16,16,12,34,SUCCESS,118865,OPEN,qVCZlB9WRH2GUh6wIb-19g
JPMC-HYD-CircuitBreakers,1633095800909,3,39812,38464,119438,0.3333333333333333,0,1,1,21,35,SUCCESS,119438,OPEN,vA_gK0vxTNWI-MTWEWLAxw
MK-47,1634952620482,3,39843,35460,119530,1.3333333333333333,0,4,4,2,36,SUCCESS,119530,OPEN,KjsUFcsMRZKRsU5BJvYkPg
UrgentAnalysis#9750,1634568300957,3,39862,39255,119586,5.0,0,15,15,31,37,SUCCESS,119586,OPEN,_OH20iSUTt6pXCe7By0PuA
capstone-018-new-16-3,1635070324690,3,39928,33194,119785,5.666666666666667,0,17,17,1,38,SUCCESS,119785,OPEN,TZILk9fAQwO6OL7d1MxLUw
SwethaDeepRacer,1633051714686,3,39986,37462,119960,2.6666666666666665,0,8,8,1,39,SUCCESS,119960,OPEN,gRScGEGDTKKTiUUdqcb2kg
AIAMBORISUT-cit,1634940101753,3,40356,35870,121070,2.3333333333333335,0,7,7,33,40,SUCCESS,121070,OPEN,q4y0ScNjTaWiQLjvlX_Vkg
DmitriiUbirailo,1633199993879,3,40710,31939,122131,2.0,0,6,6,49,41,SUCCESS,122131,OPEN,w-TBIlbNSRC1GIXOUJ0yRg
MachineExpression#4650,1635140367000,3,40837,38877,122511,5.333333333333333,0,16,16,12,42,SUCCESS,122511,OPEN,WtRmLF2GShCSNwNIhN3Wcw
Wingism,1633095274212,3,40910,40327,122732,4.0,0,11,12,3,43,SUCCESS,122732,OPEN,Spey2yUETeKA1doS2t-McQ
LU-Matt-TTM-v1,1634169859617,3,40938,40077,122816,1.3333333333333333,0,4,4,40,44,SUCCESS,122816,OPEN,jwRe1QkMQa-447Knhs6rkw
AS-0905,1633923476767,3,40977,36594,122933,3.6666666666666665,0,11,11,44,45,SUCCESS,122933,OPEN,ccMzj_R6RrO6u5opwYhX8g
capstone-020-more-speed-2,1634506776938,3,41089,38782,123268,5.666666666666667,0,17,17,1,46,SUCCESS,123268,OPEN,kFftgj4nQHuXgeC6pvdJSg
NeoAdaptation,1633159342071,3,41115,38202,123346,4.0,0,12,12,1,47,SUCCESS,123346,OPEN,dvLhYHuiSc2OoVf7nrTVag
AstroBoy,1634507781841,3,41295,37741,123887,1.6666666666666667,0,5,5,24,48,SUCCESS,123887,OPEN,XOXdrLinRO-5FwZjWbKecQ
capstone-018-addspeedweight-2,1634655571433,3,41393,39721,124181,5.333333333333333,0,16,16,2,49,SUCCESS,124181,OPEN,yA0vBSJNRFq0fOYVblFeuA
VariableDebugger#3903,1634910561181,3,41399,38856,124198,2.3333333333333335,0,7,7,29,50,SUCCESS,124198,OPEN,xQ4_XXTOTdunbP7xpjsmkg
Zero-dayNotation#0873,1633081123678,3,41440,39663,124320,3.3333333333333335,0,10,10,1,51,SUCCESS,124320,OPEN,4QpKTOPxSsWgzRRNDHpdlA
Team-CC,1634123246411,3,41467,37536,124401,3.3333333333333335,0,10,10,34,52,SUCCESS,124401,OPEN,35wugsFLTLesIrJTO4BFPA
Shreyasi,1633165310201,3,41536,40066,124608,1.6666666666666667,0,4,5,6,53,SUCCESS,124608,OPEN,bCy_5iYESeGwCbF5orExPw
KhushiCarpenter,1634827578547,3,41554,37532,124662,2.0,0,6,6,10,54,SUCCESS,124662,OPEN,ewRJCfkgS9uisXO8SZR5XA
SRE-Aidan,1633078782250,3,41599,37330,124799,3.6666666666666665,0,11,11,1,55,SUCCESS,124799,OPEN,1rXjpWlKRyiBAiYXI8OM1w
AlexanderKorytko,1633440190131,3,41666,39926,125000,4.333333333333333,0,13,13,10,56,SUCCESS,125000,OPEN,H6z6Wf1HQSmfoNYo6NE9vg
Bazinga-73,1635300929856,3,41753,38399,125259,1.6666666666666667,0,5,5,39,57,SUCCESS,125259,OPEN,7b59005b189b443fb6433w
UnicodeZone#0259,1633629813062,3,41912,41474,125737,0.0,0,0,0,2,58,SUCCESS,125737,OPEN,2s4GkcKnRPu9L9-vDcKv5A
CheongSikFeng,1633764305920,3,42018,40529,126054,2.3333333333333335,0,7,7,10,59,SUCCESS,126054,OPEN,7nFQn0G9TzaXmSpgFwbKsA
QQKK,1634649487793,3,42026,39803,126080,5.666666666666667,0,17,17,11,60,SUCCESS,126080,OPEN,wD3fjDFZTJaZd9AU7WRDlA
ConnectedFix#1402,1634469760912,3,42042,38989,126126,6.0,0,18,18,1,61,SUCCESS,126126,OPEN,KXcNNiX1TjChMqLDIFg87w
MisakaMikoto,1634999350786,3,42084,32202,126254,4.666666666666667,0,14,14,10,62,SUCCESS,126254,OPEN,Ie-vR09QS0aDDgjxzMoSdw
Zero-daySlice#3426,1634606772321,3,42198,38469,126595,5.666666666666667,0,17,17,1,63,SUCCESS,126595,OPEN,JiTtv-GfSb2qvXMCY4ox2w
capstone-018-more-speed-2,1634551355438,3,42292,38670,126876,5.666666666666667,0,17,17,1,64,SUCCESS,126876,OPEN,NGr2bKBeT8izOQ1CxwAdXg
StillNotSkynet,1635196963063,3,42293,40003,126879,0.3333333333333333,0,1,1,7,65,SUCCESS,126879,OPEN,bGGDYr_1RuW9jN9uSm4jHg
capstone-016-more-speed,1634398335997,3,42424,42197,127273,5.0,0,15,15,3,66,SUCCESS,127273,OPEN,34N_f0wyTmqjPjl__s194g
Digimon,1635166958540,3,42641,38332,127923,7.0,0,21,21,17,67,SUCCESS,127923,OPEN,7GqSyoIYTHSG8Xsw2L67Ug
Green-hive,1634640006647,3,42690,41869,128070,3.6666666666666665,0,11,11,13,68,SUCCESS,128070,OPEN,bHj4ARa2QxaqpIhff1Xf_Q
SugimotoT-MAINICHI,1635140023483,3,42821,38938,128463,2.6666666666666665,0,8,8,27,69,SUCCESS,128463,OPEN,epaaeU-zQEm8hURlZLBhBg
Alone,1633046809105,3,42911,40173,128734,5.0,0,15,15,2,70,SUCCESS,128734,OPEN,vVLldFpfR32KUaZOn6LfKA
capstone-018-new-32,1634956083815,3,42911,39202,128735,6.0,0,18,18,1,71,SUCCESS,128735,OPEN,cUcOmD1PT4GyEfTZE3Y0sQ
capstone-019-more-speed,1634469011264,3,43084,38729,129254,6.0,0,18,18,1,72,SUCCESS,129254,OPEN,wpfoPNC-StSkEEVMFf4MvQ
ran,1634795767439,3,43122,42856,129367,0.0,0,0,0,7,73,SUCCESS,129367,OPEN,0EUrAmItS4WdQy1alvAP6A
RiskyBusiness-,1634269666306,3,43183,42736,129550,4.0,0,12,12,6,74,SUCCESS,129550,OPEN,EdRXMbesTIqGhKNHrlQi0Q
ContinuousSlice#1180,1634900292985,3,43202,39867,129607,7.0,0,21,21,1,75,SUCCESS,129607,OPEN,X1BeMQSNTF6HZCLieWIWlQ
BG,1634109862533,3,43281,39596,129845,4.0,0,12,12,8,76,SUCCESS,129845,OPEN,6df3e0336edd465d8fc84w
JaguarRobotics-Turbo,1635127985827,3,43296,39349,129889,2.0,0,6,6,22,77,SUCCESS,129889,OPEN,2K6jhKksRXio4lxsu76IvQ
RecsGonnaWreckIt,1633557620305,3,43419,37659,130257,5.333333333333333,0,15,16,8,78,SUCCESS,130257,OPEN,2ig4_VL5S2Sg1T-t5BdHpA
InkaV,1635026384324,3,43461,39969,130385,2.0,0,6,6,7,79,SUCCESS,130385,OPEN,fUXm_x-zQrW6UFBbdmEbeQ
ProcessingByte#8777,1633496019008,3,43491,40995,130475,2.6666666666666665,0,8,8,2,80,SUCCESS,130475,OPEN,PtyML23JQhOsFMiKNnAoFw
IterableDescriptor#7161,1634775778956,3,43550,41325,130650,3.0,0,9,9,85,81,SUCCESS,130650,OPEN,kQJo4ggDSBuvJeG66QqXxg
rvi-racer-21,1634919524630,3,43582,40402,130747,1.6666666666666667,0,5,5,6,82,SUCCESS,130747,OPEN,35k6_R2xROmunk5Dqs2Hfg
RocinanteAI,1634331926141,3,43585,40470,130757,3.6666666666666665,0,11,11,28,83,SUCCESS,130757,OPEN,8o-9Dt7ITyiUP0jVWHxUKg
TestRacer123123,1633225921094,3,43641,40054,130925,3.6666666666666665,0,11,11,4,84,SUCCESS,130925,OPEN,IWNeSoPoQJ6WpOn9fd7Hmg
Bayang,1633070330057,3,43642,41410,130927,5.666666666666667,0,17,17,5,85,SUCCESS,130927,OPEN,7025becd29d44c3ca24b2Q
AlexanderTyagunov,1633660803672,3,43660,36536,130982,3.3333333333333335,0,10,10,3,86,SUCCESS,130982,OPEN,Z-u3MTKEQ0K4tSrCMheEaQ
AsynchronousToken#2660,1634687790251,3,43691,42932,131073,6.0,0,18,18,4,87,SUCCESS,131073,OPEN,S2_5BKo4QaapGHRij3jl5w
VasiliHapanovich,1633383315168,3,43716,41137,131150,3.6666666666666665,0,11,11,13,88,SUCCESS,131150,OPEN,qfXof-6xTAq0kpVHhU2P5Q
scruffylookingnerfherder,1634844437292,3,43730,39533,131191,4.0,0,12,12,18,89,SUCCESS,131191,OPEN,umaCQZ-mTvGPF_c9bcXVyw
RecursiveTest#8542,1633813165012,3,43775,41864,131326,3.3333333333333335,0,10,10,46,90,SUCCESS,131326,OPEN,BeQY8vUaQZ2MQszbDGu3Ng
JPMC-HK-MegaRace,1634921662626,3,43801,39072,131403,6.333333333333333,0,19,19,21,91,SUCCESS,131403,OPEN,EgVFNiAfQeyFls3WLMSOgA
KenYang,1633766048282,3,43840,41197,131520,4.0,0,12,12,2,92,SUCCESS,131520,OPEN,zxci-KZJSx-9hB8BtBhjNg
ViktorMishyn,1633427560448,3,43861,41849,131583,1.3333333333333333,0,4,4,16,93,SUCCESS,131583,OPEN,xhKPT0W7SzaW8Kpf1nm0Uw
MIkhailPenkin,1633715846387,3,43868,41537,131605,4.666666666666667,0,14,14,2,94,SUCCESS,131605,OPEN,yeOw-VmrS5GLbMp4eh-oew
NullMachine#7004,1634380556618,3,43961,39988,131884,5.0,0,15,15,1,95,SUCCESS,131884,OPEN,gcriZGrpSjalzCRKxL6fGw
DraftDocumentation#4895,1633059960564,3,43982,35604,131947,5.333333333333333,0,16,16,1,96,SUCCESS,131947,OPEN,fhhH_Ml7QeCg9zVVeW9jPQ
spidey,1634268649916,3,43986,40510,131958,4.0,0,12,12,5,97,SUCCESS,131958,OPEN,9ce954d4cb9d43bc9bd9cQ
capstone-013,1634331744112,3,44013,43329,132040,4.0,0,12,12,1,98,SUCCESS,132040,OPEN,MPLhrI02QpacjK4JcO0Tiw
Team-Sonic,1633437306499,3,44095,41339,132285,3.0,0,9,9,3,99,SUCCESS,132285,OPEN,K_d7baeYSOemch3Eb197xg
DigitalGlyph#2447,1634379893874,3,44096,43742,132288,4.0,0,12,12,1,100,SUCCESS,132288,OPEN,mUhgYHmrSoepsCHBfRbhPw
MechanicalCircuit#4285,1633981727738,3,44121,40278,132364,3.0,0,9,9,15,101,SUCCESS,132364,OPEN,Ny_2CieKSkuevfDgDbAW9A
MagRacer,1635268853019,3,44136,43870,132410,2.0,0,6,6,19,102,SUCCESS,132410,OPEN,Ej8Oof83RsGZ4sCjsFXFuw
The-AI-drivers-in-Yuntech,1635139409199,3,44150,38252,132450,4.666666666666667,0,14,14,23,103,SUCCESS,132450,OPEN,nPkyhThMS6u-UoJCwyBrEw
JPMC-JerseyCity-Velocity,1633345376211,3,44259,40992,132778,5.333333333333333,0,16,16,2,104,SUCCESS,132778,OPEN,252ec499ac2d4391836a6Q
Mircea,1635158577055,3,44278,40782,132835,3.0,0,9,9,47,105,SUCCESS,132835,OPEN,wV3S4gcaRqCXcwlYBlR_0w
Hillyson,1634015343252,3,44293,41278,132879,3.6666666666666665,0,11,11,17,106,SUCCESS,132879,OPEN,aFIWN6aNTdGLadnpaNgLEw
CyberneticGame#5794,1634746586871,3,44298,43427,132896,6.333333333333333,0,19,19,5,107,SUCCESS,132896,OPEN,hOheaAm0Rs-_VMQW__TUDA
capstone-018-more-speed,1634431990958,3,44303,36199,132910,6.0,0,18,18,1,108,SUCCESS,132910,OPEN,Z-3jVAcXQe67LLb8eFffuA
KannothS,1633066052770,3,44316,41722,132950,3.6666666666666665,0,11,11,2,109,SUCCESS,132950,OPEN,dFaEIsFsRkClWWGWC0LlXg
IterativeEngineer#4667,1634036877471,3,44461,42981,133384,2.3333333333333335,0,7,7,9,110,SUCCESS,133384,OPEN,AsgjB5LrQkKzY4SCy6P8Dg
UnknownRacer000,1635221489610,3,44507,42323,133523,2.6666666666666665,0,8,8,3,111,SUCCESS,133523,OPEN,L009aDZgQJCoLQEvZqpk1A
Rossilon,1635260183548,3,44508,43453,133525,6.333333333333333,0,19,19,51,112,SUCCESS,133525,OPEN,oX4dpYxLTFG2UU6NprA-7g
capstone-016-less-speed-2,1634722725553,3,44551,41126,133654,7.0,0,21,21,1,113,SUCCESS,133654,OPEN,qkG4_IbsQZ-kOye8iwp-JA
JPMC-IL-Novice,1633048586683,3,44598,42527,133795,4.666666666666667,0,14,14,3,114,SUCCESS,133795,OPEN,LHmnch7nR76PVsxm9dVaVA
MikhailSibirev,1633856096774,3,44604,39328,133813,3.3333333333333335,0,10,10,19,115,SUCCESS,133813,OPEN,-iMfNKjXRauOGTByXZn0xw
DCloudArchitect,1634725903911,3,44664,41463,133992,5.666666666666667,0,17,17,60,116,SUCCESS,133992,OPEN,kzD4iOfzQWqyfNbWF8slBg
MayurBhatti,1634742023586,3,44736,41409,134210,3.6666666666666665,0,11,11,2,117,SUCCESS,134210,OPEN,09VfoG62T_q4PgDfhFZscA
Riyadh,1633067415963,3,44819,40730,134459,5.666666666666667,0,17,17,1,118,SUCCESS,134459,OPEN,XEDnTwq3S1Kz0rVPu0hfrA
capstone-016-8-more-speed,1635005213514,3,44868,44002,134606,7.0,0,21,21,1,119,SUCCESS,134606,OPEN,9ZXN00yxSHWLitKf_PERtA
AgileLoop#1596,1633505863952,3,44885,42994,134657,2.6666666666666665,0,8,8,15,120,SUCCESS,134657,OPEN,mfpwMKSyTPy7rGF-qLDetg
ProcessingLoop#6960,1633360632302,3,44912,43326,134736,5.333333333333333,0,16,16,7,121,SUCCESS,134736,OPEN,xOvFrfu8QBiEoJ8SZymBTw
IvanVilchavskyi,1633722306077,3,44912,40467,134738,3.3333333333333335,0,10,10,6,122,SUCCESS,134738,OPEN,1kM6mwIETCicn0cvqz5tgg
capstone-017-less-speed-new-4,1634938675864,3,44955,41128,134867,6.666666666666667,0,20,20,1,123,SUCCESS,134867,OPEN,Y44OxopORY-dyeJbuf4SBw
BjtuInsis,1634215140131,3,45003,42124,135011,5.666666666666667,0,17,17,1,124,SUCCESS,135011,OPEN,VKPp98KCTpqSdRA5G2OO-Q
capstone-016-more-speed-2,1634411979618,3,45022,43130,135067,7.333333333333333,0,22,22,1,125,SUCCESS,135067,OPEN,kYFMQhdFRUWk9fT3WjTYnw
Syl888,1634870786013,3,45061,37589,135184,3.0,0,9,9,10,126,SUCCESS,135184,OPEN,gU3sNbU7ToiLqYyf14kq_A
AndreiMedvedev,1633619478677,3,45110,40406,135331,2.3333333333333335,0,7,7,16,127,SUCCESS,135331,OPEN,Cbuv9uk4T2u7teemyWUD6A
dzankaOnTheMove,1634891212970,3,45193,40316,135579,4.666666666666667,0,14,14,4,128,SUCCESS,135579,OPEN,dNPp-zGlRX-W0MK32UATTg
Hazem-Fada,1633679749597,3,45421,41070,136264,2.3333333333333335,0,7,7,19,129,SUCCESS,136264,OPEN,yiuJYDruQzGvLC1RjclwNQ
SquareFunction#4465,1635041991032,3,45496,41333,136488,2.6666666666666665,0,8,8,2,130,SUCCESS,136488,OPEN,BFQNRvThQmSPvBVcv_G3yg
AlexanderZykov,1633353668631,3,45521,43805,136564,0.0,0,0,0,11,131,SUCCESS,136564,OPEN,2jyfK9tRRWCfVqrSJAh_1g
capstone-014-more-speed,1634371376527,3,45600,41136,136802,4.666666666666667,0,14,14,1,132,SUCCESS,136802,OPEN,fEtkrEWzQVOSf9W2cTnK7g
BusinessMan,1634585986530,3,45617,42658,136851,4.0,0,12,12,26,133,SUCCESS,136851,OPEN,gwZLFV9vTwurBEiYRyDFkg
NK-Racing,1634722824342,3,45663,42323,136990,3.0,0,9,9,21,134,SUCCESS,136990,OPEN,S68ySq6MT2itVZT4FLdAUQ
qnet1,1633053575469,3,45738,44007,137214,5.0,0,14,15,6,135,SUCCESS,137214,OPEN,ndHmswy4RUa6R8LcyvrxOA
capstone-2021-01,1634290821255,3,45820,38807,137460,5.666666666666667,0,17,17,1,136,SUCCESS,137460,OPEN,MQpzCio1T6Gd8GR5OJPyvA
ProgrammingGame#6881,1635264255067,3,45910,37472,137730,8.0,0,24,24,2,137,SUCCESS,137730,OPEN,f92im0j8QBiEow6vCXFObA
capstone-013-less-speed,1634334434040,3,45942,43749,137826,4.666666666666667,0,14,14,1,138,SUCCESS,137826,OPEN,0iRuuYk-TWag5HyP1KEN3A
DesktopModel#7288,1633951614159,3,45973,39268,137919,5.666666666666667,0,17,17,9,139,SUCCESS,137919,OPEN,RdbiWSizSpWCtVrQ9NLbew
QualityShell#8438,1634807739402,3,45974,35720,137923,7.666666666666667,0,23,23,1,140,SUCCESS,137923,OPEN,uBjiLEVYRVS4Rl2_Zt7n8A
Jarboog,1635024059170,3,46102,41194,138307,1.3333333333333333,0,4,4,14,141,SUCCESS,138307,OPEN,sZ6AsyxQT5KwKdtLqWXxeg
Israel-1-Belle,1634069138819,3,46110,39143,138332,3.6666666666666665,0,11,11,2,142,SUCCESS,138332,OPEN,IzcBKCIKQROlKZA-A7gcHw
SanthoshCandula,1633862091273,3,46130,37851,138391,3.6666666666666665,0,11,11,9,143,SUCCESS,138391,OPEN,vbuFgVCCQ_m6dnWGaFu5rw
QM167,1633449202844,3,46132,42526,138398,1.3333333333333333,0,4,4,1,144,SUCCESS,138398,OPEN,PKkFUEm9Q1WYhvY-f-A3QQ
BigNotation#5504,1634780299155,3,46199,41528,138599,7.333333333333333,0,22,22,1,145,SUCCESS,138599,OPEN,kPncPOgGQTW1cm9W-IcmOw
TechnicalMachine#0737,1634980460203,3,46266,41676,138800,8.333333333333334,0,25,25,1,146,SUCCESS,138800,OPEN,nuM6pqqBQ3qhVRXkwZLoFQ
FiniteError#2326,1635062834005,3,46284,39923,138854,8.0,0,24,24,1,147,SUCCESS,138854,OPEN,2HaZZJHQRUOGx7K-LJRn0Q
Team7-Gazelle-AN,1634121732974,3,46291,45670,138875,3.0,0,9,9,58,148,SUCCESS,138875,OPEN,hiDZPNBlSXqF5R-xybcmJA
TestableVariable#9863,1633925458109,3,46306,45726,138920,3.0,0,9,9,34,149,SUCCESS,138920,OPEN,k85AikzXRnqu4M8IHgsUSQ
LeoVim,1633059251860,3,46380,44130,139140,5.333333333333333,0,15,16,2,150,SUCCESS,139140,OPEN,-vr0ppK9Sei4dXrz_iibXw
JPMC-Delaware-Sandbox03,1634057134411,3,46458,45596,139376,4.0,0,12,12,2,151,SUCCESS,139376,OPEN,Eh_9cNbsTReAXGzLNizDVA
CS26,1633057188904,3,46466,43136,139398,6.666666666666667,0,20,20,12,152,SUCCESS,139398,OPEN,FDJhasexR4KMZJoky8tWbQ
Group1-UYSD5308,1633093830607,3,46505,41704,139517,5.333333333333333,0,16,16,1,153,SUCCESS,139517,OPEN,GXKQAdSMQmyT-LC1DXEPeA
SquareCommand#2466,1635161427882,3,46559,44284,139678,8.333333333333334,0,25,25,4,154,SUCCESS,139678,OPEN,sR9hiAx4SQ6yq21w-vDoGQ
modelm-clone,1635203735729,3,46624,42607,139872,8.0,0,24,24,1,155,SUCCESS,139872,OPEN,xo22RoKVSTCuMCRx2Ef80A
UsmonbekRavshanov,1633934053243,3,46647,42873,139941,3.0,0,9,9,2,156,SUCCESS,139941,OPEN,L4d9G_IgQ3OH5o5H8tjJ9w
k-art-i-k,1633218574751,3,46649,39121,139949,4.666666666666667,0,14,14,11,157,SUCCESS,139949,OPEN,ORSIBnmxS8KisktDFl39IQ
SpeedRizzle2,1634337973293,3,46674,46136,140022,5.0,0,15,15,5,158,SUCCESS,140022,OPEN,kiYAu0XHTua0Lt3alIrZqA
Ifindoubtflatout,1633355861854,3,46681,44777,140045,2.6666666666666665,0,8,8,5,159,SUCCESS,140045,OPEN,q9EEJqT_SGu1sp6zECiW8w
MobileSpec#3112,1635209461008,3,46820,42790,140460,4.666666666666667,0,14,14,2,160,SUCCESS,140460,OPEN,kFR0U0npRBuTcwoXTUjF3Q
Sajith,1633183470075,3,46845,39938,140535,5.666666666666667,0,17,17,4,161,SUCCESS,140535,OPEN,EV9D5RuPTN-kqr55zL9PQw
StructuredArray#3429,1634818178767,3,46861,45822,140583,0.0,0,0,0,20,162,SUCCESS,140583,OPEN,Y5LBz7v8R6-KXM-VcZ9GCA
CGSV,1634730939719,3,46919,45663,140757,3.3333333333333335,0,10,10,18,163,SUCCESS,140757,OPEN,HMd61jzgSFORcvebdJSuTA
DianaCorona,1635048098657,3,46972,44997,140918,6.333333333333333,0,19,19,21,164,SUCCESS,140918,OPEN,PxrQcJ0wSo-lBvraZuD6YA
Avewy,1633292881368,3,46982,44869,140946,4.666666666666667,0,14,14,9,165,SUCCESS,140946,OPEN,DDruDO9VT2ewt-jxoIaicg
RobotEngineer#6660,1635197438525,3,47020,43789,141061,8.666666666666666,0,26,26,1,166,SUCCESS,141061,OPEN,kPkx5y0xS7qca7R5ZHalRg
Hail-Storm-7,1635156799869,3,47025,45207,141077,3.6666666666666665,0,11,11,14,167,SUCCESS,141077,OPEN,9GnbxnNmRregDoQbgS5VYA
CurlyExpression#8588,1635245953056,3,47029,43413,141089,5.0,0,15,15,4,168,SUCCESS,141089,OPEN,SIro5pqCQaK4L7-T-IlgEQ
bonfire,1634908194637,3,47063,43993,141189,3.0,0,9,9,23,169,SUCCESS,141189,OPEN,PDwKMGzqSXyOQG3GO_0Wmw
PythonPointer#2988,1635228704273,3,47110,45520,141330,8.333333333333334,0,25,25,3,170,SUCCESS,141330,OPEN,RGJMlmpwQZ-4Av8QSPNqvg
capstone-017-less-speed-new-2,1634830481557,3,47189,44102,141568,7.0,0,21,21,1,171,SUCCESS,141568,OPEN,8NvlaVPWTFS1pAmEolc8Dg
AccessibleDelta#3146,1633447811613,3,47200,42524,141602,6.333333333333333,0,19,19,21,172,SUCCESS,141602,OPEN,rojUfFf0TBWxTwv9AQCWzw
Franco-Kart-Revenge,1633626748369,3,47216,45257,141648,0.3333333333333333,0,1,1,25,173,SUCCESS,141648,OPEN,Oy8uOqrPTNiXSfa1vTotRg
YasarShaikh,1633285555319,3,47244,35070,141732,6.666666666666667,0,20,20,20,174,SUCCESS,141732,OPEN,7Nt8IauNSUSaprAQVBQ3Ag
BlueberryJamv2,1633711773477,3,47268,40815,141805,4.0,0,12,12,1,175,SUCCESS,141805,OPEN,bpd51aD_SiSG5YLydQ0A4g
MarkKovalev,1633097247949,3,47307,45649,141921,2.6666666666666665,0,8,8,3,176,SUCCESS,141921,OPEN,F_ety4rmQPyys00EEEuS4w
BlockchainResource#3556,1634522608166,3,47333,41613,141999,7.666666666666667,0,23,23,1,177,SUCCESS,141999,OPEN,VJGaLShYR2qZJapWgPZV2A
Balala-Xiaomoxian,1635230910366,3,47335,43854,142005,6.0,0,18,18,33,178,SUCCESS,142005,OPEN,7Zh_db5pQUGBAbmDiCigbg
capstone-018-new-8-2,1634987057462,3,47336,42268,142008,7.666666666666667,0,23,23,1,179,SUCCESS,142008,OPEN,Lqj7VWNjRyWRc57KHsaKug
ProcessingPackage#3890,1635030753132,3,47426,42930,142280,8.333333333333334,0,25,25,1,180,SUCCESS,142280,OPEN,d92RHFYJS8-8ejTj_KAyxg
B007mslang,1634724860235,3,47439,40523,142318,2.3333333333333335,0,7,7,16,181,SUCCESS,142318,OPEN,H6aoyNedQ8yXtr6-U5ROpA
Lightning888,1634652657689,3,47488,45925,142464,3.3333333333333335,0,10,10,12,182,SUCCESS,142464,OPEN,QTxrJCOmS6OShWrjwmGFOg
Slow-N-Mellow,1634848169825,3,47549,45799,142647,5.666666666666667,0,17,17,15,183,SUCCESS,142647,OPEN,9LOkSch2RpmMpCrGubDAng
IterativeAnalyst#0555,1634860519326,3,47579,42333,142737,8.333333333333334,0,25,25,2,184,SUCCESS,142737,OPEN,RvO3ISmDR8q5W5hYbHofjQ
CasidyLee,1633763973728,3,47581,43997,142745,4.666666666666667,0,14,14,5,185,SUCCESS,142745,OPEN,ICGPPXtWSZyIEsOmdtKFlA
CharlesLeclerc,1634708221664,3,47587,41351,142762,4.666666666666667,0,14,14,38,186,SUCCESS,142762,OPEN,SDGNctbaTmqKPF47YyY7oA
Rocksors,1634865392257,3,47779,45202,143337,4.0,0,12,12,31,187,SUCCESS,143337,OPEN,94AJnMjyQyuBgETEYiDPDw
RaVa-Wipro,1635273837384,3,47938,44595,143816,4.0,0,12,12,6,188,SUCCESS,143816,OPEN,fJMoL9w-TLi3Q-vNrOjVlg
capstone-016-more-speed-3,1634466103607,3,47958,44335,143874,8.0,0,24,24,2,189,SUCCESS,143874,OPEN,xgCqVKjPTLKj09ioJy_wrw
Group3-Ferrari,1633444714976,3,48019,35001,144058,5.333333333333333,0,16,16,7,190,SUCCESS,144058,OPEN,WqoajIqRS566ck1RjKtiKQ
OleksiiOnysymchuk,1633083279419,3,48048,41263,144145,5.666666666666667,0,17,17,2,191,SUCCESS,144145,OPEN,Q_nCzvvCRdSOXg6PeKA5UQ
NicholasAgain,1633047693081,3,48117,42919,144351,4.333333333333333,0,13,13,3,192,SUCCESS,144351,OPEN,rp7sKXoWTFK7laN_vNNDQw
capstone-017-less-speed-new-5,1634988875700,3,48120,46591,144360,7.333333333333333,0,22,22,1,193,SUCCESS,144360,OPEN,JwEALneoRWapaGmsoaWLOg
Xi,1634450350572,3,48124,45665,144373,6.666666666666667,0,20,20,1,194,SUCCESS,144373,OPEN,mG0y2lTHSxiTVJw4M4hYjQ
trente,1633970189827,3,48174,46793,144523,1.6666666666666667,0,5,5,8,195,SUCCESS,144523,OPEN,b8VcMQUZQTuGw6XzTZA5gg
tlopes93,1633458484277,3,48198,42667,144596,3.3333333333333335,0,10,10,5,196,SUCCESS,144596,OPEN,2xJMcCHyQB2Cq2_-d7Kp0g
DSIRockstar,1635070310083,3,48326,47924,144980,4.0,0,12,12,33,197,SUCCESS,144980,OPEN,b5e8n_FmTQCBy6uYSPFLxw
Grommii,1633463005100,3,48335,46330,145007,6.666666666666667,0,20,20,5,198,SUCCESS,145007,OPEN,XGXRDbYZTM2VlhH_9pBYGA
QualitySpec#3646,1634668727258,3,48420,45721,145262,6.0,0,18,18,2,199,SUCCESS,145262,OPEN,Lj2zoRZWQ4yX62jrcoIBpQ
AndrewGrantham,1634090731126,3,48468,38592,145404,5.0,0,15,15,7,200,SUCCESS,145404,OPEN,2nlpBgQ3TxKKwlsoi10ndg
KimMinHyeok,1634750946721,3,48484,43729,145453,5.333333333333333,0,16,16,49,201,SUCCESS,145453,OPEN,5Zgu7zrvSPar7siZ6fTlmw
CurlySwitch#4837,1634083866029,3,48514,44536,145544,4.666666666666667,0,14,14,2,202,SUCCESS,145544,OPEN,JB21_sF7S82I4fJFdKNDvg
AutonomousFlash,1634445621424,3,48537,44775,145611,4.0,0,12,12,11,203,SUCCESS,145611,OPEN,cENBKxxbRz27O2wSLA8u7w
RecursiveDiff#2131,1633618578118,3,48552,43067,145656,6.666666666666667,0,20,20,1,204,SUCCESS,145656,OPEN,SSR4mQlCS1yhQjCBF1FyUg
EvenMoreNicholas,1633658082429,3,48552,47789,145657,5.0,0,15,15,10,205,SUCCESS,145657,OPEN,FFxK5Ev2QqOTcxIE2MqHFQ
DougRacer-Chicago,1634853603867,3,48565,46626,145696,7.666666666666667,0,23,23,3,206,SUCCESS,145696,OPEN,WrrXt7TpTZeiWm6tMZEuow
Khrystyna-Divchur,1633855310108,3,48624,44741,145874,6.0,0,18,18,10,207,SUCCESS,145874,OPEN,0oH5gQhQQLCLpGNtCWHdcg
team,1633817796464,3,48640,47136,145922,4.666666666666667,0,14,14,12,208,SUCCESS,145922,OPEN,5D8mIbRxQN66pWBcl6s2-w
ASCIITech#0437,1633788111213,3,48648,40601,145945,6.0,0,18,18,3,209,SUCCESS,145945,OPEN,b4RO6V6dSomsio68DDAy4w
leolioness,1634736956898,3,48659,42803,145977,5.333333333333333,0,16,16,19,210,SUCCESS,145977,OPEN,u15o2LZST_WwP-Bg2kc2cA
balldeepracer,1634727903439,3,48716,45474,146150,3.0,0,9,9,13,211,SUCCESS,146150,OPEN,R19yTXe8RVuhaAXLbh2cZQ
SergeyOstapenko,1634242949325,3,48731,40867,146193,5.0,0,15,15,20,212,SUCCESS,146193,OPEN,DMuliBdTRMi5K1PCcDViCQ
race20-2,1634008374382,3,48767,46391,146302,1.6666666666666667,0,5,5,2,213,SUCCESS,146302,OPEN,k4izZYxwQeG3ovrxGhsexA
ContinuousBuster#0074,1634304151322,3,48780,48529,146341,0.0,0,0,0,18,214,SUCCESS,146341,OPEN,xXUiC6FXQwC93XTKnK6V1g
Acer,1634538815042,3,48809,46291,146429,6.666666666666667,0,20,20,11,215,SUCCESS,146429,OPEN,yixPdDiwSNe6JvThe81xQQ
AgilePatch#0783,1634710224722,3,48865,46791,146596,3.6666666666666665,0,11,11,23,216,SUCCESS,146596,OPEN,REbWhbZTRSO7uQobvbOQFQ
Ming-En,1633768146679,3,48953,45736,146861,2.0,0,6,6,3,217,SUCCESS,146861,OPEN,cZB0lrwqSaeB7r8p5T5q3Q
capstone-016-9-more-speed,1635068469138,3,48961,44418,146884,8.0,0,24,24,1,218,SUCCESS,146884,OPEN,okOHs_31QtuEF20Iap_h8A
TatsianaTarhonskaya,1633820969820,3,48973,46333,146920,6.666666666666667,0,20,20,20,219,SUCCESS,146920,OPEN,Ckj0P-YHR7GC_xC3abQ-BA
ImmutableFix#7870,1634173764964,3,49070,42676,147212,5.333333333333333,0,16,16,3,220,SUCCESS,147212,OPEN,HNPA_z5DRvmNdoj7FEPqOQ
SergeyYurkov,1633634408398,3,49100,45937,147300,3.6666666666666665,0,11,11,34,221,SUCCESS,147300,OPEN,aNJCPhHMT0CSLC9BIKTfaw
capstone-016-7-more-speed,1634937141145,3,49118,44867,147354,8.0,0,24,24,1,222,SUCCESS,147354,OPEN,vUjnMI4VQJ6lNlR--MrTZw
UpdatedBreaker#5578,1634034521959,3,49137,44546,147411,7.333333333333333,0,22,22,5,223,SUCCESS,147411,OPEN,rlFhLtIpRrG5A94UVRzolw
TonyHuang,1633708500099,3,49150,41589,147450,2.0,0,6,6,5,224,SUCCESS,147450,OPEN,8lHLpRblQUWukxQhQElHmw
team9-marlin,1634269919825,3,49182,46132,147546,6.0,0,18,18,10,225,SUCCESS,147546,OPEN,9G51pRprSQCuVSZsRSeydg
JavaArithmetic#3858,1634844111357,3,49199,46743,147599,4.666666666666667,0,14,14,11,226,SUCCESS,147599,OPEN,bIZgxyjORgKS6Iv-OnWHZw
bruce,1634522725707,3,49222,45675,147668,6.0,0,18,18,1,227,SUCCESS,147668,OPEN,JtMdJkbkRZ2Fcedl-6IqEg
MoisesRuiz,1633469342889,3,49276,43525,147829,3.6666666666666665,0,11,11,5,228,SUCCESS,147829,OPEN,mKFXIq2aTbyvy8T9PpLxEg
alecarreche,1635199124691,3,49299,47636,147898,3.0,0,9,9,9,229,SUCCESS,147898,OPEN,8dojafdDTdyC6Ue6XJjdrA
chumoonsik,1635224345694,3,49365,46352,148095,8.0,0,24,24,24,230,SUCCESS,148095,OPEN,mZZxYDqERY6B16rHMAbp8A
MonkeyComet,1635199951853,3,49442,46596,148327,3.6666666666666665,0,11,11,2,231,SUCCESS,148327,OPEN,2Bagw9lISn-XD9rfSngawQ
PawelSzymczyszyn,1633080824192,3,49460,46465,148380,7.0,0,21,21,4,232,SUCCESS,148380,OPEN,lMBv4BdlT82tHeVFrr6rNQ
NV17-Corp,1634682705429,3,49469,45733,148409,7.333333333333333,0,22,22,4,233,SUCCESS,148409,OPEN,vns-JVNVQTucjaHgM8vF_g
AlphaFunction#9830,1634798810273,3,49530,48466,148591,8.333333333333334,0,25,25,2,234,SUCCESS,148591,OPEN,4cwI4lXMS-S42EAp3lS6vA
UnboundArgument#9479,1633959702936,3,49541,47284,148625,6.666666666666667,0,20,20,2,235,SUCCESS,148625,OPEN,JaSn4gF3SbKj4diw2lRekQ
NumericScope#5848,1634646296581,3,49596,47064,148788,2.3333333333333335,0,6,7,2,236,SUCCESS,148788,OPEN,wWyulO4HQ_GzA-niBt1wFg
PrototypeLanguage#5810,1634029635194,3,49622,45000,148868,3.6666666666666665,0,11,11,1,237,SUCCESS,148868,OPEN,sun_7IGDRzOZZK6kQdaRUw
capstone-018-new-16-2,1635001391646,3,49646,45994,148940,8.0,0,24,24,1,238,SUCCESS,148940,OPEN,guQA2KI2RI6rbiADgXYU3Q
AlphaGame#2704,1635155772917,3,49668,47014,149006,8.666666666666666,0,26,26,2,239,SUCCESS,149006,OPEN,iyXbWqBqReiQJAhYbGb_uw
Otubu,1634052289919,3,49685,40520,149055,7.333333333333333,0,22,22,5,240,SUCCESS,149055,OPEN,tFNn2cb6RFSXT9sT-Oootw
OleksiiHabrusiev,1633289389191,3,49729,48115,149188,5.333333333333333,0,16,16,22,241,SUCCESS,149188,OPEN,WyJsAHF_TdaWlbiW1NYdZw
race23,1634050550102,3,49765,47130,149295,0.6666666666666666,0,2,2,2,242,SUCCESS,149295,OPEN,W43d7mzITqCahm9DBercIg
Oluwatomisin,1633073516319,3,49798,49543,149394,7.0,0,21,21,2,243,SUCCESS,149394,OPEN,EF2zp7I7Q96CSDzQAT2W_w
capstone-017-less-speed-new-6,1635072823559,3,49806,42605,149419,8.0,0,24,24,1,244,SUCCESS,149419,OPEN,UY5Gj_Q9RfCSoenV_aSNyA
DEFAULT,1634804361516,3,49864,47131,149593,4.666666666666667,0,14,14,24,245,SUCCESS,149593,OPEN,97_tZzgnSb6m2wN4xRKtlQ
QualifiedSchema#7591,1633680979054,3,49906,45794,149718,5.333333333333333,0,16,16,8,246,SUCCESS,149718,OPEN,hTDmyCWaTyaVynujgjG-CQ
NestedLoop#1595,1635236606489,3,49936,45129,149810,9.333333333333334,0,28,28,1,247,SUCCESS,149810,OPEN,nZ8vpMfrT4Sz6gMKTzOhsg
bigpurrr,1634243745871,3,49972,47123,149918,6.666666666666667,0,20,20,3,248,SUCCESS,149918,OPEN,VVCqeiQUTX66uiE0Fj5uYg
NicholasPro,1635121110881,3,49975,45516,149926,7.333333333333333,0,22,22,8,249,SUCCESS,149926,OPEN,WAeW68DwRuOMsC1vHowGEQ
MikhailLenskii,1633680083467,3,49999,48001,149998,6.333333333333333,0,19,19,1,250,SUCCESS,149998,OPEN,qmHA-rm4QJ2XZbzbhQ_9YA
AlphaBooster#3131,1635065612321,3,50018,44449,150054,9.333333333333334,0,28,28,1,251,SUCCESS,150054,OPEN,OUXWCGLVTs6YmyMDMvMeUw
TE8-Racer,1634549347277,3,50044,45334,150134,5.333333333333333,0,16,16,15,252,SUCCESS,150134,OPEN,LahkHeT6SwCC1n27s6qRYA
DigitalOrder#1950,1634836148570,3,50064,43665,150194,4.666666666666667,0,14,14,5,253,SUCCESS,150194,OPEN,FqZslwrdRReSMoFCPYcPUA
AgileDelta#6377,1635273440740,3,50066,49398,150200,2.0,0,6,6,4,254,SUCCESS,150200,OPEN,t1w6bw75T7O83WRTyGELEw
HelpfulGlyph#3953,1633601375736,3,50089,47137,150269,6.666666666666667,0,20,20,6,255,SUCCESS,150269,OPEN,sAcIGZQSQcuovnEwEj9GEA
EncryptedBrackets#0236,1634597719696,3,50090,48201,150272,3.0,0,9,9,4,256,SUCCESS,150272,OPEN,QJwhfso8SdeHQc7wUtFjqQ
IterativeClass#0605,1635026225186,3,50152,48335,150456,9.333333333333334,0,28,28,1,257,SUCCESS,150456,OPEN,1MENlFDjQfOjMSa8oBsMBQ
capstone-018-less-speed-new-4,1634946906818,3,50156,47011,150470,8.666666666666666,0,26,26,1,258,SUCCESS,150470,OPEN,cy9FCIl4TdCeKM16xLy0Tg
QualifiedHypothesis#7074,1634782926949,3,50199,41602,150598,6.333333333333333,0,19,19,45,259,SUCCESS,150598,OPEN,aXMYtY8bRGarcGDOkp6Esg
race21,1634023783981,3,50205,48342,150616,3.6666666666666665,0,11,11,1,260,SUCCESS,150616,OPEN,JzyfznlmSX6O3E6MSzD29A
PathingNotation#2410,1633610604036,3,50242,46533,150728,0.6666666666666666,0,2,2,2,261,SUCCESS,150728,OPEN,pG84GkUaT_mMzY-3gzFCTw
DeadlineFighter,1634539266997,3,50248,45727,150745,5.333333333333333,0,16,16,23,262,SUCCESS,150745,OPEN,Bdkg6DEBSia-2KWF-91KNQ
Willisaur,1634572817656,3,50289,45856,150868,2.3333333333333335,0,7,7,20,263,SUCCESS,150868,OPEN,b0cn8ux9TYSktIGW9k0bFA
40k-Per-Hour,1633683657182,3,50320,46153,150962,5.333333333333333,0,16,16,11,264,SUCCESS,150962,OPEN,S4YXTYJ5SselxvMgkrI0CA
WebLog#2200,1634908778721,3,50334,44664,151002,8.666666666666666,0,26,26,1,265,SUCCESS,151002,OPEN,z9CaNKrUQ929r45SjJH0YQ
IlyaMelnichuk,1633274824923,3,50338,45607,151016,6.333333333333333,0,19,19,3,266,SUCCESS,151016,OPEN,THb8HOc7QBa_1CW-9VIoDQ
BiuBiuBiu,1633760340445,3,50345,49106,151036,7.333333333333333,0,22,22,2,267,SUCCESS,151036,OPEN,O0GALYAoRfGA0kUV6ftgqQ
deep-crash-dummy,1634159915816,3,50345,47528,151036,3.6666666666666665,0,11,11,3,268,SUCCESS,151036,OPEN,6e46176e73964ac385e72w
capstone-016-less-speed-6,1634894660362,3,50354,44800,151064,8.333333333333334,0,25,25,1,269,SUCCESS,151064,OPEN,9rVrNHIySAKseQmcidAfgg
capstone-016-1-more-speed0,1635111248859,3,50442,45203,151328,8.333333333333334,0,25,25,1,270,SUCCESS,151328,OPEN,5iznzlgYR8arSa1Rv6aMDw
TiereReis,1635264157067,3,50468,48643,151404,5.333333333333333,0,16,16,5,271,SUCCESS,151404,OPEN,epiqnKoDRtSwFSoB8pZ4kA
Schweetz#1005,1635083381415,3,50496,49401,151488,8.333333333333334,0,25,25,6,272,SUCCESS,151488,OPEN,xIcrGWvKRvy__XnjfUekug
InteractiveDiff#3986,1633122858638,3,50514,48406,151543,6.666666666666667,0,20,20,1,273,SUCCESS,151543,OPEN,F-2S4ZiTQz28_q8KyJF-Og
PriyaranjanMohanty,1633848580195,3,50536,44801,151608,6.333333333333333,0,19,19,18,274,SUCCESS,151608,OPEN,doAOZOV-SP6hIrFnXEOvFQ
InnoServe-MUST-AI-RacingCar-B,1634606249310,3,50619,45001,151859,3.0,0,9,9,14,275,SUCCESS,151859,OPEN,Gk-zbSrMR4mW-J-Ls8ZLHQ
GenerativeFunction#2357,1635166170023,3,50639,44984,151919,8.666666666666666,0,26,26,1,276,SUCCESS,151919,OPEN,iKwsCkGwQ6CLmpr29G3wlg
BlockchainPoint#6034,1633118344062,3,50671,48253,152013,1.0,0,3,3,1,277,SUCCESS,152013,OPEN,tSUvo6JeRgOuwMxcSYj_iA
InnoServe-HiAmity,1634736791852,3,50691,48746,152074,6.333333333333333,0,19,19,5,278,SUCCESS,152074,OPEN,Dh4HDpOgR0S7VFsGaQFh5w
AndresParis,1633098126101,3,50743,48138,152230,5.666666666666667,0,17,17,3,279,SUCCESS,152230,OPEN,qhMIFF7nQ4aRKybohCUwUQ
CriticalState#1205,1633167474876,3,50752,48138,152257,0.6666666666666666,0,2,2,1,280,SUCCESS,152257,OPEN,gIzJopf3RDWbD-k0mLUgsw
rvaish,1634783146339,3,50811,47083,152434,5.333333333333333,0,16,16,7,281,SUCCESS,152434,OPEN,tPQOmqy3Tbaj9LNzelR4Yg
FranklynTique,1633563849671,3,50817,39255,152452,3.0,0,9,9,5,282,SUCCESS,152452,OPEN,8eReSjUlQXWoNJga8-NQmA
ComplexCallback#4837,1634937854845,3,50819,47068,152457,9.0,0,27,27,1,283,SUCCESS,152457,OPEN,02fNSErFTGiqIgAWrRD0Yw
RF4Racing,1634717897898,3,50836,48933,152508,6.666666666666667,0,20,20,29,284,SUCCESS,152508,OPEN,yTY_p--mTZi96i1gJoMlBA
QualityNamespace#7101,1633979114292,3,50850,50526,152551,0.0,0,0,0,2,285,SUCCESS,152551,OPEN,Vbg7BRfhT2-AP04ka6U7iw
unlicensed,1635079463493,3,50857,44243,152573,7.666666666666667,0,23,23,2,286,SUCCESS,152573,OPEN,jQl-rGteQSKAcn4qmnxePg
AliakseiShainiuk,1633514376504,3,50927,49458,152783,5.333333333333333,0,16,16,17,287,SUCCESS,152783,OPEN,VYtOLUglRZ6HrDEhWhHElA
LeeMinHyock,1635227245486,3,50956,48805,152869,6.666666666666667,0,20,20,19,288,SUCCESS,152869,OPEN,7f1dEt1LRlGOyjsUxpEW5g
CrazyCar##,1634232130304,3,50961,50674,152885,7.0,0,21,21,4,289,SUCCESS,152885,OPEN,9oPfr230QlCBtJN6rKlBNw
Vik-Racer,1635249113927,3,50992,48509,152978,6.666666666666667,0,20,20,25,290,SUCCESS,152978,OPEN,8cccUrC9SjWHApakYFvpwg
PedroSoteldo,1635202946250,3,51017,47854,153053,7.0,0,21,21,3,291,SUCCESS,153053,OPEN,G0rbhSn1TeWIZsltAv9t_w
AgileAnalyst#3151,1635192592845,3,51021,49602,153065,3.3333333333333335,0,10,10,2,292,SUCCESS,153065,OPEN,uHQlMsZGRm-WGf_0X2xqng
TeamRedShelI,1633117494217,3,51027,46783,153083,2.0,0,6,6,1,293,SUCCESS,153083,OPEN,93zJVSACS4Olmn1MZaiauw
ThreeFruits,1634392015085,3,51052,48690,153156,4.666666666666667,0,14,14,27,294,SUCCESS,153156,OPEN,dwYo8ZSETV-v1BxY-Z5_VQ
IntelligentPointer#6207,1633853229048,3,51068,46737,153205,6.0,0,18,18,4,295,SUCCESS,153205,OPEN,kqu7XLUTQ7O8EmgplI96Iw
KushalNagrani,1633582425338,3,51071,40797,153213,5.666666666666667,0,17,17,17,296,SUCCESS,153213,OPEN,q1OBjzEeS8aibS9VStqzcA
ProgrammingNumber#3605,1635214183837,3,51201,50741,153605,9.0,0,27,27,2,297,SUCCESS,153605,OPEN,DxFdJKoOS5a1zqshKS7X-w
govind-ai,1634968386868,3,51232,44611,153696,5.333333333333333,0,16,16,19,298,SUCCESS,153696,OPEN,tdO7QU-DQzex6F4hdgNRHA
Abraham,1633060862386,3,51268,48673,153806,6.666666666666667,0,20,20,2,299,SUCCESS,153806,OPEN,Jj-YeMdiRd-dLEPfJ-aDGA
GlareAuto,1634931984801,3,51285,50002,153857,0.3333333333333333,0,1,1,11,300,SUCCESS,153857,OPEN,U7x3mXF7RS-8W2k_E6yWOw
capstone-016-less-speed,1634672533100,3,51303,43593,153911,9.0,0,27,27,1,301,SUCCESS,153911,OPEN,03nw6_OLR2eKdfTUM3Vffw
ParametricUpgrade#7312,1635263096612,3,51334,48802,154004,5.333333333333333,0,16,16,8,302,SUCCESS,154004,OPEN,9ntCkWAGRN6ul_5m-f2gPg
Benjamin-Chun,1633766255131,3,51351,46272,154053,3.0,0,9,9,13,303,SUCCESS,154053,OPEN,0D_JIpglSAClQsoUJ4N0Fg
DallasCollege-AlexW,1634744904305,3,51402,49332,154207,6.333333333333333,0,18,19,15,304,SUCCESS,154207,OPEN,9f7QDgDJQYSypaCnz5MAZQ
capstone-017-less-speed-new,1634783676424,3,51469,46856,154409,8.333333333333334,0,25,25,1,305,SUCCESS,154409,OPEN,rzazRdNdQzmZadh1UlVHdw
3-FastAndFurioastery,1634273475779,3,51493,47605,154481,3.6666666666666665,0,11,11,7,306,SUCCESS,154481,OPEN,StjLkEgcSQWh8FaAq_ZePQ
musk-musk,1633688098001,3,51499,49252,154498,7.333333333333333,0,22,22,3,307,SUCCESS,154498,OPEN,tByzscU1RVedzlvnrmTrHg
SquareNode#6264,1635185060182,3,51505,46326,154517,9.333333333333334,0,28,28,2,308,SUCCESS,154517,OPEN,xUVBoOY4QsaOQW1DjwjurA
FastModel-very-fast,1635179762894,3,51511,42928,154535,3.0,0,9,9,12,309,SUCCESS,154535,OPEN,XeEVL7T6S9aViPV7JQtT7A
MechanicalEnvironment#4648,1633309722244,3,51512,48995,154537,1.3333333333333333,0,4,4,4,310,SUCCESS,154537,OPEN,WpwamRdfSvGsb7hMAzY53g
BJYX,1635226702483,3,51529,51190,154589,5.0,0,15,15,4,311,SUCCESS,154589,OPEN,jbaqJxOmSdeZWErmWVNr9Q
GenerativeAnalyst#5052,1633863639029,3,51541,47532,154624,4.666666666666667,0,14,14,4,312,SUCCESS,154624,OPEN,CXwq_RHMQbSFArksual9MQ
TwoFueledUp,1634297962377,3,51550,45464,154650,4.0,0,12,12,11,313,SUCCESS,154650,OPEN,hajDiKB_SRONjvxOL471-g
IsabelleOng,1633752517408,3,51566,47944,154699,9.0,0,27,27,9,314,SUCCESS,154699,OPEN,3A1BHd5pSuyvVAozT0W29g
AgileSandbox#3911,1633336572437,3,51573,50850,154719,0.0,0,0,0,1,315,SUCCESS,154719,OPEN,8EkOGiFSQVWGIFdYajRdDg
Robrother,1635120075805,3,51579,49802,154739,7.333333333333333,0,22,22,13,316,SUCCESS,154739,OPEN,oENpmufDQs6h_bkwUhkeTw
RedDevils,1635160855200,3,51584,49481,154754,4.666666666666667,0,14,14,2,317,SUCCESS,154754,OPEN,-ggJQcf2TG-92YP0mXQPaw
DallasCollege-CParker,1634160632227,3,51595,47807,154786,8.333333333333334,0,25,25,26,318,SUCCESS,154786,OPEN,35WjTfoAQ5qBkiPKIKsQlw
TamerElgamal,1633317467506,3,51617,48058,154851,4.0,0,12,12,19,319,SUCCESS,154851,OPEN,neld03DMTzmgIF7fsXr1iQ
SharimNaveed,1633305466884,3,51617,49380,154853,0.3333333333333333,0,1,1,23,320,SUCCESS,154853,OPEN,ghS2hvrHRSq-oC5NM2-91A
PrimeParameter#1323,1634644477341,3,51637,51401,154913,5.0,0,15,15,9,321,SUCCESS,154913,OPEN,G33QoPq8R66FNV82awsDnw
SolvableVariable#7640,1633055348248,3,51647,46862,154943,3.6666666666666665,0,11,11,5,322,SUCCESS,154943,OPEN,ua_u7fduQnCT1hn-GumqVQ
ASCIILanguage#9361,1635246698918,3,51693,47468,155080,8.0,0,24,24,6,323,SUCCESS,155080,OPEN,QApR88bxTRen6GXzRLG42g
JakubVana,1633607142534,3,51704,47332,155112,8.333333333333334,0,25,25,21,324,SUCCESS,155112,OPEN,2VVaQd_qTrWeiL4rSMvyeA
DT-5646,1634643879484,3,51719,45273,155159,2.0,0,6,6,9,325,SUCCESS,155159,OPEN,yo6_kVwbQKaVkoQNJajzMg
rohan7055,1634554272048,3,51747,50075,155242,4.333333333333333,0,13,13,13,326,SUCCESS,155242,OPEN,liIUpuRVR92t-Jv2jAX-mQ
PassingUpdate#0674,1635265426889,3,51775,50002,155325,3.3333333333333335,0,10,10,6,327,SUCCESS,155325,OPEN,5XIoaKg_ToCE_xFiQrLd0A
RiskRacer0,1634336624063,3,51782,48797,155348,9.666666666666666,0,29,29,50,328,SUCCESS,155348,OPEN,YQmlzHx2QWCilKJvH_jzAw
MJ-YYDS,1634739816789,3,51798,51399,155394,8.0,0,24,24,50,329,SUCCESS,155394,OPEN,PQzHZKA0TgyJZ09nNf5sqA
CrypticObject#5516,1634668859309,3,51819,50337,155458,8.333333333333334,0,25,25,13,330,SUCCESS,155458,OPEN,2AQFzsa_SOO94q0FFQkF-Q
capstone-016-more-speed-4,1634503961144,3,51821,47136,155463,9.333333333333334,0,28,28,1,331,SUCCESS,155463,OPEN,HcIG9HUPSgCrJNjGzn_53A
Evol1,1633107254324,3,51822,47705,155468,2.0,0,6,6,1,332,SUCCESS,155468,OPEN,G0STkTAvTnq4aQ0-Fbyixw
SpeedyGonzales11,1634510018596,3,51833,47814,155499,5.333333333333333,0,16,16,16,333,SUCCESS,155499,OPEN,dP14JmNfQwKNUPVpnpMYQA
capstone-018-new-16-baseon-32,1634999701775,3,51877,46418,155633,9.333333333333334,0,28,28,1,334,SUCCESS,155633,OPEN,X010y0QmQfO50y3d2RlmOg
K-I-T-T-clone,1633564929604,3,51899,45653,155698,5.333333333333333,0,16,16,9,335,SUCCESS,155698,OPEN,nhFPet2TTv6UiItS1aG3hA
Justin-Tann-the-Cool-Mann,1633059497102,3,51903,48788,155709,6.0,0,18,18,23,336,SUCCESS,155709,OPEN,ccNEH7YrSuyqX5mStDDeXg
ArtemKulomin,1633330264777,3,51929,50404,155789,6.333333333333333,0,19,19,16,337,SUCCESS,155789,OPEN,BXYgGU4PSyqUx2KyE4hg3A
KelechiU,1633712869956,3,51980,41462,155940,9.0,0,27,27,2,338,SUCCESS,155940,OPEN,W2Fg3crBRu2hCMfVOq2OaA
TechnicalToken#2088,1635226344054,3,52017,48594,156052,5.0,0,15,15,1,339,SUCCESS,156052,OPEN,JFYodPJkSvWbWuj7G7ifGw
MaryiaTsalapava,1633896094697,3,52032,44991,156098,8.666666666666666,0,26,26,38,340,SUCCESS,156098,OPEN,LPoNCwF3SbWEffqzi4B-QQ
MCH,1633627561033,3,52042,50267,156126,0.3333333333333333,0,1,1,4,341,SUCCESS,156126,OPEN,aClVpei9Rhu-s1dVLmNjqQ
JeremyKim,1634626400298,3,52097,51084,156292,1.3333333333333333,0,4,4,3,342,SUCCESS,156292,OPEN,AkARnD5wQsO4wMoviFoNTw
SuleimanMayow,1633723141108,3,52110,45191,156332,7.333333333333333,0,22,22,12,343,SUCCESS,156332,OPEN,gAo5pbmIQWGteJ0xQcgrJQ
Ziad#9484,1634584135039,3,52120,46883,156360,3.6666666666666665,0,11,11,12,344,SUCCESS,156360,OPEN,qe0txz0-R1-QRD360wgyFQ
MobileBooster#8897,1634744899146,3,52150,50132,156450,6.0,0,18,18,45,345,SUCCESS,156450,OPEN,Mhfwm6abSCymE0-V1J-HUg
WebDelta#0925,1633400456585,3,52182,50392,156547,6.666666666666667,0,20,20,5,346,SUCCESS,156547,OPEN,2ukxwqtOTlGS50fiXr2B3Q
beans-WestPointGreyAcadmeny,1635191063751,3,52213,49059,156639,7.0,0,21,21,4,347,SUCCESS,156639,OPEN,3D5X_V_1TBKIN833de4A5A
Anya,1633546528190,3,52266,47079,156798,3.3333333333333335,0,10,10,1,348,SUCCESS,156798,OPEN,NpPNcYgCTYWkXFYt2s7Vtw
MK47,1634859396405,3,52269,47550,156809,8.333333333333334,0,25,25,7,349,SUCCESS,156809,OPEN,CH63rDPwQgip_ET2YICGLg
team8-coyote-RW,1634271968382,3,52305,45321,156916,6.0,0,18,18,35,350,SUCCESS,156916,OPEN,EVAs91k6R1W3b3NE-zUeiQ
QualifiedUpdate#1165,1635245532992,3,52405,51473,157216,0.3333333333333333,0,1,1,5,351,SUCCESS,157216,OPEN,0sXpJ_dzTDaKZfRNCzl_Jg
AleksandrVorobiev,1633702847806,3,52463,50670,157390,7.0,0,21,21,2,352,SUCCESS,157390,OPEN,TBymzc78Q1CoHwg5OkeyAA
JPMC-Tampa-RB,1634676147811,3,52495,47473,157485,9.333333333333334,0,28,28,1,353,SUCCESS,157485,OPEN,x3z_O9BuRgaKhrOyrLX6SQ
LoopingInterface#2445,1633535660228,3,52507,49792,157521,1.0,0,3,3,7,354,SUCCESS,157521,OPEN,oAmbgjYFRjycdWxla3IQlw
dMaxRacer,1633326064895,3,52536,47670,157610,7.0,0,21,21,2,355,SUCCESS,157610,OPEN,Ft7_CzkTTcSQ5XI1dWns6Q
Not-Fern-at-all,1635211872565,3,52541,50269,157625,5.666666666666667,0,17,17,43,356,SUCCESS,157625,OPEN,KHA7AulhTdWuP8MgfZpxjg
BBxiaoHAHA,1634676481707,3,52622,41985,157866,8.333333333333334,0,25,25,8,357,SUCCESS,157866,OPEN,NV8Djo1HQ8-VUdqY2jtJ1w
ArtificialByte#5645,1633058443283,3,52626,50269,157878,7.666666666666667,0,23,23,4,358,SUCCESS,157878,OPEN,ahYdUue1Qwi-i0IVVlQ7jw
4wd-brother,1634560676399,3,52643,49144,157929,8.0,0,24,24,23,359,SUCCESS,157929,OPEN,TEbmcDAiQye8ptnNR-dbGQ
chitti,1635247041403,3,52658,49801,157975,4.333333333333333,0,13,13,31,360,SUCCESS,157975,OPEN,ND8UCsAUSOmVRnlmFJOLOA
RockDriver911,1634838022873,3,52663,50801,157989,1.6666666666666667,0,5,5,7,361,SUCCESS,157989,OPEN,EqWXUhKpRwiVx9OV0YJ4kw
PetroBurlakov,1633622971200,3,52682,52391,158048,3.0,0,9,9,12,362,SUCCESS,158048,OPEN,0RoayL9BRgqKxx1wRuPa_g
one-track-pony,1634087593625,3,52715,50164,158146,6.666666666666667,0,20,20,5,363,SUCCESS,158146,OPEN,hPX-EI4hR-uUeMx6HIpp2A
FlyingDragons,1634793931672,3,52747,48795,158242,5.0,0,15,15,13,364,SUCCESS,158242,OPEN,ysZloXdQRZmLKo9k2P8ZHw
ocf-aus,1634615058301,3,52751,49385,158255,1.6666666666666667,0,5,5,7,365,SUCCESS,158255,OPEN,xX4BwM7qTc6WTq9XsIECSg
HigherSystem#2954,1633161014807,3,52773,46792,158320,7.666666666666667,0,23,23,5,366,SUCCESS,158320,OPEN,5vZ3ohOBQsecP0ECCYwMYw
CreativeBottleneck#9206,1634549423161,3,52776,44267,158328,9.0,0,27,27,1,367,SUCCESS,158328,OPEN,1huK9LCHS9ye63-Mk7H1XQ
Fumble007,1633888160646,3,52787,46957,158361,7.666666666666667,0,23,23,6,368,SUCCESS,158361,OPEN,tO9bpP-BR5-gf9i3wAF_lQ
AgileWorkaround#8120,1635247520256,3,52838,50537,158515,5.0,0,15,15,5,369,SUCCESS,158515,OPEN,qiCrp1zATH2K0xjFybLHBQ
Ferrari46,1634836559855,3,52859,47218,158577,9.666666666666666,0,29,29,57,370,SUCCESS,158577,OPEN,HTMiIGryTiOh3-3wMvT_OQ
HotEngine,1634297399765,3,52882,45127,158647,5.333333333333333,0,16,16,8,371,SUCCESS,158647,OPEN,KON2SoVORkKc3UYjXy-ORA
jiah,1633701132974,3,52919,45309,158759,6.333333333333333,0,19,19,2,372,SUCCESS,158759,OPEN,EDYAgtd2RB2FXx3gQl9S_Q
Apple-icious,1634118180732,3,52946,50675,158840,5.666666666666667,0,17,17,14,373,SUCCESS,158840,OPEN,IXm0kmURTE6o67mP1RFyfg
CurlyScript#5212,1633676145264,3,52995,49734,158987,8.0,0,24,24,8,374,SUCCESS,158987,OPEN,29U3gr8aRRyWU_kAiNoDZw
AntoniDragomanov,1633813965838,3,53020,45919,159061,6.666666666666667,0,20,20,6,375,SUCCESS,159061,OPEN,kOqwA4UETH-7yZ8YVMVC5g
2019,1634930591247,3,53023,50730,159069,5.666666666666667,0,17,17,2,376,SUCCESS,159069,OPEN,4TlDNJcpSDW7fkWGXITwpA
RocketParameter#6808,1634036468296,3,53023,52396,159070,7.0,0,21,21,16,377,SUCCESS,159070,OPEN,_ORiIzZ8QCaEArKUdQldLg
MemoryPackage#2395,1633854313051,3,53043,52123,159129,7.333333333333333,0,22,22,1,378,SUCCESS,159129,OPEN,g7SBFKEeTViWnSv42S8-BQ
RobotBooster#4699,1633061026882,3,53063,46394,159190,4.0,0,12,12,11,379,SUCCESS,159190,OPEN,b158-SYLTYW43a4Bc2CiKA
UsableDelta#5780,1633208814670,3,53092,50268,159276,1.3333333333333333,0,4,4,1,380,SUCCESS,159276,OPEN,ImkcTck4R0G8slIYit7PJw
ProgrammingPackage#9022,1633424512285,3,53092,49141,159277,5.0,0,15,15,5,381,SUCCESS,159277,OPEN,27i6-sI4Q1OH-k9ZbDyiaQ
ParametricTest#4383,1633223241934,3,53129,52800,159389,4.0,0,12,12,6,382,SUCCESS,159389,OPEN,ZYoMDq-nR2ekC9Nw7GG-_w
CriticalSlice#1024,1633088461876,3,53134,45308,159404,4.333333333333333,0,13,13,5,383,SUCCESS,159404,OPEN,2ufND_jvRWSYXGETqukjaQ
Kameron-UCSD,1633047432560,3,53184,51531,159553,7.0,0,21,21,1,384,SUCCESS,159553,OPEN,4Oj1wrkIQt6MNwqgSFfSgQ
GammaDocumentation#6534,1633055784554,3,53220,48343,159660,4.333333333333333,0,13,13,4,385,SUCCESS,159660,OPEN,eTna4EqwSn-Bb1PqSNpeOQ
Team13,1635206299885,3,53241,41925,159725,5.666666666666667,0,17,17,7,386,SUCCESS,159725,OPEN,O2wb1Uz5TeWSIwKhw28xMA
TymofiiIgnatiev,1633338089848,3,53264,46259,159793,7.0,0,21,21,4,387,SUCCESS,159793,OPEN,zGcNai1tTkqFXQ5CY371dQ
InnoServe-GoChef,1634968635026,3,53286,50667,159860,3.6666666666666665,0,11,11,10,388,SUCCESS,159860,OPEN,ISSlsy9fTk-iS8HLY290dg
ThisSandbox#2953,1634695235700,3,53345,50393,160037,3.6666666666666665,0,11,11,3,389,SUCCESS,160037,OPEN,jllPbws5QxCHraeSOjdRyQ
MachineMax,1635277541595,3,53353,47398,160059,2.6666666666666665,0,8,8,2,390,SUCCESS,160059,OPEN,t7uFi-TMQWWlyZiN0Z54Vw
Akshaymacher,1634625532782,3,53366,44883,160099,4.666666666666667,0,14,14,1,391,SUCCESS,160099,OPEN,YB9SiUc5Rzq0h-_MNQjkuQ
LoopingLambda#8648,1634690602896,3,53404,46152,160213,4.666666666666667,0,14,14,2,392,SUCCESS,160213,OPEN,lTMoqmg3Ro6k3g4bfBbp0Q
SirSpamalot,1634648971060,3,53431,46622,160293,6.0,0,18,18,16,393,SUCCESS,160293,OPEN,N8CU5ubvRfWnAcBEHO0BaQ
Hey,1634835709902,3,53447,49286,160343,7.0,0,21,21,2,394,SUCCESS,160343,OPEN,Rm7zWz0jQTmWIykx3E9g1A
TrampolineTaxiSte,1633681352706,3,53522,51117,160566,3.6666666666666665,0,11,11,11,395,SUCCESS,160566,OPEN,AMsgbqfITnq8rGMI-Cuo3w
juruo,1634022118210,3,53553,46931,160659,8.333333333333334,0,25,25,9,396,SUCCESS,160659,OPEN,z8RLjpW7SV6dl-dJEq9YRg
ArtificialComment#2313,1633761087033,3,53553,50597,160660,0.6666666666666666,0,2,2,14,397,SUCCESS,160660,OPEN,J10VmZzqREC8qPskrwPXFg
MobileByte#5067,1633358969097,3,53558,48274,160676,1.3333333333333333,0,4,4,2,398,SUCCESS,160676,OPEN,OM9FVWdCQWebMDC85boRIw
No-Time-To-Race,1634251299682,3,53578,50538,160736,7.0,0,21,21,4,399,SUCCESS,160736,OPEN,SCRO-iWuQE2VGEDntMChfw
race22,1634033424574,3,53583,52007,160750,5.666666666666667,0,17,17,1,400,SUCCESS,160750,OPEN,MEeHZWg4QNyafXXCf-0MHw
LeetString#0052,1635220281954,3,53599,49661,160798,6.0,0,18,18,7,401,SUCCESS,160798,OPEN,ILkswOkXQ3Sx0MRVfv0VJw
BrainyValue#5837,1633771494968,3,53617,44785,160853,6.666666666666667,0,20,20,15,402,SUCCESS,160853,OPEN,W6UMdfnXTs2KNJScLSXj4Q
capstone-016-less-speed-5,1634830201962,3,53648,51204,160945,9.333333333333334,0,28,28,1,403,SUCCESS,160945,OPEN,qYKyBrRNSNWYb0VLQIGABw
VirtualSystem#4054,1633239257298,3,53664,51533,160992,0.6666666666666666,0,2,2,2,404,SUCCESS,160992,OPEN,odqObET0R5Kyqm348Cai4A
YevheniiDermenzhii,1633847050317,3,53668,41730,161005,5.333333333333333,0,16,16,2,405,SUCCESS,161005,OPEN,dF6aTe71T0y9s4fBc0tsfA
CriticalContext#2519,1634013258908,3,53684,51001,161053,2.3333333333333335,0,7,7,4,406,SUCCESS,161053,OPEN,a3kASy6IR6yi-uk9vjXLFw
Spamio,1634254125142,3,53744,52066,161232,4.333333333333333,0,13,13,5,407,SUCCESS,161232,OPEN,iIzfCjX2Tdmrjz8XVzX5mQ
capstone-017-base-016,1634808852268,3,53754,44468,161263,9.333333333333334,0,28,28,1,408,SUCCESS,161263,OPEN,5m5zy1a3SZOFYhYO7Iev2Q
kwongihyun,1634973826214,3,53772,48802,161317,4.666666666666667,0,14,14,34,409,SUCCESS,161317,OPEN,IBOWRUQcTMGlPuqJMjA35Q
FinitePresentation#2790,1633451540900,3,53821,50675,161464,3.0,0,9,9,13,410,SUCCESS,161464,OPEN,SRFms0IpTZO5wmRQz9_Psg
Kyran,1633236113290,3,53840,48329,161522,4.333333333333333,0,13,13,2,411,SUCCESS,161522,OPEN,Efjj-9t4TiyBI0595icqpw
AndreyYun,1633382713353,3,53842,48661,161528,4.0,0,12,12,1,412,SUCCESS,161528,OPEN,lcMfNIH4TzmChXzvHxk8Yg
Secure486#TY,1633209122098,3,53843,52339,161529,8.333333333333334,0,25,25,3,413,SUCCESS,161529,OPEN,QHSL7dRDQqSMNN2CgB-NGg
CompleteContext#6709,1633398102396,3,53864,52195,161594,0.6666666666666666,0,2,2,3,414,SUCCESS,161594,OPEN,MrRtjCq3QaeMvHB4lHVNtg
SmoviMasterRacer,1633978121183,3,53890,50739,161670,0.6666666666666666,0,2,2,3,415,SUCCESS,161670,OPEN,smEzMvI_Tc2hypB4T6qq_Q
TestingArchitect#3419,1633768632905,3,53908,46531,161724,6.0,0,18,18,7,416,SUCCESS,161724,OPEN,3SN13zTSRSqcJdzbiZgl1Q
prajithram,1634337738270,3,53909,45801,161728,6.333333333333333,0,19,19,20,417,SUCCESS,161728,OPEN,A8kJi32pQ1ufXEJwxuyY7Q
SebastianVettel,1634833950087,3,53917,51541,161752,5.333333333333333,0,16,16,50,418,SUCCESS,161752,OPEN,OBsjUj-YTRqJZxgAfvmpKw
CrypticNumber#9157,1635249659337,3,53926,46409,161778,5.666666666666667,0,17,17,3,419,SUCCESS,161778,OPEN,PHsH4D8OS2itW-VPXfDkrg
ImportantNamespace#1792,1635129698272,3,53978,49865,161934,2.0,0,6,6,25,420,SUCCESS,161934,OPEN,GD4xCdgDRcm_LEIXtq6xnQ
Ajoo,1634310013742,3,53978,49135,161935,8.333333333333334,0,25,25,5,421,SUCCESS,161935,OPEN,G2oxIgAQRxaUKcKoctWMXA
luisdavid919,1633568413749,3,53993,49594,161981,1.0,0,3,3,2,422,SUCCESS,161981,OPEN,JHhSkljjTSKUWfh9B6XHlA
IrakliDvali,1634106824255,3,54050,52807,162151,4.333333333333333,0,13,13,1,423,SUCCESS,162151,OPEN,o0fZfMthRn2aRk_4_9EUkQ
Jorge-Dominguez,1633371378568,3,54055,49463,162167,6.333333333333333,0,19,19,1,424,SUCCESS,162167,OPEN,KGR0MdX8RnK6Xv9qNJT-MA
JPMC-BA-SpeedyGonzalez,1633134747791,3,54063,52863,162190,10.666666666666666,0,32,32,2,425,SUCCESS,162190,OPEN,1nhNKBkaQMKwuxDtW6koQw
CompleteFormula#4618,1633753570604,3,54064,50331,162192,9.0,0,27,27,9,426,SUCCESS,162192,OPEN,JKfxfx_NSUO8bw0kA0UqjA
FrancoisAlbouy,1633779343772,3,54087,46803,162262,9.333333333333334,0,28,28,8,427,SUCCESS,162262,OPEN,tRr1XYOYS0GDkJaeCDnnvg
DesktopArray#2250,1634979430410,3,54116,45536,162348,10.333333333333334,0,31,31,1,428,SUCCESS,162348,OPEN,ZI3Z6xYxSze7V1v1s8WN-A
Vahan-Terzibashian,1633113639221,3,54125,52860,162375,7.333333333333333,0,22,22,2,429,SUCCESS,162375,OPEN,pYyaXrE0Q725PJH6J5zShQ
InnoServe-Super-Pui-Pui-Car,1634040397837,3,54181,46681,162544,8.333333333333334,0,25,25,32,430,SUCCESS,162544,OPEN,NDyDfBc9S1iwE5M141FvGQ
Chintan,1635060901634,3,54201,50857,162605,0.6666666666666666,0,2,2,3,431,SUCCESS,162605,OPEN,lo9rFgCEQE2qqWhNmlUXoQ
FungibleSequence#7802,1633810645518,3,54218,51674,162656,4.333333333333333,0,13,13,2,432,SUCCESS,162656,OPEN,-ynzj5rCQUia911VvrgzLQ
ThePsychopaths,1633081458731,3,54245,52272,162735,9.666666666666666,0,29,29,20,433,SUCCESS,162735,OPEN,gnkR446RQ4CgDzc0F7PDUA
DrB,1635255000843,3,54285,48459,162856,8.333333333333334,0,25,25,57,434,SUCCESS,162856,OPEN,WM1-H11GQm-oQY5s9Sr7FA
Kushalesh,1634987890566,3,54293,52399,162880,6.333333333333333,0,19,19,16,435,SUCCESS,162880,OPEN,k0rCJmNXRzaDPp0cKuOqSg
DraftParameter#7976,1635286124364,3,54337,51404,163012,9.666666666666666,0,29,29,3,436,SUCCESS,163012,OPEN,fbwLoL2PTP2oQefn5Gslpw
AlexanderKomlev,1633701530831,3,54354,53054,163063,8.333333333333334,0,25,25,20,437,SUCCESS,163063,OPEN,u_JO00U1RNK90Whnq5L50A
FuturisticDataset#1461,1633508984716,3,54378,48792,163135,6.0,0,18,18,19,438,SUCCESS,163135,OPEN,u2TNZkFKR8KHRlme7mXbMw
DrH1a-WestPointGreyAcademy,1635184791996,3,54419,50674,163258,4.666666666666667,0,14,14,3,439,SUCCESS,163258,OPEN,17992fd16eb9436ea3ebeQ
Sabeq,1633155449291,3,54430,50538,163291,1.0,0,3,3,2,440,SUCCESS,163291,OPEN,JQdCTctjSaaBQcJU6y55MQ
capstone-017-less-speed-new-3,1634895688970,3,54443,44205,163330,9.0,0,27,27,1,441,SUCCESS,163330,OPEN,h6DirnI5RvyF3oj99Qh0Zw
PathingDelta#7125,1635108874764,3,54445,52942,163337,10.333333333333334,0,31,31,1,442,SUCCESS,163337,OPEN,fZ4aPxVcRZ638UZlZFFi0A
RYU,1634975886978,3,54503,49498,163511,6.0,0,18,18,3,443,SUCCESS,163511,OPEN,F3JmlQIFQBy1BtiQiL8DuA
UsableVariable#9402,1633273276243,3,54593,53655,163780,1.0,0,3,3,2,444,SUCCESS,163780,OPEN,E0EUZMy9RcuFVTyMlCFz-g
Shireen,1633124846278,3,54598,51194,163794,1.0,0,3,3,1,445,SUCCESS,163794,OPEN,yl9EtruPTwaqCY4NxHuz_Q
Kloesel,1634843605724,3,54621,50668,163865,1.0,0,3,3,2,446,SUCCESS,163865,OPEN,HIuJFDcPROO58HnAMwXFRQ
capstone-018-new-8-3,1635079887258,3,54634,43938,163904,9.666666666666666,0,29,29,1,447,SUCCESS,163904,OPEN,oLa0-HQPRZKiJjaA7UjZ6Q
MemoryArchitect#8650,1633396367048,3,54644,51396,163932,6.666666666666667,0,20,20,13,448,SUCCESS,163932,OPEN,PIhZyUe1SImock7x9H9Slw
InnoServe-racing-gogogo-,1634643029303,3,54645,48675,163937,5.666666666666667,0,17,17,16,449,SUCCESS,163937,OPEN,IsZ9iGNDRf-YLqF8nxgyhw
IWannaGoFast1005,1634638241705,3,54691,52600,164073,4.333333333333333,0,12,13,6,450,SUCCESS,164073,OPEN,uU1jHdUJRSi3qve9nw3mdA
BenjaminTsk,1635236611624,3,54691,46811,164073,7.0,0,21,21,3,451,SUCCESS,164073,OPEN,aF6aW2dfSbKdo0GWwSwISA
CurlyShell#0085,1634803847955,3,54713,52536,164141,7.666666666666667,0,23,23,4,452,SUCCESS,164141,OPEN,cElresy7SneAxTp2MsHP-A
ViperJet2021,1635294659288,3,54734,49275,164202,8.0,0,24,24,19,453,SUCCESS,164202,OPEN,3VlIfeunREykyino6_eLlw
RecursiveArithmetic#5312,1633269523646,3,54772,50659,164317,7.0,0,21,21,5,454,SUCCESS,164317,OPEN,HbSaQhEJSCm1x7tL78sEhg
maserati77,1634554737876,3,54801,52258,164403,0.6666666666666666,0,2,2,5,455,SUCCESS,164403,OPEN,l2UlBC73RzWMY0RkSOg6CA
Boat-tail,1635077667219,3,54847,48395,164542,7.0,0,21,21,3,456,SUCCESS,164542,OPEN,N1AGt5FVRQ-cG2Lj_trY1w
AgileBottleneck#4514,1633619511385,3,54866,51119,164600,3.3333333333333335,0,10,10,6,457,SUCCESS,164600,OPEN,2Ri1066GTZmXGobXkJ718Q
Team-Red,1634880858868,3,54871,50878,164614,5.333333333333333,0,16,16,2,458,SUCCESS,164614,OPEN,GWmlgTyiT9mjD3jA0RnLpQ
EncryptedModel#9114,1634848777830,3,54949,53182,164848,0.0,0,0,0,1,459,SUCCESS,164848,OPEN,GAKzpYkZQzi9CRxUR-pCBw
AsynchronousRequirements#8338,1633341950081,3,54984,53132,164953,7.0,0,21,21,10,460,SUCCESS,164953,OPEN,6lywc2P-QrKB4i66NaKzdw
Jiang,1633485493582,3,54986,48072,164960,8.0,0,24,24,5,461,SUCCESS,164960,OPEN,QorfBTwSRwW2eTF0SP_16Q
TestableBooster#4794,1633564590723,3,54990,51835,164972,0.6666666666666666,0,2,2,1,462,SUCCESS,164972,OPEN,XaMa_rsZTA6rStfdwHDYWA
FiniteNode#3165,1634002072600,3,55005,50469,165016,2.0,0,6,6,5,463,SUCCESS,165016,OPEN,La_H6h1DQ3a3MxTaeSxOCA
IterativePackage#1682,1633192955539,3,55006,54870,165018,1.6666666666666667,0,5,5,2,464,SUCCESS,165018,OPEN,uFM0g4fxRwWFu37QoVZoRw
DanielRicortado,1634304328578,3,55039,48922,165119,5.0,0,15,15,18,465,SUCCESS,165119,OPEN,fsStCwVrSKuG29f2z8FHZQ
Rikin,1633072909371,3,55040,48126,165122,7.0,0,21,21,1,466,SUCCESS,165122,OPEN,GPZyMUn4QwyoSrNXarC_RA
guost,1634724847368,3,55049,53607,165148,8.333333333333334,0,25,25,20,467,SUCCESS,165148,OPEN,fB6sfUw-Ti65FeTFYCvxkg
BrainySemicolon#6949,1633571033575,3,55060,53396,165180,1.0,0,3,3,2,468,SUCCESS,165180,OPEN,PunUXQmzRMiFRIqylFGe1A
BetaFix#4808,1635089991499,3,55072,52402,165218,8.0,0,24,24,7,469,SUCCESS,165218,OPEN,rdXrrEFaQZSUzZtya4eB8g
Profloader,1634047059663,3,55083,52459,165250,1.0,0,3,3,57,470,SUCCESS,165250,OPEN,0ET8B8tARyqVpUBRdeTd_A
Joe-Momma,1634919506553,3,55087,47067,165262,9.0,0,27,27,13,471,SUCCESS,165262,OPEN,4XqxiiBLSvWspuqe1vG52g
leo-peng,1635299743834,3,55095,47740,165285,8.0,0,24,24,9,472,SUCCESS,165285,OPEN,LgJPxP6eTMOsq30hbBT7wg
PrimeShell#6759,1635001457530,3,55146,50861,165440,3.3333333333333335,0,10,10,2,473,SUCCESS,165440,OPEN,O1Z1q40sTb-aQUZi0OzBww
demo5-018-2,1634587185065,3,55195,47727,165586,9.333333333333334,0,28,28,1,474,SUCCESS,165586,OPEN,-eaIBtg5RG-Rytc8-4LLZw
MiguelOsorio,1633915219091,3,55205,51174,165616,8.0,0,24,24,2,475,SUCCESS,165616,OPEN,BaH8_fDMT8C6XqUQ_H8hOw
capstone-018-less-speed-new-test,1634946091755,3,55210,53528,165632,9.333333333333334,0,28,28,1,476,SUCCESS,165632,OPEN,bXzVk9eMTpuIWOBZD0EKFg
Jellybean,1635298871896,3,55218,45410,165656,5.333333333333333,0,16,16,21,477,SUCCESS,165656,OPEN,Ggsf3eSAQ7-Fnxh0Ua8SGw
ImportantAnalysis#8833,1634645225485,3,55224,47732,165674,6.0,0,18,18,4,478,SUCCESS,165674,OPEN,MPjL2zsNSOW_cvugiQvmSg
--Francisco-Rodriguez--,1633637204351,3,55255,51196,165765,5.0,0,15,15,6,479,SUCCESS,165765,OPEN,hqfH1NmcSi6MPdhq6iPVNg
Supernova,1635282907434,3,55268,51928,165804,3.0,0,9,9,13,480,SUCCESS,165804,OPEN,GKEdSF16R_qYwbYOQuWSbw
UnboundZone#1891,1635283029217,3,55271,44008,165813,10.666666666666666,0,32,32,1,481,SUCCESS,165813,OPEN,jgooS_29TRi97-SkGRZtqw
tanhongzhao,1633858864093,3,55296,53742,165890,4.333333333333333,0,13,13,2,482,SUCCESS,165890,OPEN,mgqqQI9FQc2p2h5FYn1NJw
BadWeatherBrewingRacing,1635275001084,3,55310,51681,165930,7.0,0,21,21,11,483,SUCCESS,165930,OPEN,rCSB3x04SemHhMBhA1WfBg
IronHide,1633121705182,3,55310,54667,165932,5.0,0,15,15,9,484,SUCCESS,165932,OPEN,rzKKUvaET8qHPHV5XfiKYw
Turbo-Z,1635088371974,3,55311,46238,165933,6.666666666666667,0,20,20,3,485,SUCCESS,165933,OPEN,VgE-QpKWS_auB7zyhx_w3Q
raceworlddpk,1634986941891,3,55334,50594,166002,3.3333333333333335,0,10,10,14,486,SUCCESS,166002,OPEN,w7iNlQ0TQNeYgbNj_w8-5w
CrypticHacker#1207,1633191686443,3,55348,52463,166045,1.3333333333333333,0,4,4,1,487,SUCCESS,166045,OPEN,1LK7HkWDSZa693qjpSbfBQ
Yeetus,1633120376883,3,55427,52970,166281,6.666666666666667,0,20,20,2,488,SUCCESS,166281,OPEN,ZVWLHiSyQCOuHqUv2Pzb1g
OuO,1635284722206,3,55459,50614,166377,6.333333333333333,0,19,19,10,489,SUCCESS,166377,OPEN,IUymBKe6SFScHcaCju_7bQ
HongJunYeong,1634638700554,3,55466,52719,166399,7.666666666666667,0,23,23,8,490,SUCCESS,166399,OPEN,j7IjuAv5RdiHJNTBvalnWw
Lepero,1635103750153,3,55473,48337,166419,7.0,0,21,21,5,491,SUCCESS,166419,OPEN,1ZJeFIvARC2kE0aF2orxkQ
JoCh-Racer#2021,1633075793636,3,55475,51064,166427,8.0,0,24,24,4,492,SUCCESS,166427,OPEN,L2kof6WKSfueaiWjHMRdSw
KaterynaSavina,1633699443495,3,55504,54583,166512,6.666666666666667,0,20,20,8,493,SUCCESS,166512,OPEN,eSgymhC-QMC2YkWckFydqw
ParametricNamespace#3048,1635183743036,3,55508,52338,166526,1.6666666666666667,0,5,5,1,494,SUCCESS,166526,OPEN,TzI1gAspSz-QOmvFw80IgQ
AutomatedUpdate#4914,1633102269821,3,55564,52186,166693,0.6666666666666666,0,2,2,2,495,SUCCESS,166693,OPEN,_d7GWo2TSMe5t_wxfAvJaw
OlehKardash,1633099700221,3,55569,50059,166707,4.666666666666667,0,12,14,4,496,SUCCESS,166707,OPEN,dsBwtdhbQrKMep6mz26E9Q
kmrvishal89,1635236984892,3,55578,48598,166735,6.666666666666667,0,20,20,5,497,SUCCESS,166735,OPEN,2mTkmRt9S-SBAHh_J_wNag
CL,1633695406189,3,55621,47679,166864,5.0,0,15,15,6,498,SUCCESS,166864,OPEN,lJAKIwW6Q_eWTEJ9vDal2A
JeromeTeoh,1633767997366,3,55665,52471,166995,6.666666666666667,0,20,20,7,499,SUCCESS,166995,OPEN,54HbHmQlQFaZ3QQEiqWBeg
CreativePatch#8915,1634483706238,3,55693,55533,167079,9.0,0,27,27,1,500,SUCCESS,167079,OPEN,F_z3OkPaTTeOCCsK5LCWxw
AliceH,1634643159259,3,55727,52953,167182,10.666666666666666,0,32,32,12,501,SUCCESS,167182,OPEN,-lTSndmUTEuysimX0YAOng
LionRock,1633500523768,3,55734,54274,167202,1.3333333333333333,0,4,4,7,502,SUCCESS,167202,OPEN,iqsLin0dRtaPVEgHJ4B0qw
ProgrammingSchema#4382,1633988949840,3,55748,53204,167244,7.666666666666667,0,23,23,2,503,SUCCESS,167244,OPEN,_VAJgUBbTLqAMazX5WyJRw
QuickUpdate#5929,1633994345955,3,55795,53666,167387,1.3333333333333333,0,4,4,4,504,SUCCESS,167387,OPEN,F3Z-buPeSp2NE7sa-zTAqA
Yoon,1634898466143,3,55859,54733,167577,8.0,0,24,24,4,505,SUCCESS,167577,OPEN,n-yUceKUQmKO91ims_Tevw
InteractiveCharacter#7948,1634691805710,3,55886,53269,167658,9.666666666666666,0,29,29,1,506,SUCCESS,167658,OPEN,Hnub39tQQOmBc2-Cao7dng
Na10R,1633860449466,3,55890,54873,167670,7.333333333333333,0,22,22,1,507,SUCCESS,167670,OPEN,XZ1BMtFURUGIHOj57mPGUA
Ravenous,1634947760754,3,55903,51662,167710,0.6666666666666666,0,1,2,3,508,SUCCESS,167710,OPEN,V7pl44cLT-G6kT_oWIriIQ
MatteoBottini,1633392460564,3,55907,52195,167723,6.0,0,18,18,13,509,SUCCESS,167723,OPEN,mWLRhjG1SjCOmE67SPO7Yg
KangSeongKwan,1634294032041,3,55939,51209,167817,4.333333333333333,0,13,13,12,510,SUCCESS,167817,OPEN,mbsXrHdlTZ-bAOEQ0RE66Q
10xZone#0167,1634832191594,3,55954,51259,167864,4.666666666666667,0,14,14,5,511,SUCCESS,167864,OPEN,xIvgFQBeSBKmvEYZjKVcHw
JIWONKING,1635266792742,3,55958,47407,167876,8.0,0,23,24,10,512,SUCCESS,167876,OPEN,dOLRXR9cSkGH61LZ_I7PLA
FunctionalTech#5029,1633517541105,3,55994,50862,167984,5.0,0,15,15,8,513,SUCCESS,167984,OPEN,ecMXNYEqTOagFbdNA8yRww
FiniteArgument#9535,1634366172846,3,56012,50455,168036,4.666666666666667,0,14,14,7,514,SUCCESS,168036,OPEN,6dL2PaY0T4q6v6LomC-zvw
ActionBot,1635242176035,3,56025,51329,168075,6.333333333333333,0,19,19,5,515,SUCCESS,168075,OPEN,DvQ1T0IJQIS_Wy4qreeh6A
Linerider,1634753604066,3,56050,50211,168152,6.666666666666667,0,20,20,12,516,SUCCESS,168152,OPEN,UczF_vFpSs2xsjDcZ8uwhw
InnoServe-AWS-AI-CAR,1634547705017,3,56072,44077,168217,8.0,0,24,24,6,517,SUCCESS,168217,OPEN,vsxcXtrtQVGQpI8AtQPipg
race24,1634061626751,3,56088,50395,168266,4.0,0,12,12,1,518,SUCCESS,168266,OPEN,u2WyH8D2TxKvZvHapPQ4UQ
ChrisShowMe,1634942702320,3,56133,50069,168400,8.666666666666666,0,26,26,19,519,SUCCESS,168400,OPEN,Fx8RnRyGRIuVhqhALLZ9kw
AR,1634994145782,3,56162,54878,168488,6.666666666666667,0,20,20,4,520,SUCCESS,168488,OPEN,pv8Y3OEfTSS87qCfPGrPkw
XuanMing#0000,1633695640470,3,56203,53596,168609,9.666666666666666,0,29,29,15,521,SUCCESS,168609,OPEN,Uq8bgEPeRYOyn7Gst9vnFw
StructuredTester#6317,1633187532484,3,56209,53286,168629,1.6666666666666667,0,5,5,2,522,SUCCESS,168629,OPEN,RTaXtbJwQFaPPl44ODV9gw
AlehTrafimovich,1633424873761,3,56236,43866,168710,8.666666666666666,0,26,26,13,523,SUCCESS,168710,OPEN,ag5GKhpWRFyZeQEHNKYo5A
BetaMachine#1826,1633446405984,3,56244,55805,168733,5.0,0,15,15,6,524,SUCCESS,168733,OPEN,1wKFysYOTn64ZC2Ow5Pt6Q
UsableSchema#2433,1633690894783,3,56247,46941,168741,6.666666666666667,0,20,20,15,525,SUCCESS,168741,OPEN,ztKeM0y4T0moY7Hlpse9yQ
BetterLatteThanNever,1634312737154,3,56249,51925,168749,4.333333333333333,0,13,13,6,526,SUCCESS,168749,OPEN,rom7tX9gRq2ao-DHbsrwcQ
BooleanBottleneck#2562,1634750345103,3,56267,51601,168801,6.333333333333333,0,19,19,18,527,SUCCESS,168801,OPEN,wiqTV-OKR-Wz-PucrpfR9w
DeepScope#5567,1633969452903,3,56277,53532,168832,2.6666666666666665,0,8,8,2,528,SUCCESS,168832,OPEN,2iRACeQfQoGq0BSu-UE_Ew
PrototypeCommand#0232,1634689231737,3,56286,54128,168860,6.666666666666667,0,20,20,27,529,SUCCESS,168860,OPEN,GhCuxMU4RlGq6o7F_Rq_hA
QualifiedEngineer#6206,1633671772902,3,56295,53942,168885,9.666666666666666,0,29,29,44,530,SUCCESS,168885,OPEN,mnJX6L4aTGiedB20esVZ7A
vladflore,1633893399209,3,56316,54741,168950,1.3333333333333333,0,4,4,3,531,SUCCESS,168950,OPEN,hExZP2gRQ4SeHxwel0dZ7Q
BooleanMethod#4138,1635170526155,3,56344,50889,169032,4.0,0,12,12,22,532,SUCCESS,169032,OPEN,ZMU7vfavQqeIf01Zyb5KkA
BooleanDigit#3240,1633517157280,3,56352,55792,169057,1.0,0,3,3,13,533,SUCCESS,169057,OPEN,hPDI8PFPRmC6ZC9Z2SV4mA
EsteemedTech#0242,1634926693032,3,56364,52474,169093,11.0,0,33,33,1,534,SUCCESS,169093,OPEN,GGN-skbJTZeJS2glriAAgw
team4,1633071472580,3,56374,54533,169124,2.3333333333333335,0,7,7,6,535,SUCCESS,169124,OPEN,MP08szxCRCCGbkMb2I1yhg
WebAnalyst#2182,1634776923579,3,56379,44474,169137,9.333333333333334,0,28,28,7,536,SUCCESS,169137,OPEN,8AUspJ8SSYKtOkf6cMPr0g
SequentialArgument#7256,1633863711692,3,56395,53934,169186,1.6666666666666667,0,5,5,1,537,SUCCESS,169186,OPEN,a_EIJviERv2wKGjLee-5Ow
redtea,1633332784816,3,56406,50742,169220,8.666666666666666,0,26,26,83,538,SUCCESS,169220,OPEN,OnO5gwPsSvaL_8B8YgJzNg
BalazsMolnar,1633279785804,3,56421,49801,169265,8.0,0,24,24,2,539,SUCCESS,169265,OPEN,5dKraXMEQaKQw53gthysjw
DesktopExpression#5632,1633892175008,3,56501,54546,169505,0.6666666666666666,0,2,2,1,540,SUCCESS,169505,OPEN,TjyEqrFGQLaeBO5uztZ28A
capstone-018-new-8-4,1635117848692,3,56524,54767,169574,10.333333333333334,0,31,31,1,541,SUCCESS,169574,OPEN,bC6vRNPpSAmIB3akctjCAg
VWGroup,1634052895254,3,56542,51635,169626,6.0,0,18,18,1,542,SUCCESS,169626,OPEN,TeIPp4cRQTWIKrOj-jb9HQ
SquarePoint#1936,1634021507352,3,56554,46112,169664,7.333333333333333,0,22,22,4,543,SUCCESS,169664,OPEN,MQh08GDORt6mQscuIQv7WQ
leexuanhua,1633769300920,3,56599,52998,169798,4.333333333333333,0,13,13,10,544,SUCCESS,169798,OPEN,pXe-_7-WTmqJ1nfH-b_zAQ
InteractiveBrackets#1625,1633397588557,3,56622,52515,169866,1.0,0,3,3,1,545,SUCCESS,169866,OPEN,qFP5_mbZQFqFsaOmPG5ysA
IterativeScope#3030,1633536677617,3,56623,53520,169869,3.0,0,9,9,7,546,SUCCESS,169869,OPEN,KUrRCFLuT3qqA_xMrOMEkw
ironbarrel1,1633526275839,3,56657,52318,169972,6.0,0,18,18,3,547,SUCCESS,169972,OPEN,fA5ouejXTLCuhHHUaHavEw
MemoryScript#7824,1633520715982,3,56686,53593,170060,0.6666666666666666,0,2,2,2,548,SUCCESS,170060,OPEN,gzNIfno3RNCUOn0tyzmTDw
LeetLambda#8301,1635286570516,3,56702,51998,170106,7.333333333333333,0,22,22,4,549,SUCCESS,170106,OPEN,a2SNE_6QRSSCAQZGlKuQzw
UsableHypothesis#0169,1635256514220,3,56708,48673,170126,9.333333333333334,0,28,28,57,550,SUCCESS,170126,OPEN,8Q8bgEsSRrqPaPon5wKDDQ
RiskRacer003,1634662957752,3,56729,52934,170189,6.333333333333333,0,19,19,9,551,SUCCESS,170189,OPEN,DCmqs0pDT1uC7nPNgAy3YQ
StanislavKarakhanov,1633625301737,3,56735,53398,170207,3.6666666666666665,0,11,11,13,552,SUCCESS,170207,OPEN,qpPz-0MNTpePTigzcaWxBA
Team3-Greyhound,1634030076090,3,56751,54246,170253,5.0,0,15,15,23,553,SUCCESS,170253,OPEN,Y_NK4a3sQwWJ_FXucdf2Ug
InnoServe-Tokerpie-FCU,1634868826980,3,56752,50924,170257,7.0,0,21,21,24,554,SUCCESS,170257,OPEN,qx2U2AdERk63sb9mfEXGQg
warpdrive,1635274332186,3,56753,48867,170260,8.333333333333334,0,25,25,6,555,SUCCESS,170260,OPEN,mwA8tUwcS7GLhLa6Ac6Yvg
ImportantBooster#0159,1633402556733,3,56849,55609,170548,0.3333333333333333,0,1,1,2,556,SUCCESS,170548,OPEN,IJxJ42EeSxWOe__zviIpyw
simplyshree,1633802617997,3,56857,55527,170573,1.6666666666666667,0,5,5,3,557,SUCCESS,170573,OPEN,Ug-DOJrpQ-m6gmiFZTgtdg
capstone-018-new-16,1634955338058,3,56861,52789,170585,10.0,0,30,30,1,558,SUCCESS,170585,OPEN,mLE_m8AATSC_kYU6vxQ2yA
BlockchainResource#8115,1635179585702,3,56866,54934,170599,8.666666666666666,0,26,26,2,559,SUCCESS,170599,OPEN,pLyol4IzSU6wgUPHdy_BEg
Liluter-Dron,1633289847284,3,56871,54752,170615,1.6666666666666667,0,5,5,1,560,SUCCESS,170615,OPEN,xqLl_sVoTQ2zfGYXDT0Bqw
NicholasPro2,1635137744775,3,56873,49594,170620,11.0,0,33,33,3,561,SUCCESS,170620,OPEN,cgrSCVHsT_WFsiENF2VR3Q
TanZhenRong,1633763058813,3,56874,51680,170624,5.333333333333333,0,16,16,9,562,SUCCESS,170624,OPEN,eBjsx4F8Q9-bTEHXEw_grg
sammoussa,1633789047319,3,56876,55117,170630,1.3333333333333333,0,4,4,1,563,SUCCESS,170630,OPEN,YPWvijzuRLWdyzZ37pCbsA
ZeusRacer,1633067346940,3,56896,52920,170690,3.3333333333333335,0,10,10,2,564,SUCCESS,170690,OPEN,_H2qh4_FSAaWzOtJfI5SDQ
InnoServe-The-AI-drivers-in-Yuntech-,1634487603016,3,56898,51539,170695,5.333333333333333,0,16,16,16,565,SUCCESS,170695,OPEN,gyD-tXzFRoSqQkE1Mo0AJw
PythonNamespace#8118,1633740384959,3,56924,52399,170772,1.0,0,3,3,3,566,SUCCESS,170772,OPEN,LbCVum2kTVy31SaU8rQSnw
Mento,1633782672041,3,56960,56693,170881,7.0,0,21,21,5,567,SUCCESS,170881,OPEN,bCQaoFO4QcWHFMmRn9eKrA
CreativeInterface#2661,1633253958781,3,57042,55864,171128,0.3333333333333333,0,1,1,1,568,SUCCESS,171128,OPEN,4BnebuXZQ-yH9yUFzHVGkg
TestableToken#3110,1633626176128,3,57060,50655,171180,1.3333333333333333,0,4,4,1,569,SUCCESS,171180,OPEN,GTXgd-b6TI6svz4bz_SQ_A
VickieBertini,1633731895269,3,57074,51532,171223,7.333333333333333,0,22,22,1,570,SUCCESS,171223,OPEN,DSME31I9QIWTz09-gza2hw
RecursiveArchitect#6125,1633590762048,3,57111,55323,171333,7.333333333333333,0,22,22,8,571,SUCCESS,171333,OPEN,P3KMf44sQg2K_RC4vsVjLw
SpeedBuster,1635280003631,3,57111,56075,171334,6.333333333333333,0,19,19,6,572,SUCCESS,171334,OPEN,c-CZDrymRzy10CnBdTVxdQ
NullDeadline#1666,1633523337103,3,57116,52664,171348,5.333333333333333,0,16,16,9,573,SUCCESS,171348,OPEN,LsUNA5MsSkyK6ANRA3TZHQ
QualityTag#9148,1634625918551,3,57124,47381,171373,7.666666666666667,0,23,23,35,574,SUCCESS,171373,OPEN,CVT3W5jsQlq_SYt2zhSvQg
KavyaShah,1634937566223,3,57139,50151,171419,4.333333333333333,0,13,13,3,575,SUCCESS,171419,OPEN,GhpFskAOSbSDwRkEWz0qoA
maedamaeda,1634795664061,3,57147,54064,171442,6.0,0,18,18,13,576,SUCCESS,171442,OPEN,N7rLGYNrRmOKMxS83BXRkQ
GwatsoCars,1633259755594,3,57152,53659,171458,1.3333333333333333,0,4,4,3,577,SUCCESS,171458,OPEN,7tMknANwQyaqPk8_yngPaQ
shibhat,1634072743815,3,57172,50707,171516,2.0,0,6,6,2,578,SUCCESS,171516,OPEN,2pj2_N_EToyMZpiR5ei-hQ
ParametricUpgrade#7624,1633391748623,3,57196,56870,171588,0.6666666666666666,0,2,2,2,579,SUCCESS,171588,OPEN,1OC91g7iSfaLmXcIsLSNUw
race18,1634003421480,3,57196,55661,171588,4.0,0,12,12,2,580,SUCCESS,171588,OPEN,rSxA2rUlQY-iwZ9xWQFtgw
happiness,1633737390629,3,57198,50808,171595,6.666666666666667,0,20,20,3,581,SUCCESS,171595,OPEN,Os8eLZLFS4ug_wG7UPHLww
MemoryBrackets#7481,1633711168834,3,57247,55066,171742,6.666666666666667,0,20,20,5,582,SUCCESS,171742,OPEN,3BSvqhIIRoKsgh3qys893g
HashableToken#7917,1635235907457,3,57269,55547,171807,6.0,0,18,18,6,583,SUCCESS,171807,OPEN,sp3j_SAgRW-i9gymFD928A
ReferenceExpert#8939,1634455358909,3,57276,56750,171830,4.666666666666667,0,14,14,9,584,SUCCESS,171830,OPEN,RKqhumrWQtCThJ91o8bu-w
ZoeLee,1633762751895,3,57310,50531,171930,8.333333333333334,0,25,25,16,585,SUCCESS,171930,OPEN,Z55yn1DWSt-KzmEcIgxwWQ
##,1634533612607,3,57356,56935,172068,7.0,0,21,21,7,586,SUCCESS,172068,OPEN,anidO6VVSZ6ZiG8H5QddMQ
CriticalModel#5812,1633452224441,3,57357,55467,172073,4.666666666666667,0,14,14,3,587,SUCCESS,172073,OPEN,14qglmY2TzCgKZtG3UrpOQ
IterativeSpec#3911,1635131856004,3,57365,56074,172096,9.333333333333334,0,28,28,8,588,SUCCESS,172096,OPEN,oj5YtvUuRby9EfVTaaC2fw
EgorBogatyrev,1634304579717,3,57378,46987,172135,8.666666666666666,0,26,26,2,589,SUCCESS,172135,OPEN,qiEYg8gjTfq5iA5Ovc_yqg
Max02,1634888439697,3,57397,54396,172191,8.0,0,24,24,1,590,SUCCESS,172191,OPEN,fx6bl7VqSGe3iHv-elYU-g
PurpleThunder,1634957246607,3,57406,50739,172218,5.333333333333333,0,16,16,6,591,SUCCESS,172218,OPEN,CWydY0-8SVCVCxd_ay38rg
SubramanianRamasamy,1633756332189,3,57420,56052,172262,7.666666666666667,0,23,23,11,592,SUCCESS,172262,OPEN,ptnFmqfMQr2J4bNXlRGDVw
ImmutableSpec#1316,1634847030600,3,57465,49939,172396,2.0,0,6,6,2,593,SUCCESS,172396,OPEN,AB5APU8YSyyBm4zdrIMPAw
IterativeBottleneck#9011,1633934479167,3,57466,55134,172399,1.6666666666666667,0,5,5,1,594,SUCCESS,172399,OPEN,i9FdAHcwSne_3QBoatcApA
FocusedAnalysis#8778,1633216816356,3,57510,54981,172531,3.3333333333333335,0,10,10,3,595,SUCCESS,172531,OPEN,NV8hf0L8TkCdOGqkPaMoOA
MadCross,1634852773040,3,57581,49937,172745,4.0,0,12,12,5,596,SUCCESS,172745,OPEN,Msh-oGccTR2Yn31a5coUHA
Imspeed,1634911369159,3,57614,49716,172844,7.333333333333333,0,22,22,29,597,SUCCESS,172844,OPEN,iEJj3HN1QPyI6o-DUcae8A
CompleteBuster#6991,1635078656434,3,57666,51594,172999,9.666666666666666,0,29,29,22,598,SUCCESS,172999,OPEN,lOYdHm3dRYCCAWzY-Iui2Q
BetaClass#0495,1633970284168,3,57686,57468,173058,1.0,0,3,3,3,599,SUCCESS,173058,OPEN,jq5omUs3TWaSB909QiU7Ow
GlobalDataset#6304,1635284171773,3,57693,52473,173079,9.333333333333334,0,28,28,13,600,SUCCESS,173079,OPEN,2WDwmWI9SGGnubKHwKPMVw
MAttout,1633244957435,3,57694,55929,173083,1.3333333333333333,0,4,4,3,601,SUCCESS,173083,OPEN,Pi2EErwKSDGG2gCg_Id1xw
RecursiveBraces#7365,1634988822695,3,57701,55002,173105,1.6666666666666667,0,4,5,1,602,SUCCESS,173105,OPEN,ozjG5BomQVieeDnply5igw
HelpfulOrder#9693,1634090265868,3,57729,54065,173189,5.0,0,15,15,4,603,SUCCESS,173189,OPEN,Bj9QrKvrQiKhHM3grgY13Q
AlbaRacingTeam,1634749168797,3,57737,53253,173211,5.0,0,15,15,4,604,SUCCESS,173211,OPEN,KHfCvlEATcCCqqLfLc2XDg
AzeTyler,1635144675364,3,57744,54434,173232,4.666666666666667,0,14,14,3,605,SUCCESS,173232,OPEN,HgJpfh9BRQ2WI14hAjEZCQ
PythonSchematic#5566,1634194509938,3,57750,52393,173252,5.0,0,15,15,32,606,SUCCESS,173252,OPEN,l8JRA7BQSPexOf2jxz6GUg
HUSTAR-TEAM4,1635244200497,3,57783,56123,173349,1.3333333333333333,0,4,4,4,607,SUCCESS,173349,OPEN,fSQHZ8_VSnKoCrf6WEKbcQ
WrathHP,1634011116942,3,57783,51596,173349,1.3333333333333333,0,4,4,3,608,SUCCESS,173349,OPEN,3s7GDaHRRUeZsMicb-okxA
IterablePoint#6976,1633233735515,3,57798,56135,173394,1.3333333333333333,0,4,4,2,609,SUCCESS,173394,OPEN,3U31vO_dSSailRLfuco3wg
TechnicalExpression#4546,1633694862437,3,57822,54265,173466,9.0,0,27,27,7,610,SUCCESS,173466,OPEN,UtUrA69MQ3-GKWcEnARzjg
VariableScript#0342,1634550376408,3,57825,53471,173477,7.0,0,21,21,4,611,SUCCESS,173477,OPEN,npz96rd_SmSVroDxNYvkrA
LeetSemicolon#0942,1633210174288,3,57829,57277,173488,2.0,0,6,6,4,612,SUCCESS,173488,OPEN,NnG3oFMaT0WMYDf6IZ7kaw
GenerativeToken#6105,1634288362466,3,57840,52611,173520,5.333333333333333,0,16,16,3,613,SUCCESS,173520,OPEN,QsKw8F7HQl6RZQlkyLZASA
Ryuuuuuuma,1634297874997,3,57842,56000,173526,6.0,0,18,18,26,614,SUCCESS,173526,OPEN,ocPV3H3hRIW_fZLyXDhWBA
PDawg-Crash,1634559703075,3,57848,55802,173544,6.666666666666667,0,20,20,5,615,SUCCESS,173544,OPEN,hRuaxuEPReqqDv7ODE_3yQ
Group5-666,1633095229362,3,57858,51999,173574,8.666666666666666,0,26,26,1,616,SUCCESS,173574,OPEN,Dgvppv-NRAilv3hlTzHmiA
ivanmikhnenkov,1634251616189,3,57900,53433,173702,9.333333333333334,0,28,28,1,617,SUCCESS,173702,OPEN,B5FZ-tO_RSCVys8vLmeWcA
RocketSchematic#7043,1634862477882,3,57908,55864,173724,10.666666666666666,0,32,32,1,618,SUCCESS,173724,OPEN,uuARrvWKT9GHTFQMuwfd_g
BrainyBottleneck#9522,1634003262540,3,57927,48251,173783,8.333333333333334,0,25,25,9,619,SUCCESS,173783,OPEN,Gf2-_FkiQjW33-OU00MIrg
QuickSpec#1565,1633885855442,3,57930,57722,173792,1.0,0,3,3,1,620,SUCCESS,173792,OPEN,2nPq0i8pSf-0BAaXeUZQgQ
Seafood-Team,1634191875506,3,57935,46857,173806,10.0,0,30,30,18,621,SUCCESS,173806,OPEN,t0EL7z37QzOy45TUkeqTmw
UsableNotation#7473,1634034238809,3,57950,56070,173852,5.333333333333333,0,15,16,1,622,SUCCESS,173852,OPEN,_5Ps1R9qT3GBtWF46rycPQ
Andrei-Gromov,1633471970478,3,58041,50727,174125,8.0,0,24,24,5,623,SUCCESS,174125,OPEN,ShAHEkV0SZOAuRAHLM1S1g
Bar-Lower,1634307600507,3,58049,46808,174147,9.333333333333334,0,28,28,6,624,SUCCESS,174147,OPEN,9B72X13dQWmPnI8dBkZImw
AbstractAbstraction#1374,1634329028880,3,58049,55341,174148,8.0,0,24,24,10,625,SUCCESS,174148,OPEN,P6JTQPYGQzCAlYQVket8jQ
DraftGlyph#1339,1633092866916,3,58060,56517,174181,6.333333333333333,0,19,19,1,626,SUCCESS,174181,OPEN,kNhzor1dRmGFTYVUK_BTuw
UrgentLog#5129,1634785601859,3,58062,54067,174188,6.0,0,18,18,8,627,SUCCESS,174188,OPEN,jtHTPXa6TdeSmcQoo92KbQ
AgentDriver,1633146827281,3,58062,55602,174188,2.3333333333333335,0,7,7,2,628,SUCCESS,174188,OPEN,9oI5wLSfSgeabJEde8UIvQ
Shake-n-Bake,1633818208375,3,58067,55663,174202,8.333333333333334,0,25,25,4,629,SUCCESS,174202,OPEN,wezh_r8URm-ZkGVqdgKWhQ
chromilo,1633318639188,3,58070,51928,174212,2.6666666666666665,0,8,8,2,630,SUCCESS,174212,OPEN,fZRRJf99Qgi7F79UurDhxA
JavaEvaluation#4335,1633797248990,3,58086,51131,174260,2.6666666666666665,0,8,8,1,631,SUCCESS,174260,OPEN,z8wOcHhwStyLRvsBltaKVg
MateToth-Csak,1633607301639,3,58093,53269,174279,7.0,0,21,21,13,632,SUCCESS,174279,OPEN,aC2v1X75S96CV0LXMj-VpQ
Ad0ny,1635105004682,3,58106,56854,174318,7.333333333333333,0,22,22,7,633,SUCCESS,174318,OPEN,ncFDCXVrQTWlCwQrQpDsRw
AuroraHunter,1635024423293,3,58107,55681,174323,9.666666666666666,0,29,29,7,634,SUCCESS,174323,OPEN,z4gNcEZeRh2_nmkXuCrO1A
IterativeHypothesis#8657,1633682039219,3,58123,56201,174369,0.6666666666666666,0,2,2,2,635,SUCCESS,174369,OPEN,GdNHemgeS9CNDJVXl20y6Q
FiniteBuster#7420,1633218832444,3,58223,56802,174671,2.3333333333333335,0,7,7,1,636,SUCCESS,174671,OPEN,TGadq6GuQC6qp7pp2aSNAA
Nicola,1633097920001,3,58288,55659,174866,1.6666666666666667,0,5,5,4,637,SUCCESS,174866,OPEN,6XZ2S49EQJuvlzU3wICvcg
13-Jason-Fourwheels,1634303572847,3,58293,54197,174880,6.0,0,18,18,2,638,SUCCESS,174880,OPEN,ofN4UXb0Sxe1bmV0G9OtXg
AngJanSyi,1633764662019,3,58304,50456,174913,5.0,0,15,15,8,639,SUCCESS,174913,OPEN,lM9scu_8RKmMjHog9rZyMw
The-Top-AE86,1633071080518,3,58307,54134,174923,7.333333333333333,0,22,22,4,640,SUCCESS,174923,OPEN,hrH6s269T26O0IyM1Y2o6g
MrKnightRider,1635185837544,3,58324,52997,174973,6.333333333333333,0,19,19,21,641,SUCCESS,174973,OPEN,KhPJ4IgwSqK5KVf8JwI0Og
FraskeyTaco,1633110977944,3,58349,55735,175047,9.666666666666666,0,29,29,3,642,SUCCESS,175047,OPEN,Be275LbPR6illHrLOEMTng
AliakseiKrytski,1633889328677,3,58373,45736,175120,5.0,0,15,15,6,643,SUCCESS,175120,OPEN,Wrth5vuGQPeDuTFzx0sP5w
10xLoop#0528,1633617866282,3,58378,49459,175136,5.0,0,15,15,2,644,SUCCESS,175136,OPEN,wWP-UBHzSBeNNOGRZfS6ew
BigScope#6887,1634876308105,3,58382,51871,175148,8.0,0,24,24,57,645,SUCCESS,175148,OPEN,OgST9Ny7Q5WdOVgEh-Xeaw
Accelerator,1634724138963,3,58417,55669,175252,8.0,0,24,24,15,646,SUCCESS,175252,OPEN,ULTU5gGlSIS2n3SWg7wp2w
BlockchainLog#9394,1633108331226,3,58417,55992,175253,1.6666666666666667,0,5,5,1,647,SUCCESS,175253,OPEN,d-dMmZCNRIiqdtnJ7HOQ1g
FastAndCiervo,1634912358767,3,58418,56668,175256,5.333333333333333,0,16,16,8,648,SUCCESS,175256,OPEN,ALBc_agBQ_Kaump599IFLw
today-we-must-get-switch,1634577537106,3,58433,52581,175299,8.666666666666666,0,26,26,1,649,SUCCESS,175299,OPEN,uYh9dYQTQDyVt4jaRIAbjw
Johnywalker007,1634647389255,3,58466,56530,175399,6.0,0,18,18,7,650,SUCCESS,175399,OPEN,bggCykg6SrOVjL35fAW2fQ
pibedale,1635262154271,3,58471,54211,175415,7.666666666666667,0,23,23,2,651,SUCCESS,175415,OPEN,mHC5vSgXQjKf1PWsUvxFRQ
capstone-017-less-speed-new-7,1635112706971,3,58474,51617,175423,10.666666666666666,0,32,32,1,652,SUCCESS,175423,OPEN,4Xqcro20T--Vxi18otMTHQ
Strawberry-WestPointGreyAcademy,1635188867398,3,58484,52986,175453,4.333333333333333,0,13,13,2,653,SUCCESS,175453,OPEN,Vm-p_qA5SUaGI_bTV2_bIg
RiturajJain,1633902068384,3,58487,57169,175463,8.333333333333334,0,25,25,3,654,SUCCESS,175463,OPEN,oeEEoKgKSAqOhmdAzzZhIA
race12,1633861271186,3,58492,51075,175476,6.0,0,18,18,1,655,SUCCESS,175476,OPEN,-9C6IwaFTqCCkoR5Ws-NqA
ContinuousNetwork#1044,1633718575573,3,58506,57068,175520,1.3333333333333333,0,4,4,4,656,SUCCESS,175520,OPEN,KzvIplO1Rzy_7r-mWP9Kww
Ronnie2k---,1634922739558,3,58515,55996,175546,2.6666666666666665,0,8,8,1,657,SUCCESS,175546,OPEN,MQ-qkAXgR9a33kTVQgl91w
St-Bernard,1633452574936,3,58546,57410,175638,2.0,0,6,6,2,658,SUCCESS,175638,OPEN,kYjpUHhXTEecOc7WeNGWtA
ProcessingArchitect#4730,1635172531286,3,58556,50293,175670,6.666666666666667,0,20,20,6,659,SUCCESS,175670,OPEN,1IA6iU27QPqT2eS04LSqmg
Seeker89,1633426889624,3,58569,57662,175707,1.3333333333333333,0,4,4,1,660,SUCCESS,175707,OPEN,gQLfyeDPSLiCF-c1bzhr-g
ImportantInterface#9979,1634737002895,3,58575,51195,175726,7.0,0,21,21,6,661,SUCCESS,175726,OPEN,2KFt7pDqSBa07icKL05Ssg
FungibleComment#4758,1634115121129,3,58579,54452,175739,7.333333333333333,0,22,22,31,662,SUCCESS,175739,OPEN,UpQEKQ_ZTLujBU1mk2eB0g
FungibleTest#0449,1633845997505,3,58597,57399,175793,0.0,0,0,0,2,663,SUCCESS,175793,OPEN,5FmDE5OxRP2s8Jk4dWZXPw
mistermac,1633381464124,3,58599,55539,175799,1.6666666666666667,0,5,5,5,664,SUCCESS,175799,OPEN,VPpK3MAERuWQ5kmt8PtvEA
Weirdodummy,1634939012265,3,58600,55868,175802,10.666666666666666,0,32,32,4,665,SUCCESS,175802,OPEN,aDUKE5-4TgqpkTsA7qtYVg
RobotScript#8546,1634703054599,3,58600,51940,175802,8.333333333333334,0,25,25,30,666,SUCCESS,175802,OPEN,gQ8V-6LgQFafAbLCBUS9_w
CWright16,1634867196065,3,58620,49805,175862,4.333333333333333,0,13,13,8,667,SUCCESS,175862,OPEN,34qVzK3zRhqxa6_vsP1CEg
BBQ,1634950452412,3,58623,54929,175869,5.0,0,15,15,1,668,SUCCESS,175869,OPEN,3zdJky1dQvG6mBG6sgtEYQ
JavaSandbox#5484,1634056103723,3,58626,53276,175879,9.666666666666666,0,29,29,13,669,SUCCESS,175879,OPEN,tOnZg1nwSP6Y7bLUgExJ3A
AntonAkinin,1633623496750,3,58642,54057,175927,10.0,0,30,30,1,670,SUCCESS,175927,OPEN,j_PmCDSJSY66lE1j2mC8Jg
UnboundNamespace#0621,1633347286998,3,58643,54865,175930,1.6666666666666667,0,5,5,2,671,SUCCESS,175930,OPEN,ZAc6M_43T9iRYEniK5g2UQ
ContinuousSchematic#1005,1634742656273,3,58648,56957,175944,4.666666666666667,0,14,14,37,672,SUCCESS,175944,OPEN,nAzAdLCTS5O4qFLqGtPjzQ
WebRequirements#3524,1633541116996,3,58689,58199,176069,2.0,0,6,6,1,673,SUCCESS,176069,OPEN,be5K52ziT_O7C6_YQyeDog
ZacharyRaineri,1633050232103,3,58710,56338,176131,11.666666666666666,0,35,35,1,674,SUCCESS,176131,OPEN,1z2cpkUDS5KGd_rDPAo22w
AkhilParmar,1633692734851,3,58713,50526,176141,7.666666666666667,0,23,23,4,675,SUCCESS,176141,OPEN,lEnbhQdpRQ2dGwJyWPwy5w
ImmutableTest#0646,1634728473615,3,58736,56131,176208,1.6666666666666667,0,5,5,2,676,SUCCESS,176208,OPEN,A-jYNR9QS3WPL_FmpA1ggg
GlobalBrackets#4004,1633210589282,3,58757,55068,176272,8.0,0,24,24,25,677,SUCCESS,176272,OPEN,tD90PuB0SJ6SGvx0L7grEQ
NumericEnvironment#6253,1633065208431,3,58781,58675,176343,2.0,0,5,6,1,678,SUCCESS,176343,OPEN,Cf8yZHBUS-WGSorS4setDA
DmitriiShapievskii,1633375751384,3,58791,41787,176374,8.666666666666666,0,26,26,3,679,SUCCESS,176374,OPEN,4lylRWFBRjqdA4Cf1UGWmg
MykolaDemianko,1633507428925,3,58798,40999,176395,9.666666666666666,0,29,29,14,680,SUCCESS,176395,OPEN,IW64_W1mQ5OWwZCrMJGaMA
ProvisionalPointer#7488,1634904973683,3,58800,57199,176400,8.333333333333334,0,25,25,12,681,SUCCESS,176400,OPEN,YNFBXp4hSg-dWVau9zq7DQ
VirtualTest#3273,1633235328811,3,58802,56073,176407,1.6666666666666667,0,5,5,4,682,SUCCESS,176407,OPEN,NjS-gnhASGG33MtNpjhneA
ContinuousResource#9101,1635185295621,3,58817,57349,176453,6.0,0,18,18,1,683,SUCCESS,176453,OPEN,GAqTRSgDRDqj2bhpiB5tag
PathingSemicolon#5861,1633951535955,3,58823,55798,176470,5.0,0,15,15,11,684,SUCCESS,176470,OPEN,CgoukoRKTG6SKa8sj8XRMw
StepanZhilin,1633730718192,3,58843,53862,176530,9.0,0,27,27,2,685,SUCCESS,176530,OPEN,GUGSbwAdSi6BjzynTt9kwQ
SourinMukhopadhyay,1633851351774,3,58857,53460,176573,5.333333333333333,0,16,16,2,686,SUCCESS,176573,OPEN,t51ojuafRCy00Opbhy3PYA
CarzyCar#,1634225866301,3,58890,56801,176670,7.666666666666667,0,23,23,9,687,SUCCESS,176670,OPEN,wB-ak3NuRGmk2LAlBPyYgw
TechnicalEnvironment#3183,1633720810632,3,58938,56645,176816,1.6666666666666667,0,5,5,1,688,SUCCESS,176816,OPEN,adqqAGfKRYqlEB-VatkxXg
RacerMatic,1635192211964,3,58952,53123,176856,9.666666666666666,0,29,29,14,689,SUCCESS,176856,OPEN,fT1c9cSUQGejL-dBVnOQlw
BrainyFormula#4184,1633086790201,3,58973,54136,176920,9.333333333333334,0,28,28,1,690,SUCCESS,176920,OPEN,Aw0TT16rQ8KIl3me8fjvcg
RML-ML-2021,1634045973261,3,58994,57257,176984,9.666666666666666,0,29,29,9,691,SUCCESS,176984,OPEN,E5ZqsaEUQ8GO_ynXZkqzrA
Darren-Quek,1633751781538,3,59027,56946,177081,8.666666666666666,0,26,26,9,692,SUCCESS,177081,OPEN,KxKOL3IgTZe4eTZcIihggQ
MoreNicholas,1633416821051,3,59073,50466,177220,11.333333333333334,0,34,34,7,693,SUCCESS,177220,OPEN,ggxeMmrcQvGSeTfk7w0gow
audioTeamCar,1633750812694,3,59102,52173,177308,2.6666666666666665,0,8,8,2,694,SUCCESS,177308,OPEN,w50soY6SQX6mjMk1n-c-PQ
BrusbyA,1634723172670,3,59108,53996,177326,8.0,0,24,24,57,695,SUCCESS,177326,OPEN,45f0f373b6a8436baa931w
YoYoGundiMa,1633567540355,3,59125,47581,177377,6.333333333333333,0,19,19,4,696,SUCCESS,177377,OPEN,ovZa2idWQxerPWjZY2aQxw
ConnectedTest#4453,1634193073417,3,59148,51596,177445,9.666666666666666,0,29,29,15,697,SUCCESS,177445,OPEN,HhQFkXrXS_6MbBWkv9o8nw
1337sp33ck3r1337,1634753740574,3,59157,50790,177472,5.333333333333333,0,16,16,2,698,SUCCESS,177472,OPEN,cs7fWy4eRy6wZgYF16oZXA
TestableWorkaround#2256,1633273589010,3,59163,48309,177489,7.333333333333333,0,22,22,2,699,SUCCESS,177489,OPEN,0nos0mP8QuqxkJ7aTNIpiw
DesktopPackage#4713,1634560315629,3,59170,56311,177512,1.6666666666666667,0,5,5,15,700,SUCCESS,177512,OPEN,9tf5C_GUQ7O4HnQkJr_ANw
JPMC-NJ-Awsome,1634780138610,3,59173,51199,177519,10.0,0,30,30,1,701,SUCCESS,177519,OPEN,881406a4a7be4e29b8c9bw
Eigen,1634751119416,3,59178,57197,177534,1.3333333333333333,0,4,4,2,702,SUCCESS,177534,OPEN,hm1AXuk1RYG3YZjZ5NkuMQ
QualityPoint#5862,1633458521299,3,59183,54537,177551,1.6666666666666667,0,5,5,1,703,SUCCESS,177551,OPEN,hYYGrU9QTkSyVxJUjsbfNQ
VaiCarrrinhoV2,1634217776153,3,59205,55870,177617,8.666666666666666,0,26,26,12,704,SUCCESS,177617,OPEN,w9YKBiC5TI-0pp62iaLOGg
FungibleGrid#6345,1634910210358,3,59209,56889,177629,3.6666666666666665,0,11,11,13,705,SUCCESS,177629,OPEN,zRMyCpT3QVmxRf_yEDd0fQ
ZFDR,1633316819431,3,59225,56140,177677,2.6666666666666665,0,8,8,11,706,SUCCESS,177677,OPEN,1Xm3xztcSvGm3S7VFyti7Q
eRaser,1633924406439,3,59240,52789,177720,8.666666666666666,0,26,26,10,707,SUCCESS,177720,OPEN,9ql7HxItRpCIEHbqukyt0A
CleanRequirements#1105,1634893333742,3,59254,55390,177764,1.0,0,3,3,1,708,SUCCESS,177764,OPEN,CEIYGJd2Q36ze8ZLfIxHQg
FunctionalAbstraction#5667,1633101440582,3,59266,56931,177798,2.0,0,6,6,5,709,SUCCESS,177798,OPEN,g7n4h7x_RM2HYttQV6VohQ
InnoServe-The-AI-drivers-in-Yuntech,1634464952055,3,59279,51607,177838,8.333333333333334,0,25,25,18,710,SUCCESS,177838,OPEN,-fxz_Rc6RxawQgow03-Acg
KIM-YONG-SEOK,1634291058668,3,59283,49729,177851,7.666666666666667,0,23,23,24,711,SUCCESS,177851,OPEN,w3jVAAtkTSmuzjyv2uKvcw
Elijah#1,1634705071718,3,59295,54670,177886,8.0,0,24,24,19,712,SUCCESS,177886,OPEN,nDSA7UrVRNmmzvPzP-GDGA
ComplicatedSystem#1305,1633811403536,3,59308,51926,177925,7.0,0,21,21,18,713,SUCCESS,177925,OPEN,rIP77JRmSw2IuBLa6HSgOQ
MechanicalShell#7083,1633594113129,3,59310,56872,177932,5.666666666666667,0,16,17,7,714,SUCCESS,177932,OPEN,VhOfWN-cSw2qO_MO2ngjKg
LYG,1634025942024,3,59311,53798,177933,6.333333333333333,0,19,19,12,715,SUCCESS,177933,OPEN,xA1r1SLtRSeO0BKSl195ww
DigitalNumber#4990,1633849402124,3,59343,55958,178031,1.0,0,3,3,2,716,SUCCESS,178031,OPEN,a5G0YyRvQGqnO6HRnubGHA
MicheleSciumacher,1634643141836,3,59380,58071,178141,9.333333333333334,0,28,28,11,717,SUCCESS,178141,OPEN,5brByHnzR2S-Mds0dbUvVA
Zero-dayMethod#0375,1634866533789,3,59395,52856,178185,11.666666666666666,0,35,35,1,718,SUCCESS,178185,OPEN,GO46uWrrTSaZHsK2YSLJXg
JohnAl,1633656316708,3,59395,50652,178186,8.333333333333334,0,25,25,6,719,SUCCESS,178186,OPEN,bMz6AToVSGyXfgK_YZ0ssQ
LeetCharacter#9242,1635145200559,3,59398,57215,178195,9.666666666666666,0,29,29,10,720,SUCCESS,178195,OPEN,aqajv-7_TXOqdPN3N-EJUQ
Amir-Gad,1633616030322,3,59402,58655,178207,9.0,0,27,27,3,721,SUCCESS,178207,OPEN,0o6mwKZHSEaNKsF6K2fK5w
bigDave,1633976776246,3,59415,58250,178247,1.3333333333333333,0,4,4,12,722,SUCCESS,178247,OPEN,uFw1v7gwQfmf_rXLq6DsmA
PassingLine#2194,1633406096361,3,59438,53468,178316,5.666666666666667,0,17,17,2,723,SUCCESS,178316,OPEN,KZV9zflZRgOYkDQYZxanwA
StructuredSchema#4230,1633876198403,3,59447,55999,178341,2.0,0,6,6,1,724,SUCCESS,178341,OPEN,Ynq70HEJRVmBTRFvB1h_lA
CreativeCharacter#2553,1633588018483,3,59464,56264,178394,2.0,0,6,6,1,725,SUCCESS,178394,OPEN,NXhpmxoSRxGADzoNISe0kw
CriticalDebugger#1565,1633427911272,3,59466,55734,178400,4.0,0,12,12,14,726,SUCCESS,178400,OPEN,G7M4nTnaSC-D2FjLmDRMKQ
LeeChildd,1634608691403,3,59511,54256,178534,9.0,0,27,27,6,727,SUCCESS,178534,OPEN,6Bj392p9RJ6VTJjwT49kAw
jayaganesh,1635254122254,3,59512,52601,178537,4.666666666666667,0,14,14,10,728,SUCCESS,178537,OPEN,zWzDLjNLSnq-rM8aDzLj5g
bluecipher,1633691562898,3,59522,54680,178566,1.3333333333333333,0,4,4,2,729,SUCCESS,178566,OPEN,eKJjZA1FTFeNJwLDAgV_cQ
CervySam,1634224538432,3,59539,55845,178618,7.0,0,21,21,4,730,SUCCESS,178618,OPEN,2eVqCmM6T96-AwilcLdW0A
Not-Enter-test1,1634215378036,3,59541,57947,178624,6.333333333333333,0,19,19,9,731,SUCCESS,178624,OPEN,4PsaF6H-StyNknkhYYEmFA
InnoServe-fast-and-furious,1634439362722,3,59570,57595,178711,6.333333333333333,0,18,19,4,732,SUCCESS,178711,OPEN,m-j-9uDET1-Bf-j475R5GA
thehaketern,1633047504977,3,59575,55869,178726,8.0,0,24,24,1,733,SUCCESS,178726,OPEN,z-bK-IhDSBypuQ0bpDtS0w
SmileyMatt,1633945278481,3,59604,55739,178813,4.0,0,12,12,9,734,SUCCESS,178813,OPEN,A1bH5mQ6SCCUWYZDOqpoIA
CompleteArgument#8007,1635285197872,3,59604,55926,178814,12.0,0,36,36,1,735,SUCCESS,178814,OPEN,sUKrrnR2T4yv91YEuF_oEQ
EdmundAngWeiHao,1633767520269,3,59626,57866,178879,8.0,0,24,24,14,736,SUCCESS,178879,OPEN,ZxTTcPDwSRmrtmHcMWmIjA
FormulaicRequirements#0666,1633906783670,3,59661,53997,178984,9.666666666666666,0,29,29,3,737,SUCCESS,178984,OPEN,T162vCgqTGy1fWFsE_yKhw
CrypticDescriptor#3025,1634017434887,3,59673,59336,179019,11.0,0,33,33,8,738,SUCCESS,179019,OPEN,sijvSmESTQujH0PEwQBhjA
tossbrink,1634705304625,3,59683,53999,179049,5.666666666666667,0,17,17,8,739,SUCCESS,179049,OPEN,kBUZYdfYSOyxDdvkorWgHg
nandha-sellappan,1634834760026,3,59686,55658,179059,3.3333333333333335,0,10,10,18,740,SUCCESS,179059,OPEN,s0VM1Hw2Qui1Y-V-ts2fFg
JavaServer#6499,1634570463035,3,59707,55863,179121,11.0,0,33,33,6,741,SUCCESS,179121,OPEN,kPO8bKNRQLeEjI3Xu5E-NA
InnoServe-YT-CSIE1,1633627918607,3,59710,59326,179132,10.0,0,30,30,7,742,SUCCESS,179132,OPEN,jRpHIglyS0-fBTI5u9FRUA
Giselle,1634766507027,3,59724,53797,179172,3.3333333333333335,0,10,10,4,743,SUCCESS,179172,OPEN,zny8pi6KQ6imvpInV43uJQ
CaffeineMachine,1634291443138,3,59727,56333,179182,6.333333333333333,0,19,19,19,744,SUCCESS,179182,OPEN,h7-bGzIwQ_6ueh7ctjCfyA
RTAWSUK-12,1634136276695,3,59733,52471,179201,5.0,0,14,15,25,745,SUCCESS,179201,OPEN,N6VmcBYDSM6sj96w8Izryg
chandra,1634894405170,3,59754,56272,179263,9.333333333333334,0,28,28,41,746,SUCCESS,179263,OPEN,NU2ablWqRY2qLos9MYmy5g
FungibleMetaclass#0738,1633735989044,3,59770,53059,179310,1.6666666666666667,0,5,5,1,747,SUCCESS,179310,OPEN,05_M8daeTLyWPpPhqhOCdg
RobotArray#0737,1634771710122,3,59798,57464,179396,10.666666666666666,0,32,32,5,748,SUCCESS,179396,OPEN,CDuHRwPdRCaZ2e8e1Epb3A
ThisLoop#9094,1634938029390,3,59800,59144,179400,2.0,0,6,6,1,749,SUCCESS,179400,OPEN,fDIP9GWsRmKx18RUYlZrfg
ReferenceCoder#9131,1633987793053,3,59809,57784,179428,2.3333333333333335,0,7,7,2,750,SUCCESS,179428,OPEN,Rrla1pEFS1-g90aExXHZqw
PassingNetwork#8499,1633448361899,3,59827,59403,179482,1.6666666666666667,0,5,5,2,751,SUCCESS,179482,OPEN,r_xqNRY3SE21PqCnyOQnIA
JoshuaFoo,1633759555142,3,59846,55868,179538,7.0,0,21,21,7,752,SUCCESS,179538,OPEN,6sBRb5_JQQWIcE0zG77NMw
Krithikh-Gopalakrishnan,1633765407583,3,59849,54272,179548,6.333333333333333,0,19,19,13,753,SUCCESS,179548,OPEN,sQTNvHYGTnWYEGO02HFktw
Accner,1634829961286,3,59870,59015,179610,4.333333333333333,0,13,13,7,754,SUCCESS,179610,OPEN,06C5YHOoRD6jxWbR-mnn9Q
Marcoz,1633847151519,3,59898,56679,179696,1.0,0,3,3,3,755,SUCCESS,179696,OPEN,N78X8Fo5QJuz2fuzOJRTVw
DigitalPresentation#8897,1635031007277,3,59957,54087,179871,5.333333333333333,0,16,16,5,756,SUCCESS,179871,OPEN,AkKWEHGRRD-Ot1mEhoDPUQ
puradravi007,1634531620394,3,59964,51617,179892,7.333333333333333,0,22,22,10,757,SUCCESS,179892,OPEN,zsL206LqR0K7LOp7ay05QA
zyf,1633313406095,3,60017,58331,180052,1.3333333333333333,0,4,4,3,758,SUCCESS,180052,OPEN,7swf876RQXOJ24QIMKhzgw
ImmutablePointer#9117,1634725932576,3,60052,59020,180158,1.3333333333333333,0,4,4,1,759,SUCCESS,180158,OPEN,F_tLv1h5SA2mghqPG3ehVg
TrangVu,1633649358411,3,60058,58755,180174,2.0,0,5,6,3,760,SUCCESS,180174,OPEN,Pl3vNp8TSTy00PHPWxHdgw
MemoryZone#9420,1635285570141,3,60070,56808,180212,8.666666666666666,0,26,26,12,761,SUCCESS,180212,OPEN,NBUsu0S7QUaOwwYBkW2kKA
Reference486#5750,1633067351403,3,60086,54868,180260,10.333333333333334,0,31,31,3,762,SUCCESS,180260,OPEN,VI3hnIwlRUul0-NtJugszg
QualityZone#3029,1633709356576,3,60107,55996,180323,8.333333333333334,0,25,25,11,763,SUCCESS,180323,OPEN,aHidFRlCRFWL0gesu0EXgg
Mark42,1634740609614,3,60111,44269,180333,10.333333333333334,0,31,31,21,764,SUCCESS,180333,OPEN,ibId4ayIQ_C4LI79QUaIQg
VirtualSequence#5822,1633051449985,3,60113,58813,180340,2.3333333333333335,0,5,7,2,765,SUCCESS,180340,OPEN,HNE64kUQT_Wy3cgGMxg5vQ
NumericVariable#9423,1633770343317,3,60116,56141,180349,5.666666666666667,0,16,17,12,766,SUCCESS,180349,OPEN,P5i3Qr3TQvCmV_YUBOjKQg
savya,1633903052888,3,60138,53012,180414,1.6666666666666667,0,5,5,2,767,SUCCESS,180414,OPEN,ht9xv1CNSr6llxap8o22ug
Cybernetic01,1635276177069,3,60152,53457,180456,7.333333333333333,0,22,22,4,768,SUCCESS,180456,OPEN,4Y4EOSM7TOmxaSlcpt7mvQ
HashableGame#6673,1634104496742,3,60175,53984,180525,7.666666666666667,0,23,23,1,769,SUCCESS,180525,OPEN,zcoYiHpbQ968KresG3pQoA
GoGo50HongGuang,1634694508887,3,60199,53462,180597,9.0,0,27,27,4,770,SUCCESS,180597,OPEN,EW0Aq8MGQGK68IKtTwewpg
Arron-McMillan,1635265702000,3,60201,59212,180604,5.0,0,15,15,2,771,SUCCESS,180604,OPEN,BOZuvZqnSLicNQo2ImQQyA
LemonLoaf,1634925541397,3,60223,54938,180670,11.333333333333334,0,34,34,2,772,SUCCESS,180670,OPEN,xiQZf20WSji-YuvcKdSoDw
Soheyb-Kadi,1633912849176,3,60224,58405,180672,6.333333333333333,0,19,19,14,773,SUCCESS,180672,OPEN,5Q_12ykHRKG9UPCsn-C0Fw
kalyane,1633786222896,3,60283,58193,180851,1.6666666666666667,0,5,5,3,774,SUCCESS,180851,OPEN,fnOaH6FuSlqH1-jWUUTndA
AidansVeryCoolCar,1634230115438,3,60286,56718,180858,3.0,0,9,9,1,775,SUCCESS,180858,OPEN,DDFrCYrtRtGuWjrtLmqPxA
baegopayo,1635267783953,3,60293,55469,180881,9.333333333333334,0,28,28,17,776,SUCCESS,180881,OPEN,vVVz3wDeTB20tfR-zgnJhA
Fastandveryfurious,1634046467126,3,60299,59926,180899,3.0,0,9,9,6,777,SUCCESS,180899,OPEN,qlne_eJaTdSyjp5kI32wBA
ineedme,1633627521000,3,60309,59144,180928,2.3333333333333335,0,7,7,3,778,SUCCESS,180928,OPEN,tAgdOH8vR1y_CAJVTgR82A
MartianBotQ36,1635080553074,3,60312,54033,180936,8.0,0,24,24,8,779,SUCCESS,180936,OPEN,5whYYeexSimLi1cVB064HQ
SequentialAbstraction#8638,1633083890345,3,60314,57539,180942,1.6666666666666667,0,5,5,3,780,SUCCESS,180942,OPEN,7bzaAKNWRsyef_CtZtpxFQ
Omar-Abraham,1633379605123,3,60314,56456,180942,9.0,0,27,27,10,781,SUCCESS,180942,OPEN,DwzakRHXQo-s864ELgdZOA
StompNavigator,1633280383138,3,60327,57207,180982,1.6666666666666667,0,5,5,2,782,SUCCESS,180982,OPEN,evInB9l_QXChui1eVvy_xw
goingthere,1635289895251,3,60336,51808,181009,6.666666666666667,0,20,20,10,783,SUCCESS,181009,OPEN,hC0qzVG7R7a3UyzRT03Dzg
ContinuousArchitect#7615,1634624298420,3,60341,57933,181023,2.6666666666666665,0,8,8,1,784,SUCCESS,181023,OPEN,z6-3a9SMTxCxKpD5viFpAQ
ThisDebugger#4708,1633819045471,3,60388,59550,181165,2.0,0,6,6,1,785,SUCCESS,181165,OPEN,jW87En1QQWmHCHFFB7lxhw
BigExpert#3852,1634543994091,3,60396,58204,181188,1.3333333333333333,0,4,4,8,786,SUCCESS,181188,OPEN,LXg0ZTycQi6LJR8Z5sWNiA
QualifiedDiff#9198,1635230377415,3,60421,58408,181265,2.3333333333333335,0,7,7,6,787,SUCCESS,181265,OPEN,ZN05OGQQSGuS5ROQLmVzHQ
RimpyRacing,1633075972126,3,60443,52603,181330,12.0,0,36,36,1,788,SUCCESS,181330,OPEN,a09035b051c846c8becadw
FungibleResource#1273,1634633580783,3,60445,52265,181336,12.0,0,36,36,9,789,SUCCESS,181336,OPEN,VofpULiKR2STSFQFOsLAGw
newcar,1634099097873,3,60461,51455,181384,10.666666666666666,0,32,32,23,790,SUCCESS,181384,OPEN,6K0_lP6zSTiOUz5_WTuMLw
UnicodeValue#3312,1635282192627,3,60510,56666,181530,8.0,0,24,24,18,791,SUCCESS,181530,OPEN,7a5x81e7TqK7JKvIyQYsYw
LimKerChong,1633768946804,3,60514,59990,181543,9.333333333333334,0,28,28,11,792,SUCCESS,181543,OPEN,uaxwr3WIQ1e0LaiOcOi6Fw
Team-Rocket,1634837664115,3,60526,56480,181578,4.333333333333333,0,13,13,5,793,SUCCESS,181578,OPEN,hQUNSjsnTxW2mGkfBGSWgg
Kolja-Henckel,1634915867078,3,60533,51865,181601,9.666666666666666,0,29,29,11,794,SUCCESS,181601,OPEN,c28afcIlSU6kds8IriS6-A
AutomatedRequirements#8775,1633568683838,3,60536,55940,181610,2.0,0,6,6,1,795,SUCCESS,181610,OPEN,4qEeM6IORzKfDkQLKT1POQ
CompleteDelta#8755,1634376165264,3,60564,56956,181694,6.0,0,18,18,16,796,SUCCESS,181694,OPEN,8EgaScxCQaSjzWXnWqMCKw
RocketMethod#5366,1634735255784,3,60583,58138,181749,7.333333333333333,0,22,22,13,797,SUCCESS,181749,OPEN,Bk8PXtUWTweNi-zZ7pAFvw
Passing486#7527,1633514003579,3,60608,56637,181824,9.0,0,27,27,8,798,SUCCESS,181824,OPEN,5KU5TGBoSSmTzc6hDeHdfg
PathingNetwork#6828,1633860244500,3,60614,56137,181842,6.0,0,18,18,6,799,SUCCESS,181842,OPEN,yz25BaPVQzuf5rtgtBC7Pw
Berrio,1633154509229,3,60623,59748,181870,2.0,0,6,6,2,800,SUCCESS,181870,OPEN,c7wGuvv9QfKWdrh6c7nXaA
HoXuanRongZane,1633756582945,3,60642,51139,181928,7.666666666666667,0,23,23,14,801,SUCCESS,181928,OPEN,dO2i-8KASvq-RyZT1xCcXw
TabletDataset#3336,1633972643691,3,60643,60471,181930,2.0,0,5,6,1,802,SUCCESS,181930,OPEN,dPfKJeV8TjuVKDTGh-aEtg
FunctionalDeadline#7662,1633618826631,3,60710,59395,182131,3.0,0,9,9,2,803,SUCCESS,182131,OPEN,f3yH3ha_RA6O9X4hrij-IA
Kachi,1633442657441,3,60735,59069,182205,1.0,0,3,3,1,804,SUCCESS,182205,OPEN,neLjqbFxSCqyXsEHdM9v1g
ComplicatedEngineer#5144,1633578706329,3,60735,52985,182205,2.0,0,6,6,1,805,SUCCESS,182205,OPEN,xVcZGyC6Q5qUevYccVUqSw
LeetValue#3030,1633183976502,3,60736,55673,182208,2.0,0,6,6,1,806,SUCCESS,182208,OPEN,VezSL4xSQiWuQ9jZvgg_8w
VariableHacker#7618,1633469273302,3,60780,57726,182342,2.6666666666666665,0,8,8,1,807,SUCCESS,182342,OPEN,0RGXaQM1RNGo9H4jsI0y6w
DesktopAttention#8485,1633400391044,3,60799,55328,182397,1.3333333333333333,0,4,4,4,808,SUCCESS,182397,OPEN,y1D1VfYJTqKBShvA_6ilbw
CompleteHacker#8017,1635160618540,3,60829,58888,182488,11.666666666666666,0,35,35,1,809,SUCCESS,182488,OPEN,66z9k-60TNW5TC12LaDcow
AlexSchumacher,1634728474994,3,60837,58191,182512,6.0,0,18,18,15,810,SUCCESS,182512,OPEN,H587GvKAQKW5xHDEbWYQmQ
SlowButFast2021,1635292658286,3,60854,57555,182563,2.3333333333333335,0,7,7,1,811,SUCCESS,182563,OPEN,z2k1rvHXScKDIjzkiK-K6Q
FastLane,1635269528882,3,60887,57017,182661,12.0,0,36,36,4,812,SUCCESS,182661,OPEN,ddsGfSCeQ0aKwGDZObrhSg
ContinuousTable#4195,1633400490934,3,60906,56323,182720,2.6666666666666665,0,8,8,4,813,SUCCESS,182720,OPEN,mu2g20_1SHCxr4OeyQMKcA
BackloggedDeadline#3418,1633561285042,3,60916,55933,182749,1.6666666666666667,0,5,5,1,814,SUCCESS,182749,OPEN,1HME_m3ES96foPaDPi1yaA
FRANKARR,1634160913001,3,60921,58593,182764,3.6666666666666665,0,11,11,5,815,SUCCESS,182764,OPEN,IPwMYZtBQBS4sVULp66MGA
FormulaicEnvironment#8902,1634939861106,3,60925,57257,182777,10.0,0,30,30,2,816,SUCCESS,182777,OPEN,3Xr82DaiQb21yBYetWa-Hg
Mando,1633462000661,3,60932,56808,182798,2.6666666666666665,0,8,8,1,817,SUCCESS,182798,OPEN,ou0xDtNpTLiO5s31zDe_Lg
SpeedySnoopy,1635134392838,3,60933,57987,182799,2.6666666666666665,0,8,8,6,818,SUCCESS,182799,OPEN,BTSHvCVkTNmqbgno5yF3FQ
ASCIISequence#7692,1633803668751,3,60944,56883,182832,12.0,0,36,36,7,819,SUCCESS,182832,OPEN,RC9QsOfKTpaBD2FWRdggfg
TestingDelta#1785,1633601222111,3,60950,60257,182851,2.0,0,6,6,2,820,SUCCESS,182851,OPEN,VLFW0q6VSwqZi21UmWZuZQ
N3llo,1634841563872,3,60967,58560,182902,4.333333333333333,0,13,13,4,821,SUCCESS,182902,OPEN,uLQwbY8aQcm_X7h--MBB-A
Mohamed#81,1633501217426,3,60990,59056,182972,1.6666666666666667,0,5,5,2,822,SUCCESS,182972,OPEN,oF86kGthRR-dEfkQW-QETg
DesktopLoop#4398,1634469925811,3,61000,56606,183002,3.3333333333333335,0,10,10,2,823,SUCCESS,183002,OPEN,b8kyH2pjTtaXxV2Xav-3ng
EsteemedSlice#0600,1633856934015,3,61018,55259,183055,3.0,0,9,9,2,824,SUCCESS,183055,OPEN,EuiN4NYsTIGSNdHI1usRsw
HelpfulMethod#4247,1633941966536,3,61041,57716,183124,6.0,0,18,18,4,825,SUCCESS,183124,OPEN,CYto-KsmSpixveKt9j9k1A
DeepObject#3448,1634809336783,3,61041,56311,183125,7.0,0,21,21,11,826,SUCCESS,183125,OPEN,YhJEplPlRd6lePvnVYJYRQ
supermatrix,1633605838002,3,61094,56730,183284,1.6666666666666667,0,5,5,4,827,SUCCESS,183284,OPEN,aK-gx_IgSFqTB-WJkRf6Zg
BooleanComment#6961,1633426543784,3,61106,60656,183319,3.0,0,9,9,1,828,SUCCESS,183319,OPEN,lL5ugcHUS5SkFrM9aK0nFg
CaptainJackey,1634910632139,3,61108,53738,183325,12.0,0,36,36,7,829,SUCCESS,183325,OPEN,YEAuNrOCSmO7JBwBx9kh5A
VariableBreaker#8285,1634344563794,3,61136,56065,183408,12.333333333333334,0,37,37,17,830,SUCCESS,183408,OPEN,bPDrVOXHSeOCpNWN9rc_xw
InteractiveEngineer#2136,1633535269661,3,61149,55251,183447,1.0,0,3,3,1,831,SUCCESS,183447,OPEN,oMUd-O6BTYWcey_eK2rlkQ
ImmutableNamespace#1617,1633531520838,3,61158,59868,183475,2.0,0,6,6,2,832,SUCCESS,183475,OPEN,ZUg9uydrQRCnOj-g3gh2_w
Dreamracer09,1635239732556,3,61180,52793,183542,9.333333333333334,0,28,28,4,833,SUCCESS,183542,OPEN,XzOreG_qRaeJ1O6n1ErNHQ
gaiacita,1634961645315,3,61202,54994,183606,3.6666666666666665,0,11,11,6,834,SUCCESS,183606,OPEN,YDP0pUwJQVeeVdmzV6D9Qg
VirtualAnalysis#2717,1633759365875,3,61215,55018,183646,7.0,0,21,21,5,835,SUCCESS,183646,OPEN,Q-VxMXl1QXGGYLMpQZoJaQ
Zero-dayScope#9268,1634486683212,3,61216,52734,183649,5.666666666666667,0,17,17,4,836,SUCCESS,183649,OPEN,S-cGKe5PR12dBtrAXJC9Hw
SquareArray#5590,1635186425021,3,61225,54870,183676,9.0,0,27,27,2,837,SUCCESS,183676,OPEN,1WLP3W-FSR6JmO7aI6qUTA
ASAP,1634928632707,3,61227,58462,183681,8.666666666666666,0,26,26,7,838,SUCCESS,183681,OPEN,1kEwMQP1R9uEITFg94OYYw
FunctionalFunction#7145,1633749490953,3,61235,57414,183706,9.0,0,27,27,3,839,SUCCESS,183706,OPEN,_RMgEUaoT8qWfucnKnQNSg
IntelligentComment#0199,1633803735597,3,61240,56804,183722,2.0,0,6,6,2,840,SUCCESS,183722,OPEN,dxffbc32TxWI35T4IervGA
SecureNumber#3568,1633772421929,3,61246,58071,183740,2.6666666666666665,0,8,8,2,841,SUCCESS,183740,OPEN,5TfkqcSTSQ-PYryUJwZXDQ
ProcessingTheory#4374,1635264639750,3,61271,58811,183814,9.666666666666666,0,29,29,6,842,SUCCESS,183814,OPEN,8V3z6oHTT2GJCP-NusMPkQ
BlockchainNotation#3927,1633454421581,3,61282,56392,183848,2.3333333333333335,0,7,7,2,843,SUCCESS,183848,OPEN,hXlzi6BhQCyD2Oup6dHCjQ
VolodymyrTkachenko,1633321689801,3,61334,53340,184003,4.333333333333333,0,12,13,2,844,SUCCESS,184003,OPEN,HISmOLnyTuOOVopgk9tcLg
RPS-MP,1634586222801,3,61335,53871,184006,8.333333333333334,0,25,25,29,845,SUCCESS,184006,OPEN,ZMoG4rhEQLWJ41FTbIzKwQ
ASCIISwitch#2142,1635236953971,3,61356,50120,184068,11.0,0,33,33,2,846,SUCCESS,184068,OPEN,I8CwpnnETTysYl4Cc9fkJw
PurpleRecognizer,1633712316588,3,61367,59998,184101,2.3333333333333335,0,7,7,3,847,SUCCESS,184101,OPEN,1j7DumFoRn2SDnJaPJwSNA
MikhailBakhtin,1633386785543,3,61379,57603,184139,10.0,0,30,30,8,848,SUCCESS,184139,OPEN,F6Otc6IDTvKpuxZ_AizqQw
AntonHubarevich,1633519934913,3,61383,59670,184150,11.666666666666666,0,35,35,1,849,SUCCESS,184150,OPEN,Xdqo5XipShyuso2LyeT3nQ
runaway,1634649483565,3,61388,58012,184165,12.0,0,36,36,8,850,SUCCESS,184165,OPEN,3Q4KCv3yQu669vkk_Z50SQ
pneuma,1633618452968,3,61393,56136,184181,1.6666666666666667,0,5,5,3,851,SUCCESS,184181,OPEN,IcvjZUljSZC2z6_10N-KuQ
InteractiveCircuit#5922,1635225730289,3,61396,51129,184189,10.333333333333334,0,31,31,8,852,SUCCESS,184189,OPEN,bn08eTgVStCpzAj3Jn7tTA
CriticalFix#9669,1633764183366,3,61423,46998,184270,6.333333333333333,0,19,19,11,853,SUCCESS,184270,OPEN,cYhZPD_vQkKF5w06dZipEw
EsteemedBottleneck#4232,1633275737372,3,61433,56327,184299,3.3333333333333335,0,10,10,3,854,SUCCESS,184299,OPEN,a_PFSm6GQzOKPCFD61Nw7w
Heart-of-the-Tempest,1633332956388,3,61446,54933,184340,5.666666666666667,0,17,17,11,855,SUCCESS,184340,OPEN,AA4Yaj2vSP2Q49xByrmXBQ
FormulaicParameter#6676,1633839466820,3,61492,58609,184478,6.666666666666667,0,20,20,11,856,SUCCESS,184478,OPEN,Pe9i2grWTsK4Ff99w_d7ZQ
ExperientGroup,1633561833424,3,61529,59001,184587,0.3333333333333333,0,1,1,2,857,SUCCESS,184587,OPEN,46loVQDhQ_KljIrqfYg4XA
Cervon-Wong,1633756929624,3,61529,49732,184588,4.333333333333333,0,13,13,9,858,SUCCESS,184588,OPEN,xSDQNKSaSG2HBOZq7hblqQ
EthanKuai,1633758176869,3,61530,58734,184590,8.333333333333334,0,25,25,12,859,SUCCESS,184590,OPEN,_Ic6N30sRH2H4rqRZnas3g
FormulaWon-DV,1634695640287,3,61542,53937,184628,10.333333333333334,0,31,31,15,860,SUCCESS,184628,OPEN,9uNmhpEhQHO_MvsjmZlOxQ
NullExpert#2638,1633888724192,3,61562,56332,184688,2.0,0,6,6,1,861,SUCCESS,184688,OPEN,NXJGpCAfSzWQGfJkVKoFTg
HAALAND-RACES,1635196542869,3,61576,59666,184728,2.3333333333333335,0,7,7,3,862,SUCCESS,184728,OPEN,Rc5DEAHaRhGLzPIkaobKtg
Eotoke,1634665289852,3,61578,48940,184735,8.666666666666666,0,26,26,29,863,SUCCESS,184735,OPEN,So-z1J2eRuOk_xGRkvsZIA
DerrickSGCC,1635253883173,3,61584,50930,184754,9.666666666666666,0,29,29,3,864,SUCCESS,184754,OPEN,J-nxMV08RgKsZjP8tR3j3Q
KirstenTayla,1634822360221,3,61591,55109,184774,6.0,0,18,18,9,865,SUCCESS,184774,OPEN,HDDJFZjBTqWLOFxPaQcGKw
PythonNetwork#1707,1633082790082,3,61596,57588,184790,3.0,0,9,9,1,866,SUCCESS,184790,OPEN,vjONPiDWTp6_KEbW4QwMgg
ParametricRequirements#2647,1634337687760,3,61628,60475,184885,2.0,0,6,6,1,867,SUCCESS,184885,OPEN,SfSZD2HmSGqWS1LsaUTyNg
Team5,1635299645916,3,61642,53326,184927,8.666666666666666,0,26,26,9,868,SUCCESS,184927,OPEN,fDYhmcWtRc-C25orlzwYUg
caithlin,1633762481697,3,61647,57002,184941,11.333333333333334,0,34,34,1,869,SUCCESS,184941,OPEN,8Qp0sPv_SPirggzhvQdirQ
NumericSemicolon#8876,1633959827258,3,61673,56932,185021,10.333333333333334,0,31,31,2,870,SUCCESS,185021,OPEN,MH4iK5-NSUKLWg1vwDwbgw
Zhong-Shaojie,1633752989586,3,61687,61335,185062,8.0,0,24,24,6,871,SUCCESS,185062,OPEN,VF9ZVB5DRrama5uUEnOv-g
InnoServe-GOOOOOOO,1634572353040,3,61690,61342,185072,9.0,0,27,27,15,872,SUCCESS,185072,OPEN,0ZbsM9uCQky6XQeEXQn1dw
FiniteGrid#9865,1634826887495,3,61693,59128,185080,3.3333333333333335,0,10,10,5,873,SUCCESS,185080,OPEN,uA2KtDpmQPWTOfgZMSlnJQ
Martines,1634639582371,3,61695,59224,185085,2.6666666666666665,0,8,8,7,874,SUCCESS,185085,OPEN,1klldMxiTCCiuOtTGW0bcQ
Riggles,1635135768485,3,61710,59338,185130,11.666666666666666,0,35,35,2,875,SUCCESS,185130,OPEN,TdZxlGLeSAS5tAsN21WMCg
FiniteLog#0133,1633705168729,3,61716,60701,185149,2.0,0,6,6,1,876,SUCCESS,185149,OPEN,NB25N-VySKyiVsAajmgu9Q
janaque-test01,1635143911429,3,61738,56072,185214,6.333333333333333,0,19,19,5,877,SUCCESS,185214,OPEN,195f50c4f11442fbb14b4Q
raceryuefeng,1633755709412,3,61745,54128,185237,6.333333333333333,0,19,19,4,878,SUCCESS,185237,OPEN,Hn9ZD-3kQ1iGRPTYRuccrA
KiInTan,1633760527368,3,61751,58461,185254,8.0,0,24,24,12,879,SUCCESS,185254,OPEN,kD1tbwYkR4mhxoApzbglFw
UpdatedNetwork#2369,1633648674976,3,61754,58606,185262,1.6666666666666667,0,5,5,2,880,SUCCESS,185262,OPEN,kVMF_2zxT5SCZe_YvO73wQ
HoJunYi,1633751280106,3,61759,60934,185279,5.333333333333333,0,16,16,11,881,SUCCESS,185279,OPEN,akfUbOBKQ06joZcaEbUKpg
FormulaicTest#1198,1633523748378,3,61760,56604,185282,3.6666666666666665,0,11,11,1,882,SUCCESS,185282,OPEN,UgYvwCODQPSdfWA50BgVoQ
ProgrammingBooster#1069,1635190542954,3,61774,58208,185323,7.666666666666667,0,23,23,11,883,SUCCESS,185323,OPEN,-eotblGISSKEDUtkcttdsw
ChaeSeungHyeun,1634737773548,3,61784,55670,185353,11.0,0,32,33,2,884,SUCCESS,185353,OPEN,2nmCNcoxQnG5hHChrfKNCQ
AnkitSaxena,1633846661724,3,61831,59682,185495,10.333333333333334,0,31,31,1,885,SUCCESS,185495,OPEN,fVudtdckQyi2g1-aDtnSPg
LH47,1634738311910,3,61874,60469,185623,6.0,0,18,18,1,886,SUCCESS,185623,OPEN,juTJk8zvQLWeP375VzuYrQ
DenisPivovarov,1633438657578,3,61920,52140,185761,6.0,0,17,18,2,887,SUCCESS,185761,OPEN,Mu4WwYayTSeDYyDgGGU2mg
CleanArchitect#0228,1633051018578,3,61948,57580,185846,9.0,0,27,27,5,888,SUCCESS,185846,OPEN,x9JZEzP9TvyebIu1tUTRNA
FormulaicConsole#6871,1633888218574,3,61976,58261,185928,2.6666666666666665,0,8,8,1,889,SUCCESS,185928,OPEN,PyU5JTLUTO695f7409CbWQ
johnbenitez,1633080818399,3,61989,55866,185968,3.6666666666666665,0,11,11,6,890,SUCCESS,185968,OPEN,HaECyD3vQia9cC-DTqx9ug
BitRacer,1634921565079,3,62007,57843,186021,5.0,0,15,15,4,891,SUCCESS,186021,OPEN,tGfQhNFnTJ2CmKSiZubEWg
pocadilly,1633653808260,3,62027,59391,186083,2.6666666666666665,0,8,8,5,892,SUCCESS,186083,OPEN,hqWcfoaNTjucfGzTkS9zjw
CodeGrid#7801,1633852092434,3,62034,57676,186102,1.6666666666666667,0,5,5,2,893,SUCCESS,186102,OPEN,nePvBjt3TxycQCjxSD6Luw
ImmutableMachine#1581,1633973428816,3,62104,59925,186312,2.3333333333333335,0,7,7,1,894,SUCCESS,186312,OPEN,fKMVc71hTd6oCyTbXiOgYw
race10,1633825637123,3,62113,52464,186340,2.3333333333333335,0,7,7,1,895,SUCCESS,186340,OPEN,HMpsfWIiQt2DUu7s5ws9uw
RocketFix#7249,1633747225873,3,62113,60129,186340,3.6666666666666665,0,11,11,4,896,SUCCESS,186340,OPEN,aWb2OKyYQdOJCg_T7IgkDQ
Muhammad-Akmal-Bin-Johari,1633767206528,3,62114,60542,186344,5.333333333333333,0,16,16,5,897,SUCCESS,186344,OPEN,UZI6kDS9Rx6fW0AHyjpfNA
TrashyCrashy,1634235028835,3,62132,57805,186398,10.333333333333334,0,31,31,2,898,SUCCESS,186398,OPEN,8fjmirDvSl-y3_vGN97Tlw
LeiHuang,1635153126467,3,62141,59281,186423,8.666666666666666,0,26,26,2,899,SUCCESS,186423,OPEN,WUjUwNUXQrWKRrxqupPqaQ
race17,1633998035057,3,62200,57002,186601,1.6666666666666667,0,5,5,2,900,SUCCESS,186601,OPEN,OCehqntYQ3Wc74f4Koc98Q
PeterVeresha,1633294557914,3,62200,52330,186601,7.666666666666667,0,23,23,4,901,SUCCESS,186601,OPEN,53rIiY-qR_6synvckBWK5w
PrototypeNumber#4341,1634455692001,3,62214,58810,186644,6.0,0,18,18,2,902,SUCCESS,186644,OPEN,YIDmDsPfSoyWE8iLWEqibA
UsableTable#3134,1634564698575,3,62220,60993,186660,3.3333333333333335,0,10,10,1,903,SUCCESS,186660,OPEN,Y1rLmIwiSnGKnhIVSGfU_Q
VirtualInterface#5068,1633190453133,3,62237,59920,186712,3.0,0,9,9,3,904,SUCCESS,186712,OPEN,yE8kSbWuQfGWMJ2LdjUy1A
DraftShell#3819,1633289908936,3,62237,60854,186712,2.6666666666666665,0,8,8,3,905,SUCCESS,186712,OPEN,dQLOPvLyT6uVL9Np9Z0d2w
Riddik,1633178061714,3,62247,58471,186742,3.0,0,9,9,4,906,SUCCESS,186742,OPEN,Mz6T9zjZRSOf1pYoDG67WA
InnoServe-racing-gogogo,1634492232672,3,62248,61069,186745,5.333333333333333,0,16,16,26,907,SUCCESS,186745,OPEN,zcP-iD7MSvGKBQkK0q2Qeg
AbstractUpdate#6921,1633081689882,3,62255,59598,186766,2.6666666666666665,0,7,8,2,908,SUCCESS,186766,OPEN,IrcLfjK0Re2WLcpPdho9Gw
ProgrammingBreaker#5822,1633964425641,3,62277,58406,186831,3.0,0,9,9,1,909,SUCCESS,186831,OPEN,FjDyKu0kQlO0DR8epc-Wbw
SiowJiaWei,1633754699072,3,62278,58461,186834,7.0,0,21,21,9,910,SUCCESS,186834,OPEN,rOsBrbzvTtaNCzBTe9RXhw
GlobalSwitch#4000,1635210332040,3,62282,52354,186847,10.0,0,30,30,4,911,SUCCESS,186847,OPEN,MttWoBuwRuGPFFjsT02DOQ
DesktopBottleneck#8484,1633910533067,3,62314,56350,186942,3.6666666666666665,0,11,11,2,912,SUCCESS,186942,OPEN,2b7YBqRtSnOLq1BFanmxmg
race12-2,1633880512806,3,62315,54872,186947,4.0,0,12,12,2,913,SUCCESS,186947,OPEN,RHlyIONmSRWVZVAWSVateg
RobotCommand#8707,1634621542028,3,62332,59660,186997,4.666666666666667,0,14,14,25,914,SUCCESS,186997,OPEN,EFmdZbMqQomQ9sBMZvkBeQ
Riicardo,1633111992028,3,62334,54334,187003,8.0,0,24,24,1,915,SUCCESS,187003,OPEN,bkS2Yd9nQLe6PSFiPqexjw
VirtualGame#8658,1634120481332,3,62376,55995,187128,3.0,0,9,9,5,916,SUCCESS,187128,OPEN,OWh0iVZLSDiNT9KBQM7eNA
TheSecondBit,1634220979081,3,62396,61053,187188,12.333333333333334,0,37,37,8,917,SUCCESS,187188,OPEN,29dc8irrThmJ3KqNGtuG2Q
Fred-Race4Fun,1633485861391,3,62405,60593,187216,3.0,0,7,9,1,918,SUCCESS,187216,OPEN,StJjbq-QReG4UVqjM7_Mew
serenity,1633107218182,3,62427,61477,187283,10.333333333333334,0,31,31,1,919,SUCCESS,187283,OPEN,hSUQSHkTRbG6mcLoosWWDQ
rinku26,1634818966395,3,62457,55474,187373,4.0,0,12,12,5,920,SUCCESS,187373,OPEN,2SdbL3jqR3C1Xc7-oQmI9g
TritamMohanty,1633407618351,3,62462,56514,187388,7.0,0,21,21,2,921,SUCCESS,187388,OPEN,6Fg6apu5TxyVn-2ZmZfOBw
ConnectedSpec#6870,1633566024724,3,62466,56539,187398,6.333333333333333,0,19,19,6,922,SUCCESS,187398,OPEN,rKJw6r3CS_Wq_4xWMsEKLQ
Innoserve-Tokerpie-FCU-666,1634744278594,3,62470,58926,187412,8.333333333333334,0,25,25,9,923,SUCCESS,187412,OPEN,AtbT2NoIRDKEPjQTS48E0w
DanielChing23,1633764190483,3,62472,55001,187416,9.333333333333334,0,28,28,8,924,SUCCESS,187416,OPEN,TDO8xgixSiWXUkfARtYw1w
HelpfulFunction#8409,1633780681933,3,62483,57196,187450,2.0,0,6,6,1,925,SUCCESS,187450,OPEN,Zvc-UPPVQbW-NNU1S-iocg
TestableToken#8780,1633664368151,3,62486,60862,187458,7.0,0,21,21,1,926,SUCCESS,187458,OPEN,ac5a_xTFT3GRARhCsStKbg
PathingMethod#5265,1633379170846,3,62488,57592,187465,1.3333333333333333,0,4,4,1,927,SUCCESS,187465,OPEN,krg4WWNWTAaV-nIr0w2DWA
StongAgguaje,1635194346834,3,62493,59002,187480,5.333333333333333,0,16,16,18,928,SUCCESS,187480,OPEN,pJgD_kkpT4mIdox10xeDqA
superCar,1633353833611,3,62502,59662,187508,6.0,0,18,18,1,929,SUCCESS,187508,OPEN,2nualVeCQ3i7r3xMOBXj5w
BetoAlienMx,1635269650346,3,62505,59463,187515,3.3333333333333335,0,10,10,4,930,SUCCESS,187515,OPEN,WaTgXm7PTaCDRv9AVeD2Zw
UnboundFormula#9948,1633400426859,3,62562,60879,187686,9.666666666666666,0,29,29,2,931,SUCCESS,187686,OPEN,Z-P74IWeSxmjoZMRrWxuoA
Biqoompan,1633519141504,3,62593,56064,187781,3.0,0,9,9,1,932,SUCCESS,187781,OPEN,z2IiZwXHS0O2saZOAUKeFA
NumericHacker#4289,1633734584835,3,62613,61232,187840,3.3333333333333335,0,10,10,1,933,SUCCESS,187840,OPEN,rMDhl1g3T--7yu8jhBgWdQ
RainbowRoadWarrior,1634672005758,3,62642,57258,187928,7.666666666666667,0,23,23,2,934,SUCCESS,187928,OPEN,ODIVRLeETPiMwmApmLvRcQ
UpgradedScope#4710,1635256658420,3,62651,61012,187955,4.333333333333333,0,13,13,6,935,SUCCESS,187955,OPEN,8kIO5KDgTeKLP4wAATAY7w
team2-zebra,1633959638784,3,62662,59775,187987,5.666666666666667,0,17,17,9,936,SUCCESS,187987,OPEN,pCRVaQMhQa6_Xc_q_h62jQ
Deepracer-11,1633065495460,3,62663,58781,187989,7.333333333333333,0,22,22,1,937,SUCCESS,187989,OPEN,Uya2tIPiSw-srJujoQzhmg
LeetOrder#2000,1635087455538,3,62672,58288,188016,2.0,0,6,6,16,938,SUCCESS,188016,OPEN,xLA6yVzVR3e5NmP9BGyrLg
NullDeadline#2067,1634871947804,3,62674,54400,188024,5.0,0,15,15,4,939,SUCCESS,188024,OPEN,-QwzB4VASImxb0Qs1whCXQ
asaez,1633807669810,3,62674,58533,188024,2.0,0,6,6,4,940,SUCCESS,188024,OPEN,NQQzsWJWTuCtg0Q7xk2weQ
InnoServe-HerbieTheRacer,1634707930591,3,62685,57998,188056,7.666666666666667,0,23,23,21,941,SUCCESS,188056,OPEN,En-q6GGSSWuNkjs3BjRlLw
PathingEnvironment#4154,1633613184296,3,62688,58456,188064,3.3333333333333335,0,10,10,2,942,SUCCESS,188064,OPEN,Sj-nNUsXS3qdowpF8Kf-5w
GammaCharacter#7262,1633644487568,3,62705,58928,188115,3.0,0,9,9,2,943,SUCCESS,188115,OPEN,EnsQVL5yS2iMwMXVsZ6M9A
21stWarlock,1633881117450,3,62713,58291,188139,3.0,0,9,9,1,944,SUCCESS,188139,OPEN,5dOZxvXCRaG9Zka_J46vbg
IterativeFunction#4444,1633978910765,3,62713,59200,188141,11.0,0,33,33,1,945,SUCCESS,188141,OPEN,ULcdrs_XTGuXcXu1X6pM6Q
RYUMinWoo,1633406003963,3,62714,61058,188144,3.3333333333333335,0,10,10,4,946,SUCCESS,188144,OPEN,2Io-79FBQ3yn8UdcnA2Syg
RobotContext#8022,1635001374754,3,62746,55545,188239,11.0,0,33,33,4,947,SUCCESS,188239,OPEN,FermFQTrRz6V_ShVZORvUw
good-dog,1634964228178,3,62749,60181,188247,11.666666666666666,0,35,35,8,948,SUCCESS,188247,OPEN,puxn6yRxTBiNLK_6F1sxMQ
2Fast2Furious,1633546692648,3,62756,58939,188268,2.6666666666666665,0,8,8,3,949,SUCCESS,188268,OPEN,IjDII0L0QMqV3THGjQorPg
AgileSlice#2610,1633869812626,3,62804,59733,188412,2.6666666666666665,0,8,8,2,950,SUCCESS,188412,OPEN,Fqc9F9yXS6uRKnBbAaeJ_Q
stefan-mihai,1634739597232,3,62818,57475,188454,3.6666666666666665,0,11,11,1,951,SUCCESS,188454,OPEN,OEwWdYRwTGWrcyL_TbKBgA
AsynchronousEngineer#1578,1633775711607,3,62820,60070,188460,4.0,0,12,12,6,952,SUCCESS,188460,OPEN,5maF3lvmQRuL8VTteo778g
Speedster#2021,1635181594896,3,62839,55059,188517,10.333333333333334,0,31,31,27,953,SUCCESS,188517,OPEN,DtNx4mAhSUCNVR2fsuV5PA
Aziz-Petro,1635264945005,3,62848,60268,188544,9.0,0,27,27,6,954,SUCCESS,188544,OPEN,PT0mx4_XSQaC0S1XjLan5A
JavaBuster#1162,1633695730533,3,62857,54696,188571,3.0,0,9,9,1,955,SUCCESS,188571,OPEN,wFZkxiaMQwmHRrsakklZVQ
ambulance#qwer,1634375034227,3,62870,59014,188610,5.666666666666667,0,17,17,6,956,SUCCESS,188610,OPEN,nzmMDg6mQRi74YyM6ggKGA
InteractiveClass#9625,1633810219016,3,62896,61071,188688,2.6666666666666665,0,8,8,1,957,SUCCESS,188688,OPEN,aPh3ugApS9ueJv-awjjiWQ
FungibleByte#8715,1633066336930,3,62913,52327,188739,9.666666666666666,0,29,29,1,958,SUCCESS,188739,OPEN,txx-ldMBQeiYAJKsZBBK3A
FunctionalScript#9168,1634148310999,3,62943,57144,188830,9.666666666666666,0,29,29,2,959,SUCCESS,188830,OPEN,FwycOt1mTxOUhTdtI7Z7SA
GammaHypothesis#4854,1633125214727,3,62949,59601,188847,3.3333333333333335,0,10,10,1,960,SUCCESS,188847,OPEN,7VV3fM04Ts63ag7hukLp1A
IAmCirou,1634818169653,3,62951,56464,188855,6.666666666666667,0,20,20,5,961,SUCCESS,188855,OPEN,S8KEWqeIStuDcCQ7nbgfag
CriticalRequirements#6006,1633514498788,3,62952,60073,188856,3.6666666666666665,0,11,11,1,962,SUCCESS,188856,OPEN,GM-EXVNfQa21AAS39Utzaw
EsteemedLoop#5594,1633786383536,3,62976,60201,188930,8.666666666666666,0,26,26,21,963,SUCCESS,188930,OPEN,L6s1-nY4RWu_WUIECN8gvg
SequentialCommand#2839,1634006951945,3,62978,60400,188935,2.6666666666666665,0,8,8,1,964,SUCCESS,188935,OPEN,X9SWlDEmQoeabKT0TJ9f3Q
LeeGiHaeng,1634191643577,3,62994,60468,188983,10.666666666666666,0,32,32,5,965,SUCCESS,188983,OPEN,QVTa_zWVQkqIz67j0qQigQ
TechnicalPresentation#1522,1634849212994,3,62996,59936,188990,2.0,0,6,6,5,966,SUCCESS,188990,OPEN,MSrCEyxFRZios6GQAkvk8A
CreativePoint#3412,1633509946399,3,63004,61934,189014,2.3333333333333335,0,7,7,1,967,SUCCESS,189014,OPEN,pNMvhx0lT1G70KthZu75pg
UpdatedCoder#3570,1635187166103,3,63017,62942,189052,3.0,0,9,9,1,968,SUCCESS,189052,OPEN,cATWY2GtSNOOKFY5ihfo7Q
10xByte#7446,1635226698708,3,63019,56194,189057,9.0,0,27,27,4,969,SUCCESS,189057,OPEN,pjBxi4IFSpONm1NA3UJZxQ
JeonChaerin,1634302346352,3,63019,59476,189057,2.0,0,6,6,5,970,SUCCESS,189057,OPEN,bTMzlybVRXKJ3en_z2md_w
AnarIsmayilov,1634576630303,3,63033,56485,189101,9.666666666666666,0,29,29,4,971,SUCCESS,189101,OPEN,ixIU5oraTbSEcZQtdEr7Iw
ComplicatedTech#1898,1633733015543,3,63043,61531,189130,2.0,0,6,6,1,972,SUCCESS,189130,OPEN,Xi0Y3qDlRDSdM4gP3NUVrQ
VirtualSwitch#4959,1633973227546,3,63048,58479,189144,10.333333333333334,0,31,31,1,973,SUCCESS,189144,OPEN,ZABgoWltTLqrjOnAxVUYgA
FungibleCoder#4063,1633684553654,3,63064,62010,189194,2.0,0,6,6,2,974,SUCCESS,189194,OPEN,CDU35Z48RyetTfgZPtd2lg
InfiniteDebugger#8419,1633749075353,3,63065,60343,189195,6.666666666666667,0,20,20,4,975,SUCCESS,189195,OPEN,QlPvVgMRSo6TwZk4RVXYyg
BrainyBraces#2002,1633543698581,3,63065,60933,189195,2.6666666666666665,0,8,8,1,976,SUCCESS,189195,OPEN,3MtfC-51SR-AkHc669cGQA
IterativeComment#9799,1633193165491,3,63084,59726,189253,12.0,0,36,36,2,977,SUCCESS,189253,OPEN,Zpe-crE4TGur8LqLim5VcA
Furiosa,1635084530515,3,63092,57995,189276,10.333333333333334,0,31,31,6,978,SUCCESS,189276,OPEN,5B_cp9KbTJyeptllN0NkSw
10xModel#9906,1633215690637,3,63093,59863,189280,2.0,0,5,6,1,979,SUCCESS,189280,OPEN,rQAYcv3STp6vhW70wKBr8w
IterativeDocumentation#9730,1633741046683,3,63146,59183,189439,1.0,0,3,3,1,980,SUCCESS,189439,OPEN,akMzYi5JQv-bC0RQQobPVA
IterableSchematic#5053,1633764701105,3,63168,56535,189504,9.666666666666666,0,29,29,2,981,SUCCESS,189504,OPEN,XkJNCCE4TxaAPHJg2ApzMg
PrototypeState#6977,1634052825247,3,63171,61732,189515,2.3333333333333335,0,7,7,1,982,SUCCESS,189515,OPEN,8-Pp7zEaQ3u0BqMQGXMLng
UnicodeSystem#5518,1634705709765,3,63175,62598,189525,12.0,0,36,36,1,983,SUCCESS,189525,OPEN,r-qv_TDWTDqvbtg9x408Bg
MarioKart96124,1634712177550,3,63205,50537,189616,11.333333333333334,0,34,34,8,984,SUCCESS,189616,OPEN,gIxbR4jJSQef03tsz1OqzQ
PrimePointer#1829,1633758568495,3,63219,59006,189659,2.6666666666666665,0,8,8,3,985,SUCCESS,189659,OPEN,1R4AnLhZTGan9LgastojfA
AndyHatch,1633954683671,3,63221,58393,189664,2.3333333333333335,0,7,7,19,986,SUCCESS,189664,OPEN,kszSvb8rTs-iS-933RJE5Q
IncredibleHulk,1634807716307,3,63252,59345,189758,9.0,0,27,27,10,987,SUCCESS,189758,OPEN,I4IxCujPTTaJbIYS8c6Y2g
CodeDigit#1521,1634938455692,3,63261,59664,189784,7.666666666666667,0,23,23,2,988,SUCCESS,189784,OPEN,g8czeRLJRr28QQpxyWps6w
Redhat-Chilli-Peppers,1635225514387,3,63264,60860,189793,8.0,0,24,24,19,989,SUCCESS,189793,OPEN,vA_dY5Z3QumfV2XhBddNfg
VariableHacker#4043,1633558838526,3,63266,60538,189798,2.6666666666666665,0,8,8,3,990,SUCCESS,189798,OPEN,yX5Hfpd7Tm-zheX2ay0FeA
InnoServe-Notespromble1,1634707002205,3,63284,59134,189853,7.333333333333333,0,21,22,13,991,SUCCESS,189853,OPEN,Rtfz0_62SVeLZzY_VNEQuw
TeamHoWan,1634526605790,3,63296,53270,189888,11.666666666666666,0,35,35,17,992,SUCCESS,189888,OPEN,3KsGvqdPQGqWR4QoZMYEmA
RongBinXie,1635247009339,3,63304,52950,189912,8.666666666666666,0,26,26,1,993,SUCCESS,189912,OPEN,qOO_87qFTl-JAwKKflZmVw
lalasxvus,1633171738287,3,63317,59070,189952,3.0,0,8,9,2,994,SUCCESS,189952,OPEN,ZkinUHjlS4CAyZRf77iROw
EsteemedNamespace#3248,1633962704554,3,63351,58656,190055,2.0,0,6,6,1,995,SUCCESS,190055,OPEN,OP-3qxl_TXOWStdkyI4f4Q
TheOzz,1634934680796,3,63353,58729,190060,11.333333333333334,0,34,34,5,996,SUCCESS,190060,OPEN,974ZFa8xTaCp5hqohTJfBQ
Living-La-Vida-Mocha,1634295148383,3,63354,60270,190063,11.666666666666666,0,35,35,15,997,SUCCESS,190063,OPEN,tq2CTBXxTn2LowDmcrbpPw
CompleteBooster#2584,1633953897400,3,63358,59807,190076,8.0,0,24,24,1,998,SUCCESS,190076,OPEN,q5JE1jfwSzO4ajTItK-CBA
DerrickYipSGCC,1633751280202,3,63361,60456,190083,9.0,0,27,27,8,999,SUCCESS,190083,OPEN,50QmVuuERlihCMJHr2Wrxg
BackloggedConsole#2090,1634262793354,3,63371,59453,190113,3.0,0,9,9,1,1000,SUCCESS,190113,OPEN,d3U8yMm4SE6ihBVvm4TcYg
TestableBuster#4520,1633048523851,3,63373,58923,190120,4.0,0,12,12,7,1001,SUCCESS,190120,OPEN,IC5B7ocbTainVdlNywsf1w
FiniteAnalysis#1694,1635263533294,3,63396,58942,190189,8.0,0,24,24,5,1002,SUCCESS,190189,OPEN,YnFyMHt1SdOv6rFsrr-DTA
FungibleComment#7578,1634960569844,3,63422,59210,190266,13.0,0,39,39,3,1003,SUCCESS,190266,OPEN,cgBXncAvS7GaFjuRp0rfMA
SanFerr,1633953428562,3,63424,60939,190274,10.666666666666666,0,32,32,27,1004,SUCCESS,190274,OPEN,iONIp5aTTu2BztlJCGRsqg
ComplexHacker#8564,1635060886205,3,63430,61498,190290,4.0,0,11,12,18,1005,SUCCESS,190290,OPEN,A3kuVXlYRI27JCNNiO8vHQ
Rocket-Racer,1633955922206,3,63432,58538,190298,5.666666666666667,0,17,17,1,1006,SUCCESS,190298,OPEN,Xpj0V50HQaqlxfi4CN85-w
RobotDataset#7322,1634651212501,3,63444,58407,190333,3.6666666666666665,0,11,11,1,1007,SUCCESS,190333,OPEN,EUVTBBSKQw-LrcF2gDGipQ
UrgentDeadline#3165,1635266174114,3,63447,58541,190343,4.333333333333333,0,13,13,1,1008,SUCCESS,190343,OPEN,3_dSmF56ScO5BaPhhpcl9Q
MobileAbstraction#0089,1634523245264,3,63448,60331,190344,7.666666666666667,0,23,23,2,1009,SUCCESS,190344,OPEN,CSolvkuwQ2a8_-A1IXMHkw
antoniohm94,1633444421723,3,63453,60813,190360,3.3333333333333335,0,10,10,1,1010,SUCCESS,190360,OPEN,EOVhjupyQh28SHU9HM3bmA
KA,1633717551224,3,63472,59476,190416,2.0,0,6,6,3,1011,SUCCESS,190416,OPEN,oz7emQyNRFukVXY2N0JkqQ
AlphaPoint#9758,1633266311075,3,63472,56330,190417,2.3333333333333335,0,7,7,2,1012,SUCCESS,190417,OPEN,sYa65IMKQVyf2k8f7CG9tw
MaverickDeepRacer,1635179280648,3,63472,61934,190418,3.3333333333333335,0,9,10,2,1013,SUCCESS,190418,OPEN,sSCoQ0-SScq3tJUiAxWfTw
UsableLambda#3624,1633399836083,3,63474,58803,190423,2.0,0,6,6,2,1014,SUCCESS,190423,OPEN,MNem21D4RfO-Xc-IQO0iJw
Aloysius-Goo,1633763604276,3,63496,62261,190490,9.333333333333334,0,28,28,10,1015,SUCCESS,190490,OPEN,LpApcz3-SP68b6VBDRB2_Q
Towerhouse,1633111871109,3,63511,59853,190533,3.0,0,9,9,1,1016,SUCCESS,190533,OPEN,I7mgecB0QHe2bvhTqonH4A
EncryptedSemicolon#1931,1633649838049,3,63528,58924,190585,3.0,0,9,9,2,1017,SUCCESS,190585,OPEN,8XLpQo7SSVafAUJAW8WJnw
Cinderella-Dino-Ninja,1634572586772,3,63530,60205,190592,9.666666666666666,0,29,29,1,1018,SUCCESS,190592,OPEN,vm-ULogJQOqtnesuED0rvQ
ASCIIBrackets#7255,1634310050708,3,63538,59007,190614,12.333333333333334,0,37,37,2,1019,SUCCESS,190614,OPEN,KXpFJvC9SSezTJ6lxXmdEw
AndreiProtasovitskii,1633418998998,3,63549,58858,190649,9.666666666666666,0,29,29,21,1020,SUCCESS,190649,OPEN,nnRjv-iZT2-Rce307_1prw
PythonArray#9232,1633907011462,3,63559,58881,190678,3.3333333333333335,0,10,10,1,1021,SUCCESS,190678,OPEN,0aS7EV03SyOFCCRI9CA3gA
HydraKira,1633854350486,3,63571,61679,190714,2.3333333333333335,0,7,7,2,1022,SUCCESS,190714,OPEN,lO1xSYyITGeabtmDin2cmQ
LucianoRodrigues,1635276455013,3,63576,58185,190729,4.0,0,11,12,23,1023,SUCCESS,190729,OPEN,8kSV0qVsRQC316CwEYWMgQ
NumericCircuit#2596,1633777582899,3,63581,56671,190744,10.0,0,30,30,18,1024,SUCCESS,190744,OPEN,2vvhe1xSQpq_G4rwALyImg
tatakae,1635184161381,3,63584,55117,190753,9.333333333333334,0,28,28,7,1025,SUCCESS,190753,OPEN,5jYIqib9Tma4eoJpQZFwgg
ComplexTheory#3944,1633192042178,3,63599,60790,190797,11.666666666666666,0,35,35,1,1026,SUCCESS,190797,OPEN,Q3583zbJR8Kbm_Zl6L7bXA
YueJunTan,1633769513285,3,63623,53799,190869,11.0,0,33,33,9,1027,SUCCESS,190869,OPEN,TEfh7bO8RuuhmSXXTrIkNQ
NSync4Ever,1634946963407,3,63630,58223,190890,9.333333333333334,0,28,28,6,1028,SUCCESS,190890,OPEN,aaK7ttmiRqOymh5Z4bs56Q
ScepticLidar,1633460945097,3,63656,56991,190968,8.666666666666666,0,26,26,15,1029,SUCCESS,190968,OPEN,h9JeXfIFRJW2blptOEIY_A
TestingNode#3177,1633397557854,3,63692,61010,191077,3.0,0,9,9,2,1030,SUCCESS,191077,OPEN,Jdw7E3MfQRqwgFdvpdlJoA
DraftParameter#4737,1633951784231,3,63759,62806,191277,2.0,0,6,6,3,1031,SUCCESS,191277,OPEN,w-JMKxyiTISUsrPP6emM9A
Nikghil10,1634663011049,3,63759,63481,191279,11.0,0,33,33,6,1032,SUCCESS,191279,OPEN,QOSqN-M-R-Opz78dbgyCHA
StructuredScript#1491,1633295063341,3,63779,60598,191337,3.0,0,9,9,1,1033,SUCCESS,191337,OPEN,jm8K75rSQw6HbWmSWPr0hA
QualityClass#7907,1633770616153,3,63803,62247,191411,3.3333333333333335,0,10,10,1,1034,SUCCESS,191411,OPEN,QElZsl1tSJy7jlnUT67NkA
BooleanAnalyst#9775,1633988295617,3,63804,63534,191412,12.0,0,36,36,7,1035,SUCCESS,191412,OPEN,WK68VVesQ5-Wh7Hc2dtL9Q
NestedBottleneck#9531,1633655193082,3,63819,62131,191459,3.3333333333333335,0,10,10,1,1036,SUCCESS,191459,OPEN,2nT4e0pxRImlaoW9rJj9Rg
NeuralRequirements#0441,1635260382230,3,63831,59877,191495,13.0,0,39,39,3,1037,SUCCESS,191495,OPEN,xt1DXMnpRuuR6ea_i_vUXQ
EncryptedLoop#3279,1633688397601,3,63928,59852,191786,7.0,0,21,21,2,1038,SUCCESS,191786,OPEN,0Fu2FrJ8ROq0XRmK7DZq9A
VolodymyrMatiievskyi,1633800917565,3,63933,58084,191801,4.666666666666667,0,14,14,24,1039,SUCCESS,191801,OPEN,WET_2UvZQEGIIV99qw2Ikw
NumericSwitch#7467,1634222970196,3,63955,58792,191866,3.3333333333333335,0,10,10,2,1040,SUCCESS,191866,OPEN,q1fYwWGlSEiA-UGlWlJZag
NullMethod#3140,1634334293590,3,63961,59075,191883,3.3333333333333335,0,10,10,2,1041,SUCCESS,191883,OPEN,aDFN7INhTXC6FtLPKvlgwg
FlyingDragonRobin,1634684569944,3,63971,62437,191914,6.333333333333333,0,19,19,4,1042,SUCCESS,191914,OPEN,1a3cOPzKT_qaroCgQtf_lA
chen1404,1633767126901,3,64006,59824,192020,5.666666666666667,0,17,17,4,1043,SUCCESS,192020,OPEN,UkegQRgGRS2USFW37FZP-Q
moymoy,1634237324870,3,64025,62409,192076,2.0,0,6,6,1,1044,SUCCESS,192076,OPEN,cbc0ab35e0cf4244a1e10w
Phake,1633263609640,3,64029,59241,192089,2.6666666666666665,0,8,8,5,1045,SUCCESS,192089,OPEN,AuBu070GRAeXliy6xlOBGQ
RobotByte#8699,1633199462663,3,64054,54537,192163,12.666666666666666,0,38,38,3,1046,SUCCESS,192163,OPEN,TaDmouGYTfuIRy8RzDz8Ww
ProvisionalTester#8550,1633597402738,3,64064,63786,192192,0.0,0,0,0,1,1047,SUCCESS,192192,OPEN,W9pWOQGUTc-Fjixx8xPeaQ
Keith-Chiang,1633750838319,3,64076,59914,192229,9.333333333333334,0,28,28,3,1048,SUCCESS,192229,OPEN,UDGC3-JPQ7qxwl6uenWoag
InteractiveArchitect#4004,1633288968744,3,64097,58685,192291,3.6666666666666665,0,11,11,4,1049,SUCCESS,192291,OPEN,WGe1_WGhQqycoX40MTN3Kw
everest8848,1633908018727,3,64106,59653,192319,2.0,0,6,6,2,1050,SUCCESS,192319,OPEN,Ai_DqSAGRpWfULOlGj3Pqw
tapir,1634254141734,3,64123,61849,192371,8.666666666666666,0,26,26,8,1051,SUCCESS,192371,OPEN,jQ1p71NqTTuA2WsiEOEQFA
FuturisticMetaclass#4470,1633204591167,3,64131,61393,192393,2.6666666666666665,0,8,8,2,1052,SUCCESS,192393,OPEN,2vvIJSggQD6dHlceaPOX6A
TestingSchematic#4805,1634216151131,3,64131,59797,192394,4.0,0,12,12,1,1053,SUCCESS,192394,OPEN,ESUdmX-vReyFNZUKeyRstQ
OptimusPrime01,1635279310267,3,64132,59738,192396,5.666666666666667,0,17,17,1,1054,SUCCESS,192396,OPEN,pe6OI3vYRriGoZtPHb1ekA
BlockchainDelta#7399,1633441799188,3,64136,61383,192410,2.0,0,6,6,2,1055,SUCCESS,192410,OPEN,KQ3bpY9qTJmnU2xAADuhvg
AtomicBreaker#3818,1633206690511,3,64139,53801,192419,12.0,0,36,36,3,1056,SUCCESS,192419,OPEN,pNP0J13eRk-npynLusmaSg
PAVMAD,1633792726069,3,64167,51202,192502,3.3333333333333335,0,10,10,2,1057,SUCCESS,192502,OPEN,pBaHQIdcS9i0Ee4S5Qw9xw
TheBears06,1633531862612,3,64173,53596,192520,4.666666666666667,0,14,14,3,1058,SUCCESS,192520,OPEN,uSfiAIMcTRCL4H0vnETDRw
FuturisticString#4810,1635185971922,3,64185,59945,192556,6.333333333333333,0,19,19,2,1059,SUCCESS,192556,OPEN,kl-VGWJVRbymqAdm6UYy3Q
BetaAnalysis#5243,1633920137414,3,64248,61936,192746,2.3333333333333335,0,7,7,1,1060,SUCCESS,192746,OPEN,6BcnrEEvQtC5p-wngOTu9w
Habeeb556,1633958458804,3,64250,60543,192752,2.6666666666666665,0,8,8,1,1061,SUCCESS,192752,OPEN,X6CWtwmgRFGBE4NTjiJggg
tekgrl,1634658833284,3,64264,53129,192793,8.333333333333334,0,25,25,3,1062,SUCCESS,192793,OPEN,aJlzgk6tQj-dSVl6x6tERg
VirtualBottleneck#5038,1635185559856,3,64265,57947,192797,4.666666666666667,0,14,14,1,1063,SUCCESS,192797,OPEN,S_V1zNOKTpKu80Yejp9Htg
BackloggedObject#9118,1633375111471,3,64266,55588,192799,11.333333333333334,0,34,34,2,1064,SUCCESS,192799,OPEN,qB7ZpblkSie2Tl9fItngCg
ComplexPoint#2803,1634021824928,3,64268,63325,192805,4.0,0,12,12,1,1065,SUCCESS,192805,OPEN,GEY8g7egTpKIHug192i5jA
Petzincv,1633060499607,3,64268,61397,192806,8.666666666666666,0,26,26,2,1066,SUCCESS,192806,OPEN,0GoOKleUQjm3TNyPnPzivQ
TestDrive,1635282921925,3,64294,61873,192884,10.666666666666666,0,32,32,3,1067,SUCCESS,192884,OPEN,bQYUNLSqQq2T5td83F2-mQ
IterativeRequirements#1119,1635178705764,3,64307,62469,192921,10.666666666666666,0,32,32,12,1068,SUCCESS,192921,OPEN,jYv8qLDoTwuG2RiCw7C8rA
rocketzil83,1634902826879,3,64316,55262,192949,11.666666666666666,0,35,35,2,1069,SUCCESS,192949,OPEN,F1XgHGnGQnOUVLuZ5jW7uw
WebNumber#4503,1633648326274,3,64320,62742,192960,2.3333333333333335,0,7,7,2,1070,SUCCESS,192960,OPEN,WdENbJOKTTWiIbgaehrRgw
ReferenceTest#7802,1633465414832,3,64344,57390,193034,3.6666666666666665,0,11,11,1,1071,SUCCESS,193034,OPEN,t1VpAf6iQqOOBeyt98TuLg
BooleanPresentation#0414,1633992849396,3,64355,58535,193065,2.6666666666666665,0,8,8,1,1072,SUCCESS,193065,OPEN,OG4hCX0ZRyWFkLsnbHMmdw
HelpfulGame#4554,1634133325759,3,64416,60335,193250,9.0,0,27,27,2,1073,SUCCESS,193250,OPEN,-xRUFp7oSQKruyPawraNeg
AgileDescriptor#0109,1633715297855,3,64417,61928,193253,3.0,0,9,9,1,1074,SUCCESS,193253,OPEN,rrgVmg81TkCQugMJaeyihA
GenerativeSlice#4317,1635183680010,3,64423,62334,193270,2.6666666666666665,0,8,8,1,1075,SUCCESS,193270,OPEN,J-Bbm1v3SUKlt-n01N7b4Q
roohi,1634709714195,3,64484,63670,193454,5.0,0,15,15,3,1076,SUCCESS,193454,OPEN,z7JmuyqBQ9GumOJFxdsyyw
WagnerPinheiro,1634139752953,3,64540,60220,193621,11.333333333333334,0,34,34,3,1077,SUCCESS,193621,OPEN,wBVovU8XQCStzucj_gyf3g
FungibleState#6289,1634642867128,3,64579,61060,193739,4.666666666666667,0,14,14,6,1078,SUCCESS,193739,OPEN,W7HyU0g1S9qIbZmzcYis3g
FunRacer-TSN,1635285456790,3,64585,61264,193756,10.0,0,30,30,1,1079,SUCCESS,193756,OPEN,TwtSFSCqT8-bOXs5FP7yRg
OccamRazor,1634015483413,3,64595,57129,193785,9.333333333333334,0,28,28,7,1080,SUCCESS,193785,OPEN,_T0-R6EqT3KXerykFBLJZg
CyberneticServer#7420,1633913386100,3,64624,55730,193874,3.0,0,9,9,2,1081,SUCCESS,193874,OPEN,QK5TCHIrQmixsUAWH-1CSg
NumericGame#5082,1635284303184,3,64626,60663,193878,13.0,0,39,39,1,1082,SUCCESS,193878,OPEN,A5ElJPVhQNGG7sc-GkmkQw
BugmangGZ,1634767260560,3,64631,61474,193893,7.0,0,21,21,10,1083,SUCCESS,193893,OPEN,jG5qun_ISgCM1iSXWFwTJQ
ArtificialAbstraction#0506,1635267513106,3,64642,61123,193926,8.0,0,24,24,4,1084,SUCCESS,193926,OPEN,UhSzcIXmQp6ELu-vzxB2NQ
Bakugo18,1633410636855,3,64644,62084,193934,2.6666666666666665,0,8,8,4,1085,SUCCESS,193934,OPEN,uPahLF4zQ_Of2weGvZTVZw
FuturisticFix#5100,1634271765156,3,64659,62460,193979,2.3333333333333335,0,7,7,1,1086,SUCCESS,193979,OPEN,65f-9rScQW2ucEXUsTqIGg
IamWeber,1634790783335,3,64667,62860,194002,7.333333333333333,0,22,22,22,1087,SUCCESS,194002,OPEN,e09X2FLwSWiyRU2EWjH7Rg
AlexFBorba,1634920129428,3,64668,61314,194006,6.666666666666667,0,20,20,37,1088,SUCCESS,194006,OPEN,e2J9Y5l-TTuM0KLdPpEoDQ
OlegKonichenko,1633614301937,3,64671,64609,194015,13.0,0,39,39,13,1089,SUCCESS,194015,OPEN,RIMFnzKrRAqsvuujDx37KA
UnboundToken#4665,1633787691087,3,64680,60920,194042,4.0,0,12,12,1,1090,SUCCESS,194042,OPEN,IM9qxwneR7ypwuHSRlLmnw
Sruthi1708,1635258624612,3,64690,54341,194070,5.333333333333333,0,16,16,2,1091,SUCCESS,194070,OPEN,-dSMfOEAS02aMtfxyNJ7LQ
KenRojo,1633529436638,3,64691,61153,194074,11.0,0,33,33,4,1092,SUCCESS,194074,OPEN,5Poy1EAxRWqDluMj8nu4ew
Guangzhu,1633750024658,3,64720,63073,194162,9.333333333333334,0,28,28,1,1093,SUCCESS,194162,OPEN,wn39_ijaS8qteaTHdufCzQ
schosen,1633107671526,3,64721,59136,194165,3.3333333333333335,0,10,10,2,1094,SUCCESS,194165,OPEN,mNwjOeiBTU2AtkP2YBMFtA
LeetVariable#5839,1633883345426,3,64739,59940,194219,2.3333333333333335,0,7,7,2,1095,SUCCESS,194219,OPEN,QQIlGIPeSjiuyehZPi08Pw
nrn,1635139958772,3,64745,58336,194236,13.666666666666666,0,41,41,2,1096,SUCCESS,194236,OPEN,5gZRp4otRHW8FXvBRH-y5w
LiuQin,1635245402307,3,64797,50340,194393,11.333333333333334,0,34,34,1,1097,SUCCESS,194393,OPEN,OO9ahXDMQfiGzaYR5WxcyQ
MobileCoder#5186,1634709577101,3,64821,63938,194464,6.0,0,18,18,3,1098,SUCCESS,194464,OPEN,AIxT3vnhT-CiPkUlxDSuhg
ArtificialEngineer#4863,1633598281084,3,64823,62535,194470,9.0,0,27,27,1,1099,SUCCESS,194470,OPEN,TCXFN0X8Qlqayvk9B_m4rw
sgalisteo,1635189831586,3,64837,57720,194512,8.0,0,24,24,3,1100,SUCCESS,194512,OPEN,1biOni1lTwOQ9TZcw7QoDQ
Group2-racers,1633404671755,3,64866,53597,194599,8.333333333333334,0,25,25,1,1101,SUCCESS,194599,OPEN,hp1KnhxfQmeNlWYzWKdLmQ
rezzeak,1635100270480,3,64867,59325,194603,9.333333333333334,0,28,28,12,1102,SUCCESS,194603,OPEN,rtDGiDK8QWKipzVR2YwydQ
LoopingNetwork#2308,1635269840546,3,64886,56924,194659,3.6666666666666665,0,11,11,1,1103,SUCCESS,194659,OPEN,qI4DWZ4iRUW3zw2htlO8CQ
ProgrammingAnalyst#4268,1634659336141,3,64890,61147,194671,9.666666666666666,0,29,29,19,1104,SUCCESS,194671,OPEN,jHjcwNyDSqqyUe_8Y7VYBA
PrototypeOrder#0487,1634139170989,3,64897,64232,194693,2.0,0,6,6,4,1105,SUCCESS,194693,OPEN,CaJoX5WWQNS0ipsgom_4Kw
webdiver,1633441048968,3,64907,56000,194721,11.666666666666666,0,35,35,1,1106,SUCCESS,194721,OPEN,UcyPFmkJR4e1sfG37cZSRQ
ImportantFunction#9845,1633615107913,3,64911,63406,194733,2.3333333333333335,0,7,7,3,1107,SUCCESS,194733,OPEN,f0SjvfzITAmE4-rnFtnnqw
BalluDigital,1634719339196,3,64933,58397,194799,12.666666666666666,0,38,38,8,1108,SUCCESS,194799,OPEN,YrcfdpBvTuSPLoiQmnOl7Q
Depus,1635223688682,3,64953,60144,194859,6.333333333333333,0,19,19,3,1109,SUCCESS,194859,OPEN,E1Ypk7VaR96wh94mgevnSA
GD,1634423871619,3,64956,62526,194868,10.0,0,30,30,3,1110,SUCCESS,194868,OPEN,-Shz4d5aRrGswk8Ayd3oJA
TestableModel#7794,1635252503941,3,64972,54851,194918,9.666666666666666,0,29,29,4,1111,SUCCESS,194918,OPEN,ScWG3aPRR-akfCjmTO7m6w
Trained-For-Speed,1634711413372,3,64995,58858,194987,10.666666666666666,0,32,32,1,1112,SUCCESS,194987,OPEN,PnNTjVBoSsSwTQbSWFGerg
UpdatedComment#0058,1635247140283,3,65002,57003,195007,12.666666666666666,0,38,38,3,1113,SUCCESS,195007,OPEN,wTAyuqIqQ5KVHSN5T4WDBw
ASCIIFix#9965,1633354154538,3,65017,61458,195053,10.0,0,30,30,1,1114,SUCCESS,195053,OPEN,Fxo7kbtAQmyUwmXEet5Akw
ProvisionalExpert#2945,1633593662041,3,65022,62735,195067,3.3333333333333335,0,10,10,3,1115,SUCCESS,195067,OPEN,53iaHLKIQ5GS8lzljnVBTQ
GiantButFace,1634882771468,3,65032,60885,195098,9.333333333333334,0,28,28,6,1116,SUCCESS,195098,OPEN,v_gDHg5LQ2mOqFQbYw55yw
TechnicalBreaker#2923,1633976189381,3,65047,59738,195143,3.3333333333333335,0,9,10,3,1117,SUCCESS,195143,OPEN,cfuQSKmASeqSQSdSESKgWw
StructuredScope#2462,1634708571501,3,65066,60816,195198,4.0,0,12,12,1,1118,SUCCESS,195198,OPEN,KiisQaXfTnmMPKR5k3bH5g
MobileBottleneck#9024,1634300868828,3,65108,58928,195324,3.3333333333333335,0,10,10,1,1119,SUCCESS,195324,OPEN,aDyBkNYqSSOY22frK0FCbA
jas786111,1633678975539,3,65133,60725,195401,2.0,0,6,6,2,1120,SUCCESS,195401,OPEN,NIKhu998T9OLG0GpzYWWCQ
Mariokart,1634782371228,3,65154,56403,195464,5.333333333333333,0,16,16,21,1121,SUCCESS,195464,OPEN,JLPTgv6aRA-jKEuZCA2uRQ
SharkTraders,1634273429461,3,65183,60003,195549,11.666666666666666,0,35,35,4,1122,SUCCESS,195549,OPEN,haJFdsZSQ9ObfmqDxbjxcg
DesireeChoo33,1633760112800,3,65221,63944,195665,9.333333333333334,0,27,28,9,1123,SUCCESS,195665,OPEN,uB4xnUh9T2CBsDRiBQcbMg
Fal,1633883681742,3,65254,64697,195764,4.666666666666667,0,14,14,3,1124,SUCCESS,195764,OPEN,CyZqAeeBQKyHg1V2FnahqQ
UrgentBreaker#4873,1633784570395,3,65274,62407,195824,3.6666666666666665,0,9,11,3,1125,SUCCESS,195824,OPEN,AAJXcUhgRNe0t_-Fb6QwtA
Yury-Kachubeyeu,1634026841099,3,65280,60146,195842,7.666666666666667,0,23,23,2,1126,SUCCESS,195842,OPEN,pu9QZccQR3aBvmEuhh5kMA
InnoServe-MUST-AI-RacingCar-A,1634636863774,3,65288,60066,195866,9.333333333333334,0,28,28,2,1127,SUCCESS,195866,OPEN,4e1ksjNbSNqn9A9X_B3qdw
ScalarGradient,1635094910041,3,65289,64747,195868,13.0,0,39,39,37,1128,SUCCESS,195868,OPEN,OI7tgLpeQ_WOX88jSHX1rA
Lore-93,1635178276316,3,65293,61389,195880,7.0,0,21,21,3,1129,SUCCESS,195880,OPEN,2I2n0K4wQ26w_sV0Mj0YBg
SequentialMetaclass#6070,1633474750500,3,65298,61009,195896,3.0,0,9,9,2,1130,SUCCESS,195896,OPEN,-3DR0nt-R-u-cJnHgPAX6w
JaimeLupa,1633733994352,3,65305,62470,195917,11.0,0,33,33,9,1131,SUCCESS,195917,OPEN,LUVNgACcTcmFkc2Dnc302g
LoopingDescriptor#2875,1633428531144,3,65310,63675,195930,4.333333333333333,0,13,13,1,1132,SUCCESS,195930,OPEN,889FFX3ARrOfXBl59dLxsw
ReferenceFix#7044,1634960240827,3,65343,61557,196029,13.0,0,39,39,1,1133,SUCCESS,196029,OPEN,8wYEotgoTRGoO73G1wK_GA
poleLap,1633312759593,3,65369,64669,196107,3.0,0,8,9,2,1134,SUCCESS,196107,OPEN,09CHVsFwTCy-TQN4ct6hXA
FunctionalSemicolon#2159,1633584811680,3,65415,65118,196247,2.0,0,6,6,2,1135,SUCCESS,196247,OPEN,IWYANcxxS5yBe8WA8VRA5g
MachineConsole#6705,1634975887091,3,65418,62923,196256,2.6666666666666665,0,8,8,3,1136,SUCCESS,196256,OPEN,E4nLMHO3RTKtDbpeKnM5Eg
Zero-dayArgument#2702,1635299695741,3,65468,59002,196405,11.666666666666666,0,35,35,2,1137,SUCCESS,196405,OPEN,MtoHWEbJRnCXuRIfDOsLUQ
ProgrammingBraces#8064,1633712027875,3,65477,63145,196432,2.6666666666666665,0,8,8,2,1138,SUCCESS,196432,OPEN,ppIvDKIVR_WwIic4z7MNrQ
CriticalCircuit#2349,1633438019902,3,65513,58932,196541,2.3333333333333335,0,7,7,2,1139,SUCCESS,196541,OPEN,N0aJHfaJRwOVL0KTptNKdA
Logan#007,1633178029285,3,65552,62536,196656,3.0,0,9,9,1,1140,SUCCESS,196656,OPEN,P5FsvTjvSp-SNd4kfxdEKQ
BooleanToken#8607,1633612003860,3,65589,58140,196768,9.333333333333334,0,28,28,1,1141,SUCCESS,196768,OPEN,uv5Qdep0R4aSgXLsx1Z49A
JIJIN,1633547138819,3,65596,61460,196788,2.6666666666666665,0,8,8,2,1142,SUCCESS,196788,OPEN,atLw7NbvRB-bFCcCrOLUQA
UnicodeDigit#9082,1633465328516,3,65616,56669,196849,3.0,0,9,9,1,1143,SUCCESS,196849,OPEN,6H4KCGwHRgi0hux5gGxSCg
ContinuousConsole#6782,1633116917591,3,65642,60538,196928,12.666666666666666,0,38,38,1,1144,SUCCESS,196928,OPEN,AokhqPRtQ96s3Rm9LiPLCA
NRAWS2021,1634069973209,3,65648,58612,196945,12.666666666666666,0,38,38,4,1145,SUCCESS,196945,OPEN,7v97lMmRQfuo_amwwSwrjA
CasaMorsa,1634923559351,3,65691,61408,197074,7.666666666666667,0,23,23,12,1146,SUCCESS,197074,OPEN,Xgwow7EVTx2ovWKoS5NGfw
ContinuousObject#7158,1633893190911,3,65700,62585,197100,3.6666666666666665,0,11,11,1,1147,SUCCESS,197100,OPEN,d5mu-sreRF-q1zTg9pxp0Q
FormulaicDelta#0315,1635257456168,3,65711,63518,197133,2.0,0,6,6,1,1148,SUCCESS,197133,OPEN,K3zTTfXFQkqU57jpm07Hxw
HARSHVERDHAN,1633207357639,3,65730,64793,197192,4.0,0,12,12,3,1149,SUCCESS,197192,OPEN,7mEH1Dm4SI-a79gtAdAhPg
MeanMachineRacing,1634603732438,3,65754,59993,197262,6.333333333333333,0,19,19,6,1150,SUCCESS,197262,OPEN,Ua3WqS5EQ-eKn5H3XEOK9A
Nishad,1634053155271,3,65754,57597,197262,5.0,0,15,15,1,1151,SUCCESS,197262,OPEN,q7mRJebLRbOE0hvjRX72eA
NowUCme,1633977676590,3,65813,61447,197441,3.3333333333333335,0,10,10,1,1152,SUCCESS,197441,OPEN,nw95WqqGQmeYyQ_0ChqnXw
SecureNetwork#9748,1634730395465,3,65824,60864,197472,12.333333333333334,0,37,37,6,1153,SUCCESS,197472,OPEN,lv9hwpFjQjGWy26Bq0sfnA
ae86-ooo,1633810623088,3,65866,57996,197600,6.333333333333333,0,19,19,3,1154,SUCCESS,197600,OPEN,oTVjnqfPQ6yoiYa-F8o8fA
AsynchronousTest#0108,1633612352175,3,65872,60804,197616,14.666666666666666,0,44,44,2,1155,SUCCESS,197616,OPEN,GfeD04-wRiSm9JAH3dSoXQ
HectorVilla,1633102587723,3,65910,60989,197730,10.666666666666666,0,32,32,9,1156,SUCCESS,197730,OPEN,zVpd3JkISyeiqLJ3DM48MQ
OleksanrGandzha,1633447695089,3,65916,62125,197748,11.666666666666666,0,35,35,4,1157,SUCCESS,197748,OPEN,ZUizLGrPQKCdOlVesd5l1A
ShahzadAzam,1633432346457,3,65931,59995,197793,8.0,0,24,24,7,1158,SUCCESS,197793,OPEN,8iR3uStiQEmFyyIoy1rCBw
GaryEcc23,1634144390189,3,65957,55140,197871,9.0,0,27,27,2,1159,SUCCESS,197871,OPEN,Jz79WHPYQzSU4dGA_T3wUA
Sub10Racers,1633064673097,3,65957,62396,197871,8.666666666666666,0,26,26,6,1160,SUCCESS,197871,OPEN,O5Bmzy83TTSp3rzcTj7hFg
QualifiedDocumentation#2627,1635179898997,3,65973,57136,197919,4.333333333333333,0,13,13,2,1161,SUCCESS,197919,OPEN,KAaDhr6lRZyzhPozVjIpSw
Byakatonda-Denis,1633902446265,3,65982,61739,197946,2.3333333333333335,0,7,7,1,1162,SUCCESS,197946,OPEN,VWBE3Dg3RMaN0aqg0ufQeQ
CreativeOrder#2718,1634527791563,3,65986,58132,197959,3.0,0,9,9,4,1163,SUCCESS,197959,OPEN,Yncx1Z5fR6GKu4B-7wkxTw
Yi-Hao,1633765765806,3,65991,57544,197973,12.0,0,36,36,6,1164,SUCCESS,197973,OPEN,0dNeLazaRW218p07bbaDQQ
E-Racer,1634893736457,3,66001,60674,198004,9.333333333333334,0,28,28,6,1165,SUCCESS,198004,OPEN,TOmdfnHvTXSMCVDHkxwoQQ
TrainingWheels,1633104470176,3,66013,55862,198041,10.0,0,30,30,1,1166,SUCCESS,198041,OPEN,DhpkTNtgQoizeZBRrvQ-zA
Regalian,1633369287767,3,66020,64942,198060,3.0,0,9,9,1,1167,SUCCESS,198060,OPEN,GiIVm2RoQvumABpgq-cV4A
SlowAndSteadyReloaded,1633950900619,3,66020,61738,198060,6.666666666666667,0,20,20,3,1168,SUCCESS,198060,OPEN,muJgekdyQOe_Z9xcix1Q9A
DigitalEngineer#0638,1633058232292,3,66027,63279,198082,2.6666666666666665,0,8,8,2,1169,SUCCESS,198082,OPEN,5YyOp_YFR5uVJmDc_kz5YA
DarrenToh,1633761821050,3,66027,60739,198082,8.0,0,24,24,9,1170,SUCCESS,198082,OPEN,c6Nn501bTKeqo2fPrvCfDg
CompleteResource#8422,1634000050103,3,66050,64385,198150,3.3333333333333335,0,10,10,2,1171,SUCCESS,198150,OPEN,Ry0V7eW1R0-2qpeCXrbMOQ
FunFunFun,1634843398119,3,66059,63050,198178,4.0,0,12,12,2,1172,SUCCESS,198178,OPEN,PZAJ5q5DRji43sbuH-VpVA
ProcessingEnvironment#3609,1635131307365,3,66073,62867,198220,12.0,0,36,36,14,1173,SUCCESS,198220,OPEN,Sztp_njTTMuzRXHI4GR29w
MexiCan-Joel,1634861883957,3,66073,56199,198221,7.0,0,21,21,8,1174,SUCCESS,198221,OPEN,tx9fI2p2SWS_tXZLWVuU3w
OhTienCheng,1633766440084,3,66080,52412,198242,11.666666666666666,0,35,35,6,1175,SUCCESS,198242,OPEN,_til7CyLQJS5xIJ-T-7cuw
NestedPackage#7472,1635109101719,3,66091,62606,198275,4.0,0,11,12,2,1176,SUCCESS,198275,OPEN,H4RREJp-TMyD5-XM2SPBMQ
ProvisionalExpression#4583,1633392820667,3,66113,65671,198341,4.0,0,12,12,1,1177,SUCCESS,198341,OPEN,zV8cH1LuRdqp2gmsL67WrA
SpeedRoaster,1634300490248,3,66121,64742,198365,3.3333333333333335,0,10,10,8,1178,SUCCESS,198365,OPEN,BKbgRAF3S027OWvdje6uMg
VirtualBraces#7605,1633512333342,3,66132,65798,198396,0.0,0,0,0,1,1179,SUCCESS,198396,OPEN,qSE6FIRbQSGMNU30IRcPZA
SPEEDRacer,1633930288164,3,66151,60863,198454,12.333333333333334,0,37,37,3,1180,SUCCESS,198454,OPEN,zMmB1F2dR4OEm6R_VMI--Q
UnicodeAnalyst#4410,1633780250695,3,66152,61657,198456,3.0,0,9,9,2,1181,SUCCESS,198456,OPEN,yQHDduF_RQq-Yr0r-N_UUw
StructuredWorkaround#1031,1633233973971,3,66156,58328,198469,2.3333333333333335,0,7,7,1,1182,SUCCESS,198469,OPEN,Ru5OnujoQIGE2IyCQcSDyA
UpdatedScript#0201,1634194835864,3,66177,62939,198532,3.0,0,9,9,2,1183,SUCCESS,198532,OPEN,1WdxDMP-TQy3e_Astg54Fg
PrototypeCircuit#2151,1633923217639,3,66190,63805,198572,3.6666666666666665,0,11,11,1,1184,SUCCESS,198572,OPEN,qw9BVlSESQqdg_a5KHW1ug
ProcessingTech#0744,1633281746559,3,66199,62862,198599,3.6666666666666665,0,10,11,2,1185,SUCCESS,198599,OPEN,jbtn2Q-LSJOKiJbGiy5hTA
InnoServe-Notespromble,1634378409382,3,66202,58951,198607,6.0,0,18,18,1,1186,SUCCESS,198607,OPEN,rMKf74UfQtGk69M81tIZGQ
DesktopWorkaround#6971,1633066721902,3,66208,60810,198624,11.333333333333334,0,34,34,18,1187,SUCCESS,198624,OPEN,cNA1MWXdSHKzVW30x2ojnQ
RocketAnalyst#6756,1633694605188,3,66214,65719,198644,3.0,0,9,9,1,1188,SUCCESS,198644,OPEN,OTVmzDiETpKscff6yie0AQ
Draftee,1633379968640,3,66245,62868,198737,12.666666666666666,0,38,38,1,1189,SUCCESS,198737,OPEN,0QOvctyJRgmHaYh9GVRrUg
letsdrinksomething,1635202924026,3,66285,60733,198857,10.333333333333334,0,31,31,9,1190,SUCCESS,198857,OPEN,CCcwECsnQEu3_pSY4INKCA
scarinu10,1635293611307,3,66314,58129,198944,9.333333333333334,0,28,28,7,1191,SUCCESS,198944,OPEN,3B6K3I53TgOwXb0q--xpyA
JoshuaNg,1633755949065,3,66316,62131,198950,4.666666666666667,0,14,14,6,1192,SUCCESS,198950,OPEN,8wX412g2TBq0jKQtsapZOg
Youngwook,1635151582496,3,66331,63993,198994,2.6666666666666665,0,8,8,12,1193,SUCCESS,198994,OPEN,ggQyy1bET9ejtP4ZztwmzA
MachineSchematic#1917,1633494036698,3,66340,60799,199022,1.6666666666666667,0,5,5,3,1194,SUCCESS,199022,OPEN,BXGkx4iUTyahBZy1ogR0Hg
CodePresentation#0059,1633713010158,3,66341,63928,199024,9.666666666666666,0,29,29,1,1195,SUCCESS,199024,OPEN,HQSGhRH-Q_6LCm1BGES0YQ
Dan2021,1633712230656,3,66360,61463,199082,2.3333333333333335,0,7,7,3,1196,SUCCESS,199082,OPEN,S8JSI9jrQLSRhbwQinYe1g
ParametricCallback#6996,1633747735425,3,66385,63663,199157,2.6666666666666665,0,8,8,4,1197,SUCCESS,199157,OPEN,DAe6ExYmTNyXrxP6CPNvlA
TinolangManok,1634099656189,3,66426,65522,199278,3.6666666666666665,0,11,11,6,1198,SUCCESS,199278,OPEN,RWIf-LgSRW2uCHTOCOZgSg
Odesanmi,1633450914324,3,66431,58829,199295,2.6666666666666665,0,8,8,2,1199,SUCCESS,199295,OPEN,E1gIlxUAQMK5PLVlsakZMg
LinoTheFazalFanboy,1634693814020,3,66439,47591,199318,12.0,0,36,36,2,1200,SUCCESS,199318,OPEN,NjO6S-TJRR-EDowXKkWqBA
mabel-eain,1633978586478,3,66443,60599,199331,3.3333333333333335,0,10,10,1,1201,SUCCESS,199331,OPEN,h_hm6fGqQhKfvIxmNMvGUw
NumericScope#7370,1633725028156,3,66454,57180,199364,3.3333333333333335,0,10,10,1,1202,SUCCESS,199364,OPEN,BK3a0caoQiW6RswkDEo9fw
JTAllen,1633285199688,3,66488,56926,199465,3.6666666666666665,0,11,11,1,1203,SUCCESS,199465,OPEN,GtXVcVtTQEaLqCRBvPHIHw
steamingdumpling,1634962208598,3,66514,58052,199544,8.666666666666666,0,26,26,3,1204,SUCCESS,199544,OPEN,JlBhUuPmRIKIaevV6WNbKg
FuturisticCommand#7179,1633904934618,3,66517,63748,199552,7.666666666666667,0,23,23,52,1205,SUCCESS,199552,OPEN,z0EJm7AwRcOl84B_Hmfj3w
PythonByte#9768,1633406051349,3,66529,65801,199589,4.0,0,12,12,1,1206,SUCCESS,199589,OPEN,VXU9Ix-_TCqVDFBJ_Rt9Cg
Racer-HS,1633347088596,3,66598,66543,199796,6.0,0,18,18,6,1207,SUCCESS,199796,OPEN,YMAPUKFoTaaDa3jLQF8Mvg
CriticalAnalyst#9650,1634654269311,3,66600,61400,199801,4.333333333333333,0,13,13,1,1208,SUCCESS,199801,OPEN,ci_PM0cuSUSjztLkWd3pLg
HashableVariable#8525,1633455603124,3,66601,66332,199804,4.0,0,12,12,3,1209,SUCCESS,199804,OPEN,XbseEpZQTzeZjikTwEZx-g
KaustavGhosh,1633882174927,3,66623,59271,199869,8.666666666666666,0,26,26,4,1210,SUCCESS,199869,OPEN,T9btmsxCSYSs39Jr-Ac5nQ
YuriiMytsko,1633874810596,3,66644,56537,199932,11.666666666666666,0,35,35,1,1211,SUCCESS,199932,OPEN,6-KC-NiER8qAral19EccKA
B0bby,1634255465495,3,66657,60071,199973,10.0,0,30,30,4,1212,SUCCESS,199973,OPEN,PGJxr8i7Q-uJzcpg1HyHKA
VirtualBreaker#4339,1633112627919,3,66666,63663,199998,6.333333333333333,0,18,19,1,1213,SUCCESS,199998,OPEN,tHhGz-AAQ-WaeLYxQJx0Ug
ParametricSystem#4305,1633890171765,3,66670,64004,200010,3.3333333333333335,0,10,10,1,1214,SUCCESS,200010,OPEN,BxsUOu6cToybyhnrtDG-Sw
UpgradedCommand#1095,1633453680357,3,66690,63794,200071,4.0,0,12,12,1,1215,SUCCESS,200071,OPEN,kJMzQB9OSf2MfnevCFYNHw
AIrton-Senna,1634738685839,3,66692,62135,200078,9.0,0,27,27,10,1216,SUCCESS,200078,OPEN,JjzyWIUzSjGvPrRm07-4Dg
DraftArray#2384,1633390942431,3,66710,65458,200131,3.3333333333333335,0,10,10,4,1217,SUCCESS,200131,OPEN,2rQm1L1aRmm6Iy9_qZrw6Q
CrypticAnalysis#8415,1633431252421,3,66797,65134,200391,0.0,0,0,0,1,1218,SUCCESS,200391,OPEN,nnIIGO2rRZyRsu6mh1NDSw
MukeshNegi,1634603632006,3,66815,56262,200447,4.333333333333333,0,13,13,7,1219,SUCCESS,200447,OPEN,LiJbPF7KT5qHW12IOucU-Q
MohamedAlt,1634737480301,3,66824,63536,200473,3.6666666666666665,0,11,11,5,1220,SUCCESS,200473,OPEN,2exxaGoATweFeiM2tX7WsQ
MechanicalOrder#2609,1633297196725,3,66825,65141,200477,4.666666666666667,0,14,14,1,1221,SUCCESS,200477,OPEN,cyzElH7iTvGEMY__dI_9BQ
ProgrammingMetaclass#1035,1633103551257,3,66838,63723,200515,4.0,0,12,12,5,1222,SUCCESS,200515,OPEN,Hdjw1z9ATgicjxLHqBfwjA
UpdatedPointer#2975,1633396400683,3,66885,62732,200657,11.333333333333334,0,34,34,6,1223,SUCCESS,200657,OPEN,6KfVfjMLRRaRBz6DmcpyQw
RecursiveNumber#8926,1633376676901,3,66909,63254,200728,3.0,0,9,9,2,1224,SUCCESS,200728,OPEN,TQriZHbYQFC5LUALqRg0oQ
roman,1635167626030,3,66944,54487,200834,7.666666666666667,0,23,23,1,1225,SUCCESS,200834,OPEN,a79eb402f18042dea4c26w
trey,1633871986985,3,66957,60398,200872,4.666666666666667,0,14,14,1,1226,SUCCESS,200872,OPEN,icuRJL2LSFWUEKcMmfjOXA
SahasraNistala,1634694243815,3,66975,59130,200925,9.0,0,27,27,1,1227,SUCCESS,200925,OPEN,i30YVwB7TYyXZoiVDR6jiw
StructuredFunction#3772,1634608688911,3,66992,52863,200976,10.0,0,30,30,1,1228,SUCCESS,200976,OPEN,9g9k9u9bRNatoP-qhseldg
Gilas,1634889244816,3,66995,65662,200987,7.666666666666667,0,23,23,1,1229,SUCCESS,200987,OPEN,a4_ZVSK2RIGC80ieHlmbzA
Team-Eleanor,1633784031997,3,67025,64613,201076,10.666666666666666,0,32,32,1,1230,SUCCESS,201076,OPEN,2z6xA7pgRtGzIRw8C1hDZg
AmosAw,1633771086334,3,67034,66330,201104,1.0,0,3,3,9,1231,SUCCESS,201104,OPEN,fyUQzsRJTE6WwMxwcvlcvQ
MobileInterface#9931,1633478148953,3,67041,60137,201123,1.6666666666666667,0,5,5,2,1232,SUCCESS,201123,OPEN,7nCfqL5dSNGq3yA0iEyZgg
DraftExpression#5262,1633965090592,3,67043,65608,201131,1.6666666666666667,0,5,5,5,1233,SUCCESS,201131,OPEN,0kKvP_BYT12gKVB84wa_Yg
JanosRonyecz,1633693181663,3,67044,64780,201133,12.0,0,36,36,1,1234,SUCCESS,201133,OPEN,6t1ZDHruTS2QEYX_8sePCw
UpgradedError#0118,1633618756122,3,67048,65332,201145,4.666666666666667,0,14,14,3,1235,SUCCESS,201145,OPEN,YZBFlBpGR06N2QkVRodctA
LuckyChop,1635181269405,3,67056,52760,201169,13.0,0,39,39,2,1236,SUCCESS,201169,OPEN,0oYu3ot4QWqCdqSqBmaB4g
JCLEE,1635143320152,3,67071,57931,201214,3.3333333333333335,0,10,10,5,1237,SUCCESS,201214,OPEN,wuWn9KU7SHK0Nc6Wbkv9Ew
MG-S,1635053121772,3,67074,64611,201224,4.666666666666667,0,14,14,6,1238,SUCCESS,201224,OPEN,f9_MLWKxRpWTmbTg6tIptQ
LoopingArray#3885,1634178748480,3,67076,65949,201230,3.3333333333333335,0,10,10,1,1239,SUCCESS,201230,OPEN,abhY0WtwSIiR2SFS5M84GQ
IterableBottleneck#4136,1635282135922,3,67087,58463,201263,4.0,0,12,12,1,1240,SUCCESS,201263,OPEN,rG2AT0J2SEGWy-u9E_lrig
Midea27,1634130815751,3,67088,63666,201266,4.666666666666667,0,14,14,13,1241,SUCCESS,201266,OPEN,Fn3G76ncSfGk8XwiaNX4kg
Artois,1634483840909,3,67089,64981,201268,10.333333333333334,0,31,31,3,1242,SUCCESS,201268,OPEN,90v7fPq7SAmlr4QFxGDA-w
gunpyo,1634001103540,3,67108,60929,201324,10.666666666666666,0,32,32,2,1243,SUCCESS,201324,OPEN,D7OidiVfRR-eocSxkpF4VQ
TanJiaMin01,1633771013137,3,67117,61271,201353,10.666666666666666,0,32,32,18,1244,SUCCESS,201353,OPEN,rSuuI6yYRHa5Y_hBz-cXXA
Deet3172019,1633791162940,3,67133,65605,201400,4.666666666666667,0,14,14,1,1245,SUCCESS,201400,OPEN,b0c91878314f483d95b90w
JavaGlyph#7178,1633434471993,3,67177,61413,201532,8.666666666666666,0,26,26,1,1246,SUCCESS,201532,OPEN,7jFZIQ0pRam-Veqjbg7riQ
ImmutableTester#5803,1635166761366,3,67219,64884,201659,3.6666666666666665,0,11,11,4,1247,SUCCESS,201659,OPEN,MhOvETyNS--l-zQhzVbrFA
ConnectedVehicle#1,1635188762449,3,67225,63480,201676,3.3333333333333335,0,9,10,1,1248,SUCCESS,201676,OPEN,vZNOgXb8R4OcP1mlctsHvw
Leedowon,1634739509801,3,67260,54776,201782,10.666666666666666,0,32,32,7,1249,SUCCESS,201782,OPEN,5VTfBpxZS7u4VdWOHDV44A
NumericLoop#4692,1633116875739,3,67289,58735,201869,11.333333333333334,0,34,34,1,1250,SUCCESS,201869,OPEN,hBBplqesTVi54IhJYNwc_A
Hertz,1634740413899,3,67305,62593,201915,3.3333333333333335,0,10,10,3,1251,SUCCESS,201915,OPEN,1q3SwcHzRXCHKXLLBMcgzw
RyanYapRuiYang59,1633757898020,3,67312,66998,201938,11.0,0,33,33,10,1252,SUCCESS,201938,OPEN,4UflKcfzRDOIGV1Lpz8mdw
yanqi,1633766518196,3,67318,65802,201955,12.666666666666666,0,38,38,6,1253,SUCCESS,201955,OPEN,_hCohbzGSJa-LhHehhrbWw
FunctionalArgument#2067,1633935325093,3,67338,66329,202014,13.333333333333334,0,40,40,1,1254,SUCCESS,202014,OPEN,SchOoNdbQHCi2AN81PxTUg
NullArithmetic#2489,1633889537890,3,67373,65059,202121,3.6666666666666665,0,11,11,1,1255,SUCCESS,202121,OPEN,yzcJMbDBQjCl4KJp0TsBAQ
ChuangZhou,1635144580067,3,67375,65202,202126,11.666666666666666,0,35,35,1,1256,SUCCESS,202126,OPEN,oARw5kfMQ0SBfcSKaNlHqA
DesktopAnalysis#9970,1633992346307,3,67384,64408,202154,3.3333333333333335,0,9,10,1,1257,SUCCESS,202154,OPEN,r_sVBfszS6-2EuXsL2glhg
MochaSchumacher,1634299953301,3,67386,62269,202160,8.666666666666666,0,26,26,7,1258,SUCCESS,202160,OPEN,zAb-JqIVRxyfTkfgb8BuHw
FuturisticGlyph#9223,1633543860920,3,67426,62660,202280,4.0,0,12,12,2,1259,SUCCESS,202280,OPEN,hajbvwfZT9uA-EbEEmVqVQ
DesktopLine#7156,1634407393339,3,67457,60898,202371,12.666666666666666,0,38,38,5,1260,SUCCESS,202371,OPEN,8QwTZ20jR56GnLsozPgUtA
CriticalShell#3716,1633214366932,3,67470,63471,202410,3.6666666666666665,0,11,11,1,1261,SUCCESS,202410,OPEN,LcyUmz10Ro2MrN8MUQYWmw
ComplicatedSchematic#2244,1635282112595,3,67483,58865,202449,14.333333333333334,0,43,43,1,1262,SUCCESS,202449,OPEN,_tJeFdntRGyCO4NiQtv9HA
GammaPoint#1238,1633976314478,3,67483,64672,202450,3.3333333333333335,0,10,10,2,1263,SUCCESS,202450,OPEN,aNncTzuzQuuLzr54NBaTEw
MyRacerVeSa,1634920615902,3,67484,61794,202452,3.6666666666666665,0,11,11,1,1264,SUCCESS,202452,OPEN,ZIUa8wGWQvq5H2v3qC72dA
DraftGame#2201,1633209836059,3,67488,56476,202465,2.6666666666666665,0,8,8,1,1265,SUCCESS,202465,OPEN,fobF-ddjQLOjkjdgIMc3fA
Encrypted486#3741,1633820044516,3,67491,65805,202474,4.333333333333333,0,13,13,1,1266,SUCCESS,202474,OPEN,UVhrLGlqT1CCRPU7RcIKBw
pingintoronto,1635105263433,3,67530,59530,202591,4.0,0,12,12,12,1267,SUCCESS,202591,OPEN,zmb4AjiITQ2QRP8LJDtSQw
TestingAbstraction#1712,1633836516970,3,67540,63145,202622,3.0,0,9,9,1,1268,SUCCESS,202622,OPEN,JR1JxPAlTHuC4vls9Q8jZw
onetrick,1635266367579,3,67553,61935,202659,13.333333333333334,0,40,40,4,1269,SUCCESS,202659,OPEN,b7b45f5199b341e180785w
ruben-correoso,1634926565939,3,67573,63391,202719,11.0,0,33,33,10,1270,SUCCESS,202719,OPEN,4nsLEU_xTYyHMTBCxrP26w
ShepherdBoyDavid,1635258701130,3,67588,60415,202765,2.6666666666666665,0,8,8,5,1271,SUCCESS,202765,OPEN,j_ZIIa2PRj2zKSXlOIxrzw
race19,1634003939821,3,67637,62130,202911,6.666666666666667,0,20,20,2,1272,SUCCESS,202911,OPEN,FqrmNpptQ-Ks2OaK3d5UmQ
CyberneticLanguage#2541,1635174460617,3,67640,63197,202922,3.0,0,9,9,4,1273,SUCCESS,202922,OPEN,caVuiEtsTUmOufZ_KhV7uA
Team9,1635292383459,3,67663,61931,202990,4.333333333333333,0,13,13,2,1274,SUCCESS,202990,OPEN,plL4POL0TkyQ0x8gQez5Dg
JavierLim,1633769791798,3,67703,59919,203111,10.333333333333334,0,31,31,12,1275,SUCCESS,203111,OPEN,MMdrCQe4SLKTQYP6kUh_Ew
CrypticNotation#4561,1633739470491,3,67705,65461,203116,3.6666666666666665,0,11,11,1,1276,SUCCESS,203116,OPEN,WVWlnxejSIaKqhKJ2oiQbA
TestableBreaker#3692,1633467478811,3,67707,66320,203121,7.333333333333333,0,21,22,2,1277,SUCCESS,203121,OPEN,0_5Xr5ofTqClALfgOgD-Dg
QualifiedCommand#7456,1635120419288,3,67708,67073,203124,4.333333333333333,0,12,13,1,1278,SUCCESS,203124,OPEN,4pD36HCKTguTRmyCggaZag
BooleanError#1046,1633157715120,3,67737,62874,203212,1.3333333333333333,0,4,4,3,1279,SUCCESS,203212,OPEN,ZPcvJsx_S7q7sVEZrGhQhg
leke,1634240014807,3,67739,63072,203217,4.333333333333333,0,13,13,1,1280,SUCCESS,203217,OPEN,xli5KEIwQmy88GQNeSkMog
UrgentMachine#0871,1635183820251,3,67740,61349,203221,7.666666666666667,0,23,23,3,1281,SUCCESS,203221,OPEN,fiEsNi61TkyiK8PfDmeTSw
Taurenboy,1635156708069,3,67747,64525,203243,6.0,0,18,18,1,1282,SUCCESS,203243,OPEN,essV6kDZRqyBMH928XkYhA
Vpoliwal,1633322801730,3,67752,65264,203257,4.0,0,12,12,1,1283,SUCCESS,203257,OPEN,oln5gFMMRA2o2Cx18mSF9Q
XulongGao,1633757830012,3,67763,65052,203291,6.666666666666667,0,20,20,4,1284,SUCCESS,203291,OPEN,DDMpOJppTgGsaWMDMkrqeg
d0vahk11n,1634135805433,3,67764,61360,203292,3.6666666666666665,0,11,11,9,1285,SUCCESS,203292,OPEN,u8JgQqx0Sy-aSEUb2z9RZQ
ReferenceFormula#2967,1635262605418,3,67810,57950,203430,13.666666666666666,0,40,41,5,1286,SUCCESS,203430,OPEN,bP2DORx2S8G1vdAEDjBxYg
UrgentDebugger#0195,1633991117822,3,67828,65208,203485,0.6666666666666666,0,2,2,3,1287,SUCCESS,203485,OPEN,v2S4VHbXR0OF3WA8DZrAOw
DigitalLoop#8473,1634744202722,3,67857,65498,203573,4.666666666666667,0,14,14,1,1288,SUCCESS,203573,OPEN,ya_zXRQeQEGJu_7CEVN9Mg
Macacofonico,1634806789438,3,67862,61868,203587,10.666666666666666,0,32,32,9,1289,SUCCESS,203587,OPEN,MDqlTiXISNS3KHksuMjbRg
TX,1634921251801,3,67898,61206,203694,14.666666666666666,0,44,44,2,1290,SUCCESS,203694,OPEN,x6CLFT3OSWKrTnhXWpjOng
Karma,1635002216481,3,67898,57242,203695,7.666666666666667,0,23,23,5,1291,SUCCESS,203695,OPEN,la97FXYuSiCZ87ZSMCERNg
LightSpeed2,1634722381952,3,67906,64117,203720,10.0,0,29,30,28,1292,SUCCESS,203720,OPEN,-vFnZ1CXSoiShL4Jkg6DpA
HashableString#1109,1635133426561,3,67910,66594,203732,3.3333333333333335,0,10,10,1,1293,SUCCESS,203732,OPEN,UtHY2XIRQT2qczuLES9kBQ
AndreiGromov,1633338031929,3,67958,63659,203875,10.333333333333334,0,31,31,2,1294,SUCCESS,203875,OPEN,VgFnplr1TLu9DS_MSUBZ9w
10xDescriptor#0474,1634958638738,3,67975,59051,203926,3.3333333333333335,0,10,10,2,1295,SUCCESS,203926,OPEN,1KFDeyHGSk-65FFp2yI76Q
AABG-Rider-Zhong,1634825956260,3,67979,60192,203937,8.0,0,24,24,9,1296,SUCCESS,203937,OPEN,vsUNl0cFQc6sS6pk_rFD_Q
AccessibleFix#1592,1633614646015,3,67981,64743,203943,7.666666666666667,0,22,23,3,1297,SUCCESS,203943,OPEN,aqsnoj25S2CDF66VrSRl2A
beeleague,1633342576396,3,68004,65203,204014,2.3333333333333335,0,7,7,1,1298,SUCCESS,204014,OPEN,Z1LhfW2iTqmym8iDK__lMw
Zackee,1633772164334,3,68008,64230,204026,10.0,0,30,30,7,1299,SUCCESS,204026,OPEN,dITS816nR0O2IvnEvRl6sA
bornRacer#326,1633548629729,3,68012,66580,204038,4.0,0,12,12,4,1300,SUCCESS,204038,OPEN,Op7q9fssSn-hZ5vS1XPQnw
doubletrouble,1635249407421,3,68021,65335,204063,11.666666666666666,0,35,35,4,1301,SUCCESS,204063,OPEN,JMyQ9cu9Se2ijY0y9MafFg
Bappu,1634827532537,3,68045,63950,204137,4.0,0,12,12,3,1302,SUCCESS,204137,OPEN,_psdUIwDRnqXtPWfoI8vkw
UsableDeadline#0164,1633643668592,3,68060,64132,204180,4.666666666666667,0,14,14,1,1303,SUCCESS,204180,OPEN,S020ybeiTU6-b9X_iG3_RA
HashableLanguage#7065,1634233823852,3,68088,62665,204266,3.3333333333333335,0,10,10,14,1304,SUCCESS,204266,OPEN,_YJ7FHajRoi0y5GGOh1V5g
UpgradedComment#6467,1635229142490,3,68108,66943,204324,13.333333333333334,0,40,40,1,1305,SUCCESS,204324,OPEN,jwkzsTMeRueMRDRg9ZdAtA
Bala,1633899594466,3,68121,65745,204365,2.3333333333333335,0,6,7,1,1306,SUCCESS,204365,OPEN,7Cgsi18DQoWYhgWMgbpxGQ
CurlyValue#1031,1634266897676,3,68131,58923,204394,2.3333333333333335,0,7,7,5,1307,SUCCESS,204394,OPEN,8FVbBznkS4CEJRgnINd9IA
ThisEnvironment#1389,1633984737162,3,68178,66016,204535,3.6666666666666665,0,11,11,2,1308,SUCCESS,204535,OPEN,ZP2ihFv3Q0emhCNHSrvjyQ
WebPointer#2190,1633536063137,3,68184,62784,204553,4.0,0,10,12,2,1309,SUCCESS,204553,OPEN,YNSTlsjRQa66gpxfLpmHWA
MobileBottleneck#5107,1635028399457,3,68243,59001,204729,4.0,0,12,12,2,1310,SUCCESS,204729,OPEN,HZRLZdvwTy2hNcRk14FKqg
Momento33,1634983620329,3,68244,63469,204733,12.666666666666666,0,38,38,2,1311,SUCCESS,204733,OPEN,4-0dAOYQSYyxhZFp1mNdSA
LightningMcqueen#2021,1635241926504,3,68265,58334,204796,9.666666666666666,0,29,29,4,1312,SUCCESS,204796,OPEN,qJHawdvCRXOc1xQka-tQKg
Badger,1635101131217,3,68270,64874,204812,12.0,0,36,36,7,1313,SUCCESS,204812,OPEN,LjGMz5Q_S5u5CbrAPn7Cyw
ArtificialDocumentation#5549,1635298854736,3,68290,57072,204870,11.0,0,33,33,8,1314,SUCCESS,204870,OPEN,CEZ1tYT-RtKIz4tzBvjVRw
TataSumo,1634836200449,3,68302,65010,204908,5.666666666666667,0,17,17,4,1315,SUCCESS,204908,OPEN,Qqj8Gm1VRNKzgvf3ONDShQ
QualifiedDelta#1352,1633185327269,3,68351,63861,205054,3.0,0,9,9,1,1316,SUCCESS,205054,OPEN,XSGIONwcSTidKjtWaUHq5Q
DeepCoder#2453,1633992698558,3,68363,64531,205090,4.0,0,12,12,1,1317,SUCCESS,205090,OPEN,qpCciaY4RkuFYpPSl-i1rg
SuperDuperFinishingLast,1633100841480,3,68373,61597,205119,8.0,0,24,24,1,1318,SUCCESS,205119,OPEN,ZbzXD8ZjTC2M9IEt68afzw
HarryDaPutter,1633609157174,3,68415,65322,205247,10.666666666666666,0,32,32,8,1319,SUCCESS,205247,OPEN,Iy3pOR1bQma50_h0PpIlMA
SurajPareek,1633924227222,3,68418,53918,205256,9.333333333333334,0,28,28,1,1320,SUCCESS,205256,OPEN,yAPdiMMiRaOz0wLb4DeQ1g
FlyingElvis,1635140952798,3,68428,65914,205285,0.0,0,0,0,5,1321,SUCCESS,205285,OPEN,544309bb39664db7b6eb4w
dadkins20,1633281179645,3,68486,66398,205459,8.333333333333334,0,25,25,2,1322,SUCCESS,205459,OPEN,c11aaa422d354d6a941d5w
JavaArgument#1016,1634646827916,3,68487,63666,205462,11.333333333333334,0,34,34,9,1323,SUCCESS,205462,OPEN,4e6Gre5iR2u7Ok89fa96yg
dragonRacer,1635300588358,3,68500,56432,205502,9.333333333333334,0,28,28,10,1324,SUCCESS,205502,OPEN,ZWnw-mqkRxSlf6rurU5a-A
ConnectedSemicolon#0721,1633694274188,3,68503,60728,205510,4.0,0,12,12,2,1325,SUCCESS,205510,OPEN,XYnF57GkSLKG--UIYJbngA
WayneHsu,1634838428726,3,68512,64857,205536,10.333333333333334,0,31,31,5,1326,SUCCESS,205536,OPEN,HZUPVgUTTeq7hYYWvg7hMA
iaka-0713,1634767407875,3,68514,67685,205542,12.666666666666666,0,38,38,3,1327,SUCCESS,205542,OPEN,4PWHt_OTSAKnFgvZDoUyMw
pitsDR1,1634892404115,3,68516,62473,205548,3.0,0,9,9,1,1328,SUCCESS,205548,OPEN,qkYD23w_QP2XXVfLruDtow
GetSetGo,1634812666718,3,68533,64000,205599,10.333333333333334,0,31,31,4,1329,SUCCESS,205599,OPEN,fcKkCc1PS4C_XYwFqit2jQ
Zzoomm,1634322652419,3,68535,64060,205606,3.6666666666666665,0,11,11,10,1330,SUCCESS,205606,OPEN,VrzITDGgQhCOmf3swGbFmg
ImmutableShell#4355,1635157558773,3,68538,64544,205614,9.0,0,27,27,2,1331,SUCCESS,205614,OPEN,2qelX7q5RZuaoP8Zj1gh2g
ImNigelOwens,1634731364438,3,68555,65129,205667,8.666666666666666,0,26,26,1,1332,SUCCESS,205667,OPEN,AfkO9GScTGOZ-yH4foWSMg
Ogunbame,1634587522610,3,68566,68075,205698,5.0,0,15,15,2,1333,SUCCESS,205698,OPEN,4OFClwVCTX2-3z-J1KfKFQ
AutomatedEvaluation#1325,1633817387314,3,68601,66325,205803,9.666666666666666,0,29,29,1,1334,SUCCESS,205803,OPEN,O7xNMZoAS6y6W_4DVVJDNg
N2,1634804681748,3,68635,67462,205906,13.333333333333334,0,40,40,3,1335,SUCCESS,205906,OPEN,1SUI4bZcSyW-B9RBoUm7tw
Niko,1633749739223,3,68663,65395,205990,10.0,0,30,30,1,1336,SUCCESS,205990,OPEN,cDNJ0eApSKyxHgDBG2ihtg
GlobalDescriptor#8552,1633778701179,3,68683,63847,206049,3.0,0,9,9,2,1337,SUCCESS,206049,OPEN,jEjeFkX4QH2TjxKSU6kqTg
VirtualExpert#0375,1633966090551,3,68692,62740,206076,13.666666666666666,0,41,41,1,1338,SUCCESS,206076,OPEN,9VpJRKuzTgKnX13wxdNewg
MachineUpgrade#6291,1633705894867,3,68694,66196,206082,4.0,0,12,12,1,1339,SUCCESS,206082,OPEN,a0mUjcADSrGbddcwfeNgpw
FiniteBooster#8407,1634796488864,3,68709,63791,206127,10.666666666666666,0,32,32,20,1340,SUCCESS,206127,OPEN,VxPdZApLQby4jq1K84sonw
MeanMachine-BR,1634154638241,3,68717,65012,206153,10.0,0,30,30,1,1341,SUCCESS,206153,OPEN,f5TGA1yJRjOrljIATRyPtg
jiggedi,1634561609816,3,68779,63329,206339,6.333333333333333,0,19,19,3,1342,SUCCESS,206339,OPEN,sSrxW34TSqGKJs94SXiTmQ
AccessibleDataset#6035,1633427435337,3,68797,61535,206392,3.6666666666666665,0,10,11,1,1343,SUCCESS,206392,OPEN,RSnRkutQSvu7ey41Q6Wx-w
SequentialEvaluation#8365,1633544652025,3,68799,64380,206398,4.666666666666667,0,14,14,2,1344,SUCCESS,206398,OPEN,gJBBjlmzRt2PC8CvSnKfwA
AgileValue#2199,1633989933460,3,68816,55861,206449,4.0,0,12,12,1,1345,SUCCESS,206449,OPEN,YGdDLtLYQz-TqUyXXqi89w
andrewhernandezcain,1635084384298,3,68822,57329,206467,14.0,0,42,42,2,1346,SUCCESS,206467,OPEN,kZSzxpQsR4WTVp2Sx029BA
NestedEngineer#8988,1634910273646,3,68847,65808,206542,12.666666666666666,0,38,38,6,1347,SUCCESS,206542,OPEN,o_ufNxBGTAanuKItGaKUiw
FlashDriver,1635280592022,3,68867,51275,206603,11.666666666666666,0,35,35,4,1348,SUCCESS,206603,OPEN,pEYsjLtnQReKA63sqyFFjQ
ProgrammingNamespace#8253,1634895644379,3,68867,63933,206603,8.333333333333334,0,25,25,2,1349,SUCCESS,206603,OPEN,dB8-1TklSjqw783b3rlLAw
NestedState#3555,1633605846119,3,68903,66784,206709,3.6666666666666665,0,11,11,4,1350,SUCCESS,206709,OPEN,_qMArxfbQiWZ0lzabeOFZA
PrototypeArgument#1502,1633811412273,3,68916,65075,206750,2.3333333333333335,0,7,7,1,1351,SUCCESS,206750,OPEN,VA0MJKr3T9K6PoVbdn3_-w
IterableArchitect#5204,1634252651399,3,68935,66001,206805,6.333333333333333,0,19,19,3,1352,SUCCESS,206805,OPEN,RUDVF2-JR46F9AjeoX7ZWQ
MobileServer#2895,1635132104500,3,68939,65405,206819,4.333333333333333,0,13,13,1,1353,SUCCESS,206819,OPEN,i1JP0y9QTZWlFDrRJdN3og
SquareExpression#2647,1633162574053,3,68955,64462,206865,3.3333333333333335,0,10,10,3,1354,SUCCESS,206865,OPEN,vfXm7d75RL6H9M5q-NaK7A
JohnDoe5269,1634043727670,3,68985,68794,206955,11.0,0,33,33,1,1355,SUCCESS,206955,OPEN,Wfn4rgyoRxGJngrN0Cvc5g
Edwin,1635090970974,3,68988,67206,206966,12.666666666666666,0,38,38,1,1356,SUCCESS,206966,OPEN,pjjQEEXPSeqvahf03TqI4w
HRFJ-CHILE,1633118791062,3,69000,66998,207001,1.3333333333333333,0,4,4,1,1357,SUCCESS,207001,OPEN,pu5dbBSkRCyB4EK2qAEb-Q
JavaUpdate#1359,1633785435411,3,69005,67810,207015,4.333333333333333,0,13,13,2,1358,SUCCESS,207015,OPEN,g1iXUIOkS0SupeIG2osEow
NestedSchematic#2364,1633360633190,3,69022,67533,207068,4.333333333333333,0,13,13,1,1359,SUCCESS,207068,OPEN,h3Sh209UQgCVHg-OFUH-aQ
Keala-M,1633997273880,3,69055,68612,207167,4.0,0,12,12,1,1360,SUCCESS,207167,OPEN,3aqdSixdR6eMjyzWuKa3mg
ProgrammingEnvironment#2000,1635144444592,3,69065,65518,207196,4.0,0,12,12,2,1361,SUCCESS,207196,OPEN,tIdqshBLRgyPc7wFfaOmVw
Bulldog1,1633722490925,3,69066,66732,207200,4.0,0,12,12,4,1362,SUCCESS,207200,OPEN,1VXRzMXHRPWhawLC03YYIQ
DenysRudenko,1633133479967,3,69067,65594,207202,12.0,0,36,36,1,1363,SUCCESS,207202,OPEN,vMexg5abQ6KMUlbA1JZK7g
Smaidigais,1635278476060,3,69073,68998,207219,5.0,0,15,15,7,1364,SUCCESS,207219,OPEN,qDBx_i_VSaWzUynZW7VJFg
TeamA-20201022-League,1634033195471,3,69075,66270,207226,11.0,0,33,33,1,1365,SUCCESS,207226,OPEN,awe19PJWSxW_gxWvKmp2gw
AbiWan,1634687233894,3,69096,65073,207289,7.333333333333333,0,22,22,1,1366,SUCCESS,207289,OPEN,h6wpkPgbTKeiwchPPCSWFA
QualifiedVariable#4732,1633187497236,3,69116,66288,207348,12.0,0,36,36,2,1367,SUCCESS,207348,OPEN,u6VZFnnFQ6qFR4Cy1uH1Xw
EsteemedHypothesis#5916,1633311996301,3,69128,62984,207384,14.666666666666666,0,44,44,3,1368,SUCCESS,207384,OPEN,DIbBqUKnQdWQfsSen8xF7A
AccessiblePointer#4985,1634831233278,3,69128,68649,207385,10.0,0,30,30,2,1369,SUCCESS,207385,OPEN,jluTEP8yQbqYesgNlaXjyg
EsteemedSequence#5923,1633450931824,3,69128,64865,207385,5.0,0,14,15,1,1370,SUCCESS,207385,OPEN,7r1xCmv-RM-DHdBhWh0tZQ
NullByte#1201,1634893289964,3,69130,62270,207391,4.666666666666667,0,14,14,1,1371,SUCCESS,207391,OPEN,3sPIyNNYRQe1qdoyxleCXw
Pendragon2,1634137522298,3,69141,62336,207425,10.0,0,30,30,24,1372,SUCCESS,207425,OPEN,pNQdHfb0RomJu7E4o6H4jg
SolvableToken#8834,1635202032210,3,69142,65467,207427,4.0,0,12,12,3,1373,SUCCESS,207427,OPEN,aH3bSfGXRSGzUu50sbjucQ
DraftEnvironment#5721,1635128432589,3,69145,63872,207437,4.666666666666667,0,12,14,3,1374,SUCCESS,207437,OPEN,H1v326bhSf-tmWyegKpyng
Nodriverslicense27,1633662377989,3,69155,56798,207467,11.333333333333334,0,34,34,2,1375,SUCCESS,207467,OPEN,6ksWwluQSduly4OhvR8xDw
QualityServer#9813,1633353192939,3,69155,68467,207467,11.333333333333334,0,34,34,7,1376,SUCCESS,207467,OPEN,sZDo8gZ5T9uT6MJzg2Zprw
ChristianEloysio,1635214595122,3,69170,65224,207511,10.333333333333334,0,31,31,5,1377,SUCCESS,207511,OPEN,nAfvtzcwQ4yJXmAiM_mJjQ
AllaCh,1633719119083,3,69173,66604,207519,4.0,0,12,12,1,1378,SUCCESS,207519,OPEN,sJ09Sw40QSenUQ4NRHepmQ
FormulaicEnvironment#7068,1633948816188,3,69175,65605,207527,0.3333333333333333,0,1,1,3,1379,SUCCESS,207527,OPEN,uorD_LFlQb2iceYmtnUOrQ
piro,1633942015879,3,69179,67072,207539,4.333333333333333,0,13,13,1,1380,SUCCESS,207539,OPEN,puJ7nl_YSQWx9BOKV9xCAA
MLC95,1633613980596,3,69236,66055,207710,4.0,0,12,12,1,1381,SUCCESS,207710,OPEN,ExPVUB6PQfCZOYJJKdmnYA
FungibleResource#8744,1633616116636,3,69244,62128,207733,6.666666666666667,0,20,20,3,1382,SUCCESS,207733,OPEN,iQa8Hoe8SfijgxMVo83Hjg
UpgradedDigit54,1634243808921,3,69258,64139,207775,5.0,0,15,15,3,1383,SUCCESS,207775,OPEN,Vuyb6kkpTyOw-GEpQkrvlg
viksingla1,1634973192712,3,69265,66139,207797,4.0,0,12,12,1,1384,SUCCESS,207797,OPEN,8NS0BpQcSv-SjK3wdajHwg
TestingGlyph#5958,1635243711461,3,69268,66073,207805,4.666666666666667,0,14,14,1,1385,SUCCESS,207805,OPEN,2MnnD52mSIKAhIjOkoOP8g
UsableState#4495,1633969470249,3,69279,63542,207838,3.6666666666666665,0,11,11,3,1386,SUCCESS,207838,OPEN,uM_K1VkcQvaCpQ1HH6K9gQ
PathingLine#7740,1635187377199,3,69288,66921,207866,4.666666666666667,0,14,14,1,1387,SUCCESS,207866,OPEN,u8la09TaR2KxICVkr3fPEg
kazu-deepracer,1633668367808,3,69320,64275,207961,10.333333333333334,0,31,31,1,1388,SUCCESS,207961,OPEN,k_vUsnwgQ3ebBQ85nStpEA
MaksimBondarenko1,1633507726259,3,69353,67540,208060,10.0,0,30,30,9,1389,SUCCESS,208060,OPEN,D2_mc_3zQryo14bbbKZo_A
ASCIIHacker#4101,1633872414983,3,69355,67661,208066,5.333333333333333,0,16,16,7,1390,SUCCESS,208066,OPEN,M02XnRG4RCG1Ce7LKy4MWQ
TabletHypothesis#5595,1634858364329,3,69373,67451,208119,13.333333333333334,0,40,40,2,1391,SUCCESS,208119,OPEN,byme5R0SS9Ktr52ZmZvP2g
QualityPackage#2074,1634735431062,3,69379,61541,208138,4.0,0,12,12,1,1392,SUCCESS,208138,OPEN,6gTFiQ7vQpS6I6cISpr5gA
NestedLog#9775,1633899648109,3,69380,60270,208141,12.0,0,36,36,3,1393,SUCCESS,208141,OPEN,OxHd_kuqSu-NaFFlbQW_Qw
AtomicUpgrade#8374,1633092129269,3,69392,66129,208178,1.3333333333333333,0,4,4,2,1394,SUCCESS,208178,OPEN,hZeuz7gkQOGRCH8eo_6a7w
CreativeArithmetic#4677,1633552333479,3,69395,61193,208185,4.0,0,12,12,1,1395,SUCCESS,208185,OPEN,iyrwgWeNTnuQHx0YCJubfg
StanislavKhokhriakov,1633366999161,3,69401,64148,208204,10.666666666666666,0,32,32,1,1396,SUCCESS,208204,OPEN,b00PJg-wThyFDrX2xoF09w
Anurudh,1633583295039,3,69422,61863,208266,14.0,0,42,42,4,1397,SUCCESS,208266,OPEN,AUjz6j-LQqyukogHVE8PXw
team8-coyote-WC,1634124852169,3,69422,65859,208266,11.0,0,33,33,34,1398,SUCCESS,208266,OPEN,lYY-EKp1TVCEVRrDkFZ4ew
QualityValue#6697,1633612549264,3,69447,56797,208342,12.666666666666666,0,38,38,5,1399,SUCCESS,208342,OPEN,MzGJLWvwR8udxaUJVX2dWg
Quicksnail58,1635036315206,3,69455,62868,208365,15.0,0,45,45,2,1400,SUCCESS,208365,OPEN,i7XvImj8TYeDM3Rb_-Q5wg
Harvey,1633322153478,3,69463,67456,208389,4.666666666666667,0,14,14,4,1401,SUCCESS,208389,OPEN,DHaX7nKARBKtULv9D3FjxQ
DraftLog#0155,1633514502712,3,69463,65268,208391,4.0,0,12,12,4,1402,SUCCESS,208391,OPEN,iUiUfkPlTDOj8yZBnXbDEg
Pythagoras,1633425973898,3,69480,65242,208441,4.0,0,12,12,2,1403,SUCCESS,208441,OPEN,ERjARAtLSYCTcC6iVyRDzQ
SIAleague,1635134225959,3,69489,64140,208468,3.6666666666666665,0,11,11,1,1404,SUCCESS,208468,OPEN,fBPVCAAkQy64XaS9S-xIMQ
StructuredCommand#4646,1635179545340,3,69492,63805,208476,7.333333333333333,0,22,22,2,1405,SUCCESS,208476,OPEN,QKcMBgATSz2vPFjNbEFiZQ
issharfm,1633103313485,3,69507,65732,208521,4.0,0,12,12,1,1406,SUCCESS,208521,OPEN,zATMWFayRDiW9XJkydzHzA
NeuralInterface#6157,1635179751600,3,69510,68545,208532,4.0,0,12,12,1,1407,SUCCESS,208532,OPEN,Ap1XvtTaSWOduowwyB8YIw
Ricky,1635001707555,3,69517,64071,208553,11.333333333333334,0,34,34,4,1408,SUCCESS,208553,OPEN,f_3-oeZmRmSt_ujT3dQDzA
HigherSpec#7131,1635157007346,3,69548,63805,208646,3.6666666666666665,0,11,11,6,1409,SUCCESS,208646,OPEN,ITz7pHtbT6Kphq7MoVMCWQ
killer-oo1,1633759266141,3,69551,65930,208654,15.0,0,45,45,14,1410,SUCCESS,208654,OPEN,Fed5xnEIRyG6YRHK7kQ2PQ
pratheepan704,1635264020599,3,69558,64209,208674,12.333333333333334,0,37,37,3,1411,SUCCESS,208674,OPEN,p96CsJmjToCZRLJ0SkcJBw
ArtificialPatch#1060,1634736173811,3,69560,61466,208681,3.3333333333333335,0,10,10,4,1412,SUCCESS,208681,OPEN,Ur55aDrAQ86kKCt4sFNgqA
UnicodeZone#2715,1633611446612,3,69565,63746,208696,9.333333333333334,0,28,28,1,1413,SUCCESS,208696,OPEN,CCVBzbfnR42R1tTh-zNwjQ
ArtificialAbstraction#3874,1634151493765,3,69575,61400,208725,4.666666666666667,0,14,14,1,1414,SUCCESS,208725,OPEN,RclkLb4nSMu-BrUJ0rkLCA
Ciocio,1633289216430,3,69598,68130,208796,2.6666666666666665,0,8,8,2,1415,SUCCESS,208796,OPEN,n9vDl5YYTye8cjIGrG1tlw
Traveller,1633967971869,3,69604,63878,208813,5.0,0,15,15,5,1416,SUCCESS,208813,OPEN,SkDBS8cEQdONePNJxLb4XA
GenerativeAnalysis#3731,1633735640896,3,69619,65391,208857,4.0,0,12,12,3,1417,SUCCESS,208857,OPEN,TjCOInhdSTyeNOgNf-rBjQ
NumericSwitch#5608,1634568864848,3,69620,63944,208861,3.6666666666666665,0,11,11,3,1418,SUCCESS,208861,OPEN,qhj9j9U8RtaYaUERMGRsQQ
CreativeArithmetic#4955,1634851729361,3,69635,67536,208906,5.0,0,14,15,8,1419,SUCCESS,208906,OPEN,dry3bI08R1SlkljaM6tH5g
BooleanAttention#8935,1634579419913,3,69673,64621,209021,5.333333333333333,0,16,16,1,1420,SUCCESS,209021,OPEN,utzciVQDQICp4_-fUTrT7w
FormulaicPatch#5873,1635199476700,3,69690,64479,209070,11.0,0,33,33,4,1421,SUCCESS,209070,OPEN,oGrLBIzOQCq6yLM0JUDGOw
My-tiny-human,1634406145762,3,69690,62007,209071,3.0,0,9,9,1,1422,SUCCESS,209071,OPEN,cAeceYhxTqy1nSgt8-kM5g
PassingAttention#1835,1635179713107,3,69690,63397,209072,4.666666666666667,0,14,14,1,1423,SUCCESS,209072,OPEN,D6ViOvr7QdKMTHWL_H3xaw
CurlyAnalyst#4122,1634240163795,3,69707,56532,209122,12.666666666666666,0,38,38,20,1424,SUCCESS,209122,OPEN,4Qi5kkkiT-aLozEauqQDHw
ThisAbstraction#8981,1633864415833,3,69719,63338,209157,3.3333333333333335,0,9,10,2,1425,SUCCESS,209157,OPEN,BTBrtROuRDqjduCoHo8Png
AgileEnvironment#2888,1633913762676,3,69737,66274,209213,4.0,0,12,12,3,1426,SUCCESS,209213,OPEN,KCV87_CERl6MGxHr3zLHsA
StructuredBottleneck#5889,1633727851384,3,69741,66943,209225,3.6666666666666665,0,11,11,2,1427,SUCCESS,209225,OPEN,GNZGMYtpRISO0OODDeSZYA
BooleanObject#3176,1633951859184,3,69749,66224,209249,7.0,0,21,21,2,1428,SUCCESS,209249,OPEN,f5W_S1tJSvKL0aU81bpmrQ
PARKHAECHAN,1634314475917,3,69756,68404,209269,3.3333333333333335,0,10,10,11,1429,SUCCESS,209269,OPEN,7q5Xw4c9ROyg7hR9NpqH7w
NeuralUpgrade#1031,1635172744965,3,69800,58197,209401,8.666666666666666,0,26,26,10,1430,SUCCESS,209401,OPEN,Es3yWPLRRN6CDT-59iWjUQ
JavaBuster#9611,1634239696845,3,69817,60336,209453,13.666666666666666,0,41,41,1,1431,SUCCESS,209453,OPEN,elX3Ci0hQ9WkBZzWloVssg
UsableFix#1941,1633538492636,3,69846,57803,209539,4.0,0,12,12,1,1432,SUCCESS,209539,OPEN,dnzPMnGnSRGaxsEahow4bQ
AppleOne,1635291310593,3,69853,64285,209561,11.666666666666666,0,35,35,2,1433,SUCCESS,209561,OPEN,QlVhyF87RC6NJ82gac1ACg
SteelSnail,1633658830199,3,69866,62076,209600,4.0,0,12,12,1,1434,SUCCESS,209600,OPEN,CNCtC3aqQXCqgQWoGoNWFA
Ultraman,1635189697753,3,69871,63347,209614,8.0,0,24,24,13,1435,SUCCESS,209614,OPEN,PwTxhIiHR_yUYv697Bx9vw
ASCIIState#6734,1634221720291,3,69894,64542,209683,5.0,0,15,15,2,1436,SUCCESS,209683,OPEN,ePi2MUBjQJWdvsenz1gIMQ
ParametricPackage#9593,1633791141228,3,69934,58728,209802,5.0,0,15,15,3,1437,SUCCESS,209802,OPEN,ONYVP5EaT-abUHI9GzYI8w
Hubba1987,1634739433028,3,69935,64270,209806,8.333333333333334,0,25,25,4,1438,SUCCESS,209806,OPEN,5nK1LR4DQia6YU-g0vnRxQ
Team19-Kshira,1635140630630,3,69957,68597,209872,3.3333333333333335,0,10,10,6,1439,SUCCESS,209872,OPEN,q2m6qGwPQOGR7ltE0bBAWQ
PythonCallback#6485,1633102175244,3,69958,68803,209874,4.333333333333333,0,13,13,1,1440,SUCCESS,209874,OPEN,jpyU3GcuRYiK367QfgKHrQ
FabioBergamini,1634675952668,3,69965,65464,209895,3.6666666666666665,0,11,11,1,1441,SUCCESS,209895,OPEN,5RVuRcQVQHmyctQ7QRnNOA
Racer26,1633628644960,3,69977,67463,209933,4.666666666666667,0,14,14,3,1442,SUCCESS,209933,OPEN,2dahDqs1Q9-b7q8QT6ODSg
Arion-Gam,1633769568720,3,70004,66622,210013,9.333333333333334,0,27,28,2,1443,SUCCESS,210013,OPEN,_Rv8K6TCQzC7stkbxI6xcA
BlockchainZone#6784,1633386853325,3,70025,63932,210076,2.6666666666666665,0,8,8,1,1444,SUCCESS,210076,OPEN,ffy-ckIOSP2yF4hxzTFipA
CurlyObject#7517,1633092395620,3,70086,68201,210259,3.3333333333333335,0,10,10,1,1445,SUCCESS,210259,OPEN,28zNIDfJRhazfYJiyMS_MQ
baunit-aws-dr,1634800893746,3,70089,65137,210268,12.666666666666666,0,38,38,1,1446,SUCCESS,210268,OPEN,xp4pXSysR_eiy2kLeL1Btg
AsynchronousTag#3392,1634434212986,3,70095,68479,210286,4.0,0,12,12,4,1447,SUCCESS,210286,OPEN,BYJnwsm1RZya9TK3DltTsQ
InteractiveDescriptor#3273,1633730567339,3,70107,65387,210322,4.333333333333333,0,13,13,2,1448,SUCCESS,210322,OPEN,Ty2_LMMZTOqEtd3l9ws1EA
RecursiveScript#3273,1634627332050,3,70135,64732,210406,4.333333333333333,0,13,13,1,1449,SUCCESS,210406,OPEN,U55Jg8w_ROyE-2XTQOHviQ
TriniSpeedster,1633495406550,3,70136,64272,210408,3.6666666666666665,0,11,11,1,1450,SUCCESS,210408,OPEN,IqCbf7EkRX6imZOoI64Y2A
SolvablePackage#5166,1634707096269,3,70139,65206,210417,5.333333333333333,0,16,16,1,1451,SUCCESS,210417,OPEN,K85u1dQhSTGOWtUakcjKDQ
ThisShell#1450,1633921278687,3,70178,69531,210536,4.0,0,12,12,2,1452,SUCCESS,210536,OPEN,1KAwr0jGTYWgTCJ_IjbIFQ
BlockchainString#8676,1633574602323,3,70203,68812,210609,4.666666666666667,0,14,14,2,1453,SUCCESS,210609,OPEN,ueX2WstaRJiWyTMTDZWQHg
UplandHills,1634939915801,3,70205,66676,210616,14.0,0,42,42,7,1454,SUCCESS,210616,OPEN,_4LEI2LSTAONDOcXo4P6Ug
PassingParameter#4372,1633749030337,3,70206,58609,210620,12.0,0,36,36,12,1455,SUCCESS,210620,OPEN,HTWu5gr-QWWe5XNDD_JqJQ
QualifiedConsole#3026,1633103181580,3,70228,67736,210685,11.0,0,33,33,2,1456,SUCCESS,210685,OPEN,mpfpmFHaTwKMC5FQId8HYQ
LeetLog#9952,1633618206581,3,70231,63947,210693,2.6666666666666665,0,8,8,2,1457,SUCCESS,210693,OPEN,CnwvVjoKQAO2rVqTQr34TQ
Last-Minute-Racer,1635196467019,3,70244,68272,210734,4.666666666666667,0,14,14,1,1458,SUCCESS,210734,OPEN,xYn9w3bBTCem_S5DGjymWA
Brewis-Hamilton,1634303500936,3,70248,62542,210746,9.0,0,27,27,10,1459,SUCCESS,210746,OPEN,EcWFI6sdSPuZvzLhwFpIUg
IterableError#5453,1634905204201,3,70256,64459,210770,4.333333333333333,0,13,13,1,1460,SUCCESS,210770,OPEN,fIPdOcrjSUe_xl29iG70Og
BiJialing,1633769705245,3,70267,65324,210802,13.333333333333334,0,40,40,2,1461,SUCCESS,210802,OPEN,uWiBbC12S0yQ8CjULllRcw
ASCIIDocumentation#3053,1633759174492,3,70282,68716,210848,4.333333333333333,0,13,13,1,1462,SUCCESS,210848,OPEN,30vGtkhMR0KcnCI7i1Jz4w
cairnswm,1634900220988,3,70291,63271,210874,3.0,0,9,9,15,1463,SUCCESS,210874,OPEN,efUqe-CBRSqaRGGqelMesA
BlockchainLine#1186,1633812281921,3,70309,61807,210929,2.0,0,6,6,1,1464,SUCCESS,210929,OPEN,KRwkjP3bSBy22JUpe8sgCA
ThisHypothesis#4522,1633498223518,3,70316,64935,210949,4.333333333333333,0,13,13,1,1465,SUCCESS,210949,OPEN,UdvlxXwfS76A9EmSThBYlw
shleeeee,1633484668230,3,70334,60671,211004,4.666666666666667,0,14,14,1,1466,SUCCESS,211004,OPEN,7wgW_PzCSXywrwtnKf4fGA
HelpfulString#3708,1634221843245,3,70352,65986,211058,4.0,0,12,12,1,1467,SUCCESS,211058,OPEN,UdBbjys1QOat_sP7QXElDA
BetaEvaluation#1956,1635216964958,3,70353,64392,211061,4.666666666666667,0,14,14,3,1468,SUCCESS,211061,OPEN,KGGgbsJpRHKTkg4CsWCPBQ
DraftByte#0887,1634565089025,3,70356,67876,211070,10.666666666666666,0,32,32,7,1469,SUCCESS,211070,OPEN,0eNDbz7WRmicmh2Qta0eSw
VirtualArgument#5486,1634203861232,3,70360,68867,211082,5.333333333333333,0,16,16,1,1470,SUCCESS,211082,OPEN,Ak5TnrO6T_O3Uu3BZHSIRQ
BooleanLoop#9306,1634439726442,3,70398,61674,211195,13.333333333333334,0,40,40,2,1471,SUCCESS,211195,OPEN,SidY6V-ITrq3uSEtxlrsIA
Volcano101,1634938523151,3,70400,67732,211200,4.666666666666667,0,14,14,1,1472,SUCCESS,211200,OPEN,08hD9gqlTl66EuB-HWDhGw
bmello,1634956000734,3,70427,54270,211283,14.666666666666666,0,44,44,5,1473,SUCCESS,211283,OPEN,8LNmNlvXRB62qSy78pkwqw
BaracudaRacer,1634303349004,3,70449,68961,211347,5.333333333333333,0,16,16,1,1474,SUCCESS,211347,OPEN,5fe2f48c46ce44d88dc0dw
PassingConsole#5899,1633718323422,3,70456,69936,211368,6.333333333333333,0,19,19,1,1475,SUCCESS,211368,OPEN,fF8e6IruS16Xzfze6trEng
ProgrammingDebugger#5297,1634263866667,3,70460,65412,211380,9.333333333333334,0,28,28,1,1476,SUCCESS,211380,OPEN,ynSRpLY0RxyjTAX86_S6Og
FirstTimeRacer,1634283114912,3,70470,64011,211411,8.666666666666666,0,26,26,12,1477,SUCCESS,211411,OPEN,Y8cIVRz8TceMCXtHsaTfQg
LeiFeng,1635152252682,3,70486,62128,211460,11.0,0,33,33,2,1478,SUCCESS,211460,OPEN,Li7LoNWxQPqGJVOCQKNfQA
TestingError#6755,1633736496391,3,70491,63625,211475,5.333333333333333,0,16,16,1,1479,SUCCESS,211475,OPEN,7iKrLSC8SHmpc_CV0C3zvw
AccessibleTag#0582,1633188398033,3,70558,66805,211675,4.333333333333333,0,13,13,1,1480,SUCCESS,211675,OPEN,zbbePXxxRSOhmW8hY-fuMg
UpdatedExpression#7795,1633895378556,3,70603,66865,211810,4.0,0,12,12,2,1481,SUCCESS,211810,OPEN,YdOPGB2_RLmZF2wsJ35xtg
HarryXiao,1633312831443,3,70677,67861,212031,4.0,0,11,12,3,1482,SUCCESS,212031,OPEN,p0dIXuzwTM2SCISYhRaTWg
tnt1234567,1633787928488,3,70707,65112,212123,5.0,0,14,15,12,1483,SUCCESS,212123,OPEN,60J_yfu0RTKaFbGtA5QUfw
AntFast,1633363487826,3,70717,68996,212151,2.6666666666666665,0,8,8,2,1484,SUCCESS,212151,OPEN,pOfhajpuR1Sd-Stuwexnlw
FITTRForever,1635107231036,3,70770,64821,212312,5.666666666666667,0,17,17,6,1485,SUCCESS,212312,OPEN,SEydPMsGTciD4wnKTWnfeA
FungibleDescriptor#3095,1633619690061,3,70789,68745,212369,5.666666666666667,0,16,17,3,1486,SUCCESS,212369,OPEN,feNOZui9RpyjDMT-dNLtQA
RecursiveCircuit#1008,1633779755867,3,70813,65848,212441,4.666666666666667,0,14,14,5,1487,SUCCESS,212441,OPEN,PcKql40ORq2Wcv1qQD_Ekg
yuzugr,1633960516580,3,70843,64526,212531,3.3333333333333335,0,10,10,2,1488,SUCCESS,212531,OPEN,4ot8W0iQRGmj02MApMHIKg
PoojaWSRacerAlias,1634635387500,3,70885,65672,212656,3.3333333333333335,0,10,10,5,1489,SUCCESS,212656,OPEN,nC0C66KUQxCSRedIG1Uiyw
ProcessingMethod#3411,1634708551746,3,70893,52947,212681,15.0,0,45,45,14,1490,SUCCESS,212681,OPEN,OvdjWbvKQ2mzJDF5RgdKqw
FuturisticCircuit#9967,1634001875299,3,70895,68217,212685,4.666666666666667,0,14,14,5,1491,SUCCESS,212685,OPEN,lxttM4NYR8GdJrDBWrJVsA
CleanAttention#9986,1633834039774,3,70935,69592,212807,13.333333333333334,0,40,40,3,1492,SUCCESS,212807,OPEN,2W8nat0USseIqkdtUjXEmA
Mazinkaiser74,1634645772832,3,70956,66713,212868,12.333333333333334,0,37,37,1,1493,SUCCESS,212868,OPEN,vSO9ioeAQtu8nDGLBXCIsA
KMary-UdacityLeague,1633966575801,3,70988,68035,212966,4.666666666666667,0,14,14,1,1494,SUCCESS,212966,OPEN,idu0s2oGRL69dibj1dc1fg
AtomicBottleneck#6318,1634614076190,3,70991,57186,212974,8.666666666666666,0,26,26,1,1495,SUCCESS,212974,OPEN,YlF6YlxKQg6ukVLfOqsRmQ
glenna,1633767105023,3,71004,63552,213014,14.666666666666666,0,43,44,10,1496,SUCCESS,213014,OPEN,NDjT6H5IThyqRFmGLC_wnQ
froggster901,1634930325086,3,71030,61271,213092,14.666666666666666,0,44,44,6,1497,SUCCESS,213092,OPEN,0d0a41926d3d4200ac4bew
life-of-a-melon,1635261925256,3,71043,67725,213130,4.333333333333333,0,13,13,2,1498,SUCCESS,213130,OPEN,F4ofybu-RP6vYBNUIcjm7w
Test-winner,1634435464977,3,71057,65812,213171,13.0,0,39,39,2,1499,SUCCESS,213171,OPEN,U-7jZ3SiR4ilnI5h4nvMOw
InnoServe-GOCHEF,1634569251890,3,71059,66661,213179,7.333333333333333,0,22,22,8,1500,SUCCESS,213179,OPEN,7Sjw8jZRQQGg5TP6MQYJRg
WinnieXu-SmartRacer,1633757060017,3,71061,68980,213184,6.666666666666667,0,20,20,3,1501,SUCCESS,213184,OPEN,d4_s_jurSnWC21Udq56_wg
AutomatedSchema#3227,1633660604417,3,71063,61869,213189,5.666666666666667,0,17,17,7,1502,SUCCESS,213189,OPEN,d5hF2kRwTOq0RO3OZ2zObw
TabletLine#4295,1634448389233,3,71070,63075,213212,5.0,0,15,15,1,1503,SUCCESS,213212,OPEN,gUy0kfeoTZyhc3ivT6Q8Qw
UnicodeTheory#4008,1634762338706,3,71084,70263,213253,4.0,0,12,12,1,1504,SUCCESS,213253,OPEN,PMrIspO3QLeOdgm7XoiFtw
neeed4speeed,1634869890547,3,71105,65200,213315,4.666666666666667,0,14,14,2,1505,SUCCESS,213315,OPEN,2ZLfGKoBR9C69vyB4Ep-zA
NicolaiTufar,1633104189918,3,71132,65403,213396,5.666666666666667,0,17,17,1,1506,SUCCESS,213396,OPEN,gXNLwH1MQueM522fly33JQ
EsteemedLanguage#2947,1634357525507,3,71156,64535,213469,3.3333333333333335,0,10,10,6,1507,SUCCESS,213469,OPEN,GqI5Mj_DRzixMTw9Z1WYVw
MachineFormula#1474,1633338679095,3,71158,64554,213476,3.3333333333333335,0,10,10,1,1508,SUCCESS,213476,OPEN,8jlxsnsKS4KsjUEIld0kdA
YapYuXiangShawn,1633768187374,3,71162,65808,213488,10.666666666666666,0,32,32,2,1509,SUCCESS,213488,OPEN,f9bEMlBSRnW3bcVvgs-V1w
CodeSwitch#4790,1635242174364,3,71206,66002,213618,2.3333333333333335,0,7,7,11,1510,SUCCESS,213618,OPEN,yv6H0jO9RFGFV-GXWkabEQ
Bababooy69,1634844324105,3,71240,66082,213720,4.333333333333333,0,12,13,4,1511,SUCCESS,213720,OPEN,P4_IblimQ26_SegEuSY4KQ
AlphaLog#8682,1635263974089,3,71243,67001,213731,15.0,0,45,45,7,1512,SUCCESS,213731,OPEN,mBZGo7mzQ2yVoLD7fjeRVw
LoopingTheory#4959,1633084503359,3,71269,66395,213809,5.333333333333333,0,16,16,1,1513,SUCCESS,213809,OPEN,H-WpmcRWQISBQ7NcaVzLbQ
wvueagle0384,1635272377172,3,71304,68395,213914,3.6666666666666665,0,11,11,12,1514,SUCCESS,213914,OPEN,g-srviBBRdOCITcY_gZVHQ
Si-Ling-Er-Si,1634018470494,3,71310,68739,213930,13.666666666666666,0,41,41,6,1515,SUCCESS,213930,OPEN,hJdCxyR0Ryu7Bihp5_br4g
ParametricClass#0280,1634989565922,3,71316,66483,213950,5.333333333333333,0,16,16,1,1516,SUCCESS,213950,OPEN,wYoyqunRSQKoIaJpQQGlcg
OlegMazur,1633693015377,3,71340,67425,214020,13.333333333333334,0,40,40,1,1517,SUCCESS,214020,OPEN,9Pbt8QX9S4C8Gc_VFuJ2AQ
IntelligentDeadline#4853,1634636772682,3,71341,62939,214025,5.666666666666667,0,17,17,2,1518,SUCCESS,214025,OPEN,Ax5vx2GOTkOKv5R_umWu-w
CreativeClass#1762,1633697232408,3,71361,65354,214084,4.666666666666667,0,14,14,1,1519,SUCCESS,214084,OPEN,m1SEe62qS9iiUXlwefoQrg
AlphaAttention#5242,1634344385210,3,71368,67115,214104,11.0,0,33,33,1,1520,SUCCESS,214104,OPEN,CUYZEY36TxmnW4fDQ8DoAg
MobilePackage#8912,1633909364994,3,71379,69190,214138,4.333333333333333,0,13,13,1,1521,SUCCESS,214138,OPEN,kpExtzSyTOyZtYvw9I0xAQ
NestedPointer#8486,1635286918134,3,71396,68131,214189,4.0,0,12,12,1,1522,SUCCESS,214189,OPEN,9t9dm-MCRS2oivlIeNnz9g
EncryptedCommand#6967,1633105693315,3,71398,69275,214194,5.333333333333333,0,16,16,2,1523,SUCCESS,214194,OPEN,Y2-oHa4QTF-P8sTq6dbiGA
VirtualBottleneck#4932,1634566861531,3,71426,66331,214280,4.666666666666667,0,14,14,1,1524,SUCCESS,214280,OPEN,TMeAlROhSC6Z3a_yG8bIrA
EgorM,1633082147965,3,71433,66727,214299,13.333333333333334,0,40,40,1,1525,SUCCESS,214299,OPEN,_EuZKw-WRNeZFTk4gKQszQ
DigitalEnvironment#1358,1635194924436,3,71441,64738,214325,12.0,0,36,36,1,1526,SUCCESS,214325,OPEN,yHVISz9mRbOkH2QDWa4guw
hi-Heriz,1633796373556,3,71443,68535,214330,9.0,0,27,27,8,1527,SUCCESS,214330,OPEN,tVrOzESjQg2duo6xv-Rhog
DeepSurfer1618,1633323130286,3,71473,63810,214419,4.333333333333333,0,13,13,1,1528,SUCCESS,214419,OPEN,74SNoj6aQ7qf2OobmjKm6Q
PavelSmirnov1,1633760715017,3,71487,66724,214462,10.333333333333334,0,31,31,2,1529,SUCCESS,214462,OPEN,ukoXI1R2S_uPYDWvC_e-Hg
EncryptedDigit#9612,1633400426874,3,71490,66200,214472,12.666666666666666,0,38,38,1,1530,SUCCESS,214472,OPEN,gc0gBE1-SFqDE7DOykWYTg
SolvableSystem#8208,1634222798790,3,71508,66990,214525,6.333333333333333,0,19,19,1,1531,SUCCESS,214525,OPEN,sr2jewh_QkGBF2NZwDMPgA
ImmutableTheory#4099,1633911196622,3,71532,61414,214597,4.0,0,12,12,3,1532,SUCCESS,214597,OPEN,t92AZcqEQM2jtSQEZDUBiQ
CompleteAbstraction#0146,1633395296838,3,71575,68866,214726,5.666666666666667,0,17,17,1,1533,SUCCESS,214726,OPEN,PUgYGpQOT0KrmoQIk-96Mw
QualifiedFormula#3835,1634461952543,3,71576,68514,214729,3.6666666666666665,0,11,11,4,1534,SUCCESS,214729,OPEN,VIx_uL1mTQ2A7OEaf9idiA
PythonByte#2677,1633616566142,3,71595,66060,214787,3.0,0,9,9,1,1535,SUCCESS,214787,OPEN,wKcbOu5ZQyqqleeJIqsGkQ
AdityaD28,1634967894278,3,71621,68127,214863,6.0,0,18,18,5,1536,SUCCESS,214863,OPEN,RgBqDWNQQZG5h3Ffr11i8Q
SolvableCircuit#0276,1633760740841,3,71640,64468,214920,5.333333333333333,0,16,16,2,1537,SUCCESS,214920,OPEN,OB8HaPAbRXiNowmUF-75DA
BigArithmetic#6135,1633455406027,3,71709,70861,215128,4.0,0,12,12,5,1538,SUCCESS,215128,OPEN,ZO78ocNxSimYNfPfNHp8XA
BooleanDataset#2959,1633715629365,3,71731,69414,215194,5.666666666666667,0,17,17,1,1539,SUCCESS,215194,OPEN,UVoHigAOQ3u_F31lhw9Dgw
Phoenix-FlyingRacer,1634436987840,3,71838,65934,215515,13.666666666666666,0,41,41,1,1540,SUCCESS,215515,OPEN,u3-ZQbqXR6q30wd6vkpfDQ
BackloggedModel#0942,1633701720394,3,71911,68463,215733,5.666666666666667,0,17,17,3,1541,SUCCESS,215733,OPEN,N4FcMaTITn-cyQA9vjA09g
CyberneticArray#9661,1634505406017,3,71912,66067,215737,13.0,0,39,39,1,1542,SUCCESS,215737,OPEN,Yl2jV1QLRjCSVrEfvtmZ1Q
2018-05-01,1634068676973,3,71916,67269,215748,12.333333333333334,0,37,37,1,1543,SUCCESS,215748,OPEN,ezI26497TfKycDhYH5YGQA
PassingNotation#3535,1633184588123,3,71928,69526,215786,4.666666666666667,0,14,14,2,1544,SUCCESS,215786,OPEN,GeaEZfHJS_SiL6guz9Hp8A
ComplicatedNamespace#9480,1634557519558,3,71936,67400,215808,14.0,0,42,42,2,1545,SUCCESS,215808,OPEN,JNaxFzIqQKG0mPUl-rbdrw
SquareContext#7348,1635195910520,3,71943,65422,215831,14.666666666666666,0,44,44,10,1546,SUCCESS,215831,OPEN,y_SxXYmbQPS22Lf_WC0qIQ
CreativeSystem#8446,1633131664510,3,71953,62200,215859,3.6666666666666665,0,11,11,1,1547,SUCCESS,215859,OPEN,avLBFIJaTBS8E3L4WjUVHQ
HashableBottleneck#4913,1633722321123,3,72004,68074,216013,6.0,0,18,18,1,1548,SUCCESS,216013,OPEN,-CuSuns7RdanLj9b8cbJdg
InteractiveBraces#6720,1635270651481,3,72005,71742,216017,4.0,0,12,12,1,1549,SUCCESS,216017,OPEN,IB4Y5KjmRX-yntdIZpbKbA
KingOfBeef,1634607322842,3,72034,71747,216103,5.0,0,15,15,11,1550,SUCCESS,216103,OPEN,MKRWfQMdRZuX4KCx2XIiJg
liquid,1634965667196,3,72063,68189,216190,8.333333333333334,0,25,25,2,1551,SUCCESS,216190,OPEN,2jdzL6IkRcytDBz8rOhRcw
ProcessingExpression#8164,1633336715905,3,72064,68393,216193,5.333333333333333,0,15,16,7,1552,SUCCESS,216193,OPEN,8ccujBgmQuaiP-jyLEI7ow
VirtualShumi,1633549924718,3,72074,65471,216222,13.666666666666666,0,41,41,2,1553,SUCCESS,216222,OPEN,eNhunPkIRZGAQQTq4EyANA
RoadRunnerOriginal,1634912689577,3,72078,70270,216236,4.333333333333333,0,13,13,9,1554,SUCCESS,216236,OPEN,MzO9Y8VlSsCDQPsBhviLNQ
HelpfulComment#4899,1635249366324,3,72083,70546,216250,14.666666666666666,0,44,44,2,1555,SUCCESS,216250,OPEN,HW6j93aGT2GpCgnqVbXPFA
SecureServer#1930,1633472373550,3,72089,70745,216267,5.333333333333333,0,16,16,2,1556,SUCCESS,216267,OPEN,8MQOnlg_RhmjzKvFP-T-pw
AtomicUpdate#1094,1634361007439,3,72109,69658,216327,5.333333333333333,0,16,16,1,1557,SUCCESS,216327,OPEN,27pcdUXXRHmszNg2_zbuIg
StructuredObject#6637,1633586053434,3,72123,64197,216370,4.333333333333333,0,13,13,2,1558,SUCCESS,216370,OPEN,oHIoayJHRQKfAqIZKrDujw
SiahWeeHung,1633765705950,3,72128,67236,216385,9.666666666666666,0,29,29,4,1559,SUCCESS,216385,OPEN,Y_0f5kxvQ5OOCuKfZJCC-g
BooleanTag#6557,1634029671628,3,72143,68141,216429,3.6666666666666665,0,11,11,5,1560,SUCCESS,216429,OPEN,9U4IJu2GTfqrraREBtGY5w
HighwayStar14,1635182836665,3,72172,66537,216518,3.6666666666666665,0,11,11,2,1561,SUCCESS,216518,OPEN,_-QA6PxfTe2tQi0u9OQhFQ
Prabhakar1723,1635058215755,3,72219,63270,216657,5.333333333333333,0,16,16,12,1562,SUCCESS,216657,OPEN,CEWinJ8CT6igtf4YtBKoVQ
Jegi-Hong,1634556244539,3,72242,64003,216726,14.666666666666666,0,44,44,1,1563,SUCCESS,216726,OPEN,1X6wg3YVRYqdawWJ2Fv5GA
ReferenceExpert#5781,1634521821740,3,72245,71981,216735,5.0,0,15,15,1,1564,SUCCESS,216735,OPEN,f2KZxgPqSduQQXNpwwCaxg
10xTester#1361,1633640895302,3,72248,71795,216745,5.0,0,15,15,1,1565,SUCCESS,216745,OPEN,9NMtNNDgTMWC08kclDmQVA
Pon,1635081329646,3,72266,55728,216798,14.333333333333334,0,43,43,2,1566,SUCCESS,216798,OPEN,vzeDwZ6-TPOpsOiRqtO_zg
TestingNetwork#1915,1633852229240,3,72334,69272,217002,5.0,0,15,15,1,1567,SUCCESS,217002,OPEN,hbtIRN3jTnmx7TkcA8PM4w
ArtificialFix#7389,1633522454371,3,72339,66867,217017,5.333333333333333,0,16,16,2,1568,SUCCESS,217017,OPEN,ESrmDaC4QLC3IIMJjVpiJw
Zero-dayByte#4551,1633949904789,3,72398,72139,217194,5.0,0,15,15,3,1569,SUCCESS,217194,OPEN,4a54d1NlSiCvmTHKv4BT0Q
ParametricServer#0853,1634301354551,3,72399,69464,217199,3.6666666666666665,0,11,11,2,1570,SUCCESS,217199,OPEN,QFUJfswcQgqgwuNMEKOlyQ
JP-Racer-178,1634325057915,3,72400,60811,217200,14.0,0,42,42,2,1571,SUCCESS,217200,OPEN,YtntHP50QGuAsjtbTeguOQ
QualifiedSchematic#1375,1633281205700,3,72403,68672,217209,4.666666666666667,0,14,14,1,1572,SUCCESS,217209,OPEN,KAL-itLgSL2dgMfuCSs75Q
B-Figueiredo,1635293142506,3,72405,64529,217216,13.0,0,39,39,4,1573,SUCCESS,217216,OPEN,f3VxAXPDQwmYfaCQRFqk9w
BetaLanguage#3392,1634821926811,3,72414,66450,217243,3.6666666666666665,0,11,11,1,1574,SUCCESS,217243,OPEN,8o0v7nQmQvKsQ02s12pGwA
NewRacerACC,1634805781455,3,72418,64536,217254,15.0,0,45,45,4,1575,SUCCESS,217254,OPEN,_FrlPrDCQ5S3Nhm29gupkA
CriticalPointer#8185,1633434912545,3,72420,69007,217260,3.6666666666666665,0,11,11,1,1576,SUCCESS,217260,OPEN,-_T1q7MMRAuJmDM6NgSh6A
JustinPeng13,1633705536112,3,72423,69687,217269,3.6666666666666665,0,11,11,4,1577,SUCCESS,217269,OPEN,IIzVpL7ZRzWKhsg7NLJIAg
wailoontheng,1634793012207,3,72473,66543,217419,13.666666666666666,0,41,41,4,1578,SUCCESS,217419,OPEN,AEn3cWOISwa0Dp4xTavITw
ReferenceResource#5508,1634018444606,3,72478,66816,217436,5.666666666666667,0,17,17,2,1579,SUCCESS,217436,OPEN,Q3n6EwfJQJCr83ep74T2ag
AutomatedSandbox#7764,1633734394848,3,72508,67618,217524,6.0,0,18,18,2,1580,SUCCESS,217524,OPEN,7tf6bzQgS9yw2ATD3P89Gg
PumpkinRacer,1634416384036,3,72556,70292,217668,13.666666666666666,0,41,41,1,1581,SUCCESS,217668,OPEN,d5qHsdorTQuSZ7UAfLD_8w
CreativeConsole#9973,1633117101289,3,72558,72263,217675,4.0,0,12,12,1,1582,SUCCESS,217675,OPEN,jEwK0S9cQfKgiyNXFScZ5w
Zero-dayParameter#4078,1634545369400,3,72568,65667,217706,10.666666666666666,0,32,32,3,1583,SUCCESS,217706,OPEN,v63MYCSqTEajqMFmPfQDIA
AsynchronousObject#8699,1633634251945,3,72593,64731,217781,4.0,0,12,12,1,1584,SUCCESS,217781,OPEN,ironQL4hT-iyzDp0ULoKrA
hyphen-community,1633397562210,3,72601,69982,217803,12.666666666666666,0,38,38,5,1585,SUCCESS,217803,OPEN,Wl_zFGxfSqWMAxzi2CT2iA
jvdm,1634026105593,3,72628,66481,217885,10.0,0,30,30,2,1586,SUCCESS,217885,OPEN,2snZiLlmQUio_HQrWOPFsw
SquareHacker#5063,1633758234103,3,72649,66151,217949,15.666666666666666,0,47,47,5,1587,SUCCESS,217949,OPEN,BkL336kmTzGV3RmTP8wPrw
InnoServeNotespromble,1634656211908,3,72666,56006,217999,10.666666666666666,0,32,32,8,1588,SUCCESS,217999,OPEN,q2-GDeBOQb6adHTqgq3_mw
Peregrine-3-in-training,1635221332067,3,72668,71127,218006,3.3333333333333335,0,10,10,8,1589,SUCCESS,218006,OPEN,KshkXb95QXSzIC5u81_xqQ
UnboundString#1753,1633632133551,3,72675,69215,218027,4.666666666666667,0,14,14,1,1590,SUCCESS,218027,OPEN,TnNCdeorS5CE6g5WT3TRVA
A11Kashan,1635254989673,3,72698,67151,218096,5.0,0,15,15,1,1591,SUCCESS,218096,OPEN,ohHAMmi6SvaD7q4EL1_9qA
Iam007Swarna,1633889099641,3,72726,66327,218180,3.6666666666666665,0,10,11,2,1592,SUCCESS,218180,OPEN,wH8AZxVgT-y0Ox5BJir2mw
UrgentFunction#5590,1634298755566,3,72733,66870,218199,14.666666666666666,0,44,44,2,1593,SUCCESS,218199,OPEN,a9j7gBeyQVeU39YQHheYcQ
DeepMethod#6249,1633999369132,3,72735,64129,218207,5.333333333333333,0,16,16,2,1594,SUCCESS,218207,OPEN,e-qwT0NCQkW929DJ1LxU8g
fotisss,1633179218946,3,72738,72530,218215,15.0,0,45,45,5,1595,SUCCESS,218215,OPEN,-g9Z1gUjTv-aq8xw2X3G7w
Queen-Ruth,1633469893474,3,72755,69399,218265,4.666666666666667,0,14,14,3,1596,SUCCESS,218265,OPEN,VLEokrywRWWmwJIQwvlVVA
RocketDelta#2534,1634565888192,3,72756,69334,218270,5.0,0,15,15,1,1597,SUCCESS,218270,OPEN,82CLlJhFQ5e6tWt6WuVeMw
VariableModel#7805,1635268310130,3,72787,56411,218362,5.333333333333333,0,16,16,1,1598,SUCCESS,218362,OPEN,ClMTwOaISdqyn7eZPvKYJQ
byterace,1635148024062,3,72803,65940,218410,6.0,0,18,18,6,1599,SUCCESS,218410,OPEN,_o289ugiRheYxDS7MeN2oQ
tej-pika,1634579804067,3,72824,69135,218472,3.3333333333333335,0,10,10,1,1600,SUCCESS,218472,OPEN,lhVz20vTQOSMx46q9QtVYQ
ContinuousNotation#6326,1633882909678,3,72839,68605,218517,2.6666666666666665,0,8,8,1,1601,SUCCESS,218517,OPEN,Jg9UEC-4TFqIhEk5yuvKDg
Intelliwheels,1634744138478,3,72843,63582,218531,3.3333333333333335,0,10,10,3,1602,SUCCESS,218531,OPEN,3ubJdVRsRg20dNYUXTkGtQ
InnoServer-Advanced,1634616264354,3,72854,72813,218562,12.0,0,36,36,12,1603,SUCCESS,218562,OPEN,m13ztnVMScuVLmy3lHiuNg
VladislavLanskikh,1633813926866,3,72891,67805,218674,12.0,0,36,36,10,1604,SUCCESS,218674,OPEN,Xxwy5a6YSbynlvyHxC2SRQ
InfiniteLambda#0483,1633702878237,3,72931,66924,218793,5.333333333333333,0,16,16,2,1605,SUCCESS,218793,OPEN,ZyILEEnGRK2gpEkv9pf0DQ
KyleV,1634238648501,3,72993,70367,218981,5.333333333333333,0,16,16,6,1606,SUCCESS,218981,OPEN,M38YnGs1TSGdUYVXFZRtyg
UnicodeShell#4861,1633547169060,3,73000,66399,219002,8.333333333333334,0,25,25,1,1607,SUCCESS,219002,OPEN,Vd3oCWgGRNizSoGgXrgfSw
SquareToken#3391,1633711028974,3,73007,68127,219021,5.0,0,15,15,1,1608,SUCCESS,219021,OPEN,lPSEi5yKQ466JMzZJ2kjPg
NumericAbstraction#7190,1634229326043,3,73047,67132,219141,5.666666666666667,0,17,17,1,1609,SUCCESS,219141,OPEN,VcmoVY5yTM-qTK7K_tsoqQ
ImmutableTag#9930,1634211242592,3,73122,67994,219368,10.333333333333334,0,31,31,3,1610,SUCCESS,219368,OPEN,iGiEz7WRTTK-m5coCxV_jA
kx74,1635259608994,3,73133,72669,219400,12.0,0,36,36,3,1611,SUCCESS,219400,OPEN,pHR3YOdRT_6KgX5kjvFJFw
IterableResource#9597,1635188235920,3,73136,58135,219408,13.333333333333334,0,40,40,2,1612,SUCCESS,219408,OPEN,IMti82LhTPug8rwSp1mbkA
TestableObject#6619,1633270471399,3,73137,70280,219411,15.666666666666666,0,47,47,10,1613,SUCCESS,219411,OPEN,ARlzPcILTiq08_iKhhJnGA
EsteemedFix#8938,1633061434263,3,73156,72000,219470,4.333333333333333,0,13,13,1,1614,SUCCESS,219470,OPEN,LwKoJ8LPQ-25gvILrvVTjA
NullCircuit#4611,1633529523814,3,73168,72403,219506,4.0,0,10,12,4,1615,SUCCESS,219506,OPEN,soAyn82AT0W5ZCSoMSpTog
ShijieHuang,1635252075580,3,73169,69874,219508,9.0,0,27,27,1,1616,SUCCESS,219508,OPEN,fMkFi1HTSoisi-KRSFyA1w
BlockchainError#8723,1633085862063,3,73178,67063,219536,12.333333333333334,0,37,37,3,1617,SUCCESS,219536,OPEN,xU8xedSwSw6XgAvhF0bYAg
DustinSparks,1633101041785,3,73200,68132,219600,15.333333333333334,0,46,46,1,1618,SUCCESS,219600,OPEN,4M273TaMT_m0-eT8neA0yg
GhostRider12345,1634681968975,3,73216,66191,219650,4.666666666666667,0,14,14,1,1619,SUCCESS,219650,OPEN,cS1R3gxsSlWBhFuoSgyPSQ
SolvableBrackets#7774,1634876746318,3,73223,63263,219671,11.666666666666666,0,35,35,16,1620,SUCCESS,219671,OPEN,p8lorJP3Q1KIniL4cDEK_g
deathranger,1635267589477,3,73226,67613,219680,4.666666666666667,0,14,14,3,1621,SUCCESS,219680,OPEN,ccrqZbNFRGidJnDpGZe_AA
dababy-car,1634418223208,3,73228,66604,219685,12.666666666666666,0,38,38,3,1622,SUCCESS,219685,OPEN,-4MZLBnSTI2C4Zren30f4g
sunstorm,1634919384620,3,73241,66578,219724,9.666666666666666,0,29,29,3,1623,SUCCESS,219724,OPEN,H_vWtlwBQW--gAdYDx7Kfg
PathingRequirements#8383,1633451930245,3,73279,71879,219838,4.333333333333333,0,13,13,5,1624,SUCCESS,219838,OPEN,ywr-8IjvTKe3dJrDtNUApQ
Noriaki,1635268386156,3,73287,66797,219863,4.666666666666667,0,14,14,3,1625,SUCCESS,219863,OPEN,Ivxr8DyRTbKmwXJrZyDlLA
QuickSlice#2492,1633351095432,3,73292,68209,219876,3.3333333333333335,0,10,10,2,1626,SUCCESS,219876,OPEN,P6KVRDZ9S_yGi6z8ssp4gA
JavaGame#3525,1633596486351,3,73293,67728,219879,15.666666666666666,0,47,47,5,1627,SUCCESS,219879,OPEN,py0Cmvm3SBKqZUHRb-wzdQ
CyberneticError#1321,1633186521993,3,73330,63449,219990,4.666666666666667,0,14,14,3,1628,SUCCESS,219990,OPEN,EGwLpv31SNGmeYSbF8bMsA
ChunkyMonkey68,1634318901565,3,73331,72069,219993,16.333333333333332,0,49,49,7,1629,SUCCESS,219993,OPEN,FZKY7uMITL-iS9K0ltWByA
ImportantPackage#9618,1633485290422,3,73349,68541,220049,2.3333333333333335,0,7,7,1,1630,SUCCESS,220049,OPEN,rzKCp-VCTaGuuF6MQEcvMw
HashableComment#5470,1633445586883,3,73356,64406,220068,6.0,0,18,18,1,1631,SUCCESS,220068,OPEN,fVfnMsZaRvezLTC9S7mneA
lee-sion,1635151186125,3,73366,68767,220100,4.333333333333333,0,12,13,9,1632,SUCCESS,220100,OPEN,g1Zjb-5IQO-4dnroWadZYg
DeepPointer#8364,1634881574997,3,73368,67194,220106,5.666666666666667,0,17,17,2,1633,SUCCESS,220106,OPEN,GbXdkzfLTk-kuzaIlCW75A
AlvaroG1st,1634238421153,3,73375,71587,220126,5.666666666666667,0,16,17,1,1634,SUCCESS,220126,OPEN,ZMD6K81MRneQwlx5To4BsQ
GuillermoMartinez,1633826590838,3,73377,63590,220131,14.333333333333334,0,43,43,1,1635,SUCCESS,220131,OPEN,sILPu68_Sd6XUdVkVA7r6w
MonoChromeLight,1635259288220,3,73404,64539,220212,6.0,0,18,18,4,1636,SUCCESS,220212,OPEN,gFeLn0IAQ4-U32gTiA67TQ
HelpfulAnalysis#7937,1635179960310,3,73421,71056,220264,0.3333333333333333,0,1,1,2,1637,SUCCESS,220264,OPEN,yE0741EwS6qqYC9JMbBfZg
GottaGoFast#9852,1635145268451,3,73440,69315,220320,4.0,0,12,12,4,1638,SUCCESS,220320,OPEN,6viRYJJBRC2eTGdcqVbiaA
BrainyNamespace#3443,1634569649138,3,73468,70074,220405,5.333333333333333,0,16,16,1,1639,SUCCESS,220405,OPEN,-8x8CT8qRled4_fw86tNpA
AccessibleLanguage#3959,1634287291235,3,73477,67429,220432,14.666666666666666,0,44,44,4,1640,SUCCESS,220432,OPEN,Jma_d6gQSQKkubUcThr6aQ
LookingForAParkingSpot,1635195404469,3,73487,68060,220462,4.333333333333333,0,13,13,1,1641,SUCCESS,220462,OPEN,Rdo8NiDMQpOyiFHkmNFFgQ
ThisHypothesis#9037,1635141971339,3,73566,70230,220700,5.0,0,15,15,1,1642,SUCCESS,220700,OPEN,KTdrsUE0R2CefGrQ3bHNJw
CrypticPointer#2577,1634282946414,3,73575,65187,220726,10.333333333333334,0,31,31,2,1643,SUCCESS,220726,OPEN,0uePVfxQQWu1q2-HtaoRtA
LFS-Deep-Racer-12,1635150243047,3,73581,71885,220743,5.333333333333333,0,16,16,1,1644,SUCCESS,220743,OPEN,0XrQVqnYSK6TG7DjlCTBxg
Mahesh,1634845850142,3,73587,69938,220761,15.0,0,45,45,3,1645,SUCCESS,220761,OPEN,c7ee756c43e44a4aaf658w
AliakseiPrylepin,1633366803177,3,73598,67069,220794,15.666666666666666,0,47,47,1,1646,SUCCESS,220794,OPEN,ROTa9QITTjSEVL_qYFg7zA
HannaToustsik,1633894214115,3,73638,62933,220914,12.666666666666666,0,38,38,6,1647,SUCCESS,220914,OPEN,Cn2MD_4QQuGU4CaCl3OEMg
Kelvin-Tech,1633588477964,3,73705,72657,221115,6.333333333333333,0,19,19,3,1648,SUCCESS,221115,OPEN,Er8bJeE1RQq-Y7dFr-X_iQ
CrypticNetwork#5661,1634386151285,3,73732,69324,221196,4.666666666666667,0,14,14,10,1649,SUCCESS,221196,OPEN,H3hDHoj5Qam2589evzcUOQ
racerreik,1635193403402,3,73758,70534,221274,11.0,0,33,33,3,1650,SUCCESS,221274,OPEN,zJ6qN5hpSHiuVmuRM5ENLw
HelpfulWorkaround#2349,1634829909464,3,73758,70790,221276,4.0,0,12,12,1,1651,SUCCESS,221276,OPEN,9tOpGezsQvaLvG5pbVT5DQ
sachilfrant,1635158880339,3,73812,65871,221438,5.333333333333333,0,16,16,7,1652,SUCCESS,221438,OPEN,ugJQzd_DR0iry90xkHPMwg
racer-Ashwini,1635169451421,3,73825,66467,221475,15.0,0,45,45,4,1653,SUCCESS,221475,OPEN,hbpKW-SZSSmMblLRB-szkA
PrimeNumber#4029,1633697085592,3,73851,69613,221555,3.6666666666666665,0,11,11,1,1654,SUCCESS,221555,OPEN,jtiOGnjSTGeFBN4vyLKg5g
BetaGrid#3037,1633280959453,3,73860,70186,221582,5.666666666666667,0,17,17,3,1655,SUCCESS,221582,OPEN,6ZLzG5tSTh2PbJVO0h48lg
ProgrammingLoop#4777,1633193848925,3,73909,71732,221727,6.333333333333333,0,19,19,1,1656,SUCCESS,221727,OPEN,outUXAmtQlmWH2EJ5_pH0w
DraftAnalysis#8594,1633721673517,3,73917,70202,221751,5.0,0,14,15,2,1657,SUCCESS,221751,OPEN,LXTiDDvkS-qcrjwNI62n-w
CyberneticSandbox#7149,1634018056559,3,73939,71200,221817,6.0,0,18,18,1,1658,SUCCESS,221817,OPEN,ZGQphbQXTE-E3TT2ahgYCQ
Team-11,1635221802391,3,73960,67266,221880,15.0,0,45,45,17,1659,SUCCESS,221880,OPEN,2jbKWo0mRMeI7gcS6ndCcQ
YauheniZhdan,1633542174017,3,73977,66401,221932,13.0,0,39,39,2,1660,SUCCESS,221932,OPEN,YXG-AyobQTG5hBiCe77jGg
ConnectedZone#9473,1633392518740,3,74037,71524,222111,7.666666666666667,0,22,23,7,1661,SUCCESS,222111,OPEN,5JkzpwMqTRGojBPhwuq5Hw
PrimePoint#9164,1633103125787,3,74041,63734,222125,14.0,0,42,42,2,1662,SUCCESS,222125,OPEN,GHoDiO0ERCy6FKSU6qCXYg
CDS-A12-1,1635277705653,3,74070,65928,222211,9.0,0,27,27,1,1663,SUCCESS,222211,OPEN,DN8IuDoRQRigPvNAVDKagg
AutomatedPoint#3214,1633590360339,3,74074,71011,222224,6.0,0,18,18,3,1664,SUCCESS,222224,OPEN,EjhrCutUT_K58fzYd80Esg
OkbahMushaweh,1633293558625,3,74098,70403,222296,6.0,0,17,18,4,1665,SUCCESS,222296,OPEN,VaVqH5hUQ-KE80n1b1lFFw
Affogato,1634234646833,3,74110,47260,222330,12.0,0,36,36,2,1666,SUCCESS,222330,OPEN,oJDqmIy3Ss6C2TQUj4raRg
cristina,1633379550382,3,74113,67150,222339,5.0,0,15,15,3,1667,SUCCESS,222339,OPEN,ghSAE0-dS7m7Wu9IBwy1Eg
nvrsaynvr,1634182583767,3,74134,71527,222403,16.0,0,48,48,1,1668,SUCCESS,222403,OPEN,yfNv1m69QU2vfPUyDO1bcg
DigitalVariable#1982,1634767855311,3,74137,73204,222412,4.333333333333333,0,13,13,4,1669,SUCCESS,222412,OPEN,bIjjgjHCR469UKPB-jMKUQ
KModel,1633507627057,3,74243,68133,222731,4.666666666666667,0,14,14,10,1670,SUCCESS,222731,OPEN,UDS4mhXfTNmxcEns08JR3g
CyberneticDataset#9304,1635185874137,3,74292,69814,222876,9.0,0,27,27,1,1671,SUCCESS,222876,OPEN,-CwIzuf_SPiLX_K1uPG4eA
CurlyUpgrade#0708,1633494147186,3,74328,66660,222985,4.333333333333333,0,13,13,2,1672,SUCCESS,222985,OPEN,dxwa7rc2SsC6y9fA_Sm18A
CouchOnWheels,1633535008316,3,74391,64047,223175,11.0,0,33,33,1,1673,SUCCESS,223175,OPEN,7lm_n_gqRpuU5HPH8CQHMg
Versaxy,1634848557812,3,74421,69205,223265,4.666666666666667,0,14,14,1,1674,SUCCESS,223265,OPEN,f7NEu9sHR52D8xGWTLK_ZQ
HashableDelta#5721,1634045351952,3,74425,62336,223277,13.666666666666666,0,41,41,7,1675,SUCCESS,223277,OPEN,u0x1gNo7TwSC_hw6fhGzIg
Ajag43,1634919067245,3,74446,70401,223340,4.333333333333333,0,13,13,2,1676,SUCCESS,223340,OPEN,Ch244I_0R_WPhYUZybfAyA
AgileMethod#5172,1634453371849,3,74456,74004,223369,4.0,0,12,12,3,1677,SUCCESS,223369,OPEN,KYdXpC-SQNil4QkqHENmnQ
BigInterface#6956,1633154509088,3,74462,73465,223386,5.0,0,15,15,4,1678,SUCCESS,223386,OPEN,X2iHu1JOTC6DzGNszVrn1A
thisracerisdrunk,1635192786136,3,74466,73458,223400,8.333333333333334,0,25,25,2,1679,SUCCESS,223400,OPEN,1KeQkeG9Su2yF-8To8e-nQ
NumericBrackets#3571,1634195210615,3,74488,66534,223464,7.333333333333333,0,22,22,1,1680,SUCCESS,223464,OPEN,m7aKOlg3SO2VQ-UTIkgtKA
FabLaud,1634915261836,3,74491,72677,223475,5.0,0,15,15,7,1681,SUCCESS,223475,OPEN,CQXO-S0wQW2JredIRIvhVQ
BetaPoint#2757,1633540777108,3,74532,67403,223597,5.0,0,15,15,1,1682,SUCCESS,223597,OPEN,Qn973pCzST-Vd539VkjRyA
lawsnic-techleague,1635254527452,3,74553,66331,223659,15.333333333333334,0,46,46,3,1683,SUCCESS,223659,OPEN,Tq1EjKWbQ-237OpSDvCCBg
BigDescriptor#4442,1635253468110,3,74556,70671,223669,5.333333333333333,0,16,16,1,1684,SUCCESS,223669,OPEN,U231nzycQKmRPXSCtrfYXA
shark-nana,1634753367546,3,74623,71188,223869,4.0,0,12,12,1,1685,SUCCESS,223869,OPEN,jCzM8uRhSu2lcRGvjRx9vQ
CrypticBrackets#0426,1635261223837,3,74625,68734,223875,7.333333333333333,0,22,22,1,1686,SUCCESS,223875,OPEN,41RS9_dlQze1n0s1FetXAQ
SyedUsman,1633756486841,3,74673,60540,224021,16.0,0,48,48,8,1687,SUCCESS,224021,OPEN,khQoteE7TWKZbLp9iDnT-w
GammaDescriptor#4316,1634365252140,3,74691,65673,224075,6.666666666666667,0,20,20,1,1688,SUCCESS,224075,OPEN,-G3VVvHhTOSRiwVnD5BCpA
EdSniper-267,1634997615322,3,74709,69328,224129,5.666666666666667,0,17,17,2,1689,SUCCESS,224129,OPEN,gPGJfqj3T_6eH31qayFDPQ
abelboros,1634056089399,3,74712,72676,224138,6.666666666666667,0,20,20,1,1690,SUCCESS,224138,OPEN,-Tu2OyMaT1CTcJmhzf35LQ
SquareMetaclass#3656,1633349016511,3,74713,70999,224139,5.0,0,15,15,4,1691,SUCCESS,224139,OPEN,0whNmmTbRI6aCM8e0zEOVw
chumgibales,1635110070573,3,74784,72416,224354,12.666666666666666,0,38,38,1,1692,SUCCESS,224354,OPEN,sZuVqftqTuam4KoYrrC5NQ
RobertoTadeu,1633333178590,3,74823,69529,224471,16.333333333333332,0,49,49,1,1693,SUCCESS,224471,OPEN,sGMoC_qKTOO-iQvbVn3Rpg
ProvisionalFormula#1079,1633714431375,3,74830,69880,224490,5.333333333333333,0,16,16,1,1694,SUCCESS,224490,OPEN,JQ84ttu_SIaS3xvxKJ_h_Q
AnshuMishra,1633795390860,3,74835,70206,224507,15.333333333333334,0,46,46,12,1695,SUCCESS,224507,OPEN,pZm4ypphToSy8qGlSO_lDA
UpdatedNamespace#0160,1634775320506,3,74838,69601,224514,5.666666666666667,0,17,17,1,1696,SUCCESS,224514,OPEN,4BrXy72OQuS9zkcx9_eaBQ
Ilaria,1634822949526,3,74863,68666,224590,5.0,0,15,15,1,1697,SUCCESS,224590,OPEN,XFR0Z1hXSuy4bieC51XpYg
RobotBalend,1633987846875,3,74885,71198,224657,5.0,0,15,15,3,1698,SUCCESS,224657,OPEN,72ofaXHNQR6cV-dQtk7pkw
SecureTest#4880,1634806987481,3,74906,72187,224720,4.666666666666667,0,14,14,1,1699,SUCCESS,224720,OPEN,geB8fMxlSjyDbngW0fehow
ContinuousTester#7503,1634471909601,3,75001,67811,225004,9.666666666666666,0,27,29,3,1700,SUCCESS,225004,OPEN,Njjs0QxmR2qCNOsqPO5LIg
InnoServe-fcu-tokerpie,1634377755237,3,75003,71469,225010,13.0,0,39,39,3,1701,SUCCESS,225010,OPEN,E4xL7o8iSu2AVHZKRF1Vmg
xsxxinbhsf,1635238548421,3,75016,66669,225049,4.333333333333333,0,13,13,1,1702,SUCCESS,225049,OPEN,scQ7R3FySCOQr-RA4hUdaA
FuturisticBuster#8698,1633254608995,3,75022,71195,225068,5.0,0,12,15,2,1703,SUCCESS,225068,OPEN,Bap2LqAQQ4K2ZMINIERZeg
SCC-DDAT-1-GP,1633451419646,3,75042,70478,225127,10.666666666666666,0,32,32,3,1704,SUCCESS,225127,OPEN,8h5Jl2WWSGiuneQb53wvBw
PrototypePointer#8386,1634003476749,3,75068,73530,225204,5.333333333333333,0,16,16,2,1705,SUCCESS,225204,OPEN,69hWW0vKRROoJItF7tVzDw
TestingBraces#6275,1635154688173,3,75072,71526,225216,5.333333333333333,0,16,16,5,1706,SUCCESS,225216,OPEN,jephxmEbS2ylLj2yEhSKTw
LoopingSemicolon#2055,1633047380488,3,75082,71258,225247,4.666666666666667,0,14,14,1,1707,SUCCESS,225247,OPEN,7gjd8E2STY2v98huLdLJJg
AlphaFormula#3416,1634663715517,3,75130,70395,225391,15.0,0,45,45,1,1708,SUCCESS,225391,OPEN,la5ATqgFRAW0GaRsF5MlTg
MachineFormula#1196,1635114973369,3,75178,71388,225534,4.0,0,12,12,2,1709,SUCCESS,225534,OPEN,GmgjA-u4R2mBwJnYoYLK3w
AutomatedPackage#3555,1633112616937,3,75198,67675,225594,5.666666666666667,0,17,17,1,1710,SUCCESS,225594,OPEN,5TCZHTJ1R8qVuGx553JvxA
yokel,1635082988414,3,75198,70264,225596,14.333333333333334,0,43,43,9,1711,SUCCESS,225596,OPEN,BV42763sRCax6MpqC9_GTQ
ConnectedSpec#0321,1633817932198,3,75200,71131,225600,5.333333333333333,0,16,16,3,1712,SUCCESS,225600,OPEN,PMuqRGmXRWCzDsRjVdHJkQ
YoussofRabie,1633563655940,3,75204,74000,225614,15.333333333333334,0,46,46,3,1713,SUCCESS,225614,OPEN,omfgemsSQR--inFflyo3yg
LakshminarayananKrishnamurthy,1633501512991,3,75218,60852,225656,15.0,0,45,45,22,1714,SUCCESS,225656,OPEN,BK_qG2ToSP2lsYTGEvT0fA
IsaiahBrown0000018,1633049571503,3,75249,69550,225747,5.333333333333333,0,16,16,1,1715,SUCCESS,225747,OPEN,Xb14RdTATxCfHGqlhD4hPA
LandoBOT,1634914562308,3,75277,69470,225832,15.333333333333334,0,46,46,1,1716,SUCCESS,225832,OPEN,WJafJEbqT-S64uoeYZ7EIQ
FormulaicTheory#4000,1635248278055,3,75302,58851,225908,6.0,0,18,18,4,1717,SUCCESS,225908,OPEN,j3VCiD6XTsijMG40W5n3vA
Hera1,1635263866395,3,75311,70400,225934,6.333333333333333,0,19,19,1,1718,SUCCESS,225934,OPEN,hc6x7bS-QYafSa6pqeCfNA
ImmutablePresentation#8911,1634656325992,3,75330,74858,225992,5.0,0,15,15,2,1719,SUCCESS,225992,OPEN,hSWyC0ypQJW_kESeK6HPXg
DigitalEvaluation#4267,1633618786413,3,75394,73528,226182,6.333333333333333,0,18,19,2,1720,SUCCESS,226182,OPEN,uzKuGyFUQdWf0-6Qrvyy0w
Navin,1633435766800,3,75432,70554,226296,16.0,0,47,48,2,1721,SUCCESS,226296,OPEN,9yvJmvLwTaulGlEY8yrTCg
babydriver2021,1634739938045,3,75446,71792,226339,6.666666666666667,0,20,20,6,1722,SUCCESS,226339,OPEN,NzJ-2fHKQU-TYChQMsTYzw
EsteemedAnalyst#3401,1633767013402,3,75469,71673,226407,11.0,0,33,33,1,1723,SUCCESS,226407,OPEN,_vMUD0yUQxGO0HIMYZvLKw
ReferenceZone#0554,1634165268145,3,75498,72611,226495,5.666666666666667,0,17,17,3,1724,SUCCESS,226495,OPEN,yak1AjZgSVCR6ORkvaNA8A
ComplexByte#0825,1633832323956,3,75503,72584,226511,6.666666666666667,0,20,20,1,1725,SUCCESS,226511,OPEN,s3eUMnCwQ5qFFwmavW23JQ
VariableGrid#2797,1634382009031,3,75529,71540,226589,4.333333333333333,0,12,13,2,1726,SUCCESS,226589,OPEN,6ivRa7rEQq6YZbPjN3Z-Kg
FungibleTester#3452,1633958648981,3,75587,68687,226762,7.333333333333333,0,21,22,2,1727,SUCCESS,226762,OPEN,Fxe5nv5jS8SJl-_o9k_YMg
ParametricSchematic#7010,1634895372402,3,75591,72256,226774,16.666666666666668,0,50,50,1,1728,SUCCESS,226774,OPEN,flhDl7jiT6uNcx-1is7MyQ
MasterZ,1635174757413,3,75604,71604,226813,8.333333333333334,0,24,25,4,1729,SUCCESS,226813,OPEN,0PZ9lfihS8mK_QXUm2fkfQ
hpoiuhhpuhhioh,1633197323638,3,75619,71527,226858,2.6666666666666665,0,8,8,2,1730,SUCCESS,226858,OPEN,hoBzU9AmTTiJkhdAlm7NOw
JavaNotation#2616,1633795434881,3,75670,71006,227010,4.0,0,12,12,1,1731,SUCCESS,227010,OPEN,78HOKQ0oQ8SG0jwj7fc3tQ
BHS8574,1635273207462,3,75690,68815,227072,10.0,0,30,30,1,1732,SUCCESS,227072,OPEN,M5iqkyqDSTuEbcbSMLFIyQ
IterativeNetwork#9126,1633549238018,3,75707,68266,227123,5.0,0,15,15,2,1733,SUCCESS,227123,OPEN,C0jF9hHvRhKjkNeq9W807A
WindowsRunL3Champs-TeamOfAshJones,1635273975843,3,75711,64452,227134,15.0,0,45,45,1,1734,SUCCESS,227134,OPEN,RS1B6RObRDabXSCEI3c9hQ
ComplicatedNetwork#2945,1633712589892,3,75760,70277,227281,6.0,0,18,18,1,1735,SUCCESS,227281,OPEN,FnLEs9lLQdqDJ4gEuC00DQ
CrypticBraces#9604,1634283776643,3,75783,68421,227351,5.0,0,15,15,1,1736,SUCCESS,227351,OPEN,f9cE6N9STIW5r2EBAxK_PA
TurboTom,1634920518217,3,75846,73125,227539,16.666666666666668,0,50,50,4,1737,SUCCESS,227539,OPEN,6bNscxD2QuW2UjRT-MN3Ew
AsynchronousDataset#4443,1633673727385,3,75920,71841,227762,4.666666666666667,0,14,14,1,1738,SUCCESS,227762,OPEN,Y87G1T85TxawZ7b43-sTDA
HelpfulInterface#9586,1634623479829,3,75956,73609,227868,13.333333333333334,0,40,40,3,1739,SUCCESS,227868,OPEN,r0yJXJC7Q2u22Oux5vKinw
GammaCoder#5965,1634731529593,3,76048,68934,228146,10.0,0,30,30,4,1740,SUCCESS,228146,OPEN,_P2r0nsyT1GiR03bZL54kw
DigitalByte#1335,1633919622514,3,76069,71345,228208,5.333333333333333,0,16,16,1,1741,SUCCESS,228208,OPEN,cZh7BJhNR2y6s7nmT3_thw
LeetEvaluation#3597,1634714068578,3,76088,72872,228266,5.666666666666667,0,17,17,1,1742,SUCCESS,228266,OPEN,pRJ898a-TSGY8l_0AuFoyQ
bttopfer,1635147878615,3,76096,74470,228290,9.333333333333334,0,28,28,1,1743,SUCCESS,228290,OPEN,4Uh2RNeTQ32fNJ_af40eOg
HelpfulCallback#2267,1635233654148,3,76106,74184,228318,6.333333333333333,0,19,19,2,1744,SUCCESS,228318,OPEN,5ctxlW28SJCkMOKgOMVHtw
ComplexLine#7794,1633621664122,3,76114,68346,228343,15.0,0,45,45,1,1745,SUCCESS,228343,OPEN,aJYQhf5qT4iOJp4frhrwZA
JayVeevo,1633431040146,3,76165,71206,228497,6.333333333333333,0,19,19,2,1746,SUCCESS,228497,OPEN,KOn_R4JTRF-7ppNbyMY8BQ
StructuredAbstraction#1205,1634837250886,3,76197,65261,228592,6.666666666666667,0,20,20,1,1747,SUCCESS,228592,OPEN,3kRxIIVTSse37FUpimhXEg
ComplexInterface#0152,1635180250790,3,76241,74733,228724,9.333333333333334,0,28,28,2,1748,SUCCESS,228724,OPEN,SCIajr6QT_iNmVA7z1mB5A
PrimeError#7727,1635135300826,3,76302,73601,228906,6.0,0,18,18,2,1749,SUCCESS,228906,OPEN,6fVLavyjTQOCeucX5NiK3Q
Not-A-Snail,1635292099483,3,76360,70537,229082,13.666666666666666,0,41,41,1,1750,SUCCESS,229082,OPEN,qzvXrcBFTJ6JTjIGHJqi_A
GregoryK,1633948328427,3,76369,68258,229109,11.0,0,33,33,9,1751,SUCCESS,229109,OPEN,_rA86MLoSQCb-U_K8_IkTg
SequentialSchema#3886,1633752026105,3,76402,67671,229208,13.333333333333334,0,40,40,4,1752,SUCCESS,229208,OPEN,1KsJuWSnTyeLmbsqlxQr8Q
DeepShell#9254,1633347995518,3,76417,73272,229252,5.666666666666667,0,17,17,2,1753,SUCCESS,229252,OPEN,Ax-zsGJ1Qb-odsdmKf_xkA
Suric,1634886214735,3,76444,70878,229334,6.333333333333333,0,19,19,3,1754,SUCCESS,229334,OPEN,K864dxv8SRKd0R4BBdTTjg
TriXx,1633620974429,3,76501,74335,229505,12.333333333333334,0,37,37,9,1755,SUCCESS,229505,OPEN,HVQE28YLTsmVypAEvBB5rQ
BetaVariable#8197,1635096472277,3,76522,73154,229567,7.0,0,21,21,10,1756,SUCCESS,229567,OPEN,Zi5CR8dgQu6CrwOmk5nW6Q
TechnicalTag#4231,1634539070034,3,76561,69270,229683,6.333333333333333,0,19,19,5,1757,SUCCESS,229683,OPEN,qE4v7VfrQ1CyyQWEeds44A
JiahangZhu,1633748850956,3,76586,74337,229759,15.666666666666666,0,47,47,4,1758,SUCCESS,229759,OPEN,QM-jQkN4TiGhgI96MrxWHQ
NestedShell#0132,1634546041239,3,76591,65999,229775,11.0,0,33,33,1,1759,SUCCESS,229775,OPEN,QYkyO1lKRhiN1zgGhWm8Tw
AnthonyP4,1634334055738,3,76617,72539,229851,8.333333333333334,0,25,25,2,1760,SUCCESS,229851,OPEN,DaldEVXLT9OYVQSV-eZFug
BlockchainLoop#3813,1635268302667,3,76667,72200,230002,6.333333333333333,0,19,19,1,1761,SUCCESS,230002,OPEN,HFhs5TPdQgWLEUQ7LujWKA
Pinakee007#,1634988204318,3,76693,71474,230081,14.333333333333334,0,43,43,12,1762,SUCCESS,230081,OPEN,MmHNVp57QvGekKz22FVu_A
FunctionalPresentation#2485,1633905201484,3,76731,71866,230195,7.333333333333333,0,22,22,2,1763,SUCCESS,230195,OPEN,fNfIern_Q5GsIX2E5XDsCw
james-tiberius-kirk,1634862841671,3,76761,74206,230283,13.666666666666666,0,41,41,16,1764,SUCCESS,230283,OPEN,sZuhgfYEQ6O3BM09rA-iXA
UrgentHacker#3624,1635226306520,3,76863,72395,230590,2.6666666666666665,0,8,8,6,1765,SUCCESS,230590,OPEN,39OMVuKqT2K1h0SIGw99bA
IterativeBreaker#5698,1634582257456,3,76867,73392,230601,5.0,0,15,15,1,1766,SUCCESS,230601,OPEN,MXdQAtQBS7CRS8MRWWezwQ
KimMinJae,1635057892681,3,76870,74344,230612,5.666666666666667,0,17,17,2,1767,SUCCESS,230612,OPEN,1dEqrMdZQGKFC84ueY6Dfw
ElmosWorld,1634065517592,3,76915,71532,230746,7.666666666666667,0,22,23,1,1768,SUCCESS,230746,OPEN,2IE6mNPxS-qn5IXL72fv8g
EncryptedUpgrade#0226,1633555323822,3,76915,69800,230746,5.333333333333333,0,16,16,1,1769,SUCCESS,230746,OPEN,ji5hoFphTm6SaOzOAG3fvQ
tanaka,1634732427397,3,76949,75332,230849,8.333333333333334,0,25,25,1,1770,SUCCESS,230849,OPEN,nhZxptbQSxCVxiseKlxqFA
FocusedTech#2265,1634416066378,3,76982,68146,230946,16.333333333333332,0,49,49,2,1771,SUCCESS,230946,OPEN,zR9a1UfyQCOIntfuhYFOYQ
EncryptedParameter#9751,1633515870216,3,76998,73733,230995,16.666666666666668,0,50,50,4,1772,SUCCESS,230995,OPEN,_LmDFvqbRzGctf8VE8_d4Q
DeepModel#2995,1633905589450,3,77004,72393,231012,7.333333333333333,0,22,22,2,1773,SUCCESS,231012,OPEN,InxLz0B9R5aqrNmPcCWnYA
CleanObject#2045,1634454978708,3,77048,73347,231145,4.666666666666667,0,14,14,1,1774,SUCCESS,231145,OPEN,jx6TO9kgTV-HvUtVIYK81A
TestableMetaclass#3538,1635187939352,3,77050,67873,231152,6.666666666666667,0,20,20,2,1775,SUCCESS,231152,OPEN,UuJNAFeXT8SKQA0UmoUY9Q
MechanicalRequirements#0395,1634742870448,3,77057,73123,231172,2.3333333333333335,0,7,7,3,1776,SUCCESS,231172,OPEN,GEmvan5mQbaOAVpjXxMbqg
brunopinna,1635274982774,3,77107,73724,231323,12.0,0,36,36,5,1777,SUCCESS,231323,OPEN,OkbthEmcRa-NNMgWIPw01A
SolvableSandbox#2934,1634276630099,3,77128,73938,231384,14.0,0,42,42,2,1778,SUCCESS,231384,OPEN,n7B38KVvQtOwxqjEP6nmSw
GlobalBuster#2719,1633300080129,3,77140,75550,231422,0.0,0,0,0,1,1779,SUCCESS,231422,OPEN,pTMMB2P1SRuKHqB4hjTMFw
CyberneticInterface#3238,1633452762349,3,77154,71857,231463,8.333333333333334,0,25,25,1,1780,SUCCESS,231463,OPEN,c9zsaJUERYasXYfAPQeQ-g
HashableShell#9082,1633997218100,3,77184,71337,231552,3.6666666666666665,0,11,11,3,1781,SUCCESS,231552,OPEN,rSmMB1zSRsi75Ad2yUGRRQ
NestedBrackets#7007,1633421585892,3,77195,68591,231587,9.333333333333334,0,28,28,1,1782,SUCCESS,231587,OPEN,4w2cj557SM-Q_Tat_3_Xvw
CyberneticSequence#7268,1633400407004,3,77197,69070,231593,14.333333333333334,0,43,43,9,1783,SUCCESS,231593,OPEN,3imc0G_dRGuIHPMMmoCxkA
TestableValue#2041,1633668065225,3,77226,74007,231678,11.666666666666666,0,35,35,1,1784,SUCCESS,231678,OPEN,pL6XCIGsSdiGkVoYfXB8JA
Pengjidong,1635246590479,3,77227,72948,231681,14.0,0,42,42,1,1785,SUCCESS,231681,OPEN,4kG9QdyiRQe8EFJmh_uMjQ
WebSchematic#6388,1633381527223,3,77248,74204,231746,6.666666666666667,0,20,20,2,1786,SUCCESS,231746,OPEN,J0QXqnh5RKWS3w-qeAiUwA
ProgrammingDelta#4583,1633623419506,3,77259,72927,231778,8.333333333333334,0,25,25,12,1787,SUCCESS,231778,OPEN,33F4ZgAgS06ztnE0R70MhA
PrimeBraces#8537,1634952046745,3,77269,70595,231809,11.666666666666666,0,35,35,1,1788,SUCCESS,231809,OPEN,KSEUIbuIRNeXdOAZfgPULQ
SolvableTheory#9608,1633090892547,3,77272,62603,231816,7.0,0,21,21,1,1789,SUCCESS,231816,OPEN,x9v6HuXhS7KQQOOIamfP3Q
BetaBrackets#6800,1633052924430,3,77300,73517,231902,7.0,0,21,21,2,1790,SUCCESS,231902,OPEN,XODOWscORZa0IIDPX6xphA
madman,1634452594959,3,77311,76130,231935,6.333333333333333,0,19,19,1,1791,SUCCESS,231935,OPEN,aLUqSy0-QkaV-rtsD3LTkQ
RocketSystem#0248,1633522632118,3,77315,72801,231945,5.0,0,15,15,4,1792,SUCCESS,231945,OPEN,ofbE3BDKSPuyoW-9kyTUlg
FocusedByte#DD,1634583617286,3,77375,73277,232127,6.666666666666667,0,20,20,2,1793,SUCCESS,232127,OPEN,JwUIplf_RY-3WpmWuIrg2w
Fidyd,1634733055386,3,77403,69523,232209,17.0,0,51,51,1,1794,SUCCESS,232209,OPEN,m5ZnA5Q8RkSuk9FFIGGghw
FunctionalDataset#9646,1635187127765,3,77451,75275,232353,7.333333333333333,0,22,22,1,1795,SUCCESS,232353,OPEN,7V5C4_xjQouN2WWg2wfqig
ConnectedBraces#4593,1634943497478,3,77462,71121,232388,15.0,0,45,45,1,1796,SUCCESS,232388,OPEN,OeqWKL1nT6WTDW7SOyzZCA
ParametricBrackets#7529,1633207833140,3,77464,74457,232393,6.666666666666667,0,20,20,1,1797,SUCCESS,232393,OPEN,3oSW5hthSMyIzwBh1eY09A
myfirstcar888,1634188617661,3,77512,72672,232537,4.666666666666667,0,14,14,2,1798,SUCCESS,232537,OPEN,i5-cY2akRBi0bRdxKG4rAw
ArtificialHacker#7370,1633810314462,3,77518,62742,232555,6.0,0,18,18,2,1799,SUCCESS,232555,OPEN,i58gCUJITM2XDuHSQnhXbw
PhilAFond,1633968963303,3,77519,75343,232558,12.666666666666666,0,38,38,1,1800,SUCCESS,232558,OPEN,nvyP7wGLQ3mQxxAIWW7Xpg
AlphaDiff#8071,1634918123299,3,77535,75665,232605,6.333333333333333,0,19,19,1,1801,SUCCESS,232605,OPEN,_cFS_3IOTw-YqktxqLKcCA
AutomatedModel#9599,1635179992580,3,77554,65462,232662,15.666666666666666,0,46,47,3,1802,SUCCESS,232662,OPEN,bCE89MVVRRiRkXed6DaqsA
tholund,1635235768357,3,77564,72944,232692,7.333333333333333,0,22,22,2,1803,SUCCESS,232692,OPEN,UhjJIRVORKaB1I53QQ25xg
petr,1634657417872,3,77634,74931,232904,6.333333333333333,0,18,19,1,1804,SUCCESS,232904,OPEN,zbP61GhlShybso29SofsDw
SequentialEvaluation#9689,1634264724602,3,77645,59074,232936,7.0,0,21,21,5,1805,SUCCESS,232936,OPEN,C2_BWLS1RoG-edn4cD9ypw
QualifiedInterface#0084,1634433988759,3,77647,75472,232943,13.0,0,39,39,1,1806,SUCCESS,232943,OPEN,XkoUnavxTPq0PpN2fYjKww
ThiagoFranchini,1635298221935,3,77648,72580,232945,6.333333333333333,0,19,19,2,1807,SUCCESS,232945,OPEN,yVfxOTerQWqGDkAN8kOxXQ
DavyDave,1633883750733,3,77659,65580,232977,9.333333333333334,0,28,28,1,1808,SUCCESS,232977,OPEN,ldt1jdl3QC-ttF781OEHXQ
CarritoHotdoguero,1635280530649,3,77664,72735,232993,5.333333333333333,0,16,16,2,1809,SUCCESS,232993,OPEN,aSTsAwlkTdiNGxWZYTaHQA
AGYOU8,1633164766423,3,77684,76722,233053,7.0,0,21,21,1,1810,SUCCESS,233053,OPEN,FNer3briRSGUaApVC0G-bg
TestingAnalysis#0832,1633181396930,3,77701,77607,233105,5.0,0,15,15,2,1811,SUCCESS,233105,OPEN,y6JJS13lSqqq9I0rRxH0fA
lala,1633796025177,3,77704,68840,233112,6.333333333333333,0,19,19,1,1812,SUCCESS,233112,OPEN,M4ZaxkVVQnKSbNQGiU1UjA
DesktopNotation#3675,1634303147144,3,77752,69742,233257,12.333333333333334,0,37,37,1,1813,SUCCESS,233257,OPEN,4h5nQwtcRgW48Wr0xtzvTw
TeamI13,1635237643575,3,77753,75465,233261,5.666666666666667,0,17,17,2,1814,SUCCESS,233261,OPEN,AwMg5beKTbit89-Gkl99vQ
TestableError#5480,1634178934021,3,77759,64883,233278,6.333333333333333,0,19,19,1,1815,SUCCESS,233278,OPEN,4hcai-y-Q7q0b0pM20EPhg
BackloggedGlyph#7379,1634976524453,3,77768,73074,233305,7.0,0,21,21,1,1816,SUCCESS,233305,OPEN,NZkIIywLS0GpD490PynXUw
IrenePark,1633515561427,3,77776,67929,233329,6.666666666666667,0,20,20,2,1817,SUCCESS,233329,OPEN,BI1e4PmNTKmVY83C9bbC2A
ImmutableTest#0017,1634629933029,3,77823,70740,233470,7.0,0,21,21,1,1818,SUCCESS,233470,OPEN,CJD6WijsR7aXmlTV51XbLA
FlashDrive,1635266453878,3,77847,68408,233541,13.666666666666666,0,41,41,4,1819,SUCCESS,233541,OPEN,_x0Ot3RIT9a0CrFPg-ZuSw
CsabaKiss1,1633466806096,3,77868,75478,233605,16.333333333333332,0,49,49,5,1820,SUCCESS,233605,OPEN,VpVsSqxNRNKnOxyZHORisg
MarkLum,1633406167317,3,77869,71340,233607,5.333333333333333,0,16,16,2,1821,SUCCESS,233607,OPEN,90ALDnvRTqCWDYXngjA08g
FuzzyLlama,1633267807814,3,77880,76136,233641,2.3333333333333335,0,7,7,5,1822,SUCCESS,233641,OPEN,BFEUBkGSTNGHXtiFnUi9dA
FocusedGlyph#5485,1633895614509,3,77891,72537,233673,7.333333333333333,0,21,22,1,1823,SUCCESS,233673,OPEN,PIkueaseTOySGdsJjQPbhA
hjw,1634717895415,3,77916,75060,233749,6.666666666666667,0,20,20,1,1824,SUCCESS,233749,OPEN,9oW5OxGvQVS8AbInF93exw
ProgrammingSystem#8138,1633762285300,3,77943,73741,233829,16.0,0,48,48,5,1825,SUCCESS,233829,OPEN,Q145HhIDQWCv0Fety9dwqQ
kimhyunwoo,1633696828760,3,77968,76719,233906,5.666666666666667,0,17,17,1,1826,SUCCESS,233906,OPEN,AcX1U6sAS4KF5vm1LK4dFg
HashableSlice#7258,1634376536061,3,77986,72601,233960,13.666666666666666,0,41,41,2,1827,SUCCESS,233960,OPEN,vp2CDTbPR-Wu-jJRZk_gxQ
FungibleCircuit#7544,1634110852205,3,78041,76790,234125,6.333333333333333,0,19,19,1,1828,SUCCESS,234125,OPEN,o9qX41M_SLKyHvy85kZqVA
TestableDigit#4427,1634841269675,3,78070,77898,234210,17.0,0,51,51,1,1829,SUCCESS,234210,OPEN,0yc3lyNJSKGKXeY3ijNMnw
ImportantShell#6588,1633626035614,3,78201,77519,234603,5.0,0,15,15,1,1830,SUCCESS,234603,OPEN,oT9QYBDZTOKTqOmoXaojYA
UpdatedCallback#1494,1634944472574,3,78222,76463,234667,6.666666666666667,0,19,20,1,1831,SUCCESS,234667,OPEN,FmfL23ltSs2izVUBnZ3-pg
ConnectedValue#8634,1633101957594,3,78228,72203,234685,17.666666666666668,0,53,53,2,1832,SUCCESS,234685,OPEN,Q0K6TOKMTiqw_ehg6dKCZA
lizhiRisk0914,1633784237163,3,78236,71321,234710,7.0,0,19,21,5,1833,SUCCESS,234710,OPEN,DHnYLk_DQDWufdmpuUgNhw
ParametricVariable#8438,1634165811395,3,78248,75589,234746,7.666666666666667,0,23,23,4,1834,SUCCESS,234746,OPEN,FMr_fV4YQ1qLA3xMKV3QBA
MobileSemicolon#3737,1633771815076,3,78262,75462,234787,6.0,0,17,18,1,1835,SUCCESS,234787,OPEN,N-j8ydq8Qti9TvNZCmVlQg
Savodra-DeepRacer,1633550922666,3,78291,75142,234873,7.666666666666667,0,22,23,4,1836,SUCCESS,234873,OPEN,7HFT1HscRjycyrzp4329Lg
AlphaTech#6476,1634594866299,3,78465,72734,235397,10.333333333333334,0,31,31,1,1837,SUCCESS,235397,OPEN,hUKB1EXYQLWSQzR0bZuAwQ
UpgradedSwitch#8846,1635300050855,3,78532,76333,235596,16.666666666666668,0,50,50,2,1838,SUCCESS,235596,OPEN,sHno8IwKT826E776-Z_6Uw
DigitalTech#1085,1633481646986,3,78565,70423,235695,7.0,0,21,21,1,1839,SUCCESS,235695,OPEN,8hCROWHKSr2xBAkZKCYu1g
RiskRacer1,1634219971928,3,78575,76734,235725,13.666666666666666,0,41,41,4,1840,SUCCESS,235725,OPEN,HuAVYpVfQf2joy26t6pA_A
AtomicHypothesis#5239,1635178801417,3,78575,74992,235726,7.333333333333333,0,22,22,1,1841,SUCCESS,235726,OPEN,6pOKz8ZLSQCcpg8MpjNcLg
PrototypeSandbox#4724,1633087717665,3,78625,74327,235876,14.333333333333334,0,43,43,1,1842,SUCCESS,235876,OPEN,S8kcJdcxQ1Gv2F2WeJyFkw
StructuredDescriptor#8246,1633102269753,3,78649,76123,235947,16.0,0,48,48,1,1843,SUCCESS,235947,OPEN,646PCNwWRx2WIW2SQ4fVBQ
PrototypeDataset#9734,1635280068063,3,78664,70865,235992,15.333333333333334,0,46,46,2,1844,SUCCESS,235992,OPEN,t-o8VeW6RMOb6-J4HfuX8Q
RookieRacer,1634588517800,3,78699,77591,236099,14.0,0,42,42,13,1845,SUCCESS,236099,OPEN,V32NtmQpSsGrwA1PzH4r9A
felix,1634892967807,3,78738,71875,236214,14.666666666666666,0,44,44,6,1846,SUCCESS,236214,OPEN,IKGFHW-eR6-wbGvOUSAAfA
CompleteUpdate#7720,1634766534621,3,78753,74517,236261,6.333333333333333,0,19,19,2,1847,SUCCESS,236261,OPEN,RktsM2SIQCe44ZnvpSrpdg
TabletState#8650,1633778744118,3,78800,72542,236400,6.333333333333333,0,19,19,1,1848,SUCCESS,236400,OPEN,o03iEU2wQnajmcNm2tN8Ug
FuturisticNetwork#3441,1633400488732,3,78824,73872,236474,7.333333333333333,0,22,22,2,1849,SUCCESS,236474,OPEN,oXUGkEe2Q-yfXyyUDRGu9g
TechnicalObject#8663,1634257350500,3,78832,75478,236496,6.0,0,18,18,1,1850,SUCCESS,236496,OPEN,tsSEUY1iReiTBvAMghU1ag
NumericCallback#3939,1634579519945,3,78887,77464,236662,7.333333333333333,0,22,22,1,1851,SUCCESS,236662,OPEN,H8L_QeSuRq-6tjDcwLFKaw
ConnectedVehicle#2,1635168845094,3,78905,75608,236716,4.666666666666667,0,14,14,4,1852,SUCCESS,236716,OPEN,_2gL96YmRg6ViCgNaNjzWA
AnthonyC,1634938657484,3,78907,74055,236722,6.666666666666667,0,20,20,1,1853,SUCCESS,236722,OPEN,50nb68tqQZ6J-dol2jX2Zw
YegorDresvyanskiy,1633512555555,3,78935,76465,236806,15.0,0,45,45,2,1854,SUCCESS,236806,OPEN,QHhkHEp8Q0C-dixk-PDltA
Urge2EatWaFFLeS,1634926142022,3,78956,73004,236869,1.0,0,3,3,5,1855,SUCCESS,236869,OPEN,13Zztc4ISf2mtsTowPirfg
QualifiedArgument#3915,1633978019936,3,78987,71061,236962,6.333333333333333,0,19,19,1,1856,SUCCESS,236962,OPEN,hmfMLKObTR-w_E0V2Qu9sg
ArpanLadani,1633631863414,3,79088,78731,237265,17.0,0,51,51,1,1857,SUCCESS,237265,OPEN,eutwcy1SSRyQvBbSKF3V4g
test-liujun,1634033709435,3,79111,75071,237334,7.333333333333333,0,22,22,1,1858,SUCCESS,237334,OPEN,mqvbrgttQBmPbuA9Hp-x_w
DesktopSpec#0855,1634555949868,3,79134,68921,237402,8.0,0,24,24,4,1859,SUCCESS,237402,OPEN,-v0LslA-RhCy1Y-p1MmgEQ
GammaDelta#4405,1633767525140,3,79195,73919,237587,9.333333333333334,0,28,28,3,1860,SUCCESS,237587,OPEN,fW2iIidgQRu8UE7mG07t_Q
Better-Than-2,1635165862858,3,79261,73935,237783,6.666666666666667,0,20,20,1,1861,SUCCESS,237783,OPEN,ybpWX1YnQRuO3CtgHUnpVQ
maurici-chies,1634815255396,3,79291,75058,237873,6.0,0,18,18,10,1862,SUCCESS,237873,OPEN,Ryx3_osiS5q4QdfQIctSyA
StarWarsMandalorian,1634913836083,3,79320,75277,237962,15.0,0,45,45,7,1863,SUCCESS,237962,OPEN,p9PRGRlsR9mhgJk_RZW5-Q
PGRocket,1634267186273,3,79335,69658,238006,17.0,0,51,51,1,1864,SUCCESS,238006,OPEN,pH0gxBEqSvGOarSyQXAbRQ
AtomicTable#7430,1634633955754,3,79384,77738,238152,8.333333333333334,0,25,25,1,1865,SUCCESS,238152,OPEN,aQ_YFpsHRpmg7nbH-FwJXA
Tzer,1634639250364,3,79403,71743,238210,6.0,0,18,18,1,1866,SUCCESS,238210,OPEN,mg126fZoQ1SgPCuwoGIwNg
BobbyDigital,1634675606850,3,79414,72121,238243,16.0,0,48,48,2,1867,SUCCESS,238243,OPEN,QIjXdoCtRaGs8IsJ4xFuXA
MobileAbstraction#0951,1634005845043,3,79415,74326,238245,6.333333333333333,0,19,19,2,1868,SUCCESS,238245,OPEN,sEMb18IQSkqlUANsRwSAhg
MindaugasTinteris,1633434010292,3,79440,74795,238320,9.0,0,27,27,1,1869,SUCCESS,238320,OPEN,CR6VInsOSH2eSXOhiU4huQ
janessaguo,1633751507899,3,79471,75525,238413,14.0,0,42,42,7,1870,SUCCESS,238413,OPEN,93WN4VGjRPKKWRWNHEa-0A
Kitt#5977,1633110861027,3,79519,72279,238557,16.0,0,48,48,1,1871,SUCCESS,238557,OPEN,fhBrD_qNRh2LaGxcoES5XA
StructuredDataset#0748,1635183503496,3,79581,70535,238745,15.666666666666666,0,47,47,2,1872,SUCCESS,238745,OPEN,QFTAgucfT8mIW6RH9INS3Q
No-Time-To-Drive,1634389858667,3,79583,70542,238751,15.333333333333334,0,46,46,5,1873,SUCCESS,238751,OPEN,wZSw5i6CRJeIAp3PUcI4-Q
SolvableNotation#9153,1634225372977,3,79597,72335,238791,7.666666666666667,0,23,23,1,1874,SUCCESS,238791,OPEN,y2rVefJwR_y7Kv179tEUKw
IntelligentBreaker#4775,1634791481939,3,79610,74993,238831,6.0,0,18,18,3,1875,SUCCESS,238831,OPEN,RwIl89MKQ3SJfdHqfUVZGg
AWSUdacityAvatar,1633996973337,3,79633,77465,238899,5.333333333333333,0,16,16,1,1876,SUCCESS,238899,OPEN,LG6Bqx6DSuKnio0v-75IKA
AsynchronousCommand#2840,1633102066087,3,79689,76460,239069,7.333333333333333,0,22,22,2,1877,SUCCESS,239069,OPEN,j1mb0xYJT7-X6Wv6c16Jeg
OleksandrSich,1633440266722,3,79693,79271,239081,16.0,0,48,48,1,1878,SUCCESS,239081,OPEN,ZYefCHRuQZ-k1Xnb58Pleg
RocketBottleneck#8928,1634337361534,3,79697,74681,239092,2.6666666666666665,0,8,8,3,1879,SUCCESS,239092,OPEN,BkzeUS-RReyUcVIgt2y-zA
ThisCharacter#9493,1633948980966,3,79735,73272,239206,9.333333333333334,0,28,28,1,1880,SUCCESS,239206,OPEN,zIhVl2FMQbihXWLUFFOYsg
QualifiedNamespace#2530,1634030236142,3,79759,77406,239279,6.333333333333333,0,19,19,1,1881,SUCCESS,239279,OPEN,Y7AR0GP4ST-BQ0jirmU8AA
FalconM32,1633986805155,3,79825,74550,239477,18.333333333333332,0,55,55,1,1882,SUCCESS,239477,OPEN,BD_b7cKhQSijOrNgnw--tw
CurlyObject#4517,1635257694015,3,79878,71012,239636,6.666666666666667,0,20,20,1,1883,SUCCESS,239636,OPEN,UNTdRW-SSsicOrlZOicRWw
CompleteExpression#0044,1635129152466,3,79885,77599,239655,6.666666666666667,0,20,20,2,1884,SUCCESS,239655,OPEN,Tb4oga07SH2AjQIGJAaE-w
ArtificialArray#8929,1634530155347,3,79889,76668,239669,4.0,0,11,12,2,1885,SUCCESS,239669,OPEN,91WinDGBQyCLvM1pDZoZww
CodeDebugger#8954,1633495569261,3,79900,74671,239701,6.333333333333333,0,18,19,2,1886,SUCCESS,239701,OPEN,XOLWic2MSdiARWjiXcD9Lw
HongYang,1635144889181,3,79915,71932,239747,16.333333333333332,0,49,49,1,1887,SUCCESS,239747,OPEN,3S86jnoEQ_2IZgVZAYlk7A
uniquestrength#143,1633705031131,3,79919,74497,239757,7.333333333333333,0,22,22,2,1888,SUCCESS,239757,OPEN,JgBbfoN5QFKfocwkXTtN7Q
TabletSlice#3543,1633084175272,3,80001,75667,240005,7.0,0,21,21,1,1889,SUCCESS,240005,OPEN,jLJvBhbsRk6rynZq4gfh7Q
Randybotwin23-YT,1633362292720,3,80006,77491,240018,15.666666666666666,0,47,47,1,1890,SUCCESS,240018,OPEN,nnHOU7JgSemB-Rs1QSCS1A
Racer#1,1634858044538,3,80090,69060,240271,15.0,0,45,45,1,1891,SUCCESS,240271,OPEN,Io8QAi8bROqFyQ0-Z0Pl9w
EncryptedPatch#6199,1634306575924,3,80112,65984,240338,6.666666666666667,0,20,20,3,1892,SUCCESS,240338,OPEN,qwdF1w3ER0encK3tHkXB1A
DeepRacerTheGenius,1634067632986,3,80153,79115,240459,6.333333333333333,0,19,19,1,1893,SUCCESS,240459,OPEN,cnjpK2kuRfaqdIdgnnyW9w
Agraj,1634549389315,3,80204,73273,240612,18.0,0,54,54,8,1894,SUCCESS,240612,OPEN,ruxvR24HSGOG_5Li0qPnug
Huiliang-Lui-SGCC,1635266563713,3,80206,74211,240619,7.666666666666667,0,23,23,2,1895,SUCCESS,240619,OPEN,4zhoyKc-S9yNFn3JONx_4A
AmandaTanNgyaLeng,1633768809183,3,80209,79593,240627,17.666666666666668,0,53,53,2,1896,SUCCESS,240627,OPEN,vmiFzw18RbGTJBXnqok54g
SequentialConsole#0471,1633105534383,3,80227,77007,240683,7.0,0,19,21,1,1897,SUCCESS,240683,OPEN,TQZwPujkQ2yy72J63wsooA
YanRui-Lim,1633767982050,3,80252,73471,240758,7.666666666666667,0,22,23,3,1898,SUCCESS,240758,OPEN,_lbxYivpR8uQJZuBP2p5pg
HuiliangLui,1633680257244,3,80313,75198,240940,7.333333333333333,0,22,22,4,1899,SUCCESS,240940,OPEN,qbbXWIACSdCkRZ4rqwsvRw
yoR,1635089630660,3,80362,78544,241087,13.666666666666666,0,41,41,1,1900,SUCCESS,241087,OPEN,QWEERFeXTw-rWE4wr03PVQ
Vob,1633545800080,3,80378,77550,241136,2.6666666666666665,0,8,8,1,1901,SUCCESS,241136,OPEN,qIbSu5kbRSGJvk6V31SCAw
JavaCrunch,1635224112680,3,80382,79658,241148,6.0,0,18,18,1,1902,SUCCESS,241148,OPEN,qlHPgk1mQJCg96axSC98TA
CookRacer,1635166165901,3,80396,72473,241189,13.0,0,39,39,10,1903,SUCCESS,241189,OPEN,gjWKfwBiQ_-dfOQPJZjjQg
SquareEngineer#1331,1634012244936,3,80403,74669,241209,15.333333333333334,0,46,46,1,1904,SUCCESS,241209,OPEN,naPkMJz2TjGJCl3YQx6OlA
Kalai-Race-It-Is,1635186712793,3,80408,71428,241225,6.333333333333333,0,19,19,2,1905,SUCCESS,241225,OPEN,nbXF_R4cRVarKuetvlUfuA
CompleteAnalysis#8066,1633172287024,3,80449,79403,241347,7.0,0,21,21,3,1906,SUCCESS,241347,OPEN,34lUXQgpS22KhvutlUDphw
donbarb,1634313516343,3,80467,77928,241403,8.333333333333334,0,25,25,2,1907,SUCCESS,241403,OPEN,uaOHBtsvQEOdjf_5CGaYaw
ModeSix,1633547087636,3,80559,77871,241677,16.666666666666668,0,50,50,2,1908,SUCCESS,241677,OPEN,rpu8E-EyTFqSfo0PU_2u0g
QualityBrackets#3382,1633777202942,3,80578,78059,241735,7.0,0,21,21,2,1909,SUCCESS,241735,OPEN,XiUmYkWCT7m2ZqvXXXADdg
UpgradedFunction#5310,1633617596203,3,80619,75802,241859,7.666666666666667,0,21,23,4,1910,SUCCESS,241859,OPEN,iUs9Sw_GS5iF7s5jgrOqZg
ImmutableArgument#1713,1633352964645,3,80690,76938,242070,4.0,0,12,12,1,1911,SUCCESS,242070,OPEN,T8WTrMa0SvuN6suqgMLATA
EncryptedComment#8480,1635063112599,3,80731,79394,242193,17.333333333333332,0,52,52,2,1912,SUCCESS,242193,OPEN,UuLm0AYMT62zrnubEuWoYQ
ComplicatedDelta#9390,1633772406875,3,80736,76677,242209,7.333333333333333,0,22,22,1,1913,SUCCESS,242209,OPEN,rAXnvqwfTH2us8Kwi3ZSCw
HigherLambda#0825,1634698654927,3,80763,74738,242291,4.666666666666667,0,14,14,1,1914,SUCCESS,242291,OPEN,3PKuRjkzQMuaGllou7ybRg
IterativeNode#1355,1634297649702,3,80799,80664,242398,18.0,0,54,54,1,1915,SUCCESS,242398,OPEN,68ekJOhvTIiVuwOHY5vA7A
DenysMurzin,1633447786374,3,80854,78154,242562,15.666666666666666,0,47,47,2,1916,SUCCESS,242562,OPEN,ES99DZseRk6GA6wmW_QQlA
ComplicatedSchema#9561,1633159588175,3,80885,77516,242656,7.666666666666667,0,23,23,2,1917,SUCCESS,242656,OPEN,2yfnWj-cTnq1dybhNi1Oyg
ice,1634895249728,3,80916,78136,242749,6.333333333333333,0,16,19,5,1918,SUCCESS,242749,OPEN,ni1ywXeMQqqOK22--w3-3w
Janet,1633814769994,3,80916,77936,242749,6.333333333333333,0,19,19,1,1919,SUCCESS,242749,OPEN,xoamyCDBQ_6y144kKVM-HA
ConnectedToken#5128,1633970230763,3,80970,75799,242912,6.333333333333333,0,19,19,1,1920,SUCCESS,242912,OPEN,yVyIuB31QpeBEmoKhdTLgw
UsableNamespace#7877,1635090142895,3,81019,78670,243059,7.0,0,21,21,2,1921,SUCCESS,243059,OPEN,y_a0q6NqRzmmeXv5mxyNGw
PrimeString#9387,1634184430857,3,81174,78665,243522,10.666666666666666,0,32,32,7,1922,SUCCESS,243522,OPEN,6jHg6XbNSVGylCUWsojs0Q
AjayPareek,1633825597331,3,81181,76462,243543,17.0,0,51,51,9,1923,SUCCESS,243543,OPEN,RwEZKrOjQgqzoZpQ4nrUCA
ASCIISystem#6575,1633960277131,3,81269,75805,243808,5.333333333333333,0,16,16,3,1924,SUCCESS,243808,OPEN,yPMF8mK-TV6NrxUiOXobYw
DraftUpdate#0354,1634524397702,3,81270,77601,243811,1.0,0,3,3,3,1925,SUCCESS,243811,OPEN,fUJAvG9FRo-coaf8wCIJ_w
CM#99,1634589418781,3,81316,76992,243948,5.333333333333333,0,16,16,6,1926,SUCCESS,243948,OPEN,Pn1YzUPsTCuLdRq7hnChSg
BigScript#8463,1635236423852,3,81328,78063,243984,8.666666666666666,0,26,26,1,1927,SUCCESS,243984,OPEN,sf96G273SJWdKCa7ev3sUg
ComplexNumber#3772,1633770848917,3,81337,78801,244011,6.666666666666667,0,20,20,1,1928,SUCCESS,244011,OPEN,NJWTjHuYRrGe7F91YPlTWg
QualityGrid#3867,1634136088524,3,81362,72078,244087,12.333333333333334,0,37,37,4,1929,SUCCESS,244087,OPEN,pQIYfCZoQ2u_V-86Ts_vmA
MobileBraces#1611,1635185594757,3,81372,69080,244116,7.333333333333333,0,22,22,1,1930,SUCCESS,244116,OPEN,PjlnB5_wS_exIYXGxcJv7w
AliDR,1633993994157,3,81374,77270,244123,6.666666666666667,0,20,20,2,1931,SUCCESS,244123,OPEN,iK0NyJJaStKxo3QxEbRHFw
MaksymDusheiko,1633899321380,3,81386,75949,244159,4.666666666666667,0,13,14,4,1932,SUCCESS,244159,OPEN,I_ASCiGFSz2scEefH42frg
RuiYang,1635156222374,3,81459,74672,244378,15.0,0,45,45,1,1933,SUCCESS,244378,OPEN,opemOJJMT72acQSsyaK2WA
Dreametive,1635254329803,3,81482,75793,244446,8.666666666666666,0,26,26,2,1934,SUCCESS,244446,OPEN,bJ63I2eyQ3O5_DUn-ESc0A
PrototypePackage#5288,1633057607600,3,81509,79004,244528,3.6666666666666665,0,9,11,1,1935,SUCCESS,244528,OPEN,sXDgE-wQT2W79rptmiGWHg
FunctionalTable#9932,1634967397506,3,81523,77594,244571,7.0,0,21,21,1,1936,SUCCESS,244571,OPEN,yeQOyo31T6GP904jf3oCsg
SasukeUchiha,1634899399384,3,81546,79375,244638,7.666666666666667,0,23,23,1,1937,SUCCESS,244638,OPEN,hGK6oWVSR-aH4RKZgtAwxg
DraftLoop#7909,1635244428249,3,81579,78860,244737,18.666666666666668,0,56,56,1,1938,SUCCESS,244737,OPEN,P0J2DRlMROKPXiJz4dQ3VQ
Zero-dayValue#2794,1633148830198,3,81603,75075,244811,7.666666666666667,0,23,23,2,1939,SUCCESS,244811,OPEN,tGlaHFexT-S8UF00YtN2Xg
ParametricArray#0548,1634261264642,3,81616,79930,244850,7.0,0,21,21,1,1940,SUCCESS,244850,OPEN,AgK6vBEyRomDe4-E3PnMGA
SolvableLog#4656,1634662733161,3,81649,79194,244947,7.666666666666667,0,23,23,1,1941,SUCCESS,244947,OPEN,T4oT4S4OTs6gAm-7eS9K7g
Elijah,1634850861316,3,81655,78550,244966,5.666666666666667,0,17,17,2,1942,SUCCESS,244966,OPEN,laq1Vos4SEOwvBXC432pOg
YeapJiaHao,1633759046192,3,81669,77652,245009,14.666666666666666,0,44,44,1,1943,SUCCESS,245009,OPEN,DR04rOv7ReqJEgeirZe9rA
ProcessingValue#3279,1634710594451,3,81675,64084,245025,14.0,0,42,42,2,1944,SUCCESS,245025,OPEN,X2eJfTCZTZ-ttDweudSczg
DenisSpitsin,1633611866470,3,81679,68594,245038,9.333333333333334,0,28,28,4,1945,SUCCESS,245038,OPEN,oAIu1v47R0yMRU8tSBSTsw
TechnicalCoder#3600,1633447377996,3,81694,76877,245083,8.333333333333334,0,25,25,1,1946,SUCCESS,245083,OPEN,JQDmOG2TQVGWopbGB4SWwQ
CrypticBrackets#7289,1633845037992,3,81739,79666,245219,6.666666666666667,0,20,20,1,1947,SUCCESS,245219,OPEN,7o7I12HXSjmIYhU6BS_MRg
UnboundTech#6173,1633963231724,3,81800,69875,245402,17.333333333333332,0,52,52,5,1948,SUCCESS,245402,OPEN,igR-loHxSx2sopQPc9HWzA
JohnDoe9527,1634125797608,3,81802,74409,245407,18.0,0,54,54,2,1949,SUCCESS,245407,OPEN,8LUnSU_UQCStKZkjc368rA
GenerativeArithmetic#6991,1635238644117,3,81804,75874,245412,18.666666666666668,0,56,56,1,1950,SUCCESS,245412,OPEN,ZYNzT-PjRMi3nc9StJh_2g
HigherTester#5977,1633105334050,3,81842,77073,245527,7.333333333333333,0,22,22,1,1951,SUCCESS,245527,OPEN,NpoxcA6cSyijG0eeiRm-7A
FuturisticObject#9221,1634643375789,3,81863,79397,245591,6.666666666666667,0,20,20,1,1952,SUCCESS,245591,OPEN,9HvIwDutSPW6e1EQiXi7cA
Will-I-am,1634577569839,3,81907,72868,245723,17.333333333333332,0,52,52,8,1953,SUCCESS,245723,OPEN,rRUdyG19S7KQDSBf-XOKWQ
SolvableVariable#5877,1633637844563,3,81930,80996,245790,8.0,0,24,24,3,1954,SUCCESS,245790,OPEN,kL-paaCLRNaqc2QuZPIh7g
ProcessingNumber#7499,1634302672856,3,81932,77655,245796,9.0,0,27,27,1,1955,SUCCESS,245796,OPEN,RJ1jxg0kRoes547v1iuCeA
DimensionalDrift,1634867662577,3,81937,75079,245811,7.0,0,21,21,12,1956,SUCCESS,245811,OPEN,KMqfLN1UQSKO37k_IFufvA
NumericSemicolon#9015,1633745539821,3,81947,79603,245843,7.666666666666667,0,23,23,2,1957,SUCCESS,245843,OPEN,YU4AQNvAQr6GX7tf1wuQvg
UsableAnalysis#9518,1633459155954,3,81986,78739,245958,7.0,0,21,21,1,1958,SUCCESS,245958,OPEN,A8F1MFDqRM2tcNVx2jHFcA
hal-9000,1634669612581,3,82154,78523,246463,5.666666666666667,0,17,17,1,1959,SUCCESS,246463,OPEN,Stgls21kQlK32cY1HqPgNw
PathingTech#7934,1633256360607,3,82201,71406,246605,7.666666666666667,0,22,23,2,1960,SUCCESS,246605,OPEN,aT5Hm8_WQjKbb2uw1O6W9Q
FocusedScript#3825,1634263896240,3,82228,74942,246684,13.333333333333334,0,40,40,3,1961,SUCCESS,246684,OPEN,wV8LQ_73QzysIeV4XkhJYg
FinitePresentation#9884,1633162197239,3,82261,79730,246785,7.666666666666667,0,23,23,1,1962,SUCCESS,246785,OPEN,bNlwArNbTOaWrKz-FSNGKA
rkrocks,1635130603098,3,82340,79394,247021,2.0,0,6,6,2,1963,SUCCESS,247021,OPEN,4632de755f834ad5959e7w
UpgradedObject#4513,1633951221604,3,82506,73924,247520,7.333333333333333,0,22,22,1,1964,SUCCESS,247520,OPEN,bXSqSR1hSHKXwOfiXUMPnA
ConnectedString#8991,1634636340835,3,82540,78080,247622,8.0,0,24,24,1,1965,SUCCESS,247622,OPEN,I9Dgg9WITIaAwHkklkaGpA
CurlyContext#2101,1633105644405,3,82585,77797,247757,13.333333333333334,0,40,40,1,1966,SUCCESS,247757,OPEN,SCP0ci1ETTyKnKAFCkKxQg
FireFerrari,1634547599200,3,82587,79544,247763,7.0,0,21,21,2,1967,SUCCESS,247763,OPEN,X3O6edcbQF-s2qIGu5ysRw
HashableTester#9365,1635179042747,3,82601,79047,247803,5.0,0,15,15,1,1968,SUCCESS,247803,OPEN,nrvBsdmaQuWsxoMCYVwIzg
VirtualExpert#7568,1633182110952,3,82689,80801,248069,6.333333333333333,0,19,19,1,1969,SUCCESS,248069,OPEN,_qd3okF2TT6-MegimwH5AQ
r0b3rta,1633826001841,3,82701,78123,248105,8.0,0,24,24,1,1970,SUCCESS,248105,OPEN,DWPsUQJ9Tneox3W9_ZCyjA
Tiamatt,1635213280571,3,82715,77397,248146,15.333333333333334,0,46,46,3,1971,SUCCESS,248146,OPEN,TZCfCdDkSSqzZcADJUPksA
FuturisticZone#6284,1634896484292,3,82766,80736,248298,8.666666666666666,0,25,26,6,1972,SUCCESS,248298,OPEN,M-_B4YpoTEu2kg5Hg46eLg
AlphaSemicolon#9571,1634484237721,3,82793,81663,248379,6.333333333333333,0,19,19,1,1973,SUCCESS,248379,OPEN,MgfIGh-pRAiXbDWV5wdFkA
Cappuccino-Frappuccino,1635264521326,3,82803,76939,248409,6.666666666666667,0,20,20,5,1974,SUCCESS,248409,OPEN,nVZHyvkYTaiZpsoNh8UkfA
AtomicMetaclass#4701,1634579516541,3,82810,75916,248432,13.666666666666666,0,41,41,1,1975,SUCCESS,248432,OPEN,G5MIWVfBSjat3vQqI30svw
RecursiveLanguage#2805,1634218430005,3,82830,78709,248490,19.0,0,57,57,1,1976,SUCCESS,248490,OPEN,F48YpyUyQJqbnJmNRTUk2w
MobilePoint#5687,1633692183761,3,82867,73464,248603,5.666666666666667,0,17,17,4,1977,SUCCESS,248603,OPEN,RCzouOFkT4ygqS49o0GWOQ
NitolDutta,1633701284886,3,82880,72673,248640,9.0,0,27,27,1,1978,SUCCESS,248640,OPEN,RdJVRKgpRRW8U1GxGgeq8A
MobileShell#2937,1633736646942,3,82885,79411,248655,8.0,0,24,24,1,1979,SUCCESS,248655,OPEN,O6gNiTTZSVmT5_4Ru2F5qg
CEO-Entrepreneur-Born-In-1964,1635202745060,3,82894,79464,248682,3.0,0,9,9,4,1980,SUCCESS,248682,OPEN,-od8RNidQtez7xkyfjXUsA
IntelligentSwitch#3114,1634195205052,3,82895,79142,248685,11.333333333333334,0,34,34,1,1981,SUCCESS,248685,OPEN,3S52BAuWQsGZ642VhxZRxQ
DeepDigit#6864,1635240840358,3,82902,79407,248707,9.0,0,27,27,1,1982,SUCCESS,248707,OPEN,En1vXk5xRDait8eOJtlwrg
LeeKayErn,1633764842839,3,82916,72065,248748,17.0,0,51,51,4,1983,SUCCESS,248748,OPEN,4z5coux9T4e_XcwOBN0Nsw
SD,1635156092264,3,82916,80753,248749,14.666666666666666,0,44,44,5,1984,SUCCESS,248749,OPEN,XPGeCc51QXqkb8WILxTMmQ
Amazon-Worker-Strike,1635207205645,3,82951,79677,248853,17.0,0,51,51,2,1985,SUCCESS,248853,OPEN,RrHiOF2CSFi0yaj91vbkaQ
bonothetyresaredead,1634692762033,3,82955,80535,248866,18.0,0,54,54,1,1986,SUCCESS,248866,OPEN,j3isms2_SvqMRg4x4qv6-Q
ruslanzdor,1633061374756,3,82977,75729,248931,19.0,0,57,57,1,1987,SUCCESS,248931,OPEN,bSCu7jrFSmK_nC-JOWYmQQ
TechnicalBreaker#7891,1634229357889,3,83019,73326,249057,7.666666666666667,0,23,23,1,1988,SUCCESS,249057,OPEN,JI6HQkcNSp-8zJRoFLb5Ow
JayBird80111,1634086480249,3,83030,81074,249090,13.0,0,39,39,1,1989,SUCCESS,249090,OPEN,wc7D7r7PSCy8EKs8j4pvjQ
WPB-BAT-ML,1633142258447,3,83047,80297,249141,16.666666666666668,0,50,50,1,1990,SUCCESS,249141,OPEN,Ujb6G1EGSgGUUSoCERuITQ
TNTOutburst,1634789049826,3,83088,76740,249266,16.666666666666668,0,50,50,3,1991,SUCCESS,249266,OPEN,s1v3UHoNQ3yYtuJMAleAhg
akhdanfadh,1633431241547,3,83090,75482,249272,7.0,0,21,21,1,1992,SUCCESS,249272,OPEN,M6r2SKN1S2yw0CsApgWtiQ
HelpfulString#5899,1634008830785,3,83097,78007,249291,7.0,0,21,21,2,1993,SUCCESS,249291,OPEN,UEJE_WrTSWWKeOAyOWfGqg
InnoServe-SoShortQueen,1634625896282,3,83098,80953,249296,5.666666666666667,0,17,17,1,1994,SUCCESS,249296,OPEN,Tj2eNZLpSkaFaa8PpD3dbQ
Happyrang-01,1634969883661,3,83136,81126,249410,9.666666666666666,0,29,29,2,1995,SUCCESS,249410,OPEN,v04pQbnNTqWKg825IRCWwA
DesktopLambda#0637,1633273238367,3,83165,75054,249496,7.333333333333333,0,22,22,1,1996,SUCCESS,249496,OPEN,7sJ26RAlR6enZ7YkmaGHEw
NumericExpert#7806,1633765031261,3,83185,68868,249556,7.666666666666667,0,23,23,1,1997,SUCCESS,249556,OPEN,LcpqJijsTK2Yt3gAhw745w
Jordan1976,1634720216237,3,83188,76681,249566,10.333333333333334,0,31,31,1,1998,SUCCESS,249566,OPEN,NanG-2vZSlyERfejtS9P0A
ProgrammingBuster#5028,1633137285333,3,83247,80413,249743,8.0,0,24,24,1,1999,SUCCESS,249743,OPEN,TDhlgM32TDibNtWMgBXesA
PPFlyCar,1633793872480,3,83262,77060,249786,13.666666666666666,0,41,41,19,2000,SUCCESS,249786,OPEN,G161yyf2RIqjJMrg6Zv2Aw
DoveRacer,1634594275082,3,83395,79223,250186,7.333333333333333,0,22,22,1,2001,SUCCESS,250186,OPEN,L-Po0GU8Tc-_pnnJ6ASk_w
RecursivePoint#6057,1635256236825,3,83413,79943,250239,9.0,0,27,27,2,2002,SUCCESS,250239,OPEN,6P6VAQZFQZGt2vGQ5CBwwQ
SiarheiBabich,1633548838849,3,83420,81942,250262,16.333333333333332,0,49,49,1,2003,SUCCESS,250262,OPEN,UlKoo1PlS2iipMgEUQLkRA
Vacer,1633545338420,3,83422,80399,250266,8.666666666666666,0,26,26,1,2004,SUCCESS,250266,OPEN,m5bK5pE9Rme0gVOX6VcV9A
kitfriendesq,1634748040342,3,83454,78414,250364,19.333333333333332,0,58,58,4,2005,SUCCESS,250364,OPEN,5LzTq2TsSFi85d-JJMNP0A
QuickArithmetic#0447,1635185331169,3,83578,79668,250734,7.333333333333333,0,21,22,1,2006,SUCCESS,250734,OPEN,ebrlO6t9QYy9xcaFkPJvBQ
renuksharma-1993,1634044577979,3,83606,82478,250818,17.333333333333332,0,52,52,1,2007,SUCCESS,250818,OPEN,yc4LLeQhS6O5ab8Co8UnOA
FiniteArray#7571,1633801171024,3,83632,80079,250897,7.333333333333333,0,22,22,1,2008,SUCCESS,250897,OPEN,uh2UlhXuROaqaNg5RhObtw
DontWorryBeFrappe,1634283188298,3,83634,77137,250904,11.0,0,33,33,8,2009,SUCCESS,250904,OPEN,Slco0FQXRACoFCdLc-oAlQ
InfiniteArray#8826,1633361310601,3,83711,80541,251135,2.6666666666666665,0,8,8,1,2010,SUCCESS,251135,OPEN,ZhhlDXHGT0mFP_D5wF2ZZQ
MachineDataset#1234,1634962500675,3,83764,81471,251294,9.333333333333334,0,28,28,2,2011,SUCCESS,251294,OPEN,P17yoeSAQOiWZkDeFiMDtA
PythonTable#0856,1634640104043,3,83779,79405,251339,10.666666666666666,0,32,32,6,2012,SUCCESS,251339,OPEN,8G3Hf2QlTFW9OZglK5UsoA
FiniteAbstraction#4242,1633555974384,3,83810,82278,251432,8.333333333333334,0,25,25,3,2013,SUCCESS,251432,OPEN,fvhQZ8GaSGy6scmKwpvQXQ
TetianaYakymenko1,1633613707503,3,83814,79661,251443,16.333333333333332,0,49,49,1,2014,SUCCESS,251443,OPEN,aL05nww0Sm-pkJ4EDwlIlQ
jas-racer-nc,1635264757074,3,83840,80265,251522,2.0,0,6,6,12,2015,SUCCESS,251522,OPEN,8ayhHcZWT9m1T9F7YE7UiQ
AtomicServer#7683,1634033499642,3,83862,82867,251588,12.333333333333334,0,37,37,3,2016,SUCCESS,251588,OPEN,UjIWBnQjSYyiRzqGKliF1Q
ProcessingScript#4520,1633958312000,3,83890,77197,251671,7.333333333333333,0,22,22,2,2017,SUCCESS,251671,OPEN,xcKTmRpXTFWVteAPhgtNyQ
mstauffer,1633125083572,3,83951,77865,251853,8.666666666666666,0,26,26,2,2018,SUCCESS,251853,OPEN,bArUcUPXS4K6ciCWQbAiTg
BigboyRonit,1634692321922,3,84029,79145,252088,17.0,0,50,51,1,2019,SUCCESS,252088,OPEN,ysYDhcKkQ42H7LXnofGVyg
MemoryCharacter#1716,1633930074239,3,84120,78344,252361,9.666666666666666,0,29,29,1,2020,SUCCESS,252361,OPEN,m2Tpi4k2S921QyQltF6BTQ
VirtualLog#8646,1634547300964,3,84141,68751,252425,18.0,0,54,54,2,2021,SUCCESS,252425,OPEN,USyULt7LQqyHurgPjgO02Q
Aj,1633432824036,3,84215,82915,252646,7.333333333333333,0,22,22,7,2022,SUCCESS,252646,OPEN,MJl7nhs9RV6q7ZDC2XaeDw
SecureCommand#3983,1635179844734,3,84231,83199,252695,7.333333333333333,0,22,22,1,2023,SUCCESS,252695,OPEN,Y8yk-5r7Qbq8X5HRqj3rPA
GenerativeCoder#5508,1634236865689,3,84245,78000,252735,8.666666666666666,0,26,26,1,2024,SUCCESS,252735,OPEN,BCJLs9bkR9m12w_bxu2IWw
ImportantPointer#5560,1633463976869,3,84286,82728,252859,8.333333333333334,0,25,25,3,2025,SUCCESS,252859,OPEN,o2bO5uORRPypDdSZDsiYVQ
JuanJoseBF,1634297587026,3,84332,80201,252996,18.0,0,54,54,1,2026,SUCCESS,252996,OPEN,GjufmimmQG6GefkGyOHYtw
KyungInKim,1634758026921,3,84373,79472,253120,19.333333333333332,0,58,58,11,2027,SUCCESS,253120,OPEN,Qi-BD9BtTKyjuKa4QU4dRA
UnicodeSpec#5247,1634983206429,3,84455,82280,253367,8.0,0,23,24,1,2028,SUCCESS,253367,OPEN,Ih5AefDfQNaC4uo_fOq6dw
RecursiveBooster#2275,1634661860272,3,84463,77268,253391,8.333333333333334,0,24,25,2,2029,SUCCESS,253391,OPEN,LL39-TZFS2aptRMMK99OTg
ACNLune,1634643568935,3,84496,77400,253489,8.0,0,24,24,1,2030,SUCCESS,253489,OPEN,lbemYPHnRB2RcoLDweiEDw
Om-Ica,1633290177465,3,84509,81655,253528,5.666666666666667,0,17,17,2,2031,SUCCESS,253528,OPEN,E2YF-KePTa219w5b4RC31Q
ImmutableParameter#1915,1633949319954,3,84513,74726,253541,8.666666666666666,0,26,26,4,2032,SUCCESS,253541,OPEN,7yGRwlNSTS-WqUSK7o2ljw
ASCIIMethod#9374,1633338750781,3,84516,76805,253549,7.666666666666667,0,23,23,1,2033,SUCCESS,253549,OPEN,1FMvgWDdSXSLN0rPqYAZ4A
InnoServe-clubEvent,1634664973909,3,84537,79204,253611,13.666666666666666,0,40,41,8,2034,SUCCESS,253611,OPEN,yoUmTJaYRn6tsGLiC7ncUw
TabletSchematic#2794,1635142521703,3,84642,75416,253926,16.666666666666668,0,50,50,16,2035,SUCCESS,253926,OPEN,iBVy9880R8ecn8zd2jj91g
ALITA,1635238473228,3,84675,80075,254026,8.333333333333334,0,25,25,1,2036,SUCCESS,254026,OPEN,h1KNcuy_TyWhck5py0qXvQ
BryanRodriguez,1633487350202,3,84732,78389,254198,17.0,0,51,51,2,2037,SUCCESS,254198,OPEN,6Hsi_WW6QNaGewk25zU-ZA
D-503,1635279128687,3,84748,79853,254246,10.0,0,30,30,6,2038,SUCCESS,254246,OPEN,BZhG5U_ETuKsCUmHhctGgA
PrototypeContext#3280,1633893976390,3,84760,79278,254282,8.333333333333334,0,25,25,1,2039,SUCCESS,254282,OPEN,Rw0fTwwdQ8CsT6Ss7JeYDg
Danielson33,1634915606858,3,84820,79666,254460,8.333333333333334,0,25,25,1,2040,SUCCESS,254460,OPEN,ZgXKt6ZpSyyfRh28CVcNLg
EsteemedGrid#5501,1633462093641,3,84887,81987,254663,8.666666666666666,0,26,26,1,2041,SUCCESS,254663,OPEN,cKWb3vDRST-WH4RvMZNHFA
SecureCharacter#0344,1634541861574,3,84918,77348,254755,8.666666666666666,0,26,26,1,2042,SUCCESS,254755,OPEN,3VxrEqFHQ4uHr3IK51kF1A
MinWoo,1633697475302,3,84936,79475,254810,7.0,0,21,21,2,2043,SUCCESS,254810,OPEN,GwJ1ozxFR-GiuOgE-F4Cuw
SequentialState#6987,1633800516280,3,84981,83069,254943,5.333333333333333,0,16,16,3,2044,SUCCESS,254943,OPEN,vw136nflR76WK7vC-j3osQ
wumps,1634924904499,3,85003,75473,255009,11.666666666666666,0,34,35,1,2045,SUCCESS,255009,OPEN,RB99rBK_TemlZuzfe_UEeA
PrimeDiff#6719,1633185858462,3,85023,80320,255069,6.333333333333333,0,19,19,1,2046,SUCCESS,255069,OPEN,qpf3T-RRQMu-f_ZYUNbGlQ
ASCIIMetaclass#1868,1633190724828,3,85070,70880,255212,12.666666666666666,0,38,38,1,2047,SUCCESS,255212,OPEN,oTG_QKzjRrqErAqBLMBvMw
ReodorFelgen,1633332327114,3,85159,79469,255478,7.666666666666667,0,23,23,5,2048,SUCCESS,255478,OPEN,p5eoj5TYRQexGIy556xhEQ
DenysBelozerskiy,1633361707457,3,85344,79403,256033,3.6666666666666665,0,10,11,6,2049,SUCCESS,256033,OPEN,3IGVuZzPRe6WCBLHkozVkA
AlexeySemashko,1633478611679,3,85419,77266,256257,4.666666666666667,0,12,14,2,2050,SUCCESS,256257,OPEN,L4MbETFlScqnxCc341CCzQ
osoosi01,1635281694947,3,85423,80730,256269,8.333333333333334,0,25,25,1,2051,SUCCESS,256269,OPEN,aIs1a8NmQQuD00jW0fQ-XQ
DurlabhPorwal,1633834842855,3,85533,82334,256599,17.666666666666668,0,53,53,1,2052,SUCCESS,256599,OPEN,m7xhU13aSHiVyqCwUTRZag
PathingMachine#1209,1633781818198,3,85624,78669,256873,5.333333333333333,0,14,16,2,2053,SUCCESS,256873,OPEN,vBHG3M46TJWnqmHeTFgx0Q
ASCIIBreaker#2145,1633320025944,3,85626,81867,256879,13.666666666666666,0,41,41,1,2054,SUCCESS,256879,OPEN,9aosPwdgSJCRUYb-Lp-hXw
GalinaBlokh,1633349624174,3,85648,81192,256946,17.333333333333332,0,52,52,2,2055,SUCCESS,256946,OPEN,8AIfNoT3QgOzU5q6NNv7Ew
AbstractGame#9609,1633462405627,3,85751,78319,257254,8.333333333333334,0,25,25,1,2056,SUCCESS,257254,OPEN,chAiBAywS8uwE7d-LuPaAg
CrypticVariable#3199,1633598110044,3,85858,81721,257574,17.333333333333332,0,52,52,1,2057,SUCCESS,257574,OPEN,Bg5jenrBSWKTIFJxZ4BSKQ
CyberneticLine#8103,1633821345861,3,85858,83867,257576,7.666666666666667,0,23,23,2,2058,SUCCESS,257576,OPEN,O8cz6zv7TFGDfLRH5cfTtQ
YuliiaHalytsia,1633369368252,3,85893,75010,257679,18.0,0,54,54,1,2059,SUCCESS,257679,OPEN,Yei1SiRqRZCu2q6lVtmAKA
JavaObject#8379,1634376410331,3,86032,68330,258096,15.666666666666666,0,47,47,2,2060,SUCCESS,258096,OPEN,eGez7WaaRp6mB7fzcF-zoA
FasterThanFitz,1633195689187,3,86109,80927,258328,6.333333333333333,0,18,19,4,2061,SUCCESS,258328,OPEN,JwCkwvsXR-2KsmsEbIbvaQ
SquareSchema#6829,1633710933620,3,86187,81856,258562,9.333333333333334,0,25,28,5,2062,SUCCESS,258562,OPEN,1FpIw1N8TXCV0_TgW4eUIQ
ZhandarbekNiyetalin,1633102455899,3,86191,83922,258573,8.0,0,24,24,1,2063,SUCCESS,258573,OPEN,9PPOUMKCTEqWtbAKHwoEBA
GlobalAbstraction#2995,1634607869475,3,86225,72536,258676,17.0,0,51,51,4,2064,SUCCESS,258676,OPEN,rwK6ikgPS2iUKcicr7-txg
10xZone#5839,1633413719393,3,86264,79344,258792,8.333333333333334,0,24,25,1,2065,SUCCESS,258792,OPEN,ulZZYy8jRLGFq-rn5FLRlA
GhostRacers,1634293025897,3,86266,75790,258800,12.0,0,36,36,9,2066,SUCCESS,258800,OPEN,psXtDEH1TRag_y3WJKaRgA
10xAnalysis#2598,1633719743323,3,86317,80992,258952,8.0,0,24,24,3,2067,SUCCESS,258952,OPEN,dNj_Zif-Somxq8y2BrMlWw
Leejunyoung,1634132661874,3,86362,80000,259088,6.666666666666667,0,20,20,1,2068,SUCCESS,259088,OPEN,-y7iKeO0TWO8zpf4R3aHGQ
ASCIIAnalyst#2083,1634203998364,3,86424,75871,259273,17.0,0,51,51,1,2069,SUCCESS,259273,OPEN,hmtTqVqiSZuxfZ1hPA91BA
TechSaga,1635169836650,3,86491,75604,259474,19.333333333333332,0,58,58,6,2070,SUCCESS,259474,OPEN,lP7tkUh5T2up_O69QfVnhg
HigherLoop#3603,1633239702881,3,86492,72519,259476,16.333333333333332,0,49,49,2,2071,SUCCESS,259476,OPEN,1vegH8I0SS6NWnlEHISXtA
Billie888,1634213099085,3,86549,84404,259647,14.333333333333334,0,43,43,2,2072,SUCCESS,259647,OPEN,xatv-WsYQyCMmkUOe8g6eQ
FormulaicTheory#0591,1634726096369,3,86570,75998,259711,9.333333333333334,0,28,28,1,2073,SUCCESS,259711,OPEN,LJKjGkUDQrqsLZVdCq0R4A
PassingAnalyst#0320,1634138929911,3,86575,84457,259725,13.666666666666666,0,41,41,1,2074,SUCCESS,259725,OPEN,WRnyJLWASyqpd4S4BKJqEA
FormulaicPackage#2211,1635139067276,3,86620,86339,259862,9.0,0,27,27,1,2075,SUCCESS,259862,OPEN,WtSwiHb8QKeZxFGoOD2b-Q
BigDelta#0381,1633626298597,3,86708,83987,260126,8.0,0,24,24,2,2076,SUCCESS,260126,OPEN,VRN2w26LSsunvHKRxY4YAg
AKSophie,1634282934499,3,86821,81725,260463,8.333333333333334,0,25,25,1,2077,SUCCESS,260463,OPEN,pxx8ExT7QtKM94KOgJFmVQ
AccessibleDeadline#3416,1633251578623,3,86852,79942,260557,8.666666666666666,0,26,26,2,2078,SUCCESS,260557,OPEN,phWBI6euS7WBy8LG8yjg7w
DigitalArithmetic#2085,1633544689117,3,86862,83188,260587,4.0,0,12,12,1,2079,SUCCESS,260587,OPEN,7YgLhzOFQEWGHKdjGiFFvg
DariusNavickas,1633700845623,3,86913,73391,260739,19.666666666666668,0,59,59,1,2080,SUCCESS,260739,OPEN,_e0zj3t4QhOs_a5O_CqOSA
james13123123,1633404261750,3,87043,84270,261129,7.666666666666667,0,23,23,3,2081,SUCCESS,261129,OPEN,c6Uk9qq0TLOZDkhOCKekJQ
AlexeyVishnyakov,1633444829326,3,87063,75203,261191,13.0,0,39,39,1,2082,SUCCESS,261191,OPEN,IfHj0UGpTaezUqjRAbkW8g
fz,1633194500844,3,87085,80858,261256,8.666666666666666,0,26,26,1,2083,SUCCESS,261256,OPEN,AJqHzNRsQ2yFXuGxrDhJWA
awsmani1,1633605850144,3,87147,85854,261443,0.3333333333333333,0,1,1,1,2084,SUCCESS,261443,OPEN,na9XctuWTU2m4LRW1LqfYw
ethanb,1634938163452,3,87222,82868,261666,8.0,0,24,24,2,2085,SUCCESS,261666,OPEN,_OoNboUERd-G1St1LO8gbQ
CleanEvaluation#1355,1633919065431,3,87244,80336,261733,9.666666666666666,0,28,29,1,2086,SUCCESS,261733,OPEN,sPxJF3X4RhqQxbluA_DzOw
TokyoDrift007,1633181366625,3,87272,84275,261816,8.666666666666666,0,26,26,3,2087,SUCCESS,261816,OPEN,uSb20ZPzTqGvFsjO60e03w
FiniteGame#2930,1633932807310,3,87291,80468,261873,9.333333333333334,0,28,28,2,2088,SUCCESS,261873,OPEN,TYA-nGc8RVi3SV_6UKVoGQ
BarthTransporter-1,1633771566998,3,87318,69613,261955,8.666666666666666,0,26,26,5,2089,SUCCESS,261955,OPEN,c6YngMwcRPyO3YFw4nJkfA
LoopingBooster#5806,1633533172466,3,87355,85190,262065,17.0,0,51,51,2,2090,SUCCESS,262065,OPEN,txns4BjJQLCZe8QsrP3BKw
InteractiveUpdate#7557,1633910976619,3,87444,83812,262333,9.333333333333334,0,28,28,1,2091,SUCCESS,262333,OPEN,1GFZY2F5SNCeRmN5j5COgA
CodeDiff#4406,1634285673087,3,87497,86208,262491,3.3333333333333335,0,10,10,1,2092,SUCCESS,262491,OPEN,qtAMaMHMQg2h0XoOiXo9RA
PrimeDocumentation#7150,1634371930202,3,87502,86302,262508,9.333333333333334,0,27,28,1,2093,SUCCESS,262508,OPEN,CfoZt3gzQPSz30NHl8IxRA
10xDeadline#9450,1633937158750,3,87542,79208,262628,8.666666666666666,0,26,26,1,2094,SUCCESS,262628,OPEN,aXZdL6edTgK61ITIOiUsbA
ErikaRamos,1633534756669,3,87543,83745,262630,10.666666666666666,0,31,32,3,2095,SUCCESS,262630,OPEN,-mZ0oiHgTiC1TXNa3aKwcA
FungibleTag#5780,1634920839588,3,87611,82525,262835,7.333333333333333,0,22,22,1,2096,SUCCESS,262835,OPEN,J-J2K244Tw61K0gDW2YaZQ
HigherSwitch#8320,1633346694964,3,87649,86885,262948,11.0,0,33,33,1,2097,SUCCESS,262948,OPEN,rfz8OF4BR_KUkNCWK2Il-Q
lw,1635238189827,3,87717,86804,263153,8.333333333333334,0,25,25,1,2098,SUCCESS,263153,OPEN,pq0pUtXYSVSWNwjAtlRVUw
UrgentObject#3983,1633596700511,3,87730,85062,263192,9.0,0,27,27,2,2099,SUCCESS,263192,OPEN,ZUmyO3dCT4iCMzSyg-6Lug
ReferenceLine#3762,1634819390653,3,87737,87138,263212,9.666666666666666,0,29,29,2,2100,SUCCESS,263212,OPEN,CTHbwoOdR_G881Tt0JeymA
ASCIIClass#9649,1633800703393,3,87756,80259,263268,8.0,0,24,24,2,2101,SUCCESS,263268,OPEN,G6PvYjcvQzCqcZwnzngX1A
PrimeEnvironment#1879,1633069839061,3,87757,87076,263271,9.0,0,27,27,1,2102,SUCCESS,263271,OPEN,zKN-HUYpRVGhvL1gPvAqag
NeuralPresentation#0681,1634593875683,3,87883,84933,263649,8.666666666666666,0,26,26,1,2103,SUCCESS,263649,OPEN,8mex8wwtR6-5cKMsC20zag
NullResource#2910,1634377858188,3,87927,84994,263783,12.666666666666666,0,38,38,1,2104,SUCCESS,263783,OPEN,Q5TKYKAsTseEVvWtDoBHHQ
RobotExpression#7900,1635255326846,3,87956,83208,263868,19.333333333333332,0,58,58,1,2105,SUCCESS,263868,OPEN,BX4S9vzCTrOBqZS8qLKeTQ
shota-aikawa,1634865551751,3,87991,83127,263975,9.333333333333334,0,28,28,2,2106,SUCCESS,263975,OPEN,g5RR3wy4QZOJpDtDu7a4LA
73Bazinga,1635269586319,3,88046,84803,264139,10.0,0,30,30,2,2107,SUCCESS,264139,OPEN,4nIrGZEjRmOvLZZeDAYekg
AccessibleSlice#0912,1635243817798,3,88097,83475,264292,8.333333333333334,0,25,25,1,2108,SUCCESS,264292,OPEN,2xV5kvJ2QWabdF9WUHiQ4Q
NetherLabs#1243,1633662337018,3,88136,85323,264408,3.0,0,9,9,1,2109,SUCCESS,264408,OPEN,5EIGD2vNSgKTDQuRDtoyxQ
NullResource#0239,1633983321902,3,88155,82736,264466,8.666666666666666,0,26,26,1,2110,SUCCESS,264466,OPEN,RWWJAgaeRBiUtWljLIVD1Q
PrimeFunction#8246,1634222982922,3,88160,86735,264482,9.333333333333334,0,28,28,2,2111,SUCCESS,264482,OPEN,0miL-V_KTuCF7YpGN-PLuA
CalebTanKahLok,1633769852054,3,88183,85541,264551,17.0,0,51,51,10,2112,SUCCESS,264551,OPEN,dahR0VFYQd6yr9cz1YyMEQ
carminegelsomino,1634749007542,3,88202,86335,264608,8.666666666666666,0,26,26,1,2113,SUCCESS,264608,OPEN,D-JDoRO9Tv2k_sq7CrmBJA
NestedConsole#2610,1634120745693,3,88223,86266,264669,8.0,0,24,24,1,2114,SUCCESS,264669,OPEN,rJyGUC7FTYaXsMoUGAM-zQ
EnzoWhiz,1634041452387,3,88278,78738,264835,9.333333333333334,0,28,28,2,2115,SUCCESS,264835,OPEN,EVo-iuWgTde-poe-XZpbKw
SquareBuster#6517,1633106169869,3,88311,70877,264933,8.666666666666666,0,26,26,1,2116,SUCCESS,264933,OPEN,JOcPaaWoRySRCQfKgQZ6GA
Heman,1633499486021,3,88344,87141,265034,7.333333333333333,0,22,22,2,2117,SUCCESS,265034,OPEN,Zb5gZIinTdKh-UfzYowDCw
AN-NA,1635237223328,3,88455,79863,265366,20.333333333333332,0,61,61,1,2118,SUCCESS,265366,OPEN,EKyK0amKSVis9VfZqCmLMg
PassingSemicolon#6081,1634482347505,3,88554,85530,265664,15.666666666666666,0,47,47,1,2119,SUCCESS,265664,OPEN,_RqFkRnETu2zmP-F1CLm7Q
CompleteBuster#7437,1633413530399,3,88562,70402,265688,16.333333333333332,0,49,49,3,2120,SUCCESS,265688,OPEN,af9YptLiQcmJeneuz8NdsA
VladimirPastukhov,1633769427496,3,88578,83075,265734,17.666666666666668,0,53,53,1,2121,SUCCESS,265734,OPEN,MJRqllvQRsyxsY-_dRPRRQ
VirtualDebugger#3551,1633880578236,3,88673,73873,266020,10.0,0,28,30,1,2122,SUCCESS,266020,OPEN,4m3w0KpwQo-FeUrCyYL5HA
ImportantCallback#7922,1633381288114,3,88731,87718,266194,10.0,0,30,30,2,2123,SUCCESS,266194,OPEN,eDCJYvqpQEOVoRK6QyevRA
ProvisionalFormula#7385,1634284522651,3,88737,80744,266212,8.0,0,24,24,1,2124,SUCCESS,266212,OPEN,TNPQpEJ9RBG3aZhO0b2ifA
MobileToken#3967,1634826298520,3,88754,84064,266262,7.333333333333333,0,22,22,1,2125,SUCCESS,266262,OPEN,w55ytxhbReaA1jVq6Ntukg
EsteemedAbstraction#4502,1633776569034,3,88776,83334,266329,9.666666666666666,0,29,29,1,2126,SUCCESS,266329,OPEN,TyqDgZH5Rue0WphG72VC0A
Medha,1634690865559,3,88781,74798,266344,17.333333333333332,0,52,52,2,2127,SUCCESS,266344,OPEN,b2841o5YQWmz_KQ0nnVCIQ
TestableBooster#4524,1633915943545,3,88822,88737,266468,7.0,0,21,21,4,2128,SUCCESS,266468,OPEN,yZp0C1mMTmGm_yPJzNRAHQ
enan456,1633046726433,3,88950,86392,266851,19.333333333333332,0,58,58,1,2129,SUCCESS,266851,OPEN,ca7868202cb64f97a9f38Q
KonstantinGlazunov,1633287966388,3,89008,74136,267025,19.0,0,57,57,1,2130,SUCCESS,267025,OPEN,_Guvdb7cSP6sys2CvX4rNA
DesktopTester#3200,1633993193292,3,89021,82935,267064,10.333333333333334,0,31,31,1,2131,SUCCESS,267064,OPEN,DGeXQve7TXyvPaqxv7EQqg
JiHyunKim,1634131370803,3,89078,84507,267235,9.666666666666666,0,29,29,1,2132,SUCCESS,267235,OPEN,v6Eg-hXETqOwyIOdqI4cng
QualifiedEvaluation#7662,1633612895139,3,89166,87662,267500,9.333333333333334,0,28,28,1,2133,SUCCESS,267500,OPEN,x9DeHLvHTkeIU5Ytqz3scQ
CompleteConsole#3011,1633801010191,3,89313,84124,267939,7.666666666666667,0,23,23,1,2134,SUCCESS,267939,OPEN,K3ruXpT1QoKwvkOGbgQXpw
QualifiedEngineer#9872,1633599090335,3,89444,84601,268334,9.333333333333334,0,28,28,1,2135,SUCCESS,268334,OPEN,9u-6TqbJRsmD7IepQ1QCig
AleksandrPatruhev1,1633810830355,3,89537,79405,268612,19.666666666666668,0,59,59,1,2136,SUCCESS,268612,OPEN,UqispvIrRqWUt7aywrTceg
UnicodeEvaluation#9646,1634628836887,3,89542,86416,268627,20.666666666666668,0,62,62,3,2137,SUCCESS,268627,OPEN,gaUKGML2QIepby0WX5GLaQ
BooleanDescriptor#4870,1633918796072,3,89552,86403,268657,19.0,0,57,57,1,2138,SUCCESS,268657,OPEN,R-WfdD1vSXSh_tz_AYya0A
MobileArithmetic#8258,1634302747224,3,89738,82399,269215,20.0,0,60,60,1,2139,SUCCESS,269215,OPEN,Rzq6gMRcTcuIcYkli9mCqA
LoopingParameter#6056,1633975433872,3,89805,88415,269415,9.333333333333334,0,28,28,1,2140,SUCCESS,269415,OPEN,oSvY7S5FS1yVUI7KWEvOmQ
NeuralSchematic#6068,1633818659648,3,89864,87469,269593,19.666666666666668,0,59,59,1,2141,SUCCESS,269593,OPEN,ivs0q6LgSe-nuxjE1y5VRQ
ShoeMaker-Lisa,1635231934350,3,89865,82724,269597,9.0,0,27,27,1,2142,SUCCESS,269597,OPEN,HSS5Ml5VRlWg_9QzYAXmqw
Manjeet-TheKingofRacers,1635276227387,3,90003,78132,270011,6.666666666666667,0,18,20,2,2143,SUCCESS,270011,OPEN,8Xa6WmGiQa-ociUv-CdSYA
HashableBraces#0565,1633438010644,3,90026,86605,270079,10.0,0,30,30,2,2144,SUCCESS,270079,OPEN,cev84hT_Q8iiZpLXS9lYEw
Lenahoney,1634376148186,3,90046,85992,270138,16.0,0,48,48,1,2145,SUCCESS,270138,OPEN,umqHWAGMSimOEfp5FQyrGw
DeepSpeed,1635213532948,3,90047,79750,270143,18.0,0,54,54,1,2146,SUCCESS,270143,OPEN,45U4hf3-R-uKGk7taK2z8A
NeuralCircuit#3459,1633585979808,3,90096,86674,270288,10.333333333333334,0,31,31,2,2147,SUCCESS,270288,OPEN,9QHSE6TOR2GjAOS46UhfUw
MachineEngineer#8939,1633735449364,3,90113,85676,270340,18.333333333333332,0,55,55,1,2148,SUCCESS,270340,OPEN,U0xfv3gDTgSSm0pUZR_akw
CompleteScript#1513,1633363904580,3,90142,75536,270426,8.0,0,24,24,3,2149,SUCCESS,270426,OPEN,Lns7VX2KQEiixFnSPFoEJg
BlockchainNotation#6669,1634307096023,3,90158,87533,270475,7.666666666666667,0,22,23,1,2150,SUCCESS,270475,OPEN,5lYOKKNpTqyH6vgKVl_3vQ
UnicodeNumber#6605,1634558201484,3,90262,81856,270788,17.0,0,51,51,1,2151,SUCCESS,270788,OPEN,1Fz5-e3XTUu98GDQqiXh6w
AndreiReentovich,1633802835057,3,90280,83916,270840,9.0,0,27,27,1,2152,SUCCESS,270840,OPEN,nCOT2mzhT-S36nlDI27Bxg
DigitalValue#3288,1633215667375,3,90282,86646,270846,8.0,0,24,24,1,2153,SUCCESS,270846,OPEN,ShPkVWgaRpeOREwG4LGYAw
LeetNode#0374,1633949732468,3,90361,81820,271085,7.0,0,21,21,1,2154,SUCCESS,271085,OPEN,7UbDg7TsQVObNduK6ZguzA
Zero-dayResource#5238,1633256027530,3,90419,90131,271259,10.0,0,30,30,1,2155,SUCCESS,271259,OPEN,3SCpFbIMRO6NYzG4VHk_ow
kaushikm1997,1635145893674,3,90448,86135,271346,17.666666666666668,0,53,53,2,2156,SUCCESS,271346,OPEN,3KmqM9l7Shu9KjbINMwcVA
WebLambda#3735,1633539903556,3,90604,86152,271813,7.0,0,21,21,1,2157,SUCCESS,271813,OPEN,sW9fJhBhRKW1XoA3hwVJag
MaksymBilohai,1633604712239,3,90669,83061,272007,17.333333333333332,0,52,52,1,2158,SUCCESS,272007,OPEN,gq24TRb9T06nObtsKbDBhw
Twin-Cam,1634878750944,3,90710,86275,272132,20.0,0,60,60,1,2159,SUCCESS,272132,OPEN,YPndET5vTBqX6Sf9cBepEw
InteractivePackage#3586,1633455034923,3,90712,83465,272136,20.333333333333332,0,61,61,2,2160,SUCCESS,272136,OPEN,MYT04xiZTH-dAiEvmesFQA
CrypticDelta#7302,1633939039587,3,90768,89217,272305,10.333333333333334,0,31,31,1,2161,SUCCESS,272305,OPEN,f6WrJ58FRpaRhWT-1C5uYQ
IterativePatch#4288,1634020965452,3,90888,90597,272664,10.0,0,30,30,1,2162,SUCCESS,272664,OPEN,kKCXAqViTMCokUinwNX4XA
QualifiedAbstraction#1725,1633450109116,3,90937,87947,272813,10.0,0,29,30,1,2163,SUCCESS,272813,OPEN,R9mzFOy9RbSOtcezZFY2Ag
PrimeExpression#0335,1634376132950,3,90977,75601,272933,14.666666666666666,0,44,44,1,2164,SUCCESS,272933,OPEN,pcvVrSSzRZybU9Y0EagtUg
InfiniteBooster#3968,1635138132798,3,90995,87203,272986,10.666666666666666,0,32,32,1,2165,SUCCESS,272986,OPEN,7YMkrB3xTLik2EZfBiWRlA
Brave,1634206264851,3,91024,88594,273074,9.666666666666666,0,29,29,2,2166,SUCCESS,273074,OPEN,qy9UJ96eQX-GQOrY6rcv4Q
MobileLoop#3746,1633690209499,3,91162,90867,273486,20.0,0,60,60,1,2167,SUCCESS,273486,OPEN,eu_OJJnzRwGt-YovOXxmYQ
ContinuousBottleneck#4951,1634956430039,3,91225,88667,273675,20.666666666666668,0,62,62,1,2168,SUCCESS,273675,OPEN,W1HhqEreQVCBEEPD-fyMxA
Rarymrof,1633192204521,3,91225,86326,273676,11.0,0,33,33,4,2169,SUCCESS,273676,OPEN,j6DLf0ypScauWrgMLHUwQg
SolvableSequence#2199,1633661945766,3,91375,86804,274127,20.333333333333332,0,61,61,1,2170,SUCCESS,274127,OPEN,zU3j6TtKQEOeyuUIBAfSaw
IgorKogan1,1634043924876,3,91383,84751,274150,18.0,0,54,54,5,2171,SUCCESS,274150,OPEN,m9pjbHsQTn6zhJOx9nfaVg
SergeyYurkevich2,1633442153673,3,91412,75811,274236,20.333333333333332,0,61,61,2,2172,SUCCESS,274236,OPEN,LtKQuvxGTSuIBhndGdsDIg
Invictus2014,1633371405996,3,91486,91201,274459,11.0,0,33,33,2,2173,SUCCESS,274459,OPEN,mr3pHUq_SdWSa_bB8sBDWw
NestedContext#9981,1633693365322,3,91600,86929,274801,7.666666666666667,0,23,23,2,2174,SUCCESS,274801,OPEN,7CGxAf-VSBWFXTfdauHFTw
GammaMethod#3206,1633540764093,3,91867,87138,275602,9.666666666666666,0,29,29,2,2175,SUCCESS,275602,OPEN,u8X-yA6KRsaW5vMetUn65A
PavelHorbach1,1633440372490,3,92170,88544,276512,20.0,0,60,60,1,2176,SUCCESS,276512,OPEN,VV2R1-5mSRmy7_SGsL6vyg
RRY,1633519400135,3,92205,91609,276617,18.333333333333332,0,55,55,1,2177,SUCCESS,276617,OPEN,bFg4sk9fRuqqaRMpNQDE3g
SquareSlice#6244,1633694470452,3,92233,85148,276701,10.666666666666666,0,32,32,5,2178,SUCCESS,276701,OPEN,3mIl6bz4TDqvYe-PAWnKiA
BrainyWorkaround#5566,1635245189475,3,92328,87601,276984,10.333333333333334,0,31,31,1,2179,SUCCESS,276984,OPEN,BBQXDGjMRdmLaZ8i8NpqpQ
CrypticAnalyst#9665,1634746988931,3,92419,88312,277258,10.333333333333334,0,31,31,2,2180,SUCCESS,277258,OPEN,CX26T2afS-GdLVor1rfn8w
yunamiyamoto,1634732116852,3,92450,89541,277350,11.0,0,33,33,1,2181,SUCCESS,277350,OPEN,Zq0AkOWGQ3KGcS1MPNL3Fg
Lasty,1633685971002,3,92685,89979,278057,11.0,0,33,33,1,2182,SUCCESS,278057,OPEN,oTr2m4V6T5ayoCJ0u2Aj2w
QualifiedFix#7721,1633763859691,3,92758,92049,278276,10.0,0,30,30,1,2183,SUCCESS,278276,OPEN,8_BNiE2HTpeyJIesZB5CLg
SquareBraces#0648,1634524861518,3,92937,91878,278811,17.333333333333332,0,52,52,1,2184,SUCCESS,278811,OPEN,3fcpzcfIRtSR10D1tz9hEA
RajlakshmiPatil,1633079909292,3,92977,86992,278933,19.333333333333332,0,58,58,11,2185,SUCCESS,278933,OPEN,NbbGr9FPQXeTUv0vxLoe_A
CleanCharacter#6709,1634257336775,3,93148,86474,279445,9.0,0,27,27,1,2186,SUCCESS,279445,OPEN,-TnPI7wTSjOUqq1xlj9byA
ImportantLambda#1746,1633960216823,3,93206,90077,279618,8.666666666666666,0,26,26,2,2187,SUCCESS,279618,OPEN,F9q4MJMwRRC9zT0sRc5HrA
ComplicatedContext#8533,1633405613879,3,93206,86732,279620,21.0,0,63,63,1,2188,SUCCESS,279620,OPEN,h_iAWhgZTBe3VGGO7qkaOg
ArtificialDiff#0556,1634011606559,3,93451,91869,280354,17.333333333333332,0,52,52,1,2189,SUCCESS,280354,OPEN,IntZ5SwvR5yRo7XvW08P0g
NPI-Team,1635287688901,3,93467,90932,280402,11.666666666666666,0,35,35,1,2190,SUCCESS,280402,OPEN,6rLA-dHhS7SJ1wv2Ak9ohg
CompleteRequirements#7953,1633111987831,3,93509,87928,280528,13.333333333333334,0,40,40,1,2191,SUCCESS,280528,OPEN,hLe8zQSpRZy4i6-6N431cg
snowman#1,1635068776752,3,93518,87408,280556,19.666666666666668,0,59,59,8,2192,SUCCESS,280556,OPEN,nllJUeVjSnKZcd1yYp4GJw
FungibleTag#6308,1635053626529,3,93580,90132,280742,21.0,0,63,63,2,2193,SUCCESS,280742,OPEN,0T9DSRbdRtaUq_XYUr5GMQ
Eagles564,1634769964465,3,93642,91930,280928,20.333333333333332,0,61,61,1,2194,SUCCESS,280928,OPEN,IdMdLNjTQ1WoLtvZSgPLVQ
CompleteConsole#9804,1633721594963,3,93707,91062,281121,21.666666666666668,0,65,65,2,2195,SUCCESS,281121,OPEN,6H2NzX2yTBuUkT3bBwvD-g
Couldnt-GetaDeLorean,1634748818216,3,93868,88506,281605,7.333333333333333,0,22,22,1,2196,SUCCESS,281605,OPEN,Z6j9ekp2SFya02eLxo6imQ
SatLuke25,1634930328201,3,93893,89208,281679,8.333333333333334,0,25,25,1,2197,SUCCESS,281679,OPEN,hD4VUpYZS4eZc9MilAE6Ew
QuickFix#4982,1634267594356,3,93905,83132,281717,20.0,0,60,60,1,2198,SUCCESS,281717,OPEN,zxnnNsckRP6ZZbEVSvItmg
ProvisionalLog#6660,1633389304865,3,93984,92807,281953,11.333333333333334,0,34,34,1,2199,SUCCESS,281953,OPEN,JM7G4Mb8TSuYkjS0ARTeqA
ContinuousClass#0510,1635286242795,3,94258,85131,282774,7.0,0,21,21,4,2200,SUCCESS,282774,OPEN,wX898ucnRwqqggpF25kn9Q
IterableInterface#3034,1634886392562,3,94488,90038,283464,17.0,0,50,51,1,2201,SUCCESS,283464,OPEN,pmstx4juQcyfnVZlXiGPsQ
DraftPatch#1729,1635299554268,3,94658,87513,283976,20.0,0,60,60,1,2202,SUCCESS,283976,OPEN,JtD9h1UpRs2tC0m1DgQrrg
RobotLog#9559,1633552010106,3,94767,87605,284303,12.333333333333334,0,37,37,1,2203,SUCCESS,284303,OPEN,SxBMW2uZSfuPG_l9cxjjlQ
EsteemedTag#5460,1635179888832,3,94783,79602,284351,10.333333333333334,0,31,31,1,2204,SUCCESS,284351,OPEN,iOUqe_7WTBmFntTah2EMOQ
BetaTable#6429,1633740318347,3,94860,91526,284581,8.333333333333334,0,25,25,2,2205,SUCCESS,284581,OPEN,b2Kpk_XZQCW5OkFqxeAdJQ
ComplicatedPointer#5569,1633313220016,3,94977,89259,284931,20.666666666666668,0,62,62,1,2206,SUCCESS,284931,OPEN,xNbJubtNTDKlzzAH0ndHDw
KnightRiderAndKitt,1635204742627,3,95088,79796,285264,19.0,0,57,57,1,2207,SUCCESS,285264,OPEN,272d5f3f0caf460a822b5Q
ProcessingMachine#2506,1633786966652,3,95218,85067,285654,10.0,0,30,30,1,2208,SUCCESS,285654,OPEN,f38Dq4A7T6mtd5j7UHsToA
IterativeCoder#4668,1634748845135,3,95402,90606,286207,20.333333333333332,0,61,61,1,2209,SUCCESS,286207,OPEN,r7BEMFmqQjms2qpfNsLz8g
skimobile,1635291740137,3,95414,88273,286244,17.0,0,51,51,3,2210,SUCCESS,286244,OPEN,JmYdrrgMRMyA9R0F8naqmQ
1victor,1634932469290,3,95451,90612,286355,12.666666666666666,0,38,38,1,2211,SUCCESS,286355,OPEN,ByW576YETY28cwHxfL27ow
MechanicalConsole#2165,1634377248755,3,95538,94471,286615,11.0,0,33,33,2,2212,SUCCESS,286615,OPEN,N5Y9h36ERJWPx1KzizDXFw
MouhcinOs,1635272261566,3,95621,88596,286865,13.666666666666666,0,41,41,1,2213,SUCCESS,286865,OPEN,_43_GNVOR7uMn4CuukIo9A
BigState#0512,1633216476364,3,95653,91478,286961,10.0,0,29,30,1,2214,SUCCESS,286961,OPEN,muxyvO9fSw-4ef4osp5ZJg
slothushka,1633524648741,3,95688,84745,287065,9.333333333333334,0,28,28,1,2215,SUCCESS,287065,OPEN,s-d3DFqVRtG6TCRO2O8UzA
MarOrVel,1635174535594,3,95693,89267,287081,10.666666666666666,0,32,32,1,2216,SUCCESS,287081,OPEN,Dhz28EoUTsKEWr11ewrnfQ
ShowMeTheMoney,1633927055794,3,95910,95003,287731,11.666666666666666,0,33,35,2,2217,SUCCESS,287731,OPEN,2HiS3RhtQWmnmYhftx18NA
BeeSpeed,1634066796959,3,95956,92140,287869,11.333333333333334,0,34,34,1,2218,SUCCESS,287869,OPEN,Mb8r_YL_TFq8FmBJD3Qb5g
AsynchronousGame#3396,1633919397457,3,96066,92528,288200,21.0,0,63,63,1,2219,SUCCESS,288200,OPEN,ogjLyg6vSEOpdFYpqIDMzg
Marysol,1634271754296,3,96139,86469,288418,17.0,0,51,51,1,2220,SUCCESS,288418,OPEN,SKjij203RkKQgYvysY8O4A
ASCIIBuster#8793,1634587000357,3,96261,94125,288784,11.0,0,33,33,1,2221,SUCCESS,288784,OPEN,6d1eTFsAS1OLcDx17K2y2w
Gundam0079,1633486528244,3,96262,94663,288786,22.333333333333332,0,67,67,7,2222,SUCCESS,288786,OPEN,eLnerUI3RDGj730QqnPs4Q
PrimeParameter#9508,1634009833965,3,96558,85686,289676,11.0,0,33,33,1,2223,SUCCESS,289676,OPEN,N0Lx6KWNQP-3WmqRv-H_EA
QuickDelta#9885,1633064297956,3,96596,91334,289789,15.0,0,45,45,1,2224,SUCCESS,289789,OPEN,Jl2Fd72kQ-6y4d8OVj0kZQ
Riding-Machine,1634902789315,3,96601,85124,289805,6.333333333333333,0,19,19,1,2225,SUCCESS,289805,OPEN,0eNFypqATGW8wGr1hIFBJg
mirandac,1634225726372,3,96715,93735,290145,9.333333333333334,0,27,28,1,2226,SUCCESS,290145,OPEN,bMlHSvNJQVWDCfL37l9B_A
ProgrammingServer#0903,1633365640358,3,96717,89337,290152,12.0,0,36,36,3,2227,SUCCESS,290152,OPEN,YnVqaqTHQ2edu_0NiUf1qQ
NeuralSchematic#8624,1633785642321,3,96752,86396,290256,9.0,0,27,27,2,2228,SUCCESS,290256,OPEN,u6lzN7iJT5ib-mAVSF2qtw
PassingTest#4974,1634812144958,3,96781,93200,290345,20.0,0,60,60,3,2229,SUCCESS,290345,OPEN,e0_MB9K1Qn23Y2hHixWWVw
UnboundTheory#6210,1633477827418,3,96839,91107,290518,10.0,0,29,30,1,2230,SUCCESS,290518,OPEN,y_tsXTNQRB-f4rnFasyeXA
NeuralNetwork#7024,1633548624700,3,96953,93735,290860,9.333333333333334,0,28,28,1,2231,SUCCESS,290860,OPEN,bZSpZ01rQXuTFkHgePhw2g
UsableFix#8855,1633113887848,3,97057,91631,291173,10.0,0,30,30,1,2232,SUCCESS,291173,OPEN,HXSjbtmTSaCc92709jUbmw
ImportantRequirements#8931,1633687272971,3,97067,87342,291202,11.666666666666666,0,35,35,4,2233,SUCCESS,291202,OPEN,nRvGOEQrRGKV4EaaXQe8FQ
VladimirStarostenkov,1633168921399,3,97113,94201,291339,6.0,0,18,18,5,2234,SUCCESS,291339,OPEN,mpIfuJB6Tv-C9dg8ev9Uzg
MechanicalTest#2387,1633611067881,3,97243,89547,291729,19.0,0,56,57,1,2235,SUCCESS,291729,OPEN,l3NoUMvaQ5yld8opgYzd-g
NullSemicolon#1702,1633680065828,3,97407,94813,292222,21.666666666666668,0,65,65,2,2236,SUCCESS,292222,OPEN,2VGxU3rPQaKjuvkzFtMRLQ
ArtificialZone#3202,1633685483588,3,97414,91693,292242,19.666666666666668,0,59,59,3,2237,SUCCESS,292242,OPEN,wGJb6qRWQvelfaqoxukjhA
feder240516,1633494451772,3,97430,83418,292292,9.666666666666666,0,29,29,1,2238,SUCCESS,292292,OPEN,TZp4Gm0fQFe1jgpuy42G2g
ConnectedSemicolon#5282,1634271029258,3,97551,90524,292653,15.666666666666666,0,47,47,3,2239,SUCCESS,292653,OPEN,jYQPW2eURz66jjTv-oxmAQ
Neti#to,1633831973952,3,97598,90536,292795,9.666666666666666,0,29,29,3,2240,SUCCESS,292795,OPEN,j92eC-YyRL-a_od4Kf4cQA
JeremyOng,1633755471492,3,97849,97140,293549,21.0,0,63,63,4,2241,SUCCESS,293549,OPEN,LFjLNk2US8m7RwyJpPniSA
ImmutableDataset#8556,1634646290346,3,97869,93079,293607,22.333333333333332,0,67,67,1,2242,SUCCESS,293607,OPEN,xemUeThmS_GsYAH1om4qZA
MemoryCoder#6782,1635154569276,3,98096,93724,294289,12.333333333333334,0,37,37,1,2243,SUCCESS,294289,OPEN,dYvJ3kicR7maX8jbfXyYfQ
GlobalLine#1496,1633550060778,3,98129,96463,294387,5.333333333333333,0,16,16,2,2244,SUCCESS,294387,OPEN,UI_2rl0pSCuOGREOGuNDFA
test-liujun02,1633685945163,3,98607,94874,295821,13.0,0,38,39,1,2245,SUCCESS,295821,OPEN,Yx-RPbWEQkS6NVbh6mc0EA
Nayswizzle,1635266728993,3,98694,83338,296083,21.333333333333332,0,64,64,1,2246,SUCCESS,296083,OPEN,fpqlZPy9TAeZ1Qvz2BU5CQ
ThuhGuvinata,1635288951502,3,98709,96197,296128,21.666666666666668,0,65,65,1,2247,SUCCESS,296128,OPEN,tykKSHrtTGi4ScALlIZaFg
SamSmooth,1634912165385,3,98934,89663,296802,14.333333333333334,0,42,43,11,2248,SUCCESS,296802,OPEN,EJi33zirROWjV0DfaazZkA
ProcessingAbstraction#6407,1633294374755,3,98953,96678,296860,12.666666666666666,0,38,38,1,2249,SUCCESS,296860,OPEN,qql_h0J0QMStAQgERMZH2A
UnboundMachine#0037,1633450682169,3,99021,95814,297065,9.666666666666666,0,29,29,1,2250,SUCCESS,297065,OPEN,GMeMxeJXRG-uQmjOLUhOpA
piccoro,1635260126862,3,99139,91868,297418,23.0,0,69,69,5,2251,SUCCESS,297418,OPEN,FZ9To_3PTKWeCD9nMnOM_g
UpgradedDataset#9580,1633061191391,3,99555,95071,298666,12.333333333333334,0,37,37,1,2252,SUCCESS,298666,OPEN,X_wqV77sS9usQ2heRUgl1A
SiarheiSlabadniak,1633817389950,3,99597,98601,298792,23.666666666666668,0,71,71,2,2253,SUCCESS,298792,OPEN,5PIyUFQ4TUCJ9KbCNnRJEQ
carz9,1634828800264,3,99845,89598,299537,16.0,0,48,48,4,2254,SUCCESS,299537,OPEN,IrKBFuaAR9-Qc1CWGSNWlw
Continuous486#7550,1633846932094,3,99896,91683,299690,13.0,0,39,39,1,2255,SUCCESS,299690,OPEN,yj-rGwYhSx2UEd45eJ50iw
CyberneticRequirements#0444,1634885325707,3,99928,94207,299786,7.0,0,21,21,2,2256,SUCCESS,299786,OPEN,zU_LjW-tRyOoXnIM7m66fQ
ITBA-simple,1633655484138,3,100031,85637,300095,18.333333333333332,0,55,55,1,2257,SUCCESS,300095,OPEN,3Hq04YC-SyWohdZrvNkGQQ
FiniteSpec#2057,1633098110844,3,100182,87797,300546,12.666666666666666,0,37,38,1,2258,SUCCESS,300546,OPEN,RxR4yba6SAaYL4qxwDmaSw
HigherEngineer#8269,1633855511355,3,100753,78469,302259,13.0,0,39,39,2,2259,SUCCESS,302259,OPEN,fsXYS9LyQKG8Rga-hVg_xA
DesktopComment#7789,1635245339375,3,100819,94134,302459,13.0,0,39,39,3,2260,SUCCESS,302459,OPEN,anhNdFzGTNSRdJ__39urLg
MemoryMethod#0244,1634070468467,3,100999,92874,302999,14.666666666666666,0,44,44,2,2261,SUCCESS,302999,OPEN,jBu8WMsaSH6J-1fn2287rA
CleanArchitect#2778,1633107266649,3,101009,96254,303029,13.333333333333334,0,40,40,1,2262,SUCCESS,303029,OPEN,jPMAcKK3Q3e1Iljz6SQlkg
AgileAbstraction#8981,1634649986773,3,101286,97854,303860,12.666666666666666,0,38,38,1,2263,SUCCESS,303860,OPEN,4E4TPuCJS1WttLI7A_U5gw
PathingLog#8489,1633870531540,3,101578,97200,304735,13.333333333333334,0,40,40,1,2264,SUCCESS,304735,OPEN,gSypb8PoS_mXcoKTb1hdhQ
PathingNotation#0837,1634651502818,3,101838,97440,305514,14.0,0,41,42,1,2265,SUCCESS,305514,OPEN,6ptxdG_kR-mxYr1CJfYJ3w
LoopingString#8791,1633259896288,3,101938,100738,305815,13.333333333333334,0,40,40,1,2266,SUCCESS,305815,OPEN,imLnIld-QwWI_LrOl1ymDw
ThisEngineer#4942,1634471266385,3,101944,101208,305832,11.333333333333334,0,34,34,1,2267,SUCCESS,305832,OPEN,JKFoHaIzSdqTxwNlXORLEA
AutomatedClass#4519,1633789554404,3,102072,97345,306216,13.333333333333334,0,39,40,1,2268,SUCCESS,306216,OPEN,P7pOBGmyROWtG7LFjle-_g
RenegadeJuan23,1633947096720,3,102508,96382,307525,15.333333333333334,0,46,46,1,2269,SUCCESS,307525,OPEN,BNHE6ORASomZf29NKePW3Q
CompleteLoop#9398,1633856371006,3,102552,96603,307657,13.666666666666666,0,41,41,2,2270,SUCCESS,307657,OPEN,lM1Wo9DBRj-EoC5khRAQ2w
SequentialNode#2223,1633839360621,3,102770,97680,308310,11.333333333333334,0,34,34,1,2271,SUCCESS,308310,OPEN,rjNEsksASTm0OwJeDltJeg
AccessibleConsole#8903,1633452801190,3,102862,98603,308587,13.666666666666666,0,41,41,2,2272,SUCCESS,308587,OPEN,UD4MKNxvRQ6e7xjVgJ3ZFw
OleksandrTaranovskyi,1633742620213,3,102981,90078,308943,23.333333333333332,0,70,70,6,2273,SUCCESS,308943,OPEN,KjKBLkOrRwqZEikBRJ7TBQ
double-u-corp,1634894520405,3,103198,102930,309594,13.0,0,39,39,1,2274,SUCCESS,309594,OPEN,2Y1eGve8TembuLLfWbW-ig
RocketValue#2714,1633048813085,3,103205,98547,309617,20.0,0,58,60,1,2275,SUCCESS,309617,OPEN,K8BpNOfASQiDIEZcZYVCkw
ComplexSchema#6313,1634770359391,3,103237,99144,309712,13.0,0,39,39,2,2276,SUCCESS,309712,OPEN,JihGn3aCToKrFqJGcjbeAw
SecureLanguage#0187,1633510749095,3,103265,98135,309795,21.333333333333332,0,64,64,1,2277,SUCCESS,309795,OPEN,uyh0NYkERamy-JUMnLqRCw
LUVLeyva,1634228807012,3,103320,98538,309961,10.0,0,28,30,2,2278,SUCCESS,309961,OPEN,LtmH5rjpR-qDTxxno7vcMA
BackloggedHypothesis#3080,1634758488387,3,103378,96668,310135,12.666666666666666,0,38,38,1,2279,SUCCESS,310135,OPEN,NWDdpEfYSD2iBs6opDQiiA
CoolDude0103,1635226688416,3,103540,101276,310622,11.666666666666666,0,35,35,1,2280,SUCCESS,310622,OPEN,l244DHZxQm6XhhStI5I0FA
Jeremy,1633280632279,3,103626,100679,310879,23.0,0,69,69,1,2281,SUCCESS,310879,OPEN,UW_hVf9RQTyNNwcvoEYIbA
QualityMetaclass#8229,1633998408641,3,103672,95470,311018,16.333333333333332,0,49,49,1,2282,SUCCESS,311018,OPEN,YEGRy_IKT1i4NeI1QcvH9w
TechnicalArgument#5514,1633619002978,3,103829,95805,311489,20.0,0,59,60,1,2283,SUCCESS,311489,OPEN,pAPwlXqvR06HxGSorN1Geg
Sweet-tooth,1633753767665,3,103994,102689,311984,6.0,0,17,18,1,2284,SUCCESS,311984,OPEN,FExXIozxTXi0FsvpWxwVSA
Thirisha,1634963917183,3,104026,96006,312078,19.0,0,56,57,3,2285,SUCCESS,312078,OPEN,S05sal-lT8uBKNb5YKNoaQ
SequentialDocumentation#7588,1633597149118,3,104085,96989,312255,13.666666666666666,0,41,41,1,2286,SUCCESS,312255,OPEN,FWBWkOCaToi6zZJmslGixw
LoopingArgument#3590,1633128485838,3,104093,102133,312280,14.666666666666666,0,41,44,1,2287,SUCCESS,312280,OPEN,mT24j_QLRlq5AO6_YL9hqQ
rishavmuk,1635224117930,3,104314,92053,312943,13.666666666666666,0,40,41,1,2288,SUCCESS,312943,OPEN,VFSTQ8jSSM2V-LhhPz7g2w
DmitryShasholko,1633286803488,3,104354,96068,313064,24.333333333333332,0,72,73,1,2289,SUCCESS,313064,OPEN,8w0_J2blQ9GI1wN3Ymq33g
ASCIIBrackets#1242,1633431549089,3,104854,102534,314562,18.666666666666668,0,56,56,1,2290,SUCCESS,314562,OPEN,sL-y5gcqStGOaxueKGIezg
PassingDebugger#0649,1634807299641,3,105139,96545,315417,14.0,0,42,42,2,2291,SUCCESS,315417,OPEN,Q2bL5x8WTXuuoD3WTAsOuA
crazy-race,1635260571718,3,105610,93011,316830,21.0,0,63,63,1,2292,SUCCESS,316830,OPEN,4uRclIlQQryMJJUrHayPDA
PrimeZone#0343,1633212824597,3,105664,101798,316993,15.0,0,45,45,1,2293,SUCCESS,316993,OPEN,BbJ5iITRSIyo3OZUdqZhiw
UsableLog#4204,1634740087870,3,105868,99228,317604,15.666666666666666,0,47,47,1,2294,SUCCESS,317604,OPEN,oQMFDmUfR5OW5cICcP24vg
Lightfinger,1634896570471,3,105892,104683,317677,18.666666666666668,0,56,56,3,2295,SUCCESS,317677,OPEN,RLG2N18FS5uhSCRppX9nUw
IterativeConsole#1107,1634874211538,3,106162,102416,318488,14.333333333333334,0,43,43,1,2296,SUCCESS,318488,OPEN,dYPsvh-GTP6M653xiTiMjA
TestingConsole#9846,1634738354224,3,106557,102739,319673,23.0,0,69,69,1,2297,SUCCESS,319673,OPEN,ZSZcIOSJTuST7un4aBzC7A
SquareNode#6246,1635182822855,3,106573,98598,319719,15.0,0,43,45,1,2298,SUCCESS,319719,OPEN,h3oHhrukSCif-BH57poJiA
MachineEnvironment#2926,1634022662925,3,106578,102673,319734,14.0,0,42,42,1,2299,SUCCESS,319734,OPEN,HG-0fpIpRn6AFlnWKkJ8MQ
VariableToken#6215,1634976510315,3,106920,99342,320761,15.0,0,45,45,1,2300,SUCCESS,320761,OPEN,LTGCXthfTK6jViB4jgmNBA
StormX-05102021,1634043811710,3,106945,97929,320836,21.0,0,63,63,2,2301,SUCCESS,320836,OPEN,0wY8dgGAQiKjB8nq7vbcXg
DeepMethod#1671,1633582404299,3,107405,103882,322215,11.666666666666666,0,35,35,1,2302,SUCCESS,322215,OPEN,g2L9UZGTRzaMJRBUbq5eLg
ImmutableSystem#2559,1634976887924,3,107802,93668,323406,23.0,0,69,69,1,2303,SUCCESS,323406,OPEN,bXwSP3oKT_es7yu50Q-kPg
FormulaicClass#4889,1633547146747,3,107823,104931,323469,20.666666666666668,0,62,62,1,2304,SUCCESS,323469,OPEN,bJcdotS0Quuqdv4QYn8sDA
PassingMetaclass#1184,1633612203903,3,108379,104467,325139,13.0,0,39,39,1,2305,SUCCESS,325139,OPEN,6fsxwso7QTSPjuR-4hrYVg
racer199626#,1635231185421,3,108646,95767,325939,16.0,0,47,48,1,2306,SUCCESS,325939,OPEN,uxgG-UzNSm2veYg1uNbe9Q
QualifiedTester#8401,1633253216932,3,108891,98666,326674,25.0,0,75,75,1,2307,SUCCESS,326674,OPEN,FfvgqP6HQESjy_kRDCIzTg
TestingEvaluation#7058,1633850388688,3,108894,107544,326683,14.333333333333334,0,43,43,1,2308,SUCCESS,326683,OPEN,s1siDA7zQBqMKF5AyOUb7Q
BackloggedCoder#5657,1633596973984,3,109204,105726,327614,22.666666666666668,0,68,68,5,2309,SUCCESS,327614,OPEN,YF5JytLWQrO02meVGMmn9Q
CodeFix#4349,1633695708779,3,109206,91946,327618,25.333333333333332,0,76,76,1,2310,SUCCESS,327618,OPEN,nZ4IY_O3QP-qdgKdnKZ2nA
ParametricPresentation#1819,1633672897742,3,109244,105335,327734,22.333333333333332,0,67,67,3,2311,SUCCESS,327734,OPEN,2dbn7V_aTJCvde84myBu5Q
MachineNode#6156,1635257587767,3,109516,107812,328549,15.333333333333334,0,46,46,1,2312,SUCCESS,328549,OPEN,GZYma0VnSlCyXPa9f5BWpQ
CompleteAnalyst#9121,1633672528098,3,109627,109472,328881,15.0,0,45,45,1,2313,SUCCESS,328881,OPEN,jmFST2DaQiOSQ799xDJPNA
NeuralMethod#0438,1633736141672,3,109757,102874,329273,14.666666666666666,0,44,44,1,2314,SUCCESS,329273,OPEN,6a944Hz4S--52OE2mvFxHA
DeepShell#2338,1633752227440,3,110091,94888,330274,19.0,0,57,57,2,2315,SUCCESS,330274,OPEN,lcOKfZUjR1KiKIjLnyN9NA
BackloggedState#0923,1633657531311,3,110490,107869,331471,15.666666666666666,0,47,47,1,2316,SUCCESS,331471,OPEN,MVIEFnXyQRimK9u09LgWrQ
BetaGame#4469,1633811938379,3,110555,110478,331667,15.0,0,45,45,3,2317,SUCCESS,331667,OPEN,0QxmIP1dQoOUDtskKRBYUQ
BrainyClass#6614,1634927137306,3,110687,106996,332062,17.0,0,51,51,1,2318,SUCCESS,332062,OPEN,5MM2kwRTTIySUYK2ZYd-ug
Zero-dayMethod#1654,1634901061831,3,110834,105353,332502,22.666666666666668,0,68,68,1,2319,SUCCESS,332502,OPEN,O2neA9nIT9WKAWjYg8odcA
GenerativeObject#6346,1634151917178,3,110862,108798,332586,20.666666666666668,0,62,62,1,2320,SUCCESS,332586,OPEN,DF36K_lrQNyYecdR2cj7Uw
BlockchainZone#7015,1634742710690,3,111851,106679,335553,24.333333333333332,0,73,73,2,2321,SUCCESS,335553,OPEN,xLWHaqtbS7upb6WUsMhu7g
SpeedRunnerES,1633554549385,3,111903,96852,335709,15.333333333333334,0,46,46,2,2322,SUCCESS,335709,OPEN,OTqUN2Y4TfShFnbiVCw9DA
Anamika,1635155374472,3,112021,102933,336063,22.333333333333332,0,66,67,2,2323,SUCCESS,336063,OPEN,TmGyu-XjTq2y7fb006I2GA
UnboundPointer#6880,1633341758182,3,112109,108133,336327,15.333333333333334,0,46,46,1,2324,SUCCESS,336327,OPEN,rW5kJc6_Sl6n_zQgZseHqA
F-MEGA,1634234098957,3,112210,101131,336630,18.333333333333332,0,55,55,1,2325,SUCCESS,336630,OPEN,CA9fnMn1RSasuDOeF2zeTA
LukeAtWren,1634911080582,3,112583,107128,337750,17.333333333333332,0,51,52,1,2326,SUCCESS,337750,OPEN,23xosMKaSUm-PNfAOO6pGw
aws-jinhhua,1633750004861,3,112599,108400,337799,25.666666666666668,0,77,77,1,2327,SUCCESS,337799,OPEN,M1lk45CeTLmacKsTyS7G_A
AlexanderMorozov,1633098351781,3,112958,108201,338875,26.333333333333332,0,79,79,2,2328,SUCCESS,338875,OPEN,N1nN69fXSnmf64Qg7QUeTw
DesktopContext#9188,1633335815671,3,113070,104072,339212,26.0,0,78,78,1,2329,SUCCESS,339212,OPEN,oR6WRqQASqawBSfEsIGigw
MachineHacker#7343,1634999286699,3,113384,107544,340153,12.666666666666666,0,38,38,2,2330,SUCCESS,340153,OPEN,FFy8KHfTQYKJMKQUp-p0lw
NumericPointer#7409,1634110825507,3,113701,109542,341105,23.333333333333332,0,70,70,1,2331,SUCCESS,341105,OPEN,PWD8hZGeT4-JJtI5MqcZDA
JavaUpdate#0252,1633540758796,3,113706,105852,341119,18.666666666666668,0,55,56,1,2332,SUCCESS,341119,OPEN,croktW2JSD6HBiRFEiITgg
Fast-And-Furious,1634022894155,3,114302,109462,342907,27.333333333333332,0,82,82,2,2333,SUCCESS,342907,OPEN,zl8yl9ZgTsiLmjpPGbKOKg
wheelspin14,1634070139155,3,114498,113108,343495,17.666666666666668,0,51,53,1,2334,SUCCESS,343495,OPEN,dSnKy8nETLieyhrVC7el4A
ProvisionalError#4895,1633117882431,3,114556,111328,343669,14.333333333333334,0,42,43,1,2335,SUCCESS,343669,OPEN,xEBGMZGcQtGjtVi0RQ7Ygw
CodeTable#6089,1633790738699,3,114687,106143,344061,25.333333333333332,0,76,76,2,2336,SUCCESS,344061,OPEN,UCVm-Q09QS62XfB8ZHfFyA
RecursiveLog#2272,1633624354404,3,114912,107919,344736,16.0,0,48,48,2,2337,SUCCESS,344736,OPEN,GEcF490jTUmqn-Q49dR9aQ
TestingBraces#8184,1633345683671,3,115378,109190,346134,19.0,0,56,57,4,2338,SUCCESS,346134,OPEN,-wFy45EESHK8mVtJ3jXaNw
Aiton-Sensor,1633707951458,3,115821,95602,347463,14.666666666666666,0,42,44,1,2339,SUCCESS,347463,OPEN,NW5tLk54Ty-pFIF8AjzflQ
ProcessingUpgrade#8645,1634319109275,3,116540,96393,349620,25.666666666666668,0,77,77,1,2340,SUCCESS,349620,OPEN,VbIv4slSRyiquIFGDcpruA
Pidong,1635239081999,3,116730,114401,350192,17.666666666666668,0,53,53,3,2341,SUCCESS,350192,OPEN,Tkpcsi_BSzCUc3Dm-33nSg
MoayadHn,1633686136732,3,117112,114683,351336,27.666666666666668,0,83,83,1,2342,SUCCESS,351336,OPEN,YRSJGeYySxWLQfKHisYgMA
NoahRaygoza,1633106981236,3,117330,114136,351990,25.333333333333332,0,76,76,1,2343,SUCCESS,351990,OPEN,pZ2levzqTfW1ySgsAHT4uA
aj3x,1633822163595,3,117421,90064,352264,27.666666666666668,0,83,83,1,2344,SUCCESS,352264,OPEN,SasMidQsRtq9epmta_NesQ
SamSepiol,1635272052562,3,117491,115071,352473,27.0,0,81,81,6,2345,SUCCESS,352473,OPEN,merrR2b7T-GxDiN6SckMTA
LeetNode#1060,1634698654831,3,118231,109482,354695,18.333333333333332,0,53,55,1,2346,SUCCESS,354695,OPEN,yA8ukPEIRDqJsIONr6l-_A
ConnectedArray#5807,1634625818048,3,118377,110322,355131,18.0,0,54,54,1,2347,SUCCESS,355131,OPEN,2aX2IrIsRfaZ6o7UVbKxKQ
CrypticBooster#3016,1635154997847,3,119197,115131,357591,18.0,0,54,54,1,2348,SUCCESS,357591,OPEN,ycj0VKUCSBinjxYeedki0w
Tirine,1635244965447,3,119285,90522,357856,21.666666666666668,0,65,65,1,2349,SUCCESS,357856,OPEN,ZlaAiQB_Q9KUnaGvF0Y7Ig
ivan,1635251896589,3,119585,108460,358755,22.0,0,66,66,1,2350,SUCCESS,358755,OPEN,1da56179bb354e368ccecw
CodePatch#9012,1634745643973,3,119760,114485,359281,20.0,0,60,60,1,2351,SUCCESS,359281,OPEN,AUM0rpfXQCGcqh-1lwDYGg
BetaObject#5342,1633862215175,3,119860,112540,359581,18.666666666666668,0,55,56,2,2352,SUCCESS,359581,OPEN,ppQIx0JkTsOxTRgiR4My6g
CurlyZone#1871,1634087461839,3,119962,119933,359886,18.0,0,54,54,3,2353,SUCCESS,359886,OPEN,PqjhpbJZR5OBqXrhXQE53w
SquareAnalysis#3546,1635272069579,3,119986,113478,359959,19.666666666666668,0,59,59,1,2354,SUCCESS,359959,OPEN,6gxMkaNSQKyKbZm9NU3CZw
FuturisticNetwork#5785,1633759541400,3,120571,115150,361715,19.666666666666668,0,57,59,2,2355,SUCCESS,361715,OPEN,g3Kajh0hT-GXp10z3itSeA
PythonExpression#8892,1633467130652,3,120784,111669,362354,19.0,0,56,57,2,2356,SUCCESS,362354,OPEN,PWBKSOaBR0u7lQmG3Geo-A
QuickSilver1947,1633295299309,3,120981,118383,362945,19.333333333333332,0,56,58,1,2357,SUCCESS,362945,OPEN,otxEHCk2SAKBfIx85mfg5A
DeepNumber#9797,1633319472157,3,120982,116792,362947,21.333333333333332,0,63,64,1,2358,SUCCESS,362947,OPEN,aZRPkcZGRr--IP-bJJZirg
filip5114,1634715280589,3,121083,114721,363249,19.333333333333332,0,58,58,1,2359,SUCCESS,363249,OPEN,cwI9fbtvQGefvVD16tENkA
FocusedAnalysis#5926,1633871919306,3,121095,117875,363285,25.333333333333332,0,76,76,3,2360,SUCCESS,363285,OPEN,TYuQVqTASQa7wPDrSGyq2Q
LFS-RedBull-Team2,1635214593266,3,121209,118739,363627,19.0,0,56,57,1,2361,SUCCESS,363627,OPEN,f-gKaOk4Rc68JoXpAToflg
InteractiveByte#0621,1633531877450,3,121225,118209,363677,19.666666666666668,0,59,59,2,2362,SUCCESS,363677,OPEN,RZv64vstTuWoyHxARzDpQw
MemoryContext#3199,1633931624799,3,121522,109210,364566,19.333333333333332,0,56,58,1,2363,SUCCESS,364566,OPEN,IRSzPs1XSYmaEt87qS5sVw
Achelies,1634045535492,3,121715,116337,365146,19.333333333333332,0,58,58,1,2364,SUCCESS,365146,OPEN,qoXiHBnrRkmqLqJ-LPG22Q
FormulaicBottleneck#4799,1633597815230,3,121791,112479,365374,21.0,0,63,63,1,2365,SUCCESS,365374,OPEN,ZEh0niKfQa65lSFdfRU1Rw
mainguy,1634829520615,3,121801,118928,365405,19.333333333333332,0,57,58,1,2366,SUCCESS,365405,OPEN,BRCk8qgQTxyNqced-tcGkg
AgileNetwork#9029,1635168136664,3,121829,115798,365487,19.333333333333332,0,56,58,1,2367,SUCCESS,365487,OPEN,iuLHGlyoTrul8exPayMM8g
BrainyExpression#7630,1634146211004,3,122002,117801,366007,19.333333333333332,0,58,58,1,2368,SUCCESS,366007,OPEN,-TbjJnweQT6us_YRREoYgw
TripleShot,1634290279024,3,122190,118350,366570,29.333333333333332,0,88,88,1,2369,SUCCESS,366570,OPEN,387JZh-bRVaw8o-8N2E0mw
UpdatedBuster#6665,1633924057797,3,122247,118928,366741,19.666666666666668,0,57,59,1,2370,SUCCESS,366741,OPEN,R0RdAni6QASze7631D9BEg
CriticalLanguage#3524,1633300080273,3,122270,120739,366810,28.0,0,84,84,1,2371,SUCCESS,366810,OPEN,WaoCPNMwQBSAfby7taQCnA
AgileNotation#1792,1634367370695,3,122501,114965,367505,18.666666666666668,0,56,56,2,2372,SUCCESS,367505,OPEN,FsQtR0rRQjibospZzxrT_Q
ParametricInterface#7851,1633878804249,3,122535,116203,367606,20.0,0,58,60,1,2373,SUCCESS,367606,OPEN,tVMgH2sbRiSreGVwaT7jww
UnboundLog#2628,1633723612300,3,122809,112883,368427,19.333333333333332,0,58,58,1,2374,SUCCESS,368427,OPEN,jd7LbWRLRRyY6NQse75uew
PrimeDelta#1000,1634011557263,3,122843,122653,368529,19.666666666666668,0,58,59,1,2375,SUCCESS,368529,OPEN,VSFQh8EcRo25FHt05dGCJg
ArtificialDebugger#2325,1634229510942,3,122892,120676,368678,20.0,0,60,60,1,2376,SUCCESS,368678,OPEN,AmDJkZ9NQM6cyLCyftMngg
HelpfulGrid#7655,1634773952258,3,123443,119663,370329,19.333333333333332,0,57,58,1,2377,SUCCESS,370329,OPEN,2ACR-FU-QJ-ln7lVVBDvzA
JACITO,1635266137471,3,123462,120130,370386,19.0,0,57,57,1,2378,SUCCESS,370386,OPEN,2pG89OvlTDOBWiZAtV8-4A
HelpfulEnvironment#8604,1633640308350,3,123665,108860,370997,19.666666666666668,0,58,59,1,2379,SUCCESS,370997,OPEN,pD6k-0m8S4W5BF5TJBwENw
RaceBoo2021,1634925753920,3,124038,122073,372116,20.0,0,58,60,1,2380,SUCCESS,372116,OPEN,T9aEhx6mQvOt27sa0y6qBg
Echeracer-A15Team,1635270784166,3,124056,121767,372168,20.0,0,59,60,1,2381,SUCCESS,372168,OPEN,ix1UgwFrS_Oacj_UUR2pSw
Ride1,1634376151629,3,124328,119155,372984,20.0,0,59,60,1,2382,SUCCESS,372984,OPEN,OD87_HdBQL-1Z2IynmpdyQ
DesktopMetaclass#1961,1633949244726,3,124749,112611,374247,22.0,0,66,66,1,2383,SUCCESS,374247,OPEN,5QhXyw1LQBuYxm4YKylbsg
ComplicatedEvaluation#6917,1633579987773,3,124813,118999,374441,19.666666666666668,0,59,59,2,2384,SUCCESS,374441,OPEN,UcP393ppQ3-fj17v9jnpVA
FunctionalCoder#1447,1634719316968,3,124891,119530,374674,19.666666666666668,0,59,59,1,2385,SUCCESS,374674,OPEN,rLVKyklSReCY6QR8cs4Dpg
UpgradedSchema#1767,1633998091326,3,124935,122606,374807,20.666666666666668,0,62,62,1,2386,SUCCESS,374807,OPEN,ucqzoDmmSG2-7Cty9zbysg
MariusTestingMultiMode,1633693936017,3,124936,119123,374809,20.0,0,60,60,1,2387,SUCCESS,374809,OPEN,xiqbz5pdSYmjBnj-Qxhblg
CodePresentation#5809,1633861934365,3,125177,119336,375533,20.0,0,59,60,1,2388,SUCCESS,375533,OPEN,PTuW7V-jQYqWyuWBdMHxaw
LeetError#7378,1634309799429,3,125178,119472,375536,20.333333333333332,0,59,61,1,2389,SUCCESS,375536,OPEN,nJoOJZdcS3yexxz_wxVGKQ
FuturisticCoder#9318,1633747440044,3,125244,122993,375733,19.666666666666668,0,59,59,1,2390,SUCCESS,375733,OPEN,V820SoXHR2K37_U9HHtlBg
PassingMetaclass#7665,1633752016586,3,125261,121174,375784,27.333333333333332,0,82,82,1,2391,SUCCESS,375784,OPEN,32XUY1OPRuCScdEdLiYB3w
QualityResource#9861,1633467090740,3,125402,118592,376206,20.0,0,60,60,2,2392,SUCCESS,376206,OPEN,X2v4n7pLT727QMDXuLvv6w
Raftaar,1634517685324,3,125609,122810,376827,20.333333333333332,0,60,61,1,2393,SUCCESS,376827,OPEN,i2ZXQABCQlaJmgz5ewETew
HomeLand,1633622395113,3,126337,111612,379011,3.0,0,9,9,1,2394,SUCCESS,379011,OPEN,9c88caabe47b4684962e8w
EncryptedTable#2270,1634916910902,3,126411,120466,379234,17.0,0,51,51,1,2395,SUCCESS,379234,OPEN,uIMCaW2qQkCmzK5peMiJyQ
AlexanderKolyada,1633948180490,3,126568,109759,379706,29.333333333333332,0,88,88,1,2396,SUCCESS,379706,OPEN,Jc96IWWZT1qmf9SjnJWAbQ
GenerativeGlyph#0919,1633274407813,3,126598,123388,379794,20.666666666666668,0,61,62,2,2397,SUCCESS,379794,OPEN,_DTE-1OAT3e13vvEAOQytA
FocusedAbstraction#5193,1634086087185,3,127159,125457,381477,20.333333333333332,0,61,61,1,2398,SUCCESS,381477,OPEN,9gdaNmypQ4KtWQWv3foMWw
RecursiveDataset#6920,1634377215862,3,127330,126132,381992,20.333333333333332,0,61,61,1,2399,SUCCESS,381992,OPEN,8KLN5PMJTfeps3RMAs0JVQ
InfiniteSystem#2144,1633595733404,3,127507,123257,382521,20.333333333333332,0,61,61,1,2400,SUCCESS,382521,OPEN,c77zxwr6Rw-d8OGe7kfciw
UsableGrid#0085,1633577986512,3,127585,115874,382755,21.333333333333332,0,64,64,2,2401,SUCCESS,382755,OPEN,BjdIl2IkRAys8jO4GAvCEA
DigitalResource#2481,1633462199606,3,127681,122326,383043,21.0,0,62,63,1,2402,SUCCESS,383043,OPEN,UJEmXjLJQSa23E08NRCOdA
Matt-Kluska,1634754497350,3,127714,114748,383144,21.333333333333332,0,63,64,1,2403,SUCCESS,383144,OPEN,jzQscwWVQA2vKdAZLH8Wyg
Maury83,1634660276705,3,127718,125854,383155,20.333333333333332,0,61,61,1,2404,SUCCESS,383155,OPEN,ECjw2NMzSe6pwuAdkW72mw
UpdatedTester#8023,1634591270541,3,128076,122349,384228,20.666666666666668,0,62,62,1,2405,SUCCESS,384228,OPEN,XVaTEHc9TVSMJqge939tRg
OleksiiShapovalov,1633333674983,3,128353,124265,385061,31.333333333333332,0,94,94,1,2406,SUCCESS,385061,OPEN,ArI34OL8S0e0WjA-_KeWkw
Team-A20-Racer#007,1635146138249,3,128609,123339,385827,21.0,0,63,63,1,2407,SUCCESS,385827,OPEN,R8rAWAyfRpu0IXrVgrmIiQ
PassingArithmetic#3627,1634474767849,3,128820,127665,386461,22.666666666666668,0,68,68,2,2408,SUCCESS,386461,OPEN,gRflATyQTo-cEfZ--vqZ7A
tsumita,1635222812127,3,128860,118904,386581,21.333333333333332,0,62,64,1,2409,SUCCESS,386581,OPEN,bu6iEvT7Rcq8WbdYCX84CA
BigArithmetic#3357,1633957629546,3,128912,126348,386738,20.666666666666668,0,62,62,1,2410,SUCCESS,386738,OPEN,rNxXU1AsQkSdGZvNBuvtzg
Jonny-Lawton,1634772253559,3,129781,127812,389343,30.333333333333332,0,91,91,1,2411,SUCCESS,389343,OPEN,4A3ykud1SSadwNbIVhaCPw
bhsf013,1635236980101,3,130868,125937,392605,21.333333333333332,0,64,64,1,2412,SUCCESS,392605,OPEN,NAcyCjJeRo6Dpfmit5RRrA
TestingDebugger#6327,1634355120369,3,131096,130872,393288,21.0,0,63,63,2,2413,SUCCESS,393288,OPEN,kKcMQGivTb6-hxBQPQpatQ
ProvisionalScope#7656,1633673307729,3,131262,125323,393787,21.0,0,62,63,2,2414,SUCCESS,393787,OPEN,q0fmh1seTX-PZIqBr81ZKw
CodeSystem#7294,1633077339639,3,131665,130525,394995,28.0,0,84,84,3,2415,SUCCESS,394995,OPEN,8mlp-kLYRiSgekkxKcLqNQ
SequentialDeadline#8310,1633420634771,3,131685,122406,395056,31.666666666666668,0,95,95,1,2416,SUCCESS,395056,OPEN,XLUm_PwpR9STCSh9riGWsA
ProgrammingAnalysis#7724,1635186499195,3,131989,126418,395969,20.333333333333332,0,61,61,2,2417,SUCCESS,395969,OPEN,YAem3IESRZezA5-eC8N6bA
IterableScript#0610,1633591611592,3,132128,124738,396384,20.333333333333332,0,60,61,2,2418,SUCCESS,396384,OPEN,FILOPLLlSeyFKPfI7I6d1A
CreativePresentation#6629,1635210217881,3,132323,125476,396969,22.666666666666668,0,67,68,1,2419,SUCCESS,396969,OPEN,dojNuLKqSMqGCaVE2CGJKA
ASCIISlice#7793,1633361379827,3,133305,128007,399915,25.333333333333332,0,76,76,1,2420,SUCCESS,399915,OPEN,ImZ0UQrES863IkobLtM2vg
UrgentServer#3910,1635164504677,3,133449,132880,400347,22.0,0,65,66,1,2421,SUCCESS,400347,OPEN,7wOUTN1lSGefynIaQ6AI1A
AgainTornadoUpcoming,1634100428634,3,133491,123725,400475,29.0,0,87,87,1,2422,SUCCESS,400475,OPEN,Y8IAWuQBRiWq82ethhnYDA
Zero-dayArgument#0889,1633547210590,3,133544,131338,400633,29.0,0,87,87,2,2423,SUCCESS,400633,OPEN,ccCWcR-dQdW89qx6uy8BMA
RobotDelta#4349,1633209329519,3,133664,131727,400994,23.666666666666668,0,71,71,1,2424,SUCCESS,400994,OPEN,zKpXz7axQ1eYtM1m-JSTmw
InnoServe-fcu-racecar,1634736330715,3,133865,122182,401597,29.666666666666668,0,89,89,3,2425,SUCCESS,401597,OPEN,4l3Dp0IiRXer40PHntrHXQ
HotRod15,1633718039233,3,134850,132808,404552,27.0,0,81,81,1,2426,SUCCESS,404552,OPEN,0HIMMzo3RM2o5s3jM1ZU4Q
john-marinton,1635059019152,3,135067,129475,405202,23.666666666666668,0,71,71,1,2427,SUCCESS,405202,OPEN,39B-cGFsTXWdZAGI2sEoqQ
NullNetwork#3933,1633957683173,3,135524,129195,406573,23.0,0,69,69,1,2428,SUCCESS,406573,OPEN,cBZ0RaK8SYW0WUdIK74XnQ
LadySoup,1633824703985,3,136970,133391,410912,23.666666666666668,0,71,71,1,2429,SUCCESS,410912,OPEN,9eoYJ2QlSNC1SZlV9-CpkQ
AgileConsole#6557,1633880067518,3,137525,127565,412575,25.666666666666668,0,77,77,1,2430,SUCCESS,412575,OPEN,pN8bqfWHTe6N7kMtC96Lfg
SquareDataset#5464,1634943026275,3,137693,131209,413079,23.0,0,68,69,1,2431,SUCCESS,413079,OPEN,qbRMsfsgR9Gv-071Duu0GQ
ArtificialArithmetic#7859,1634926696800,3,142473,133132,427420,26.666666666666668,0,80,80,1,2432,SUCCESS,427420,OPEN,dNQThMn9TlusATomMGWCZg
BackloggedBooster#7302,1633874160245,3,143283,142733,429849,27.666666666666668,0,83,83,2,2433,SUCCESS,429849,OPEN,l-drO5XiS1GtkrvxLAvTYQ
HigherTheory#1864,1633738136348,3,143811,140469,431435,26.666666666666668,0,80,80,1,2434,SUCCESS,431435,OPEN,n4tH-eNxRqux2lonHD0x2w
ThisMetaclass#3298,1633520643998,3,144093,140210,432281,26.333333333333332,0,79,79,1,2435,SUCCESS,432281,OPEN,1Fs-0XKJQZC7sJtqoZFW3w
ImmutableAbstraction#6685,1633119182762,3,144139,137740,432418,25.666666666666668,0,77,77,2,2436,SUCCESS,432418,OPEN,NtzItUL9TqKLIvbyzDk4FA
TatsianaD1,1633066294890,3,144805,115866,434417,32.0,0,96,96,1,2437,SUCCESS,434417,OPEN,1m_4M3L1Qn-A1aZ2HMcBKw
EsteemedCoder#6445,1633174968929,3,145294,137142,435882,27.0,0,81,81,1,2438,SUCCESS,435882,OPEN,U6bysxi3QDeQ3VKFZu7yJg
FasterThanMorgan,1635284353783,3,146659,140809,439979,32.333333333333336,0,97,97,2,2439,SUCCESS,439979,OPEN,d23GtvUwSF6wKgrtRbNNEw
AbstractArithmetic#6858,1635255608300,3,146940,138607,440820,36.333333333333336,0,109,109,2,2440,SUCCESS,440820,OPEN,pTsMihfxRimkEnL1DTjGyw
AmazingThreeAmigosFastAsTortois,1634534700602,3,149028,144001,447086,35.333333333333336,0,106,106,1,2441,SUCCESS,447086,OPEN,PHGzpq09QmCM-5UuH4gDZQ
CreativeCharacter#3215,1634642962363,3,149769,144539,449307,27.333333333333332,0,81,82,1,2442,SUCCESS,449307,OPEN,RFIMIec8R5OrKpHM5pyqTQ
CodeArithmetic#5351,1633170954469,3,152050,148139,456152,37.666666666666664,0,113,113,1,2443,SUCCESS,456152,OPEN,uc797TaoSdWWCWjkBbgcdg
SecureBooster#4694,1633256463150,3,153208,146134,459624,37.333333333333336,0,112,112,2,2444,SUCCESS,459624,OPEN,aA8iCiqPTj2r1A67sTSbhA
EncryptedBreaker#6121,1635254464295,3,154474,153876,463422,37.0,0,111,111,1,2445,SUCCESS,463422,OPEN,CY2-pkmRRHuzfrLqbfpAVA
YaninaKovalets,1633812698813,3,157002,150532,471008,38.333333333333336,0,115,115,2,2446,SUCCESS,471008,OPEN,PzDGE50QQH2LEujrxeCWYw
LeetConsole#7510,1635263486510,3,157719,156335,473159,32.0,0,96,96,1,2447,SUCCESS,473159,OPEN,niHtceu1QwOcbYZkn8RrYQ
FocusedMetaclass#6336,1634813431693,3,164401,153935,493205,33.333333333333336,0,100,100,1,2448,SUCCESS,493205,OPEN,DrzUMlZiTfWODxlhToGbJA
AsynchronousDebugger#0927,1633685997952,3,164941,162148,494823,38.0,0,114,114,1,2449,SUCCESS,494823,OPEN,G9S6MLNnRDyCTtTm3bJgdA
CurlySemicolon#4083,1633985412822,3,167663,163969,502989,34.0,0,102,102,2,2450,SUCCESS,502989,OPEN,Y_a6y-SYQueunZ_Bpembkg
InteractiveEnvironment#3830,1634208264160,3,172535,168403,517605,32.666666666666664,0,98,98,1,2451,SUCCESS,517605,OPEN,J8pCqXhISZ6sBasQlsPVfQ
PrimeDelta#5547,1633255768626,3,175680,166963,527041,38.666666666666664,0,116,116,1,2452,SUCCESS,527041,OPEN,KFTcmM5mTBKs1zPR1EIHJw
EcoSafari,1633431358987,3,178243,178038,534729,43.0,0,129,129,1,2453,SUCCESS,534729,OPEN,_OQE04cmR0Gj0Z5xX3nArQ
BigCircuit#5169,1633210013151,3,178719,174347,536158,44.666666666666664,0,134,134,2,2454,SUCCESS,536158,OPEN,ag5akIKvThCOMmdJJn6CYw
IterativeClass#3990,1635102956004,3,179780,178801,539342,42.666666666666664,0,128,128,3,2455,SUCCESS,539342,OPEN,mnVomIfoTpO6ukRGJheWuA
HelpfulLoop#1353,1633881427078,3,184534,182405,553603,37.666666666666664,0,113,113,1,2456,SUCCESS,553603,OPEN,tSBVQQdiTd2n-FLQpKCjPQ
NullDescriptor#6803,1633941278954,3,190650,185745,571952,47.333333333333336,0,142,142,1,2457,SUCCESS,571952,OPEN,348clFdVR0yIq9heL6YC1w
AsynchronousPoint#5534,1633135433353,3,195300,189936,585900,49.333333333333336,0,148,148,2,2458,SUCCESS,585900,OPEN,0FK2gQOkRFClzBDC69gszQ
imodel,1634229069504,3,196914,183476,590743,49.0,0,147,147,1,2459,SUCCESS,590743,OPEN,EnrTK3x5Qca6EuN4utUVUA
dsky,1635191334233,3,199006,195894,597020,48.0,0,144,144,1,2460,SUCCESS,597020,OPEN,05ea8792e5bc4cd480fa2Q
ProgrammingGrid#2798,1633090455486,3,202267,197121,606803,42.666666666666664,0,128,128,1,2461,SUCCESS,606803,OPEN,GY2NqjKaQO-EJ8iOaU24rQ
B-10-EBRAELO,1635290441616,3,203609,199137,610828,45.0,0,135,135,1,2462,SUCCESS,610828,OPEN,dEhx1PTlQQ6ycXIK44VF_g
RocketString#9531,1633602861721,3,220220,218743,660662,53.333333333333336,0,160,160,1,2463,SUCCESS,660662,OPEN,Fn2tcjjMQTCgiv9mZsg2zg
Chris-Elac,1633581386463,3,222032,214750,666097,56.0,0,168,168,1,2464,SUCCESS,666097,OPEN,Nv4IPZ8KSGyr59fgMbjOTA
AtomicValue#4333,1633770090022,3,227627,221800,682882,46.0,0,137,138,1,2465,SUCCESS,682882,OPEN,ZLYhq6aiSvOIsTHG0gjU7g
AutomatedEnvironment#0633,1634646868120,3,229993,224165,689980,57.333333333333336,0,172,172,1,2466,SUCCESS,689980,OPEN,OBXof6hXQfKV91XcYsqVmA
IterativeLog#0336,1633700504377,3,236048,222469,708146,27.666666666666668,0,83,83,1,2467,SUCCESS,708146,OPEN,FOT9d-54SxeantgORFmlgQ
d0vahk11n-IND,1634362896064,3,245069,241200,735207,54.333333333333336,0,163,163,3,2468,SUCCESS,735207,OPEN,yk2D5jiHSnWhrWmbY-DZ2A
PathingCallback#2901,1634679996435,3,252680,250686,758042,54.666666666666664,0,164,164,1,2469,SUCCESS,758042,OPEN,ORS-k2SgRMONSQGHawTArw
MemoryDataset#8927,1633430664613,3,255367,252139,766101,56.0,0,168,168,1,2470,SUCCESS,766101,OPEN,15GvV64ySkO4mkKrxBcqUA
VirtualModel#3665,1633775268223,3,275988,273599,827964,57.666666666666664,0,173,173,1,2471,SUCCESS,827964,OPEN,yIl0K0YeQ-S-UUs7sCQ99g
SonamFastestCar,1633403490964,3,322916,319855,968750,58.666666666666664,0,176,176,3,2472,SUCCESS,968750,OPEN,PGnAWdYOR2CA180hGEygIA
