Alias,SubmissionTime,LapCount,AvgLapTime,BestLapTime,TotalLapTime,AvgResets,CollisionCount,OffTrackCount,ResetCount,SubmissionCount,Rank,LeaderboardSubmissionStatusType,RankingScore,UserId
rosscomp1,1671037938281,3,12731,12465,38193,0.0,0,0,0,2,1,SUCCESS,38193,fb0d597a87f94697aa1c6w
DaVinciDriver,1670796049471,3,12908,12475,38726,0.0,0,0,0,545,2,SUCCESS,38726,XtzXYz2pRByDnXz90XNGSw
Ensono-Ernesto,1671445262443,3,13085,12931,39255,0.0,0,0,0,2590,3,SUCCESS,39255,8zBEAp0-S5yGbcZvytGZGQ
RayG,1670476475784,3,13151,12666,39455,0.0,0,0,0,2,4,SUCCESS,39455,YNrvM9f5RteeSrCl7oFC5w
TonyJ,1670859727817,3,13354,12798,40064,0.0,0,0,0,958,5,SUCCESS,40064,af962be5a4ed4c57af807w
ferrite,1672243571217,3,13485,12863,40457,0.0,0,0,0,66,6,SUCCESS,40457,SRAgn9lMTCmIjaBREP7hxA
BennyLBS,1670463254689,3,13686,12866,41058,0.0,0,0,0,10,7,SUCCESS,41058,wD3fjDFZTJaZd9AU7WRDlA
PolishThunder,1672144573672,3,13752,13465,41256,0.0,0,0,0,2245,8,SUCCESS,41256,qi512oGVTry8V-KtP6j2_w
IcePandaBoom,1670486810352,3,14264,13803,42792,0.0,0,0,0,5,9,SUCCESS,42792,BTPWujqqTBOWGAFvEKyRaA
nickyl,1671036374149,3,14419,13870,43259,0.0,0,0,0,6,10,SUCCESS,43259,O0GALYAoRfGA0kUV6ftgqQ
5dl,1672187606434,3,14888,14395,44666,0.0,0,0,0,1044,11,SUCCESS,44666,DBVc9n_uQ0-r-Cqkz3YweA
Mr-Anderson,1672006752872,3,14997,14733,44992,0.0,0,0,0,172,12,SUCCESS,44992,PVsbhx4xRi6aO--P4-kcNA
DoomBuggy,1671254666029,3,15063,14275,45190,0.0,0,0,0,9,13,SUCCESS,45190,QakV_nzOTm2q_NhqUMwIJw
JPMC-HYD-RG,1670467243340,3,15175,13665,45527,0.3333333333333333,0,1,1,2,14,SUCCESS,45527,LKdw_hyKTSu7moFuxbmiZw
Galileo,1672162122408,3,16329,15599,48988,0.0,0,0,0,39,15,SUCCESS,48988,Y79AzaaOR-u4LVKMxu1Mdw
sashok,1671914181873,3,16332,16003,48997,0.0,0,0,0,22,16,SUCCESS,48997,4e974f933e034a43b1936w
EP-RIO,1670515756616,3,16420,15732,49260,0.0,0,0,0,8,17,SUCCESS,49260,_ARh_JWqRH-khggA_9cN0Q
Madsmon,1672241710767,3,16462,16063,49386,0.0,0,0,0,5,18,SUCCESS,49386,NV8Djo1HQ8-VUdqY2jtJ1w
SonOfABrick,1670729821259,3,16619,16199,49859,0.0,0,0,0,3,19,SUCCESS,49859,m8-vwu_bTOe4AU9tGKLvpg
kashi,1671912421068,3,17063,16401,51191,0.0,0,0,0,13,20,SUCCESS,51191,oq7yCLy5QAeEP6k7o53L8A
JPMC-Speedy-Gonzales-BuenosAires,1671735405801,3,17086,16598,51260,0.0,0,0,0,408,21,SUCCESS,51260,McOa_W8cTW2EErfZhOoKxA
Tomorrowland-Speedway,1670808424399,3,17154,16805,51462,0.0,0,0,0,127,22,SUCCESS,51462,AuyCOezGRKOT-zoMo85Ekg
amkerr,1671345930318,3,17220,16666,51660,0.0,0,0,0,3110,23,SUCCESS,51660,2R1bsOUiRceGpNP9wKliAw
--Aziz--,1672187818780,3,17263,17061,51791,0.0,0,0,0,1343,24,SUCCESS,51791,GPNPp_iMStGjxTirRZJREA
Atos-Mark-Ross,1672299883497,3,17866,17536,53598,0.0,0,0,0,14,25,SUCCESS,53598,F_ThjPFRSx-guPadHlwEuA
SquareTag#4968,1670909025974,3,18042,17607,54126,0.0,0,0,0,27,26,SUCCESS,54126,4WEpz175TDSMgy98Wl_95Q
YeeV3,1671155697405,3,18151,18001,54455,0.0,0,0,0,2,27,SUCCESS,54455,2oh5oCejTRmaLwy3yG4Qnw
QualifiedGlyph#2396,1670908409346,3,18310,17999,54932,0.0,0,0,0,12,28,SUCCESS,54932,OVP001saRNasLqCE5cyTTw
JoostSmit,1671517449311,3,18976,18527,56930,0.0,0,0,0,12,29,SUCCESS,56930,vUSc4nQzQwWFe2He5hGxFQ
PwC-DarkLab-William,1670707062124,3,18998,18204,56995,0.0,0,0,0,6,30,SUCCESS,56995,SOaLDMtJTQWr55eR6v710Q
CreativeSpeedyMoto,1670639276556,3,19220,18656,57661,0.0,0,0,0,14,31,SUCCESS,57661,IrbZiqxfSRez8yytp67RmQ
drunken-monkey,1671997560825,3,19242,18805,57728,0.0,0,0,0,12,32,SUCCESS,57728,c7a82cb998e44f9abd469Q
PrototypeModel#5262,1670892729266,3,19243,18470,57729,0.0,0,0,0,18,33,SUCCESS,57729,H968wLRYT02ssBXWIqVHHQ
FunctionalEngineer#7196,1670729108374,3,19330,18400,57990,0.0,0,0,0,18,34,SUCCESS,57990,vu-iCnGfQ6Ov5Tv3BDSUrQ
GoodEveningWeAreFromUkraine,1670715917182,3,19420,19327,58261,0.0,0,0,0,37,35,SUCCESS,58261,oX4dpYxLTFG2UU6NprA-7g
RocketCallback#6700,1670611647456,3,19575,19402,58727,0.0,0,0,0,32,36,SUCCESS,58727,ivi1QBgTRfK6d6wah5OOlA
BackloggedCircuit#6223,1670913868495,3,19734,18665,59203,0.0,0,0,0,32,37,SUCCESS,59203,skqo5V28TqCHGZmGO-op2Q
-SANTACLAWS-,1671965433851,3,19776,19208,59329,0.0,0,0,0,96,38,SUCCESS,59329,X_dNmJilS8SDBQ44yzd2fg
FabLaud79,1670919553170,3,19799,18933,59397,0.0,0,0,0,10,39,SUCCESS,59397,5krI0fmLRGyCQVe0_NTgJw
Cheaty-McCheatface,1671006152991,3,19841,17600,59523,0.6666666666666666,0,2,2,14,40,SUCCESS,59523,auRW3knZQzuontcriWRF2w
BooleanZone#1860,1670496653893,3,20330,18925,60992,0.3333333333333333,0,1,1,2,41,SUCCESS,60992,BQJyTo71SmO4K9oaDvqZTg
UsableSwitch#5159,1670765171364,3,20445,18931,61335,0.3333333333333333,0,1,1,9,42,SUCCESS,61335,K3PKNo1iStiTTHSFU51ioA
Mentaiko-DevelopersIO,1670492776555,3,20447,18134,61342,0.3333333333333333,0,1,1,1,43,SUCCESS,61342,Wt5C8BPAS0OPlzY3-txb-w
CleanHacker#1729,1672025645791,3,20533,19072,61601,0.0,0,0,0,489,44,SUCCESS,61601,2DKXcqsqSKCgFZSLE5b83A
pengru#8283,1671777542923,3,20731,20592,62193,0.0,0,0,0,22,45,SUCCESS,62193,vkffmfaARtqGp5cP04ZYrw
ProcessingDescriptor#4719,1670816017129,3,20754,19402,62263,0.0,0,0,0,29,46,SUCCESS,62263,3mHETsGQSkmBK_xj4lcpCw
NumericObject#9774,1670791665807,3,20776,19136,62328,0.3333333333333333,0,1,1,5,47,SUCCESS,62328,RycgoA-nR3Ked3NWUn33WA
10xUpdate#3777,1670835628666,3,20839,20667,62519,0.0,0,0,0,11,48,SUCCESS,62519,xqSMArW7Ree7tvA08tuYog
nalbam-me,1670908230897,3,20906,20725,62720,0.0,0,0,0,1791,49,SUCCESS,62720,PnRru4vBRkeyT4xX6LOCtw
Lman,1672326826822,3,21019,20663,63057,0.0,0,0,0,4,50,SUCCESS,63057,scmMmIFGSwea2W_D0pVy8g
D55,1671902248616,3,21239,20868,63718,0.0,0,0,0,1042,51,SUCCESS,63718,3Dd14zyjStW-AesRnWi6kw
FormulaicDeadline#5582,1670759212870,3,21328,21135,63984,0.0,0,0,0,20,52,SUCCESS,63984,RO00sEzcRme0P7gHemawPA
UpgradedLoop#4437,1671842255747,3,21328,20331,63986,0.0,0,0,0,35,53,SUCCESS,63986,PTEIKACoTtS20xK2sp7FUg
Sammy-Cheung,1672182785748,3,21464,20997,64392,0.0,0,0,0,2,54,SUCCESS,64392,R22FBKQsSMKmRaTpNdD76A
TSS-samaujs,1671974854317,3,21527,21067,64581,0.0,0,0,0,279,55,SUCCESS,64581,BteX7647QUyM2a2hexL2ZA
HameenHitain#42,1670576843682,3,21707,20730,65123,0.3333333333333333,0,1,1,28,56,SUCCESS,65123,44YjKeFtRFyv_g8ljvEg1w
ProvisionalAnalysis#4252,1670912030184,3,21731,21530,65193,0.0,0,0,0,14,57,SUCCESS,65193,NDc6FeC9QcWQidK46UM1gA
RacingPhoenix,1672236911045,3,21840,21530,65520,0.0,0,0,0,43,58,SUCCESS,65520,czOx0b4wS2uL4vzU92TnCg
TestableTester#6086,1670629021072,3,21842,21400,65526,1.0,0,3,3,5,59,SUCCESS,65526,V6m7wz1kTQW2RaCV_zlcyA
makit,1671741656848,3,21865,21601,65596,0.0,0,0,0,1040,60,SUCCESS,65596,FQ4kxx42Rn-ywzWMVEad0A
CodeMachine,1670625516378,3,22020,21536,66061,0.0,0,0,0,1,61,SUCCESS,66061,b_WzN_r8ToGPle_8bl2tMA
LetGoSuAndGeol,1670847063879,3,22129,20935,66388,0.3333333333333333,0,1,1,23,62,SUCCESS,66388,_xUabJEYSnqJhWotqRSR5g
raj-1205,1671712763166,3,22153,21601,66460,0.0,0,0,0,212,63,SUCCESS,66460,558a49745f8843aea7db6w
AgileNode#1414,1670533218265,3,22285,22187,66855,0.0,0,0,0,5,64,SUCCESS,66855,vezq9yesTYCzstC7JFdh-Q
ConnectedOrder#1947,1670551076209,3,22310,21733,66930,0.0,0,0,0,6,65,SUCCESS,66930,ndvlfnt1R4eITcRZ7UCclQ
D55-makit,1671785558980,3,22331,20732,66994,0.3333333333333333,0,1,1,5,66,SUCCESS,66994,Nkang7fMRci-B9H63pj3LA
FunctionalLine#5304,1670556758176,3,22332,22070,66997,0.0,0,0,0,6,67,SUCCESS,66997,JkTB1z4iQfOeFdKX0xW6Sg
ranimsdaddy,1672246122739,3,22399,21668,67197,0.0,0,0,0,43,68,SUCCESS,67197,LRM_tcOZS4mkFIz2w2-Ajw
BoxJenkins,1670501523565,3,22442,21266,67326,0.0,0,0,0,6,69,SUCCESS,67326,NZwb4Hl7RGKc_0Vmv1mjKg
Sahana-Roy,1671208490947,3,22463,22069,67390,0.0,0,0,0,15,70,SUCCESS,67390,k6rCL0O5R9qJ127N703MoQ
AutomatedToken#7832,1670594509670,3,22487,21869,67463,0.0,0,0,0,5,71,SUCCESS,67463,1DcG7EGtQh61XO_fYVxvTA
ConnectedExpert#7199,1670758136689,3,22512,20668,67538,0.3333333333333333,0,1,1,7,72,SUCCESS,67538,1ODMlHitTOqX15WGavwEbw
BigLambda#5543,1670863324939,3,22572,21134,67716,0.3333333333333333,0,1,1,12,73,SUCCESS,67716,h8syiqa3QfyQpVhyAesiVw
PwC-DarkLab-Jacky,1672323451645,3,22597,18791,67793,1.0,0,3,3,6,74,SUCCESS,67793,G3O2N8lNSdCS3l-V8OMpNw
YeeV,1671153070625,3,22621,22334,67863,0.0,0,0,0,1,75,SUCCESS,67863,4ZaWz0u6QMqEHhH8CEr5vA
TypeR,1671045173660,3,22641,22456,67924,0.0,0,0,0,23,76,SUCCESS,67924,sm0RIVJSQySu06GlXQ2D1Q
shimizutsuneaki#technopro,1672054731380,3,22642,21792,67926,0.0,0,0,0,31,77,SUCCESS,67926,ZG4lP9FbS2GYqab2_5Du1w
jimmitjoo,1671727315380,3,22642,21735,67928,0.0,0,0,0,10,78,SUCCESS,67928,MYEo16bJSU2zwohmpYr9OA
Jagun-jagun,1671399628962,3,22707,22660,68123,0.0,0,0,0,3,79,SUCCESS,68123,fU6PVo8qQFi7vc998qLEMg
FocusedTest#1892,1671372011820,3,22708,21611,68124,0.0,0,0,0,30,80,SUCCESS,68124,L5fWMLwORF6XlcDzi83xYA
CrypticArgument#1500,1670908151600,3,22737,19934,68213,0.6666666666666666,0,2,2,15,81,SUCCESS,68213,N8PrZP4CTAeLjcuukB8PFw
Tsung-Yu-Tsai,1671223578894,3,22776,21869,68328,0.0,0,0,0,27,82,SUCCESS,68328,jI49_bVmQxWy79S4FrYY0g
AWSDeepinher,1670512519902,3,22929,21470,68789,0.3333333333333333,0,1,1,23,83,SUCCESS,68789,18N8CuKxQGmJvwTAOE2vyA
MachineState#2786,1670528157079,3,22952,21265,68858,0.3333333333333333,0,1,1,3,84,SUCCESS,68858,olsvSKvWSRuEjJuzMz_zFQ
VirtualLine#4452,1670672747297,3,23114,19191,69342,1.3333333333333333,0,4,4,3,85,SUCCESS,69342,t9bwctccRD6-qRWs_Jn8Tw
Rambogor-sky,1670520920318,3,23177,22601,69532,0.0,0,0,0,3,86,SUCCESS,69532,kzCEUPTcR3SlT-h_UfV7IA
lung#4623,1672308806501,3,23332,20996,69998,0.6666666666666666,0,2,2,7,87,SUCCESS,69998,jqF_jBVYSSqWdM9SY_ZQOw
MaartenBruntink,1670574103525,3,23352,19592,70056,1.0,0,2,3,1,88,SUCCESS,70056,BiDnPYPCS86lDuLun8nIbQ
shuoliux,1671542360571,3,23352,22133,70056,0.0,0,0,0,40,89,SUCCESS,70056,MvYZ9Ov9QWmevyK6Q2aZZQ
FuturisticDeadline#6258,1670913810604,3,23487,21801,70462,0.6666666666666666,0,2,2,9,90,SUCCESS,70462,6kgpa1LdST-A45T4U5m3Bg
BooleanInterface#5237,1670814119100,3,23531,23467,70594,1.0,0,3,3,17,91,SUCCESS,70594,YNSuST4wRxC4_w7ZUo5jXA
AJM-Model-1,1670618048116,3,23664,21466,70992,0.6666666666666666,0,2,2,1,92,SUCCESS,70992,gdsU9bkGRWW7LTEHP4rGgQ
RocketNotation#2547,1670791735520,3,23753,23593,71260,0.0,0,0,0,4,93,SUCCESS,71260,jS5GfXc9SI-CPEQOV7nN-A
NestedEnvironment#9446,1670774135449,3,23774,21994,71324,0.3333333333333333,0,1,1,3,94,SUCCESS,71324,fMz19L6OQUGwDJdE3SBGNg
Master-Racer,1671647217112,3,23818,22931,71456,0.0,0,0,0,21,95,SUCCESS,71456,Z0pY0075Sp24N9Wlx5sbAQ
AravindVCyber,1671134339160,3,23980,22996,71941,0.3333333333333333,0,1,1,7,96,SUCCESS,71941,4WpVgL2TRrW0orrL7I6wpA
alwy-buggy,1672067489512,3,24065,23403,72196,0.0,0,0,0,5,97,SUCCESS,72196,qiVKrrycRjG-fY-w4_T3WA
GMoney-AWS,1670532107903,3,24286,24000,72859,0.0,0,0,0,1,98,SUCCESS,72859,oV5rTgwBSjOHo8zLQZSNew
ProcessingRequirements#4015,1670794168164,3,24286,22665,72860,0.3333333333333333,0,1,1,9,99,SUCCESS,72860,Vth__jXMRUmUWnjgXJ9I1w
TechnicalAttention#9740,1670905836013,3,24311,23932,72933,1.0,0,3,3,28,100,SUCCESS,72933,2jkFrm_8RiesPxXDsYwxdg
SwishJay,1671257787827,3,24314,23851,72943,0.0,0,0,0,9,101,SUCCESS,72943,wQbSwkgBQX6bBIdNAoY0GQ
PathingLoop#7796,1670659896761,3,24487,20741,73462,1.0,0,3,3,15,102,SUCCESS,73462,uufM2hD5Scik4c5ZCLaEtA
FocusedSwitch#8748,1670674995303,3,24512,23861,73536,0.0,0,0,0,2,103,SUCCESS,73536,wSHMUw_ASQGmt3Z6KMluEQ
SquareWorkaround#4682,1670733793058,3,24576,22326,73730,0.3333333333333333,0,1,1,3,104,SUCCESS,73730,8XRBAIFsTfis0-5-x8V7jA
GlobalResource#0184,1670907865453,3,24597,20802,73793,1.0,0,3,3,8,105,SUCCESS,73793,EQwrG74VRQKzZ9ZeA1g8JQ
yuiharuki#technopro,1671418386199,3,24640,24463,73922,1.0,0,3,3,6,106,SUCCESS,73922,8PX9_X1OTPSmj9uyD-Zguw
U8ntVerstappen-1b,1670769846756,3,24820,20201,74462,1.3333333333333333,0,4,4,6,107,SUCCESS,74462,CQe3VgWbSbOBjPw37HgVng
ImmutableFix#2595,1670787813933,3,24957,23598,74872,0.3333333333333333,0,1,1,4,108,SUCCESS,74872,cjhDdR2DTNG8X8HAlw-sKA
Darth-Vader,1670869041488,3,25107,21995,75322,0.6666666666666666,0,2,2,5,109,SUCCESS,75322,R9yWSjbRQA6lmOoYoA39YQ
coppermannzero,1670508443934,3,25131,23991,75395,1.3333333333333333,0,4,4,1,110,SUCCESS,75395,LXqv_TvTTi6p7jCcGd4vtg
CreativeDescriptor#1864,1670880248320,3,25177,20591,75533,1.0,0,2,3,26,111,SUCCESS,75533,VvPFJmqTRSSedayUCI7ILQ
ReferenceWorkaround#9595,1670617013472,3,25287,25063,75863,0.0,0,0,0,1,112,SUCCESS,75863,0fsvuYGOQBejGEvEDz4hQg
jdaped,1670908037845,3,25443,23871,76330,0.0,0,0,0,6,113,SUCCESS,76330,MowBV-yeT8yKlEDGHHdbbg
Doninya,1671720887786,3,25464,24742,76392,1.0,0,3,3,1,114,SUCCESS,76392,ZGcJbyaBRqyIF3yg4gD2wQ
TiwariLaxmi,1670568726207,3,25533,21929,76599,1.0,0,3,3,13,115,SUCCESS,76599,63WC6FzJS2et1jAHNN6g_w
VariablePresentation#3170,1670936108087,3,25543,23059,76629,0.6666666666666666,0,2,2,5,116,SUCCESS,76629,SBGRXgkPRZeg6UVFzvZuLg
UnicodeVariable#5770,1670856723672,3,25886,25337,77658,0.0,0,0,0,7,117,SUCCESS,77658,sh66w7JuQ3u6JgZSXVHWfw
GenerativeGrid#7137,1670806990685,3,25886,24335,77659,1.3333333333333333,0,4,4,3,118,SUCCESS,77659,DC4qloltStiHqh4xUFbQxQ
LeetBuster#1835,1670721231325,3,25932,23192,77798,0.6666666666666666,0,2,2,2,119,SUCCESS,77798,FpHQfNHQT7K4eyxGoad7QQ
AIDeepRacer,1670806337624,3,26018,23928,78056,1.3333333333333333,0,4,4,1,120,SUCCESS,78056,pIRbdCx6QYatgVXm2p5GbA
ConnectedBuster#3679,1671701084744,3,26117,23673,78351,0.3333333333333333,0,1,1,6,121,SUCCESS,78351,FXTMqmIWTASnDNM2jWymCQ
Xanthic,1671458088621,3,26250,25267,78752,1.0,0,2,3,1,122,SUCCESS,78752,bCGk36IySiGpKF2wet77lQ
Zordrak,1671460973071,3,26440,25002,79322,0.0,0,0,0,2,123,SUCCESS,79322,stVLawfiTj2XhD4exAuUcg
RecursiveBraces#0804,1670834606075,3,26486,23801,79460,1.6666666666666667,0,5,5,2,124,SUCCESS,79460,Tq1TEDbrSSGxGkPjZ3-NfA
letsrace,1670976486391,3,26530,22666,79592,1.3333333333333333,0,4,4,3,125,SUCCESS,79592,TqFuQXy6S7ismMqxU4eexw
ContinuousSystem#2116,1670768995909,3,26598,26132,79796,2.0,0,6,6,10,126,SUCCESS,79796,PCIk7s7ITdOEy1TnHkmjBw
ClementMercier,1671225403060,3,26772,23592,80317,0.6666666666666666,0,2,2,42,127,SUCCESS,80317,vYUscQOOTB2OxDiU7HgkSg
InteractiveBraces#5794,1672025361465,3,26841,24203,80524,0.6666666666666666,0,2,2,14,128,SUCCESS,80524,3JlhFobTQ1y1o4k8xzpNcQ
QualifiedAnalyst#1094,1670575604072,3,26865,23387,80595,2.0,0,6,6,4,129,SUCCESS,80595,IIt2ecEkRAqv0heX-EJEFg
nightmare,1671812754486,3,26930,26397,80792,0.0,0,0,0,16,130,SUCCESS,80792,xFbLYyqxS4CNVFNpk8kdLA
EncryptedArithmetic#9491,1670901068958,3,26997,26198,80992,0.0,0,0,0,4,131,SUCCESS,80992,-qHCsIIXR0CIBA9xluRGHQ
Seab,1672350078463,3,27021,25400,81065,0.3333333333333333,0,1,1,10,132,SUCCESS,81065,mjD1OGTXQfKTXMPWVq29rg
BetaState#9570,1670890613549,3,27064,26736,81194,2.0,0,6,6,3,133,SUCCESS,81194,cu-_6RR8To2ABbJOdCuIdg
ConnectedAnalysis#7564,1670893843199,3,27108,26526,81325,1.0,0,3,3,5,134,SUCCESS,81325,1XCAhiC8S8uBSHoV-q86aA
WebCallback#5417,1672348307990,3,27131,25531,81395,1.3333333333333333,0,4,4,1,135,SUCCESS,81395,fq1cRknKTMCQbhptANac5w
Amrin,1672066486918,3,27154,26063,81462,0.0,0,0,0,22,136,SUCCESS,81462,7dmK-SYsSz6WfWd4MQp2MQ
InfiniteNumber#2405,1670879463255,3,27286,24530,81860,1.3333333333333333,0,4,4,7,137,SUCCESS,81860,V22yzfLQSxCLhZMLII5uoA
QualityParameter#7680,1670873775066,3,27291,24999,81873,1.3333333333333333,0,4,4,9,138,SUCCESS,81873,45CymzlNRyiMQONfZq_Jgw
Prashant-Shrestha,1670558973853,3,27462,25128,82388,1.6666666666666667,0,5,5,7,139,SUCCESS,82388,0KZyQo7nQ9-3QwztMAcL-g
MobileMachine#0288,1670529286697,3,27463,25264,82389,1.3333333333333333,0,4,4,2,140,SUCCESS,82389,DEtXafqkRSypOlVT40iyvg
ocroucher,1671531943596,3,27508,26798,82525,1.0,0,3,3,7,141,SUCCESS,82525,u92WL690Q7GW_NuoMp7RZQ
FunctionalCoder#7435,1670625606538,3,27688,22269,83065,1.3333333333333333,0,4,4,2,142,SUCCESS,83065,IvDd55TxQyOKXp4X4KXPwA
Thisisme,1671729766349,3,27750,25800,83252,0.3333333333333333,0,1,1,3,143,SUCCESS,83252,m9MyFpzjRJyI3v9L00vjUg
PCA,1671786310367,3,27753,25994,83260,1.6666666666666667,0,5,5,5,144,SUCCESS,83260,yQrr9eqtQ6eXxIUS5VWMQA
CyberneticUpgrade#8056,1670856665405,3,27775,25998,83325,2.3333333333333335,0,7,7,1,145,SUCCESS,83325,FX3BfSu2QfqHjgYZfekuIA
EncryptedContext#7035,1670671914038,3,27818,27190,83456,0.0,0,0,0,1,146,SUCCESS,83456,eVacIKtFSFuYzvZTp05xjg
HTICRacer,1670614901913,3,27936,25734,83809,0.6666666666666666,0,2,2,7,147,SUCCESS,83809,oMJhtR12RqaaTaiAAM0OkA
ArtificialDescriptor#1949,1670788194915,3,28133,22120,84399,1.3333333333333333,0,3,4,3,148,SUCCESS,84399,MnXfr19AQneUcX8ZfcKPog
AlphaDocumentation#6551,1670513680964,3,28197,25528,84592,0.6666666666666666,0,2,2,1,149,SUCCESS,84592,ulHnoS5JSCu7uLGpo44M4w
MobileGlyph#6651,1670478634808,3,28221,26532,84663,2.3333333333333335,0,7,7,3,150,SUCCESS,84663,rWu0pZ9kSBW7SCICeyBgNw
IterativeEvaluation#5476,1670706186386,3,28397,21590,85192,3.0,0,9,9,8,151,SUCCESS,85192,nYFAQPwkQiqeaDOSehIAJw
Jorge-Meneu,1671266447246,3,28531,26665,85593,0.3333333333333333,0,1,1,22,152,SUCCESS,85593,FzcM7EfBRBed3-3rDwfPfw
Fusca-Azul-Racer,1671992320785,3,28539,15937,85619,4.333333333333333,0,13,13,16,153,SUCCESS,85619,DT8of60OR5y6uwr3WXQTYw
IntelligentTag#0042,1670473162315,3,28620,27200,85861,1.3333333333333333,0,4,4,1,154,SUCCESS,85861,pspTbGb2ROaEVPxyYZy_mQ
DraftCircuit#6149,1672210342562,3,28707,23262,86121,1.6666666666666667,0,5,5,4,155,SUCCESS,86121,HP-CeiHVQuCJvWD1-F_ipA
AI-Visitor,1672218765119,3,28738,24934,86215,3.0,0,9,9,21,156,SUCCESS,86215,lC8NDiafTl6ctjONtbT0Uw
AbstractDebugger#2687,1670593849561,3,28997,26187,86992,1.0,0,3,3,1,157,SUCCESS,86992,eH_17Y11QhybfXaNcWEB5w
ThisHypothesis#9536,1670643638684,3,29042,28002,87126,0.0,0,0,0,2,158,SUCCESS,87126,DkEo3101QcC4TCHqcv84ow
Tutor-Mizuno,1672142149553,3,29130,24065,87392,1.3333333333333333,0,4,4,5,159,SUCCESS,87392,u0K-DMw1SDmXkaHGvNH5tg
Arunthgreat,1670524708947,3,29221,28466,87663,0.0,0,0,0,4,160,SUCCESS,87663,vwwXKcu2TaiAFw4mv3jgfQ
CaraR#3945,1671942846498,3,29283,27597,87851,1.0,0,3,3,3,161,SUCCESS,87851,RmMfe2_1Txishp0j1EqnKA
UpgradedArchitect#5486,1670657174222,3,29293,25132,87880,1.3333333333333333,0,3,4,16,162,SUCCESS,87880,0ScYKMMKQ1eXVwk2CdgAWg
20180665,1670557624090,3,29443,25398,88329,1.0,0,3,3,11,163,SUCCESS,88329,KLcPhWqNR1yux4aTcHqX3w
CCC#1958,1671727116835,3,29443,26858,88331,2.6666666666666665,0,8,8,3,164,SUCCESS,88331,hOa2CBUUROKkAWQE2yzrZQ
CleanOrder#8493,1670714806300,3,29487,27464,88463,2.0,0,6,6,2,165,SUCCESS,88463,S0IbDJdtRpeDsYzA5qDvQQ
AcronLabs,1670483275622,3,29488,28535,88464,0.6666666666666666,0,2,2,7,166,SUCCESS,88464,s3OvxH_HSN-xGOEgf5tY6A
Jeremy,1671204256906,3,29488,29066,88466,0.0,0,0,0,4,167,SUCCESS,88466,UW_hVf9RQTyNNwcvoEYIbA
##TheStig##,1670564239982,3,29509,28064,88527,1.3333333333333333,0,4,4,2,168,SUCCESS,88527,asPxIxkVSNyyfr8Pnsi88w
EsteemedExpert#5491,1670794601974,3,29597,25867,88791,1.6666666666666667,0,4,5,4,169,SUCCESS,88791,ZsiCZlLQSrGBGqW-ZrXv2A
BarkerMotorSports,1670777899599,3,29888,26270,89665,1.6666666666666667,0,4,5,5,170,SUCCESS,89665,GP4OZ5AFRLKNQB3SguRHbQ
UditAlgo,1670509243265,3,29889,28398,89669,0.3333333333333333,0,1,1,8,171,SUCCESS,89669,CA3KBLhOS1G7dh7SWGg_ag
Roman-TGS,1671125522365,3,29977,25005,89932,0.6666666666666666,0,2,2,41,172,SUCCESS,89932,JyM5R0kTQkK80FjLnFR9Wg
QuiC,1671682460431,3,30108,28395,90326,0.6666666666666666,0,2,2,3,173,SUCCESS,90326,_pnfZVkNRE6ZqzP5PU2KaQ
Nariox,1670580101943,3,30180,28930,90541,0.6666666666666666,0,2,2,11,174,SUCCESS,90541,AUWR9HasSr2j2V1bbAptNw
IT-Objects-GRibeiro,1670661240573,3,30309,28456,90927,0.3333333333333333,0,1,1,1,175,SUCCESS,90927,uTL8EVHERqWBK9F21C2XQg
SFEngine#3625,1670605024939,3,30354,30333,91063,2.0,0,6,6,19,176,SUCCESS,91063,rLIKVultTHC2s2XwIjaBcw
PITS-1,1672051880438,3,30441,27800,91325,3.6666666666666665,0,11,11,4,177,SUCCESS,91325,CThkSPLERtyRM5OptykzEQ
DraftPatch#5540,1671111843015,3,30463,28265,91389,1.3333333333333333,0,4,4,3,178,SUCCESS,91389,H0hpnIbKSo-yJofs-zzcaw
UpdatedGlyph#2094,1670525961295,3,30838,30798,92515,2.0,0,6,6,3,179,SUCCESS,92515,Uqpirg4xS6ur2j9kFhsXEg
20180014,1671081039141,3,31063,22724,93190,3.3333333333333335,0,10,10,5,180,SUCCESS,93190,g9ZhOAjLTDqrxx9sxsl9hw
ImmutableCoder#4998,1671693981147,3,31065,23936,93195,2.0,0,6,6,8,181,SUCCESS,93195,_G0tC1ZkRA-oVYLEGSMYoA
Kypepper,1671596192736,3,31335,26607,94005,2.3333333333333335,0,7,7,1,182,SUCCESS,94005,SEeRWFW2Qb2hmen3aIQRcw
SecureTheory#7371,1670611682726,3,31420,29668,94260,2.3333333333333335,0,7,7,4,183,SUCCESS,94260,lHP_nEybSP-uup2ejtoWcQ
shimojimika#technopro,1670668776080,3,31709,29404,95127,0.6666666666666666,0,2,2,4,184,SUCCESS,95127,ViKvui_2SkWs6IoxKG-hFg
CleanDebugger#6464,1672198476272,3,31733,28464,95199,1.6666666666666667,0,5,5,3,185,SUCCESS,95199,A49Dylo0RD-840GSYcZQ_w
IterativeObject#1170,1670515670063,3,31864,28719,95592,1.0,0,3,3,1,186,SUCCESS,95592,_84_nEWSSuqnMJAyTiAZzA
FitzG44,1670538135450,3,31999,29128,95998,1.6666666666666667,0,5,5,9,187,SUCCESS,95998,Hb73_jTARr-g_UX2YvQamg
MadCross,1671624819631,3,32132,24330,96396,4.0,0,12,12,1,188,SUCCESS,96396,Msh-oGccTR2Yn31a5coUHA
Goody,1671600148387,3,32293,30342,96879,1.3333333333333333,0,4,4,1,189,SUCCESS,96879,8orGFhbTSK2ED1sdkjrpCg
TechnoproLee,1671408552129,3,32398,27795,97196,2.3333333333333335,0,7,7,53,190,SUCCESS,97196,y6wiQ8zMSnmdGgFTgjSIAQ
Shima,1671800076841,3,32464,29204,97393,3.0,0,9,9,6,191,SUCCESS,97393,T_9oi-bCSEGJj-ccsiGcKA
UpgradedFormula#9923,1671135470390,3,32621,30537,97864,0.6666666666666666,0,2,2,6,192,SUCCESS,97864,vSBGQ3DNSX-d5kFRKcOrVw
dsfgg,1670588192220,3,32842,28401,98526,2.0,0,6,6,5,193,SUCCESS,98526,trF0OaGcRQe6a8V2nR5oug
ComplicatedResource#5787,1670544109105,3,32848,31882,98545,3.0,0,9,9,2,194,SUCCESS,98545,fRsR3KY6QC2ThFlscpz7Og
BackloggedString#3207,1671474659255,3,32864,28389,98593,4.333333333333333,0,12,13,1,195,SUCCESS,98593,9OT4p4dXQ2K2J5pOUfeGfg
PassingInterface#1086,1670876246873,3,32956,29537,98870,3.0,0,9,9,1,196,SUCCESS,98870,TKd3RPcJQ_SsIjNxRdL0Jg
ImportantFunction#8439,1671629831537,3,33042,31064,99126,1.6666666666666667,0,5,5,3,197,SUCCESS,99126,GgYMSYJ-QcK-fAiBcP8UDA
RiyadhUddin,1672114224522,3,33176,30061,99528,2.6666666666666665,0,8,8,3,198,SUCCESS,99528,XEDnTwq3S1Kz0rVPu0hfrA
BackloggedBottleneck#8752,1670813299511,3,33286,31135,99859,3.6666666666666665,0,11,11,1,199,SUCCESS,99859,r0OFGYYwTTazfKy5YKhRDQ
LeetFix#1949,1671886713415,3,33641,28332,100925,2.3333333333333335,0,7,7,7,200,SUCCESS,100925,-9NgEz2bRHm434xWgMv86Q
Prabin-Sapal,1670496209984,3,33670,30410,101010,3.0,0,9,9,2,201,SUCCESS,101010,_OogKkNXR-SBciYjxlfWOg
Lizeth-Sandoval-Zapata,1671197305901,3,33690,30999,101071,0.6666666666666666,0,2,2,4,202,SUCCESS,101071,yCu3ro9rQ-2DnEuE9B4s4Q
AsynchronousEnvironment#9808,1670610217387,3,33777,30799,101332,3.6666666666666665,0,10,11,13,203,SUCCESS,101332,v3QHuWInQqacHuduL_I-ow
DanielCostantinRacer,1670874867017,3,33797,31934,101392,1.0,0,3,3,12,204,SUCCESS,101392,GhOikLJ-TeiygB5I18GAzA
DesktopState#1569,1672347691642,3,33929,25188,101788,2.6666666666666665,0,8,8,4,205,SUCCESS,101788,QHIro6qDSRavqvRlgYqT3g
Frankenstein-F1,1671708618616,3,34019,30066,102057,4.0,0,12,12,7,206,SUCCESS,102057,mLDKin8uTK64NkcIJTiFoA
Lucid,1670501773264,3,34020,31072,102062,2.6666666666666665,0,8,8,3,207,SUCCESS,102062,n41cGv1vQxqEA-RFNrLu5A
GammaZone#2745,1670985756963,3,34084,31199,102253,4.0,0,12,12,1,208,SUCCESS,102253,qva0QZBjT7mgdoj6wtYxcw
JOKES2,1671651548202,3,34106,26597,102320,3.0,0,9,9,10,209,SUCCESS,102320,PZ94od3-QdSVzooSGz8-yQ
RickyTW,1670849840355,3,34219,29193,102657,2.0,0,6,6,9,210,SUCCESS,102657,144febd7865941228bc43w
Subin23,1670562543765,3,34221,28193,102665,1.3333333333333333,0,4,4,4,211,SUCCESS,102665,gTPdLWnTSjm2PWBaulFoRQ
FocusedSemicolon#1438,1670784183936,3,34239,30527,102719,3.0,0,9,9,1,212,SUCCESS,102719,8qPLYQJBQ4OwtCWCGpZ0cA
alphaSTIG,1671218336406,3,34308,28335,102926,2.3333333333333335,0,7,7,4,213,SUCCESS,102926,CKeEKrEQTY6tfiWm_ZGyQQ
DesktopTheory#0309,1670853665430,3,34309,29269,102928,3.3333333333333335,0,10,10,8,214,SUCCESS,102928,2HXXblJcT9OQ2FNnQXpDcg
Insper-Dynamics,1670819101191,3,34442,33132,103327,4.333333333333333,0,12,13,6,215,SUCCESS,103327,ieOdguKWRJyTHWZZ_Z1ttQ
NumericArithmetic#8065,1670831959392,3,34555,33934,103667,4.0,0,12,12,12,216,SUCCESS,103667,0yLATKuvShm7wnLnxsuYRg
t-sudo,1671546503210,3,34799,34135,104398,0.0,0,0,0,1,217,SUCCESS,104398,MC1xVObcR-y7QXygfe-9Ww
FormulaicDiff#5540,1672113634706,3,34864,33666,104594,5.333333333333333,0,16,16,2,218,SUCCESS,104594,04aughzVRu2d_asZgi5OQQ
FocusedNode#7237,1671123550361,3,34886,28469,104658,2.6666666666666665,0,8,8,2,219,SUCCESS,104658,cO2RQPgkS02pmyYfX4gLqQ
MemoryTech#8603,1671819904068,3,34932,33531,104797,3.3333333333333335,0,10,10,11,220,SUCCESS,104797,xxaYf1VGRjuPgpTD5G5r2w
Bikas-Adhikari,1670576796488,3,35000,34062,105000,2.3333333333333335,0,7,7,1,221,SUCCESS,105000,YeeTKz0ySjysKZs-M_B8dQ
JPG,1672122096981,3,35131,33400,105394,0.3333333333333333,0,1,1,1,222,SUCCESS,105394,TqlsjVcHRgKUAPTQ_tf93A
DeltaMu,1670842345644,3,35154,33207,105462,0.6666666666666666,0,2,2,1,223,SUCCESS,105462,e7vji-VTTyCmxMGpKUMh2A
GrowMore,1670554602019,3,35373,33187,106120,2.6666666666666665,0,8,8,1,224,SUCCESS,106120,DmZP_MHPTgejD2Jf098ErA
Ignacio-Orlandi,1671233336408,3,35508,32137,106524,0.0,0,0,0,1,225,SUCCESS,106524,rBkdrWQyR6WYQzsyDYSrxw
BackloggedEvaluation#7301,1672312813938,3,35756,32946,107270,4.666666666666667,0,14,14,5,226,SUCCESS,107270,W7GpnOilSGa8pa9p2fvExw
BackloggedTest#9930,1670782383366,3,35843,35726,107531,0.0,0,0,0,1,227,SUCCESS,107531,QZpVv0gHSMOL-AJD0pqgiw
20180964#6372,1670895017863,3,35885,30204,107657,4.666666666666667,0,14,14,1,228,SUCCESS,107657,4qY0aMhWQzO3wosVUZu2Jw
ASCIISwitch#5233,1670777899239,3,35888,29197,107664,3.0,0,9,9,6,229,SUCCESS,107664,-_F3CQILTCa9VxDBh9wlZA
QuickNamespace#1636,1671725276995,3,35908,35330,107725,0.0,0,0,0,1,230,SUCCESS,107725,Qi1psICAQ7iFtj1SsTS54Q
20180436,1670475574156,3,36071,35017,108214,5.333333333333333,0,16,16,7,231,SUCCESS,108214,0V4eRl8kR4iImWxYoXrJ-w
ComplicatedTag#7648,1671212752004,3,36073,32798,108220,2.6666666666666665,0,8,8,11,232,SUCCESS,108220,GYOMCXzAQPCEfxb4v0ZbOw
RobotGlyph#1206,1671071367248,3,36127,35804,108381,0.0,0,0,0,1,233,SUCCESS,108381,6No542GERf65o6sKeAWb9Q
DesktopOrder#1769,1670705640662,3,36131,35863,108393,0.0,0,0,0,1,234,SUCCESS,108393,LRYsBAx6RCOo34yPA8mLhQ
Echo1911,1671970779356,3,36199,35805,108597,5.0,0,15,15,1,235,SUCCESS,108597,4WgpazINRpS1KD3yKMjkrA
WannabeLightningMcqueen,1670528552784,3,36219,33529,108659,3.6666666666666665,0,11,11,9,236,SUCCESS,108659,CvvhKAfjQ2SevroJNJUtUA
PathingDiff#2444,1670614097532,3,36241,34997,108723,5.333333333333333,0,16,16,7,237,SUCCESS,108723,rvVgYySrQqGqEoLCQvRE1Q
TechnicalFormula-jinno,1671431295924,3,36263,31933,108791,5.0,0,15,15,4,238,SUCCESS,108791,AMPkgE2oSPewMj555UyeVQ
FunctionalDiff#2726,1670809514867,3,36289,32928,108869,5.0,0,15,15,3,239,SUCCESS,108869,liW2EYMFTH263Kz72HDGwg
babu#9924,1670775138123,3,36420,31595,109262,4.333333333333333,0,13,13,10,240,SUCCESS,109262,nS0hfhs2RLyQGAXwoTzwKA
QuickValue#5897,1670785334492,3,36506,36396,109519,0.0,0,0,0,2,241,SUCCESS,109519,cY6GR74nRcyJ3e2csG3FGw
UpdatedToken#2448,1670967889817,3,36577,30995,109732,3.6666666666666665,0,11,11,9,242,SUCCESS,109732,1NGIe6rIRSO7myRAu-SNEg
GammaSandbox#8387,1671692079172,3,36685,33665,110056,1.0,0,3,3,4,243,SUCCESS,110056,jbVrp3NuS5qfxTo3wLLCPQ
last-model,1670600319261,3,36709,35201,110129,5.333333333333333,0,16,16,5,244,SUCCESS,110129,gdSyZ1FUR0q9CYG0vVKxWA
CurlyShell#6780,1670674967586,3,36710,35195,110130,0.3333333333333333,0,1,1,2,245,SUCCESS,110130,lyNpr2xnTQmOY3dmI_RFJw
VariableShell#8331,1671731842903,3,36730,36465,110191,0.0,0,0,0,1,246,SUCCESS,110191,7qoHggGdT9adLIy136MhQQ
MetaReadyPlayer,1671963673683,3,36732,36199,110196,0.0,0,0,0,3,247,SUCCESS,110196,oZaMgyb_QGCbbUzIeoIzIg
MoSalahF1,1670952298555,3,36737,33351,110213,5.0,0,15,15,11,248,SUCCESS,110213,m-0u3d2VRQWhKqgOq9fvdQ
GoodmanKR,1671203786723,3,36776,36467,110328,6.0,0,18,18,7,249,SUCCESS,110328,f905b742ca594aadb529eQ
SquareByte#6262,1672175672584,3,36864,36728,110592,0.0,0,0,0,26,250,SUCCESS,110592,HrWu4LYQRvCf-w4q6WSp0w
ProvisionalZone#5981,1671325151824,3,36952,36600,110858,0.0,0,0,0,2,251,SUCCESS,110858,aQE67l-9Qeav1EFlmMn3XQ
ProcessingString#6893,1670501966816,3,37024,35602,111073,4.333333333333333,0,13,13,10,252,SUCCESS,111073,BUujnaKVSsiEqEB3ppkNog
RobotAnalyst#8673,1670562375664,3,37044,29332,111133,5.333333333333333,0,16,16,2,253,SUCCESS,111133,wam-7WShSyafQyGnuxOU3w
AlphaNetwork#4963,1671638418048,3,37109,36789,111327,0.0,0,0,0,1,254,SUCCESS,111327,lyC6ZTP6SkKNh3U7WbNN9A
LeetZone#2705,1671697501854,3,37129,36858,111388,0.0,0,0,0,1,255,SUCCESS,111388,gkaGY7utQpC0QfNQ0H3cDw
InfiniteAttention#5650,1670609702921,3,37131,32128,111394,3.3333333333333335,0,10,10,7,256,SUCCESS,111394,P2kFgs4_SOGiA8QgRte14Q
TreKy,1671222072978,3,37220,33532,111661,0.6666666666666666,0,2,2,1,257,SUCCESS,111661,gqa3Sc-aSomHFfTlndb7ZA
LeetTech#2288,1670781914207,3,37286,33195,111860,5.333333333333333,0,16,16,2,258,SUCCESS,111860,kWDSXe51QVmLIqk0kNjv0A
BigBooster#5591,1670872258703,3,37286,29668,111860,5.0,0,15,15,2,259,SUCCESS,111860,HcUM_u9SSbOCoHuaBnGKeQ
DnS,1670474522191,3,37352,33594,112058,4.333333333333333,0,13,13,2,260,SUCCESS,112058,97db0b940fa84c5195d77Q
IterativeBreaker#6489,1671418476943,3,37354,36134,112062,0.0,0,0,0,4,261,SUCCESS,112062,k7qvF8vpSP2P-q_u60ExYQ
BIBIDIBORADIBOO,1670736653701,3,37419,36532,112259,0.0,0,0,0,7,262,SUCCESS,112259,qCEsnZ--Q9K4ywHBwwbJ_g
UpgradedConsole#5945,1670867486294,3,37423,35802,112271,5.333333333333333,0,16,16,2,263,SUCCESS,112271,ISJOLtelR-C-_EEx4FJaeg
RunningCamera,1671966490478,3,37488,37197,112464,5.0,0,15,15,5,264,SUCCESS,112464,UDxDHrITRmKGr3SH9eC6uQ
EgoshiVer2#2957,1671469070705,3,37598,37467,112795,0.0,0,0,0,2,265,SUCCESS,112795,XKPgHIV2SfGBlrUjEs4uOQ
StructuredScope#6635,1670673006348,3,37599,34933,112799,6.666666666666667,0,20,20,2,266,SUCCESS,112799,OfyBP_5BT76ymwhy4tRhCw
Kisa-veeti,1670587917472,3,37867,33064,113601,4.333333333333333,0,13,13,3,267,SUCCESS,113601,hqeFCiaQTyO8oA4dNyf_jg
JavaExpert#1100,1670791385527,3,37887,36527,113663,5.666666666666667,0,17,17,2,268,SUCCESS,113663,ta8jyN9BTZWzARP6ZVQd_w
juusonpaaryna,1670593109897,3,37931,35665,113793,1.6666666666666667,0,5,5,5,269,SUCCESS,113793,JNxjMuI3TkWT2AuP7Y691A
MemoryHypothesis#0907,1671637408024,3,37977,37329,113932,0.0,0,0,0,1,270,SUCCESS,113932,y6FcJpv2T72VHKvDJFkBEQ
ElasticLobster,1670523401554,3,37998,32469,113995,4.666666666666667,0,14,14,3,271,SUCCESS,113995,VQ3UbZR8QDKgYZItIgeacg
CreativePatch#3332,1671515102610,3,38020,24466,114060,6.666666666666667,0,20,20,5,272,SUCCESS,114060,hr9WQiLTTrSPkH78-j6EQA
Minje,1670837510186,3,38037,37861,114112,0.0,0,0,0,6,273,SUCCESS,114112,XkyRZGLSQQipztw7ZPJz9g
shoplazza,1672307342607,3,38086,35788,114260,0.6666666666666666,0,2,2,1,274,SUCCESS,114260,TClj01nbROSsKsDfRXmpzA
Zero-dayZone#1516,1671461623349,3,38174,37394,114522,0.0,0,0,0,1,275,SUCCESS,114522,NbE5tTknQOmTJYtd_43PVQ
HemGr2k22,1670568149552,3,38218,36865,114656,6.333333333333333,0,19,19,23,276,SUCCESS,114656,egjoGdkWQIiHmuE6pG0D5Q
10xPointer#4221,1670572867564,3,38309,36736,114929,6.333333333333333,0,19,19,5,277,SUCCESS,114929,3wyw2NKNRQWiatM61C-qCw
Legymyeggy,1671655177657,3,38375,32326,115126,1.3333333333333333,0,4,4,2,278,SUCCESS,115126,ZeeWK0OQSgm1q_rDMFzCeA
RocketAnalyst#5871,1672195077038,3,38441,33528,115324,4.333333333333333,0,13,13,1,279,SUCCESS,115324,-Vo9cCkiRUSHOl5awA8m6g
AWSracer321,1671703594508,3,38486,37458,115459,0.0,0,0,0,4,280,SUCCESS,115459,viHY34V9Qo27NND1xBUZzQ
PrijeshDevanandPro,1670830031601,3,38663,28737,115989,4.666666666666667,0,14,14,5,281,SUCCESS,115989,QAWHhREnQripvaS3Y--WMQ
Tutor-osanai,1671776074376,3,38686,38465,116060,0.0,0,0,0,1,282,SUCCESS,116060,OXzqlYTgSkeHdyOW-wv4Cg
Antonio-Rodriguez,1671108688463,3,38687,35869,116062,5.666666666666667,0,17,17,2,283,SUCCESS,116062,l_P-jtEwRWeVyn1hnUCnYA
QuickLanguage#4444,1671768490854,3,38713,38000,116139,0.0,0,0,0,1,284,SUCCESS,116139,0cDdfbiSSCaIbqT09Xyu5w
SYS-NT#6968,1670911324266,3,38774,35459,116324,4.0,0,12,12,3,285,SUCCESS,116324,HbMU1KhuTeOuMru-g5hR-w
AutomatedClass#2163,1671733156536,3,38862,38525,116586,0.0,0,0,0,1,286,SUCCESS,116586,83MOHgCEQDajfQajZ14S6w
20181345,1670458949019,3,38951,36056,116853,4.0,0,12,12,1,287,SUCCESS,116853,l2IS8IOAQUKKfya56O0hUg
CurlySlice#4841,1670541203787,3,38975,33526,116927,1.6666666666666667,0,5,5,1,288,SUCCESS,116927,e2Kh4C7-RjeJ_WIKAuCeeg
Mystery-Machine-22,1670545873924,3,39221,36999,117665,5.666666666666667,0,17,17,3,289,SUCCESS,117665,Od0TH-6bRnypgj3mivb3LQ
WebGrid#5152,1671734510114,3,39222,39146,117668,0.0,0,0,0,1,290,SUCCESS,117668,Z4WFIAdjSECoOqZRKln7Ig
IterableGame#3651,1671160954073,3,39309,38459,117929,0.0,0,0,0,6,291,SUCCESS,117929,7-CNLAXATiOyl0FvJ9tq-g
20180019,1671044547494,3,39360,31935,118081,5.0,0,15,15,36,292,SUCCESS,118081,ux4TLSpXRtmNQ_f83EsOLA
LeetUpdate#4041,1672323743432,3,39398,39135,118195,0.0,0,0,0,1,293,SUCCESS,118195,wYY0OpRUS92UeQr8KPkhLQ
SuperSonicCar,1670556900140,3,39423,29339,118270,4.0,0,12,12,10,294,SUCCESS,118270,wufwk37TQAu8iR4_o6KELQ
CrypticParameter#8621,1670921725115,3,39517,32616,118552,6.0,0,18,18,11,295,SUCCESS,118552,RHZsO-0PTP-61lnyCOkasw
20110139,1671109390515,3,39532,38061,118597,1.3333333333333333,0,4,4,8,296,SUCCESS,118597,YlNPwkeqQP285IFnWpeodA
UrgentInterface#3534,1672124518910,3,39595,38394,118785,0.0,0,0,0,24,297,SUCCESS,118785,Cm2eUd6ARymZaqEPEqE7qA
PathingTech#8809,1670876332786,3,39642,35591,118927,6.333333333333333,0,19,19,2,298,SUCCESS,118927,MZ-N8z1vRGWg0-U37gs0Hg
SquareRequirements#6982,1670480684333,3,39665,38196,118995,0.3333333333333333,0,1,1,1,299,SUCCESS,118995,0n7ond1_RbaaQmEhW37Kgg
ContinuousServer#1067,1672200888589,3,39702,36267,119107,2.6666666666666665,0,8,8,5,300,SUCCESS,119107,cTDEafzLTKC9CmssB235UA
TabletLog#8047,1671579233517,3,39754,39273,119263,0.0,0,0,0,1,301,SUCCESS,119263,cIODvzWVRxivN6ud4lp_Hw
GEN,1671893214211,3,39773,39062,119320,0.0,0,0,0,1,302,SUCCESS,119320,VLJknS8TTEWHt6XuFoR5Cg
onlythree,1671777464143,3,39886,36796,119660,5.666666666666667,0,17,17,7,303,SUCCESS,119660,23e254b25ea0443389ed6w
WackyWheels-Richie,1670494509580,3,39908,39600,119724,3.0,0,7,9,2,304,SUCCESS,119724,WihUz3x0RKa_1DGCDmfxdg
Skermp,1671056824888,3,39908,33337,119725,6.0,0,18,18,2,305,SUCCESS,119725,ViPhpUMpTuK1dK1KKDOq4A
GoingMerry,1670527562353,3,39952,38730,119857,0.3333333333333333,0,1,1,3,306,SUCCESS,119857,Hhj1GhXWSxaA1rBElgaNLw
KWON,1670989702002,3,39952,37993,119858,6.0,0,18,18,7,307,SUCCESS,119858,DplPbQepT5iDPJ0_iSmzHg
nayan-bastakoti,1670516444050,3,39953,37596,119861,5.666666666666667,0,17,17,11,308,SUCCESS,119861,p_pKuISuQXCHinOaHW4p9g
Antonina-Zhukova,1671126663877,3,39996,38332,119990,0.3333333333333333,0,1,1,2,309,SUCCESS,119990,RtXBXRFmSfyEfh0VDatdCg
Edgar-Daniel-Toro-Levano,1671124857945,3,40019,34536,120057,4.333333333333333,0,13,13,2,310,SUCCESS,120057,aBxLpawKTQS4LTmg1y24_Q
UAbrktrTB2#1548,1671193267463,3,40021,34994,120063,5.333333333333333,0,16,16,1,311,SUCCESS,120063,3bRJ71MUTkKqI_iad7bdOw
NestedPoint#9785,1670808320311,3,40065,38668,120195,0.3333333333333333,0,1,1,1,312,SUCCESS,120195,1mNpJwK6RJundxsZX9urEg
FiniteSlice#2358,1670872150901,3,40086,37270,120259,0.6666666666666666,0,2,2,2,313,SUCCESS,120259,xw8yMQfmRC67WZAgabUICA
masaki-systems,1670838047802,3,40087,39005,120261,1.3333333333333333,0,4,4,1,314,SUCCESS,120261,V1ivpKOPSGWKc3SxuA8YmA
gcjordi,1671564433835,3,40108,39391,120325,0.0,0,0,0,4,315,SUCCESS,120325,4n-0HYIyQ2241dJ4tZirRg
NestedGrid#8164,1670473440370,3,40151,39863,120453,4.0,0,12,12,7,316,SUCCESS,120453,yHWrKWWPQGypl980Tij1iQ
FormulaicHacker#3983,1672265902174,3,40176,39670,120528,0.0,0,0,0,2,317,SUCCESS,120528,iBaIJ31zRfmIQq2xHz8Q_w
marumototakahiro#technopro,1672303361021,3,40178,36200,120536,5.333333333333333,0,16,16,10,318,SUCCESS,120536,IvELAunSRwCmt_y2e6bHXQ
ReferenceServer#6836,1670571960719,3,40219,37872,120657,0.6666666666666666,0,2,2,1,319,SUCCESS,120657,j6hb8T7aQciJ-eU2QxDcEA
vip17,1672210324803,3,40249,36731,120748,2.0,0,6,6,3,320,SUCCESS,120748,rd0g9osRSj-W1ca-KFjo0w
Yo#0000,1670532485561,3,40316,36729,120948,0.6666666666666666,0,2,2,1,321,SUCCESS,120948,k9O8cdu-QhGt8rpQyiCqGQ
ASCIINumber#0059,1671602656075,3,40353,37001,121061,0.6666666666666666,0,2,2,1,322,SUCCESS,121061,_ifvTZcUQL60UHwiI2Gk-A
AgileString#0875,1671776254862,3,40373,38989,121120,0.0,0,0,0,1,323,SUCCESS,121120,LPLCEJQ8ToWgjCAekgvy_w
nelFirstTime,1672194335261,3,40405,40136,121217,0.0,0,0,0,2,324,SUCCESS,121217,4a1ecb5f42c8441b9b36fQ
HigherSchematic#9727,1671772555075,3,40465,37996,121396,0.6666666666666666,0,2,2,1,325,SUCCESS,121396,5peAtCmbStyKriWfUczr_g
BrainyEngineer#4397,1672311687536,3,40575,38133,121725,4.666666666666667,0,14,14,1,326,SUCCESS,121725,G5NStZZkTcyOGx-KMKOZZA
PythonToken#1972,1671714821608,3,40665,39130,121996,1.0,0,3,3,1,327,SUCCESS,121996,Xj2LaF7WSR6owYDv5jCxTg
jacksonklopp,1670616132350,3,40673,34412,122019,4.666666666666667,0,14,14,2,328,SUCCESS,122019,LXxSvLEcRFi1jZgA36JFMA
gcjordi-eH,1671503400015,3,40688,39338,122066,3.3333333333333335,0,10,10,3,329,SUCCESS,122066,hxnXJKpMRKSykoLhfHojdg
FiniteExpression#8938,1671458110394,3,40734,36130,122203,1.0,0,3,3,2,330,SUCCESS,122203,2WR4wkXRTU65NT2ioYXoQw
RobotExpert#0809,1671636074436,3,40754,38464,122262,0.3333333333333333,0,1,1,1,331,SUCCESS,122262,UoEFLWXpSr2XzNiFt5kATA
FormulaicError#8111,1671722677978,3,40782,39533,122346,0.3333333333333333,0,1,1,1,332,SUCCESS,122346,FLv7FbffSGalaZekm63hMg
SHHS-ChristopherMorales7,1670867552781,3,40796,34526,122388,6.0,0,18,18,1,333,SUCCESS,122388,3aEhN7q6RiuwuW619pi3OQ
EisukeKogawa,1671556249330,3,40849,32602,122549,6.333333333333333,0,19,19,20,334,SUCCESS,122549,f3L4J8yeTBqfvD96RnbB3A
Maezlu,1671154466909,3,40917,39403,122751,1.3333333333333333,0,4,4,4,335,SUCCESS,122751,6NRybHyFRuyEcMIXGnn6zA
Noman-2f2f,1671219915108,3,40952,37261,122856,7.0,0,21,21,1,336,SUCCESS,122856,QW9X02WeTeeTqHJkafkzxQ
JJCAR,1670576699557,3,40953,35669,122861,3.3333333333333335,0,10,10,1,337,SUCCESS,122861,R4l4Bj-yTcOkmnuCFoRySA
CyberneticBraces#3597,1670849908504,3,40975,35937,122927,5.333333333333333,0,16,16,5,338,SUCCESS,122927,0UG2ijRmS3GCjAGdotWwiQ
BlockchainNotation#0812,1671875416706,3,41021,33537,123065,4.0,0,12,12,3,339,SUCCESS,123065,OCm6iEaUSI6FzYytRt8Jig
20200996,1670805827996,3,41065,34666,123195,7.0,0,21,21,10,340,SUCCESS,123195,-7DEsU2KRmiBU3Q2QgXTxg
ll,1670618874597,3,41067,39740,123203,0.0,0,0,0,3,341,SUCCESS,123203,6MCnKZKyTQCgEu0iqAVOhw
absolutelobstering,1671813306120,3,41085,37464,123255,6.0,0,18,18,5,342,SUCCESS,123255,WXznnsJQQt-Wm7JKYt25-w
BigSystem#1056,1670478004545,3,41086,34598,123259,5.666666666666667,0,17,17,2,343,SUCCESS,123259,ZXTEb8JxT9aPoRJs7oclrg
TeamAlpha#TPE,1671650534301,3,41086,40264,123260,6.0,0,18,18,18,344,SUCCESS,123260,Av-BhUHpS9OBtIbVma1znw
AccessibleObject#2091,1670859948687,3,41139,39866,123419,5.333333333333333,0,16,16,1,345,SUCCESS,123419,jM5maTppTa-VaZKRd9eJpg
ComplexMethod#2383,1670483860095,3,41175,35804,123525,6.0,0,17,18,1,346,SUCCESS,123525,-ObvE8eHR9eodh59_xch4w
Mukilan-K,1671250514486,3,41180,40271,123541,5.333333333333333,0,16,16,2,347,SUCCESS,123541,4f1lIPCyQF25jfewIK0BUw
DigitalNetwork#1446,1672308117846,3,41196,37988,123588,0.6666666666666666,0,2,2,1,348,SUCCESS,123588,LZAYm-05SyWkJOiiI111Wg
NeuralCallback#6502,1671109015815,3,41219,39667,123658,0.0,0,0,0,9,349,SUCCESS,123658,8GaSi2NxQ_uR1742RyvUBw
SecureTester#7481,1672076581824,3,41243,39791,123730,0.3333333333333333,0,1,1,1,350,SUCCESS,123730,PT3yNuNvSTCfhbRHT2u6Pg
Mcstinkle,1671575964690,3,41266,40334,123799,0.0,0,0,0,1,351,SUCCESS,123799,xVk9GXOPTyW3T7pZ1trFDw
AgileMetaclass#5998,1670589495721,3,41355,39860,124065,6.333333333333333,0,18,19,2,352,SUCCESS,124065,NoKkJcVaSKeXbo9ULypvNQ
KBFG-SEAN,1670805715941,3,41398,40332,124195,0.0,0,0,0,1,353,SUCCESS,124195,D9di92EAR7OiiIquWzL4fw
WebState#5567,1671735397933,3,41442,39131,124327,0.6666666666666666,0,2,2,1,354,SUCCESS,124327,gYXNuBAgTCG28fxRLbhrVA
Racer-X-Atomic,1672336424408,3,41462,38664,124387,6.666666666666667,0,20,20,1,355,SUCCESS,124387,y1LOO8KyQn-0nWNG8lYZZw
ASCIIRacer#3688,1672301502948,3,41464,36925,124394,5.666666666666667,0,17,17,1,356,SUCCESS,124394,CUBkLrMgQ3uQRCrjBXOiog
PrototypeCallback#8109,1670495186556,3,41508,38997,124526,7.666666666666667,0,23,23,2,357,SUCCESS,124526,5TJVfqZIR2C83REhb498XA
IterativeWorkaround#0359,1671688706832,3,41552,38664,124658,0.6666666666666666,0,2,2,1,358,SUCCESS,124658,TZqaxUhIQFOrBJXG7Vtqdg
t-hijikata,1672106887752,3,41664,40191,124994,0.3333333333333333,0,1,1,2,359,SUCCESS,124994,tC3cHGQIRLWJVY-zNZPxEw
UrgentDigit#1031,1671415369790,3,41729,40942,125188,5.0,0,15,15,1,360,SUCCESS,125188,4gNT349XRKCJJ8XBRx-UwQ
jrn-racer,1671675257785,3,41775,41064,125327,0.0,0,0,0,1,361,SUCCESS,125327,EKFhs-QjR-exa9U3T2tlow
InfiniteAttention#8148,1671332096127,3,41813,41071,125441,1.0,0,3,3,2,362,SUCCESS,125441,FmHLyrDDRKqM5mYWQbd5QQ
SquareArray#3725,1671680259062,3,41821,41467,125464,0.0,0,0,0,11,363,SUCCESS,125464,E4l5qISpSr6ABfatcQA3cg
ComplexTester#2885,1671895529489,3,41845,39540,125535,0.6666666666666666,0,2,2,2,364,SUCCESS,125535,RC68ZIOdQLCw375EtCj8hA
10xCircuit#5823,1671730823364,3,41869,40797,125609,0.6666666666666666,0,2,2,1,365,SUCCESS,125609,xGGvb35IRnelHg2xKRMoYw
NullConsole#0611,1671773469297,3,41932,41000,125798,0.0,0,0,0,1,366,SUCCESS,125798,I5_8lqwWSliyG3q9dgDmFQ
ABaykov,1670797516174,3,41957,39668,125872,5.666666666666667,0,17,17,8,367,SUCCESS,125872,aa28j7SWTd-LxMzvFoj_bA
QualifiedCommand#7722,1671771884197,3,42039,41868,126118,1.0,0,3,3,1,368,SUCCESS,126118,GZoJCMiGRwCqU5hGc8DfIQ
GlobalExpert#5046,1671767411969,3,42087,40866,126263,0.0,0,0,0,1,369,SUCCESS,126263,1PktdY3qTG-U6ATtF8x4YQ
GlobalHypothesis#0241,1670588760048,3,42131,34667,126395,3.6666666666666665,0,11,11,2,370,SUCCESS,126395,vycFhOJbRymjeRYT36gfMw
Davids-NightMare,1670472482870,3,42154,36530,126463,6.0,0,18,18,3,371,SUCCESS,126463,8ac7f6ca851b443b9a72cQ
My-First-Deep-Racer,1672037776517,3,42175,40197,126527,5.666666666666667,0,17,17,1,372,SUCCESS,126527,Elcr3Cw7QOG81a4Qc9Fbrw
ComplicatedVariable#9440,1670597024172,3,42239,41271,126719,1.3333333333333333,0,4,4,1,373,SUCCESS,126719,4mE0D_BDQiqznr-KMmMApw
UnboundShell#4501,1670823592612,3,42286,41386,126858,0.0,0,0,0,4,374,SUCCESS,126858,UvI97c7TQGSkHeUkqGa2Og
20181627,1670485285465,3,42286,39930,126858,0.6666666666666666,0,2,2,3,375,SUCCESS,126858,NFMxKy9oTBuH0DJkiY6sug
QualifiedCommand#5829,1671765256291,3,42308,39604,126926,0.6666666666666666,0,2,2,1,376,SUCCESS,126926,i6kdInSfQwSQ4RGo_82NrQ
CodePointer#0420,1670661689071,3,42331,41000,126995,0.3333333333333333,0,1,1,3,377,SUCCESS,126995,jvr33oDbTWCh-jXeGcpIgw
FungibleLoop#3698,1671805416300,3,42352,40521,127057,0.3333333333333333,0,1,1,1,378,SUCCESS,127057,lS5CVtBTQPec_b3_F1KUCA
Robot486#8282,1671731467106,3,42397,39533,127192,0.6666666666666666,0,2,2,1,379,SUCCESS,127192,Xn9HUST6QBqJbiYS1Zqj3w
BetaPointer#6710,1671619447429,3,42463,40463,127391,1.3333333333333333,0,4,4,1,380,SUCCESS,127391,7hiGdOnbTkyy0BByjLwXhA
Zero-daySystem#1551,1671884771282,3,42622,42334,127867,1.0,0,3,3,2,381,SUCCESS,127867,MmZoFWnMTDau0uZTTEatwg
MonkeySocks#222,1670606202864,3,42641,41929,127924,7.333333333333333,0,22,22,1,382,SUCCESS,127924,EoJLzmtzS4qqBm1_sLQZSw
NumericUpgrade#2012,1671650522130,3,42685,41261,128055,2.3333333333333335,0,7,7,1,383,SUCCESS,128055,BWAJTBizTwSzJiZO0F2Xew
BackloggedSlice#8342,1670562437295,3,42709,42199,128128,1.0,0,3,3,4,384,SUCCESS,128128,asoILoTkSmy-srOdxfGdVw
PathingNotation#8337,1670777943895,3,42730,40806,128191,0.3333333333333333,0,1,1,7,385,SUCCESS,128191,DSvXBtA3RSmKxc6UojW-pA
TechnicalBooster#8671,1672122203471,3,42777,42473,128331,1.0,0,3,3,1,386,SUCCESS,128331,MhJssRLXRMC0ikL2nX7Now
IntelligentState#5922,1671808619551,3,42797,41133,128392,1.3333333333333333,0,4,4,1,387,SUCCESS,128392,hO09GyHfRTuBTEbq2w5Xsw
LeetArgument#4768,1671720015635,3,42840,39528,128522,0.6666666666666666,0,2,2,1,388,SUCCESS,128522,ipqcTPvBRhW7kOC4hHp9hQ
hanaoka-teruaki#technopro,1670912174800,3,42929,41398,128789,0.0,0,0,0,1,389,SUCCESS,128789,BY2nJZGyTdWr_u0dSOdojg
QuickNotation#3555,1670875480091,3,42982,41068,128947,6.333333333333333,0,19,19,8,390,SUCCESS,128947,E9heEzqKT1SfLedEwjKXvQ
Teddie,1671817145919,3,43109,38927,129327,7.0,0,20,21,7,391,SUCCESS,129327,OwbaZhnpRay9D1KawblQkQ
allthmbsamy,1670456526763,3,43113,39737,129339,6.0,0,18,18,16,392,SUCCESS,129339,yBF92DAoRYSy4L-UtDVU3g
FuturisticModel#0386,1671732892097,3,43153,42793,129461,0.0,0,0,0,1,393,SUCCESS,129461,mRWuXtnfQ66wgjnB--6O2A
BrainyNode#0946,1671806718113,3,43201,39327,129603,1.0,0,3,3,1,394,SUCCESS,129603,mvUXMxeHQ6eax7QodBuCSQ
ComplicatedNetwork#7081,1670818157275,3,43313,40531,129939,5.333333333333333,0,15,16,3,395,SUCCESS,129939,mQ9WiA9ZRC-DamqkMKct2Q
CleanPackage#0817,1670503996566,3,43353,34203,130061,6.333333333333333,0,19,19,4,396,SUCCESS,130061,sLmtQc1lSEuUn4Zu6luHtw
PassingTech#7858,1671152295121,3,43402,40134,130207,0.6666666666666666,0,2,2,1,397,SUCCESS,130207,YfqaVUgdQuSWhk1553sc_Q
MemoryByte#3240,1670521735001,3,43531,42806,130594,0.0,0,0,0,4,398,SUCCESS,130594,Zu4seifvRM2DN5LaXMkcBA
VirtualConsole#6252,1671473916245,3,43534,37003,130603,7.0,0,21,21,4,399,SUCCESS,130603,Fd-u6G_sTT652_hTUmG3LA
UpdatedInterface#1052,1671111058021,3,43597,41602,130793,1.3333333333333333,0,4,4,1,400,SUCCESS,130793,wKxYXK3eQzGoNFIsKDClog
BetaSpec#6489,1670560259621,3,43620,40863,130861,1.3333333333333333,0,4,4,22,401,SUCCESS,130861,chMgM6ZjRSqs4DrQzXNyrw
Fangio2021,1671297258268,3,43660,37530,130981,1.6666666666666667,0,5,5,1,402,SUCCESS,130981,-ueEBWh2T_y3OlPCAxXubQ
FungibleSystem#8929,1670521589000,3,43665,42539,130997,6.333333333333333,0,19,19,11,403,SUCCESS,130997,CFx9DQ74S5Cvod0VL3pDCA
CleanRequirements#2012,1671667440228,3,43775,43135,131326,0.0,0,0,0,1,404,SUCCESS,131326,Kgm42nSVREi-nAPfjU-pAA
FocusedSchematic#1328,1671796201424,3,43775,42860,131327,0.0,0,0,0,1,405,SUCCESS,131327,_UbkNSdqSfaIddVa0B311A
YSY,1672122174285,3,43797,42589,131392,1.3333333333333333,0,4,4,1,406,SUCCESS,131392,Ex6B5rwTS_6wJip95W4yMg
PaulHaigh-IAGTech,1670585920060,3,43798,39665,131396,1.3333333333333333,0,4,4,11,407,SUCCESS,131396,RvEd2Sg-TWOvYQq_lk3tIA
VirtualPoint#6949,1670475944804,3,43843,40532,131529,1.6666666666666667,0,5,5,1,408,SUCCESS,131529,wyINe0odRHi1g8tKBHZ0kg
Xana#66,1672247768127,3,43974,40864,131923,3.3333333333333335,0,10,10,2,409,SUCCESS,131923,cunvOlFyQdee8Nt8qP_bzg
ThisCallback#1499,1671794578545,3,44063,42060,132191,1.3333333333333333,0,4,4,1,410,SUCCESS,132191,HUmIQovKSM6KyWky4O9yvA
UnicodeMethod#0463,1671262174266,3,44088,41667,132264,0.6666666666666666,0,2,2,1,411,SUCCESS,132264,7HxMwiO0RE6O3AtrdF0frA
LEAKSandSQUEAKS,1671172946627,3,44225,39271,132677,6.333333333333333,0,19,19,15,412,SUCCESS,132677,MTsZUGiLR36z86VLRzbLEw
BooleanDocumentation#4809,1670510609449,3,44226,44202,132679,1.0,0,3,3,5,413,SUCCESS,132679,AUR-SY0QSxmgaeRVKQRhKg
PravinDaiKoGadi,1670578629574,3,44265,43872,132795,7.0,0,21,21,3,414,SUCCESS,132795,y_FlR_zaTZuNa3WlMmr2Lg
rits-racer,1670602571920,3,44353,39996,133061,3.0,0,9,9,1,415,SUCCESS,133061,4636cb5da223408897ca6w
ImmutableSlice#8523,1670532820412,3,44377,36861,133133,7.0,0,21,21,1,416,SUCCESS,133133,N5eF3tSFTYGXof5rFNpcaw
GammaCharacter#8751,1670587206221,3,44575,36921,133727,4.333333333333333,0,13,13,1,417,SUCCESS,133727,N1iJjUMtSJuMGQfVlHGjyw
Sunil-Jacob#HESTA,1671849865742,3,44594,39869,133782,5.333333333333333,0,16,16,1,418,SUCCESS,133782,ZchwtfESRaG3UehBljKibw
Prayag-Ghimire,1670572916327,3,44665,37200,133995,6.666666666666667,0,20,20,10,419,SUCCESS,133995,tB7yuYWvQ52dtFA1c8e8wg
Neural486#9030,1671341785901,3,44709,42264,134127,4.666666666666667,0,14,14,3,420,SUCCESS,134127,nYFieBhqQeK2QnSvXYx4ig
EconDemoRacer,1670886637011,3,44798,44263,134395,0.6666666666666666,0,2,2,1,421,SUCCESS,134395,Idu_Rex0Rrqm-ibKjkWRYQ
sanjayd,1671052641622,3,44956,42200,134869,1.6666666666666667,0,5,5,2,422,SUCCESS,134869,rQ4HTcwhTcmV2msaGYVhKg
ReferenceContext#6642,1670643124413,3,44999,43599,134997,8.333333333333334,0,25,25,4,423,SUCCESS,134997,2nX8EpRjRq-rpiqTVZLpDQ
Machine486#2113,1671795233402,3,45042,40333,135128,1.3333333333333333,0,4,4,1,424,SUCCESS,135128,IJ22e3BRQzKwgce3jq8KZg
PSJ-9,1672122121972,3,45085,43928,135256,1.3333333333333333,0,4,4,1,425,SUCCESS,135256,zd5kmzqoRqCRZKhrpjq0HQ
UsableOrder#5938,1670594559392,3,45219,43466,135659,8.333333333333334,0,25,25,3,426,SUCCESS,135659,q40GAs8MTiik6l3sRBAtRw
RecursiveSchema#1742,1670832666788,3,45241,29803,135725,5.333333333333333,0,16,16,2,427,SUCCESS,135725,iuVLcALDRpigklW0e6cncw
SPDSTR-Aiden,1672043045626,3,45284,35132,135852,7.0,0,21,21,1,428,SUCCESS,135852,6rVVb7HXQzigAsVTVyLg0Q
LigaAI01,1671798342505,3,45300,43162,135900,7.666666666666667,0,23,23,1,429,SUCCESS,135900,lnRF8py3THi5dWdbJiwvKA
UpgradedDeadline#7944,1672123770096,3,45374,43840,136124,1.3333333333333333,0,4,4,1,430,SUCCESS,136124,Mf79QWtrQXKHEvjpl9mOfw
JSW-1,1672122224157,3,45443,37135,136329,2.0,0,6,6,1,431,SUCCESS,136329,dohblmnYQAWxyOY8oEr9iw
MuhamadNady,1671739766185,3,45443,37867,136331,7.0,0,21,21,9,432,SUCCESS,136331,Nyuo8nQFRFSZHuVc-7mRKw
AbstractShell#7458,1671633944260,3,45686,42998,137059,0.6666666666666666,0,2,2,1,433,SUCCESS,137059,PSHZsBXfSbOYx9z_yJVqhA
AsynchronousResource#2008,1671966964201,3,45686,43200,137059,4.666666666666667,0,14,14,5,434,SUCCESS,137059,FTPzVSUbQ7CcgfNC8GOTwg
BetaGrid#7880,1671600183925,3,45730,41259,137192,2.3333333333333335,0,7,7,9,435,SUCCESS,137192,5Nnb34FgTC2vHx8Qlv7LZQ
TAN#007,1671888778872,3,45829,43201,137489,7.666666666666667,0,23,23,3,436,SUCCESS,137489,qANHaFksRpeeOSy97as9dg
GammaLambda#8067,1670875005152,3,45866,43728,137598,4.0,0,12,12,20,437,SUCCESS,137598,dnk4SBrlRLG7JOiMerLgZA
InfiniteAttention#4661,1671464356905,3,45889,36608,137667,6.333333333333333,0,19,19,2,438,SUCCESS,137667,5Vr7Kq7vQz-mgQ1n09noeQ
AbstractComment#6732,1670533049395,3,45915,38350,137746,2.3333333333333335,0,7,7,1,439,SUCCESS,137746,DtoaU8JES--ILR5l4FhRBQ
SYS-Masaki#8900,1670669874562,3,45975,38525,137925,8.0,0,24,24,4,440,SUCCESS,137925,VSYgdUjiTuql1zFvzsIkOw
VirtualSandbox#3235,1670516439100,3,45987,45201,137961,1.0,0,3,3,40,441,SUCCESS,137961,ueZU_YnUR9GKSEqxjqd5XA
UsableAttention#8360,1671734505148,3,46065,41927,138195,2.0,0,6,6,1,442,SUCCESS,138195,cSDyx3h4SWiUOTz888sSlA
hirokiadachi#technopro,1671709959742,3,46075,39737,138225,7.666666666666667,0,23,23,1,443,SUCCESS,138225,NyDMbltGRX2oTxBnYtLftw
ranzuh,1670582515038,3,46153,42269,138460,1.6666666666666667,0,5,5,3,444,SUCCESS,138460,u5RFLWf4T5CireYIBgoULQ
baldman,1672204538963,3,46198,39592,138594,2.0,0,6,6,2,445,SUCCESS,138594,DKxoOIdlT4-h9LR9_lyIqw
HelpfulNumber#9831,1671764263445,3,46241,44734,138724,1.3333333333333333,0,4,4,1,446,SUCCESS,138724,dClqRbmsRRKjmx_bdx7Rfg
TestingServer#1406,1672198418573,3,46310,41601,138930,2.0,0,6,6,4,447,SUCCESS,138930,bS6LS5YPRXS2Vj4ys0Fsmg
ImportantWorkaround#2203,1670474289231,3,46336,41333,139008,6.333333333333333,0,19,19,2,448,SUCCESS,139008,oKaw-e93Snq2aILID7KUng
AlphaMachine#9678,1670811040280,3,46376,44729,139129,0.0,0,0,0,2,449,SUCCESS,139129,uQWiRRYkQj-6oQHLdxwjWw
TestingArgument#3246,1670718805391,3,46643,42267,139929,6.666666666666667,0,20,20,1,450,SUCCESS,139929,ljLbOaNJSmKjKIjPrZAqXA
BetaByte#8634,1671412486790,3,46797,43256,140393,5.0,0,15,15,4,451,SUCCESS,140393,5XWlOjyqRcy6n8zoSMvdmA
GenerativeAnalyst#5991,1672209615268,3,46891,41941,140673,2.3333333333333335,0,7,7,4,452,SUCCESS,140673,H7lmizwIT6SI-zefGQYfIQ
Denso-Mizuno,1671670833827,3,46931,43868,140794,7.666666666666667,0,23,23,1,453,SUCCESS,140794,5CWRC7QFTeWdya-VwOEWug
Maria-de-la-Joya,1671192323518,3,46954,45733,140862,5.666666666666667,0,17,17,1,454,SUCCESS,140862,aLemod04SyCxHnK58mNLJA
tomomo,1671620655688,3,47041,44725,141124,0.6666666666666666,0,2,2,2,455,SUCCESS,141124,8Pw4zYODQ5OI8jhEHKgvdQ
BooleanTech#1690,1671111225776,3,47107,41663,141322,2.3333333333333335,0,7,7,1,456,SUCCESS,141322,DMYgMGzNQZqHVwvD8372tA
CH-Shin#technorpo,1670501698756,3,47200,42132,141602,7.666666666666667,0,23,23,2,457,SUCCESS,141602,z_o7oTr8SwyPS6Qq-D4Uvw
nine9,1670846098018,3,47597,41464,142793,8.666666666666666,0,26,26,4,458,SUCCESS,142793,nh20eR6wSW2uOCJ_nRnUvg
20181120SIK,1670998344036,3,47598,42663,142795,7.333333333333333,0,22,22,3,459,SUCCESS,142795,XWDDYi4yQbm6iosRF1A04w
PrimePackage#1016,1671153310462,3,47600,42267,142801,2.3333333333333335,0,7,7,4,460,SUCCESS,142801,9kcX1L35QDiCjfr_yVxpig
CurlyLanguage#5235,1670985256829,3,47641,43465,142924,1.3333333333333333,0,4,4,1,461,SUCCESS,142924,8sDjN6DPRnygYBvQBmbIXw
Everest-DNPds,1670468473267,3,47664,36068,142994,6.666666666666667,0,20,20,12,462,SUCCESS,142994,13eb4731e0c1457ca4d7dw
CrypticSwitch#6876,1672204666256,3,47753,43136,143260,6.333333333333333,0,19,19,3,463,SUCCESS,143260,7Cofk3_EQ-KHHcnhUczUgw
ContinuousDiff#9170,1672198445448,3,47822,43194,143466,6.666666666666667,0,20,20,3,464,SUCCESS,143466,vXOo6en1QiCJIbOSyGJdmg
DesktopExpression#8872,1671843854190,3,47885,41134,143657,2.6666666666666665,0,8,8,2,465,SUCCESS,143657,Qz-BrW7gR8m61r0Drh7yxQ
GlobalCallback#4248,1670620131989,3,47910,42867,143732,8.333333333333334,0,25,25,8,466,SUCCESS,143732,JM90Ha95TMqRgHjrAiZuIw
Kwon,1672192592877,3,48084,42325,144253,6.333333333333333,0,19,19,7,467,SUCCESS,144253,LRHYsGu3SSyW09Y2yN-Qfg
CyberneticPatch#2077,1670870577199,3,48307,46987,144921,2.3333333333333335,0,7,7,1,468,SUCCESS,144921,iTrBYwdHSfSDoOO2qv-qDA
Racer2022,1671365251248,3,48307,43190,144923,4.333333333333333,0,13,13,13,469,SUCCESS,144923,cOFg-MavSOu-PJhK7N5N0g
UrgentToken#0800,1672124577777,3,48355,44932,145065,1.0,0,3,3,4,470,SUCCESS,145065,rzd_g-7PR86WNiBD7eGdtw
PythonBraces#2693,1670984967179,3,48494,40403,145484,9.333333333333334,0,28,28,1,471,SUCCESS,145484,crbDmeOtQzeyITpfg7BrGA
Anthony-Osorio,1670608280592,3,48509,43000,145529,8.666666666666666,0,26,26,3,472,SUCCESS,145529,PblsGbTpQ6SaTNhOnoU2ng
UrgentModel#1261,1671651548013,3,48598,41268,145795,2.3333333333333335,0,7,7,1,473,SUCCESS,145795,URh3m4MLQ7SUz14QEzE1Bw
AutomatedBreaker#8634,1671798702593,3,48633,48066,145900,2.3333333333333335,0,7,7,1,474,SUCCESS,145900,xeTiGW_2SfG4ojvedUX1IA
Funplus-DrunkDriver,1672344833455,3,48753,45332,146261,8.666666666666666,0,26,26,1,475,SUCCESS,146261,_nwv29m5RY6CIMdiEO_R8w
FungibleResource#3055,1670853333163,3,48776,45124,146329,5.0,0,15,15,2,476,SUCCESS,146329,e8YEHoszTqeIu2B5KwJxaw
TPC-Tech,1670506454329,3,48797,45453,146393,8.0,0,24,24,1,477,SUCCESS,146393,iEfWhIPLS865MMzpmLNdqQ
FungibleCoder#1800,1670820208287,3,48844,46992,146532,2.0,0,6,6,1,478,SUCCESS,146532,bKbBntRsQPeYTcGcugAJbA
ProcessingTech#1695,1670984939299,3,49022,46265,147067,2.6666666666666665,0,8,8,1,479,SUCCESS,147067,hl2sBym7SU-4EwtaTLkddg
jjjulllesss,1672355028083,3,49041,44729,147125,3.0,0,9,9,2,480,SUCCESS,147125,gOlTRXfySqyyV9_dkmpS4A
AtomicState#1916,1670559107479,3,49065,41930,147196,8.0,0,24,24,2,481,SUCCESS,147196,JetJJwpFSByiXIzSOC5vww
GammaDebugger#5065,1670782608731,3,49153,42205,147461,3.0,0,9,9,1,482,SUCCESS,147461,a_gswsTUSjKwdsS9pHkNXA
Pundits#7271,1670584594130,3,49242,47804,147727,2.3333333333333335,0,7,7,1,483,SUCCESS,147727,uCnDQo8GTMiUjCEL5HZnYg
AjayDhungel,1670574000838,3,49352,46856,148058,8.666666666666666,0,25,26,1,484,SUCCESS,148058,8l9FjzL1QwSFRaCrRvLD-A
Staff-masuda,1671772092551,3,49438,46997,148315,7.666666666666667,0,23,23,2,485,SUCCESS,148315,X1-zqZoUR7-T00sBLDQzMQ
DaveB,1671207740860,3,49485,40667,148455,2.0,0,6,6,2,486,SUCCESS,148455,20b1b2245c834a9b84a88Q
L-J,1670574314834,3,49555,46738,148667,7.666666666666667,0,23,23,2,487,SUCCESS,148667,bZE8tKSQQ3e5SiZaVp32Pw
InfiniteByte#2594,1670463247321,3,49598,42067,148796,6.0,0,18,18,1,488,SUCCESS,148796,6XFCi48mTVe0oLh8GVQuwA
SuperSonicCar2022,1671763704446,3,49641,40130,148925,8.666666666666666,0,26,26,4,489,SUCCESS,148925,H7aYREyuTFSRoFNX8EIwMw
shahGnp#7322,1670461056267,3,49668,43995,149005,9.666666666666666,0,29,29,5,490,SUCCESS,149005,9XJ8Z0YjTBeUtVaoKwv0cQ
MechanicalFix#6520,1671807804129,3,49795,44801,149385,2.0,0,6,6,1,491,SUCCESS,149385,TR9uocqUTwy6UN3DGFt7SQ
QualifiedAbstraction#7989,1672330532141,3,49796,45531,149388,8.0,0,24,24,1,492,SUCCESS,149388,wtO-LBWNRb--tLiwLNdyeg
20180383,1670808670004,3,49799,48463,149399,8.333333333333334,0,25,25,4,493,SUCCESS,149399,hbs6q6xfT7WBFcOAaWxmTg
Xdagoat,1671813325961,3,49820,40733,149462,9.333333333333334,0,28,28,1,494,SUCCESS,149462,zrx4ZM5tTyybvM4bViSfdQ
ArtificialExpression#2222,1670538507207,3,49888,48072,149665,1.3333333333333333,0,4,4,1,495,SUCCESS,149665,9rGWSOBTS9WejA1gElTRPg
DesktopNode#7043,1671798360586,3,50020,47666,150060,3.6666666666666665,0,11,11,1,496,SUCCESS,150060,upWhi4BMRw6fbNQzgmbzCQ
10xArithmetic#0414,1671604302780,3,50053,47719,150159,1.6666666666666667,0,5,5,17,497,SUCCESS,150159,hIM7IkD0RbKsnVc8WF7yRw
ComplexNumber#1404,1671316855643,3,50132,47133,150397,0.6666666666666666,0,2,2,3,498,SUCCESS,150397,6pxC67mMTFayn9AJAF385g
LoopingEngineer#3531,1671774213226,3,50153,49602,150461,3.0,0,9,9,1,499,SUCCESS,150461,WypDl6VHSAOhYdQqQgBQjA
AsynchronousHacker#7773,1672218395860,3,50219,48133,150659,2.6666666666666665,0,8,8,1,500,SUCCESS,150659,fLkn3J0eSgG214UdRAQ_bg
IntelligentFix#5635,1670553898755,3,50396,42197,151188,6.0,0,18,18,1,501,SUCCESS,151188,havys_n8SxamE2dHAIn1ZA
thunderbolt,1670588083860,3,50443,49133,151330,9.333333333333334,0,28,28,4,502,SUCCESS,151330,DHJx-oePRYOrb_EQV4sr3A
BooleanInterface#0795,1670717125627,3,50464,43464,151394,3.0,0,9,9,1,503,SUCCESS,151394,1fFlMw2LQ5ep03e8DZCh4A
BlockchainLoop#1525,1671419548313,3,50531,46858,151594,8.0,0,24,24,1,504,SUCCESS,151594,wwnAG64zSfGSs3PeG8ITBg
ComplexGrid#3970,1670514361992,3,50730,45860,152192,3.0,0,9,9,1,505,SUCCESS,152192,iySdVhljRW6hgmjUIepi2g
Betoniarska#4394,1670581420673,3,50796,46070,152389,1.3333333333333333,0,4,4,6,506,SUCCESS,152389,2_bb1t7uTwuTpJrugGgWJw
CleanCallback#6448,1672056388754,3,50842,49669,152526,3.3333333333333335,0,10,10,2,507,SUCCESS,152526,bs9mnZOFQZmkZKMVIxBPcg
HashableEngineer,1670604928427,3,50974,47131,152922,9.0,0,27,27,17,508,SUCCESS,152922,ajSy_TQOSP2z1nquyTPzXw
SequentialTech#4999,1671172789939,3,51152,46203,153456,8.333333333333334,0,25,25,11,509,SUCCESS,153456,IoIUUjM_QQaEYnwxSTIlIQ
HelpfulDeadline#3232,1670493631768,3,51309,46127,153928,3.3333333333333335,0,10,10,1,510,SUCCESS,153928,HCINOS09SfCB2IBMAPJK-Q
SolvableBraces#5477,1671034170151,3,51332,47861,153997,2.6666666666666665,0,8,8,1,511,SUCCESS,153997,nOWogaGbQIWfZKOW7-nk7Q
gabrielkoo#HongKong,1670659081498,3,51422,46336,154266,9.333333333333334,0,28,28,1,512,SUCCESS,154266,ydUnMZutQDmeS4U2pIDYLg
LeetHacker#1186,1671649978850,3,51582,46131,154747,3.3333333333333335,0,10,10,1,513,SUCCESS,154747,6Z-w3UhQTNm_6i7BJSb27A
Braver,1670570138836,3,51602,43595,154806,7.333333333333333,0,22,22,1,514,SUCCESS,154806,9YTBLwFbRnqAWexF_cAg0w
NestedPresentation#2036,1671199310548,3,51605,41863,154815,7.666666666666667,0,23,23,6,515,SUCCESS,154815,AJ3OFlIeRcmqe-JjPM_X6A
NestedMachine#2111,1671633291422,3,51775,49003,155325,3.6666666666666665,0,11,11,1,516,SUCCESS,155325,rdLZ7HLkTLm1Y1Cy1jv8Sg
Latunkiituri,1670582727629,3,51777,50929,155332,3.0,0,9,9,4,517,SUCCESS,155332,3jFP5NmWQJur3C5Upzcp-Q
FunctionalSchematic#5501,1671537454433,3,51815,45180,155446,6.0,0,18,18,3,518,SUCCESS,155446,1IA3U0abTQKK7y5KH0lpqw
technopro#SHIBAZAKI-Tetsuya,1672287785772,3,51864,45064,155592,10.0,0,30,30,4,519,SUCCESS,155592,zGkD2T4QSY26nKoy_pOsbA
lukeeeee,1670966131416,3,51867,49208,155602,3.6666666666666665,0,11,11,1,520,SUCCESS,155602,Zi1Nw0rLTDy7V-2a2P-8ag
ArtificialUpgrade#4419,1670793916333,3,51907,44594,155722,10.0,0,30,30,2,521,SUCCESS,155722,hRGBgjjGSEyaq6t15_aJOg
EsteemedExpression#4133,1670556225652,3,51932,48263,155796,9.0,0,27,27,1,522,SUCCESS,155796,PLcM5Kd2SN6Hk88RVW70mw
404-not-found-Regin,1670460954371,3,51952,44789,155857,10.0,0,30,30,1,523,SUCCESS,155857,TjrUF2K3R9SDOORVexG0-Q
Suumahheri,1670587736626,3,51973,47926,155921,9.0,0,26,27,5,524,SUCCESS,155921,-j3MGr0TT5mUQM6f5cZ5ow
VirtualValue#6792,1670580756684,3,52180,49878,156542,3.6666666666666665,0,11,11,2,525,SUCCESS,156542,Yeaotln7Q4Ch6UadcddNdg
GlobalAnalyst#3158,1670899878921,3,52309,49934,156928,10.666666666666666,0,32,32,2,526,SUCCESS,156928,QczwoP2FS6qW30wuKiOGiA
NumericComment#0927,1670492888711,3,52353,46062,157061,9.666666666666666,0,28,29,2,527,SUCCESS,157061,pahJQHAKSZG1MAkAKCgyvw
MobileFunction#4163,1671418319202,3,52399,50204,157197,5.666666666666667,0,17,17,1,528,SUCCESS,157197,aZvPHR1fS9-drMKIDcJmmw
TimyTheHappyGriaffe,1670780647366,3,52486,43935,157459,9.333333333333334,0,28,28,2,529,SUCCESS,157459,UuLsYck_Ra6r7RHQq2V9Vg
10xResource#5665,1672204429656,3,52513,47667,157540,8.666666666666666,0,26,26,3,530,SUCCESS,157540,UgtEIgwAQPuRDU70CQL-AA
KC888,1670523108032,3,52617,46928,157851,7.333333333333333,0,22,22,1,531,SUCCESS,157851,aihEWBfwRTeb7h1glckVzQ
ItaloSSilva,1670793306701,3,52640,48600,157921,10.333333333333334,0,29,31,3,532,SUCCESS,157921,fCzkfwanRNK7Q3MKbvCLyg
StructuredError#5961,1670833944076,3,52688,51394,158064,3.6666666666666665,0,11,11,1,533,SUCCESS,158064,NpfHNHKiSm-FMvrpEAEaHA
KMJ,1672122208671,3,52822,47608,158467,3.3333333333333335,0,10,10,1,534,SUCCESS,158467,ikIQSPkpQ1q9JE9rteElyw
DeepRequirements#1254,1671114225270,3,52863,47798,158589,3.6666666666666665,0,10,11,1,535,SUCCESS,158589,OIAVxxmCQwSikOS8yWiCtQ
FiniteBraces#8051,1671043731459,3,52864,48596,158592,7.333333333333333,0,22,22,2,536,SUCCESS,158592,9l1u3aOFRBqwysgkVQs3wQ
QualifiedDescriptor#8277,1670605981475,3,52975,48395,158927,10.333333333333334,0,31,31,1,537,SUCCESS,158927,eb59vrPET_2UZX6Fk76_Rg
HigherAnalysis#1848,1671657901094,3,53022,49803,159066,4.0,0,12,12,2,538,SUCCESS,159066,ttW6AQ5oQE-6BGl-Rffy_w
KDH913,1672121928219,3,53132,50668,159397,3.6666666666666665,0,11,11,1,539,SUCCESS,159397,nbrOqfJSRjygjbmPCNdcuA
sonic-shadow,1671148659803,3,53287,43730,159863,10.666666666666666,0,32,32,2,540,SUCCESS,159863,riyTjKRgQLeU_47k4tyFrQ
sh#63,1672122177471,3,53293,47535,159880,3.6666666666666665,0,11,11,1,541,SUCCESS,159880,gHtXlTgOTmOMtbJCztJmxQ
QuickMetaclass#8929,1670625555588,3,53331,48139,159993,4.333333333333333,0,13,13,1,542,SUCCESS,159993,biTvLFv2Suyr5wFEiGw4jA
AndreiP-KiaSorento,1670548534641,3,53419,44129,160257,9.666666666666666,0,29,29,4,543,SUCCESS,160257,gI98iCqETmqBEhmCsbmS8A
AtomicContext#2648,1670533390831,3,53515,51596,160546,3.3333333333333335,0,10,10,2,544,SUCCESS,160546,hgeCtwzjSOOlefGP2b0Fqw
DesktopTag#2561,1670521570871,3,53530,43800,160592,10.666666666666666,0,32,32,3,545,SUCCESS,160592,Qxu_M52qRRivONf0HFlqIQ
EncryptedCoder#1575,1670610154397,3,53632,46730,160896,9.666666666666666,0,29,29,1,546,SUCCESS,160896,2QbqT0SBRHuPGKzUAMN3AA
StructuredServer#2406,1670909052798,3,53710,51528,161130,7.666666666666667,0,23,23,1,547,SUCCESS,161130,Q7Lqw3fTT8OOsGHnkyVgsg
GammaServer#4537,1671724628453,3,53721,46197,161164,4.0,0,12,12,1,548,SUCCESS,161164,86zvWaLMRReW9Aqw67BCDA
n3l0,1672104988609,3,53753,50936,161259,3.6666666666666665,0,11,11,1,549,SUCCESS,161259,OfZiUMDASsuSA4fJId7j0g
SuyogKarki,1670564745575,3,53895,48726,161686,9.666666666666666,0,29,29,2,550,SUCCESS,161686,ba1-yv5oTUG9ZxtX0li0OQ
FungibleDescriptor#9353,1670955155010,3,53918,52869,161756,0.6666666666666666,0,2,2,3,551,SUCCESS,161756,ldG3tm4aQeylhE0ARtoxnA
Rocketzill83,1671324886821,3,54220,48870,162662,8.333333333333334,0,24,25,2,552,SUCCESS,162662,IuAP6cgPTuqbDdVYWbzwyA
bbquabbler,1671128096558,3,54222,42008,162667,10.333333333333334,0,31,31,1,553,SUCCESS,162667,iGfoFQBwQSe3Q2ZOH0-rtg
CriticalSystem#8150,1670661171884,3,54244,48336,162732,8.666666666666666,0,26,26,2,554,SUCCESS,162732,WIVvowPmTzq6XweDZk8FIg
FormulaicSystem#3361,1671621638091,3,54265,52465,162796,4.333333333333333,0,13,13,1,555,SUCCESS,162796,B-iPFAt2QlCAbvNqvzzeLQ
Kire,1671792641934,3,54273,49334,162820,10.0,0,30,30,1,556,SUCCESS,162820,N0y9CR6fQN-a4UlAFsTC5Q
ProgrammingCallback#6133,1672230435216,3,54345,53909,163036,8.0,0,24,24,3,557,SUCCESS,163036,tbdPpJ5yQt2yMXp0UbZjpg
CodePresentation#0547,1670548342353,3,54396,46997,163190,8.0,0,24,24,1,558,SUCCESS,163190,1IDZmaDsQf-sY51cMaDU-g
FormulaicFormula#4108,1672266231611,3,54425,51198,163277,1.6666666666666667,0,5,5,1,559,SUCCESS,163277,06XLjljkTeasUzhk1LkOoQ
NeuralExpression#0975,1671558679929,3,54533,48796,163600,8.666666666666666,0,26,26,1,560,SUCCESS,163600,wL_PhRdfSkysg1Wkc6fTsg
20201201,1670812157075,3,54534,49667,163602,10.333333333333334,0,31,31,1,561,SUCCESS,163602,xX2PeO5mShy_dNCfiSaGPQ
AngryPossums,1671463511092,3,54711,52671,164135,9.666666666666666,0,29,29,4,562,SUCCESS,164135,zk0937BMRk68jc0IxZPdlQ
20181185,1670486721960,3,54778,52667,164336,10.666666666666666,0,32,32,21,563,SUCCESS,164336,lC5peQ4VQX6HwaazghSWPQ
UTE-Cloud#9923,1671436728298,3,55129,51384,165389,9.0,0,26,27,10,564,SUCCESS,165389,PrRkX51ZQrGjubRr6mZBzw
GammaAttention#5406,1671793889663,3,55132,49866,165398,5.333333333333333,0,16,16,1,565,SUCCESS,165398,55vuKSC4Q_uad9MXz2w76g
MemoryHypothesis#6277,1670774001201,3,55465,49270,166396,6.333333333333333,0,19,19,1,566,SUCCESS,166396,hd0VskWUQUGyeR-FqyGRyQ
PassingSlice#1834,1670490563873,3,55619,54464,166857,4.333333333333333,0,13,13,2,567,SUCCESS,166857,bkziy8q-Qm6tOnL7Jn2mKQ
yhs,1672122131516,3,55798,45802,167395,4.666666666666667,0,14,14,1,568,SUCCESS,167395,GZfaFAjaRHKB0_I5SPT8GQ
CreativeValue#7090,1671306200657,3,55930,54129,167791,4.666666666666667,0,14,14,1,569,SUCCESS,167791,77URTLwHTGWQehOXGeEMAA
Azu,1672302273684,3,56042,52396,168128,4.666666666666667,0,14,14,3,570,SUCCESS,168128,FQ-wSwLzTbW3uceGru2E3Q
RecursiveScript#1711,1670603287047,3,56043,54061,168130,11.0,0,33,33,2,571,SUCCESS,168130,woCVLNuLSH-zERxeiSOrGQ
ContinuousArgument#2098,1672204617117,3,56064,52662,168192,10.0,0,30,30,3,572,SUCCESS,168192,hcUCTSMrRAqltJWvRmMJ8A
GlobalParameter#5935,1672112966229,3,56132,53934,168396,3.6666666666666665,0,11,11,2,573,SUCCESS,168396,dWlI3ahEQ-WH21eICalyoQ
ZHENG,1672308325091,3,56530,19793,169591,11.333333333333334,0,32,34,1,574,SUCCESS,169591,Hp8pr2iER1SBrWGw8VeCGQ
M11156007ChingWei#7139,1671437052262,3,56576,46530,169728,5.0,0,15,15,3,575,SUCCESS,169728,1yrS1hAARdGCwV4osS7WeA
ComplicatedTag#3886,1670575236616,3,56603,51794,169810,5.0,0,15,15,1,576,SUCCESS,169810,8OdjpOqoRZ-T_W8Czi7_Wg
CompleteByte#7709,1670580830692,3,56619,49331,169859,3.6666666666666665,0,11,11,2,577,SUCCESS,169859,cThCQF7MRnKXCahQF7KJnw
ComplexObject#9246,1670466311448,3,56729,56601,170188,0.0,0,0,0,3,578,SUCCESS,170188,zc5Ixhm9TNm-WTt7CxZXuA
DraftDocumentation#3212,1670507676064,3,56730,52003,170191,10.0,0,30,30,2,579,SUCCESS,170191,ZD7Qv8jdSDabRt1ZWbfc5g
ArtificialDiff#8098,1671723885827,3,56886,50992,170659,5.333333333333333,0,16,16,1,580,SUCCESS,170659,i3E83S9FQIS_AssDLXOQ8A
QualifiedCommand#8073,1672183968031,3,57314,52680,171943,11.666666666666666,0,33,35,2,581,SUCCESS,171943,EAbNZXooR4CT6iTenx6wuQ
QuickByte#4833,1671143060906,3,57331,56726,171993,4.0,0,12,12,2,582,SUCCESS,171993,nAeXsHyvTYiVxsjPwKLzgQ
DraftMachine#1887,1670848391333,3,57477,51061,172431,9.666666666666666,0,29,29,1,583,SUCCESS,172431,k1uK0b6ISDKsjlR19qaSTw
manishkhare-gsi,1670491037390,3,57643,50658,172929,4.666666666666667,0,14,14,1,584,SUCCESS,172929,JGsnN-vMS5CCZRRxxMrYHw
UsableToken#5048,1670601990841,3,57929,44661,173789,11.666666666666666,0,35,35,1,585,SUCCESS,173789,EFrZT9FOQFuUVsrnGwIi_w
IntelligentMethod#7615,1671699497704,3,57930,42468,173792,5.666666666666667,0,17,17,1,586,SUCCESS,173792,bA-HdPGjRo65rR1Gnlbn_A
PiererInnoExpert#0520,1671616103100,3,57954,52930,173864,10.333333333333334,0,31,31,2,587,SUCCESS,173864,P3XWffBcRfKUR9aFphnmlw
AccessibleContext#7113,1670798011821,3,58174,54610,174522,5.0,0,15,15,1,588,SUCCESS,174522,xWLkP5VJTGyMr6-Oc6weiw
Anon,1670571487920,3,58310,55607,174930,10.666666666666666,0,32,32,8,589,SUCCESS,174930,UcAeXCBQRymU9a4We688XA
KiseeShreejan,1670486996048,3,58397,55730,175191,12.666666666666666,0,38,38,1,590,SUCCESS,175191,OO8xDDg3R0SG16hGynw6qA
LoopingSpec#0541,1670519064555,3,58423,54135,175270,5.333333333333333,0,16,16,2,591,SUCCESS,175270,7ljf1TagQlusKQ9dHT8dXw
lyb-0219,1672122102164,3,58531,56794,175594,5.666666666666667,0,17,17,1,592,SUCCESS,175594,UtZF4cuZQASDIm2NHWCNug
JavaObject#7339,1671243403798,3,58597,55934,175792,4.666666666666667,0,14,14,2,593,SUCCESS,175792,TdkxTMI8T1yFH6skgC7UUA
ParametricTheory#5121,1671181558793,3,58730,53535,176192,4.666666666666667,0,14,14,1,594,SUCCESS,176192,BJWPx3ygRlK_8FY0zoVlVw
MechanicalSandbox#6298,1670608501683,3,58753,54665,176261,5.0,0,15,15,2,595,SUCCESS,176261,MHMa8LXtRuW6k0o8F6oriw
AashutoshSapkota,1670580196420,3,58801,58406,176405,12.0,0,36,36,1,596,SUCCESS,176405,X_96byZdTXOuOE9VmhmmIA
BruhMMMMMMMMM,1670535218887,3,58841,50188,176523,11.666666666666666,0,35,35,2,597,SUCCESS,176523,8Jbn_idfSbWU1ComC1Hq-A
EncryptedPackage#4002,1671201251180,3,59042,47197,177126,12.333333333333334,0,37,37,2,598,SUCCESS,177126,wbOlN1HZTBitQufY1SYBTQ
20180223-Honam,1670502798198,3,59289,53738,177869,8.666666666666666,0,26,26,1,599,SUCCESS,177869,JdCr17PEQnuutklxHb96cA
danizumi,1670804191793,3,59310,55929,177932,12.0,0,36,36,1,600,SUCCESS,177932,XRK9DeMrS9Cq_kmilYhxvw
SequentialNotation#9816,1671799033539,3,59376,52326,178128,5.0,0,15,15,1,601,SUCCESS,178128,Maar0rLnS4GycBJ4Cdqyww
ImportantPackage#7760,1671809488735,3,59507,55460,178522,11.0,0,33,33,4,602,SUCCESS,178522,gX9OVwtxSX6G3OXiZkIYrQ
StructuredBooster#7238,1671649315167,3,59596,48209,178789,3.3333333333333335,0,10,10,1,603,SUCCESS,178789,Aqjy9bGDREiMyfVIrx-3Ag
IntelligentToken#7907,1671487821871,3,59885,53195,179656,5.666666666666667,0,17,17,2,604,SUCCESS,179656,Fof8V_zfT6uKgEdWSeVOvg
CleanRequirements#4871,1671171884656,3,60019,53326,180057,13.0,0,39,39,1,605,SUCCESS,180057,o8jdearHSICeCshLSt_yDA
Stig-Jp,1671790815030,3,60046,58735,180139,5.333333333333333,0,16,16,1,606,SUCCESS,180139,eI0YaZ4NQkGJ2IFFDOmA0w
GammaLanguage#4186,1671043710177,3,60127,50265,180383,4.0,0,12,12,1,607,SUCCESS,180383,CSmN5gl8Reil_jntS7ESaQ
TestingAnalyst#5345,1670568391055,3,60154,58668,180462,5.333333333333333,0,16,16,1,608,SUCCESS,180462,em8KoJdJTiWKEwS__VLzlg
IterableBottleneck#4721,1670603964453,3,60355,56666,181067,12.0,0,36,36,29,609,SUCCESS,181067,WUf5h7bPR4yTzAEuE8OJag
IntelligentString#4590,1671775796066,3,60379,57332,181137,5.666666666666667,0,17,17,1,610,SUCCESS,181137,0F-YyFHfTN2tPZwPqGDPgQ
Prime486#5483,1671796448527,3,60465,54999,181396,5.333333333333333,0,16,16,1,611,SUCCESS,181396,w8ebqMi5SwWdcWdfMdIr8w
UpgradedDelta#9762,1670580779653,3,60908,53280,182724,3.3333333333333335,0,10,10,2,612,SUCCESS,182724,x_M9NloOQBerVHUo0EV0IA
ASCIIExpression#0987,1670607592031,3,60911,58737,182733,5.333333333333333,0,16,16,2,613,SUCCESS,182733,OAbn8iSiTKGQcFFt1_bX1A
FungiblePointer#9687,1670603936313,3,61043,53329,183129,12.333333333333334,0,37,37,2,614,SUCCESS,183129,MSLkIfQGQweXgQopq5TfrQ
IterativeEnvironment#8662,1670856629899,3,61064,58468,183193,11.666666666666666,0,35,35,12,615,SUCCESS,183193,NiKDV4elRSWbWX-BM9p9ug
TechnicalBuster#9431,1670605437095,3,61064,52272,183193,12.333333333333334,0,37,37,1,616,SUCCESS,183193,tyGEVkyYRjOqwWLAIdhGdw
AccessibleContext#7577,1672208917172,3,61087,60732,183262,6.0,0,18,18,3,617,SUCCESS,183262,Qk-qIq-nRxKrPFhAPXP97w
StructuredBraces#0887,1670964843794,3,61090,59795,183272,5.333333333333333,0,16,16,2,618,SUCCESS,183272,U9S1zX_GSuudqb7VXMkqsA
FormulaicCharacter#3014,1670873971425,3,61353,54602,184061,6.666666666666667,0,20,20,1,619,SUCCESS,184061,GYwmvw-2RsGvfuM06TNRaA
ParametricBuster#3289,1671998576499,3,61354,51400,184062,12.666666666666666,0,38,38,2,620,SUCCESS,184062,S4BCaOigQZ2ErlBA92GnoA
Zero-dayNumber#0052,1670544333855,3,61552,54727,184657,12.0,0,36,36,1,621,SUCCESS,184657,7vaMpi-fTjuxkxFkqs0izg
TheTrackBoss,1670507788909,3,61619,59598,184859,13.0,0,36,39,4,622,SUCCESS,184859,hbVXmPNNTAGt_ndmy0JCtg
NumericVariable#1497,1671727172823,3,61777,55066,185332,12.0,0,36,36,4,623,SUCCESS,185332,I7fNRToNQhSjAgzOT31syw
TabletLambda#4616,1671373110112,3,61795,60533,185385,5.333333333333333,0,16,16,1,624,SUCCESS,185385,dSsv4S6GTkSPESreKV7ivg
AsynchronousPresentation#6281,1671651152756,3,61999,58062,185999,5.333333333333333,0,16,16,1,625,SUCCESS,185999,Jw09UW4NR_u53RfQ2GQqMQ
ImportantServer#6173,1670687850193,3,62042,59661,186126,4.333333333333333,0,13,13,1,626,SUCCESS,186126,4rkHubDYSJqNS5Y6cACKag
StructuredToken#0421,1671181838935,3,62069,58330,186207,5.0,0,15,15,1,627,SUCCESS,186207,x2yji1KDTFSnEidEtzH6Jg
DesktopTech#1268,1670999209351,3,62330,62069,186991,6.0,0,18,18,1,628,SUCCESS,186991,xB03xPkqQmW4Sr5EsOkrSA
Silas,1671046676129,3,62562,59268,187687,10.666666666666666,0,32,32,3,629,SUCCESS,187687,nnHOU7JgSemB-Rs1QSCS1A
alpha7,1671663459356,3,62665,59260,187996,12.666666666666666,0,37,38,2,630,SUCCESS,187996,oh3zXstATKOgedhZQ01mjQ
ContinuousDiff#3867,1672227290784,3,62775,60132,188326,5.666666666666667,0,17,17,1,631,SUCCESS,188326,HTKedisPSJahl25K7CTjnw
FocusedAnalyst#7578,1670615083544,3,62964,60069,188893,6.666666666666667,0,20,20,1,632,SUCCESS,188893,GXewbDkmQc6Pe0r6n906UQ
ImportantArray#0124,1671583366237,3,63309,51800,189928,6.333333333333333,0,19,19,2,633,SUCCESS,189928,7kaxSKASQ3SYUkiS8Gi21Q
ThisSwitch#1307,1671093223469,3,63309,57402,189929,6.666666666666667,0,20,20,2,634,SUCCESS,189929,IDL-Vw2hS86VRpt3ptVwFQ
Initial-D-GTR,1670450911087,3,63576,58469,190729,12.333333333333334,0,37,37,1,635,SUCCESS,190729,zpYjVIkVQFGCJ8gUV8w8_Q
CreativeClass#0977,1671780800890,3,63598,59598,190796,7.0,0,21,21,1,636,SUCCESS,190796,Qv4k97C7SQeN0-zof4Y3Jg
HigherLog#6493,1672141875499,3,63643,54867,190931,6.666666666666667,0,20,20,1,637,SUCCESS,190931,UpnfSNmUROKLP6Z11LLIjg
GlobalEnvironment#8667,1671031108353,3,63756,61602,191269,5.666666666666667,0,17,17,1,638,SUCCESS,191269,VnkadARaSoWZQE4_1zKkEA
NestedEnvironment#7224,1671854635208,3,64308,57338,192925,7.666666666666667,0,23,23,1,639,SUCCESS,192925,g-GdQTsNRd2yGFRtmWUQvw
FormulaicMethod#4535,1670603164000,3,64420,58532,193262,13.666666666666666,0,41,41,1,640,SUCCESS,193262,ktzr2Zc5SRe3E0wTb0kEwA
Ronnie#2002,1671374800627,3,64778,56272,194335,14.333333333333334,0,43,43,1,641,SUCCESS,194335,evEj4D0TTZamDeMeEUWDpw
SecureLanguage#2060,1672321262530,3,64786,57666,194358,13.0,0,39,39,1,642,SUCCESS,194358,RD4OFwy5QU-AUvqXiubgTw
UrgentFormula#4292,1671721832317,3,64820,62196,194460,7.0,0,21,21,2,643,SUCCESS,194460,gISoZXMnQl6v_nM1tAU6ZA
nikhilkala,1670464818609,3,64820,61802,194460,13.666666666666666,0,41,41,1,644,SUCCESS,194460,UKO4WitGQRSkSrTqa8ZAIA
ASCIIHypothesis#4572,1671713324335,3,65023,62663,195069,6.666666666666667,0,20,20,1,645,SUCCESS,195069,kVLZearLT1KPBOz3FwQhwA
ProcessingSpec#3358,1670602172834,3,65025,63133,195076,13.333333333333334,0,40,40,1,646,SUCCESS,195076,WUfpXSqZTViIOoMeA17qGQ
PrototypeTheory#5257,1671185477320,3,65114,60137,195344,7.333333333333333,0,22,22,2,647,SUCCESS,195344,bxls9Pw5SfaC7WgNcFd5EQ
IterableOrder#6403,1671029345032,3,65330,61069,195992,14.0,0,42,42,1,648,SUCCESS,195992,66sH2FpCQiuGlP-uu1f6sw
Hatton,1670494955859,3,65511,50598,196535,14.333333333333334,0,43,43,1,649,SUCCESS,196535,wzVzQyEMRsG8HTwNx0foiw
TechnicalDescriptor#4050,1672203514706,3,65753,58728,197260,14.0,0,42,42,3,650,SUCCESS,197260,n3o2aB4VTrOvpoVIRgfvlg
ArtificialObject#3867,1671097256297,3,65910,61924,197730,7.0,0,21,21,1,651,SUCCESS,197730,3fMAgCtjRmGyfQ6BJTsKMg
ASCIIVariable#3164,1671717685392,3,65975,63132,197925,7.0,0,21,21,1,652,SUCCESS,197925,Azlusst0R4aFla-A73IncA
InfiniteTester#3940,1670509456674,3,66005,63202,198017,6.333333333333333,0,19,19,1,653,SUCCESS,198017,jWtD3ey8TuiX3V_KKylTig
TabletScope#2622,1671687447625,3,66086,53204,198259,7.333333333333333,0,22,22,1,654,SUCCESS,198259,VA1Q9DEFSeW6jiFF1-qgog
CodeDelta#9900,1670960362255,3,66421,65672,199265,8.333333333333334,0,25,25,1,655,SUCCESS,199265,fgtceRgjSaiOepGahtlVtQ
CamiloPinzonCastellanos,1671191013278,3,66508,58393,199526,14.333333333333334,0,43,43,4,656,SUCCESS,199526,-C2EBnZrTc6jq__K5jnrIw
FiniteClass#8788,1670621225947,3,66620,64272,199860,7.666666666666667,0,23,23,2,657,SUCCESS,199860,ZoJNgESVQaKTqdBtQFkZnA
IterableObject#5856,1672126807957,3,66755,58464,200266,7.333333333333333,0,22,22,1,658,SUCCESS,200266,RbIUFPyAR7qZNBfkMqGxFQ
sobatatoshiaki#technopro,1672199825293,3,66796,54997,200390,8.333333333333334,0,25,25,2,659,SUCCESS,200390,2KyHCrWRRmiZhVP4y_IUfg
DeepHypothesis#7980,1670494809900,3,66978,61398,200934,7.333333333333333,0,22,22,1,660,SUCCESS,200934,sVhoXbiPQ9WK_cdqa3oJ4w
AgileConsole#0460,1672202321798,3,67064,59668,201194,6.666666666666667,0,20,20,1,661,SUCCESS,201194,XPYdHBLISfChC27OPDS_nA
YJH,1672122166100,3,67175,56200,201525,8.0,0,24,24,1,662,SUCCESS,201525,h1R19wL7SO6mV4yg2lD_kA
UsableCommand#2197,1670604671810,3,67198,60264,201595,7.0,0,21,21,1,663,SUCCESS,201595,h391F1X9ShmZ8x72YEsUSg
NumericSandbox#1511,1670516146447,3,67376,64732,202128,14.666666666666666,0,44,44,1,664,SUCCESS,202128,AHWD-QtAQe-SBXr8md6tXA
JA2C-Racers-JamieJ,1670505457577,3,67951,63733,203855,8.0,0,24,24,1,665,SUCCESS,203855,Zn3-jTYfRwuIolfk8tkeEQ
CreativeSwitch#3300,1672198791281,3,67952,63264,203858,8.666666666666666,0,26,26,6,666,SUCCESS,203858,h7ytiULgQZWYymNQXwNrfA
GlobalCharacter#0453,1670591902884,3,68153,63858,204460,7.333333333333333,0,22,22,1,667,SUCCESS,204460,ovlF3defThy1-JR_0npXSA
UnicodeNamespace#5061,1670562616729,3,68197,61600,204593,7.0,0,21,21,1,668,SUCCESS,204593,9fxBggyzTFewD5UknwQejw
UrgentHacker#3257,1672204528779,3,68239,65460,204718,5.666666666666667,0,17,17,3,669,SUCCESS,204718,zBaPzuuiSZujxSprN-17qw
RobotTech#5142,1670491860962,3,68293,64016,204880,12.333333333333334,0,37,37,4,670,SUCCESS,204880,jgz-tMN0TCqEswNqNlfB9A
LoopingFormula#7230,1670539438781,3,68515,58602,205546,14.666666666666666,0,44,44,1,671,SUCCESS,205546,xyd98OkdTLSRqeKL4WYQvQ
moving-across-coasts,1670889376218,3,69025,66066,207077,14.666666666666666,0,44,44,1,672,SUCCESS,207077,MNn6KHMIRM-gD6u2akjaAg
ThisGlyph#3382,1670595633260,3,69713,63734,209139,11.0,0,33,33,6,673,SUCCESS,209139,HOktg_K-RhC7FlUGwIlGwA
CodeByte#8056,1670565252097,3,69819,68992,209459,2.6666666666666665,0,8,8,2,674,SUCCESS,209459,B8_CJszqSLi6miVUUqm8ew
PythonDigit#4603,1671632022690,3,69821,62532,209464,7.666666666666667,0,23,23,1,675,SUCCESS,209464,e0Ng1rizQJ-2olKhFgyI9A
allurei,1670585883762,3,69908,59933,209724,15.666666666666666,0,47,47,1,676,SUCCESS,209724,KCpfi6KLSgiyh9zwR-2aTg
IterativeCommand#1288,1671437092640,3,70021,60067,210064,8.666666666666666,0,26,26,1,677,SUCCESS,210064,VxrDlOX1QgGiy8hMknaIiw
TendaSendai51,1671186467620,3,70182,63540,210546,8.0,0,24,24,1,678,SUCCESS,210546,hPDI8PFPRmC6ZC9Z2SV4mA
Frankarr,1670821432837,3,70484,64593,211454,8.666666666666666,0,26,26,1,679,SUCCESS,211454,IPwMYZtBQBS4sVULp66MGA
SquareSpec#7364,1670792171539,3,70731,67057,212194,7.0,0,21,21,1,680,SUCCESS,212194,QT6kcRMWRFCfv5V5ZWRfJw
FungibleClass#9163,1670504512583,3,70752,60940,212256,9.0,0,27,27,4,681,SUCCESS,212256,1bJSusgbRsqmkJOIUFD5CA
AsynchronousUpgrade#4186,1671430618899,3,71160,66547,213480,14.333333333333334,0,43,43,2,682,SUCCESS,213480,NhUL9l2jTFSSO5HJofi-GQ
Tutor-tomita,1672211961751,3,71243,65331,213730,8.333333333333334,0,25,25,2,683,SUCCESS,213730,CkUg61OOQG-i6O3Ueyw8rA
20180707#4801,1670467388517,3,71423,67266,214270,15.0,0,45,45,10,684,SUCCESS,214270,k7z3Zm3GSQKYyUx2UYEc8Q
NullVariable#6517,1670615447787,3,71667,69933,215002,8.333333333333334,0,25,25,1,685,SUCCESS,215002,O0ep2-5KTMGb-IvALxX8ag
FocusedMetaclass#3725,1671374406343,3,72311,60533,216934,14.333333333333334,0,43,43,1,686,SUCCESS,216934,fJWZlspcRECeOZYcteEPpQ
Zero-dayCharacter#6594,1672188595386,3,72394,67600,217182,11.333333333333334,0,34,34,1,687,SUCCESS,217182,YxcQ-ZoJRaObKfT17gIQFQ
RocketNotation#9680,1670526541832,3,72420,66532,217261,15.333333333333334,0,46,46,1,688,SUCCESS,217261,T0mUNn-YTJSRUdxJkUSZaQ
AM730,1672298151791,3,72998,70267,218995,15.666666666666666,0,47,47,3,689,SUCCESS,218995,BVyCq7XIT-ObuDsJfFVtDA
AbstractState#0544,1670568154437,3,73329,67531,219989,15.666666666666666,0,47,47,2,690,SUCCESS,219989,SrSPPVDeR3mb1qZ8E4FBOA
IterablePoint#1417,1671383073474,3,73619,63856,220857,8.333333333333334,0,25,25,1,691,SUCCESS,220857,iGRIyNfvSaiJC1PMDrs-sQ
NullHacker#6373,1670456897627,3,73687,71201,221062,8.666666666666666,0,26,26,1,692,SUCCESS,221062,GErXDaHUTEWNhLCwOjUmog
koboritomoyuki#technopro,1670827551583,3,73689,72070,221068,16.333333333333332,0,49,49,3,693,SUCCESS,221068,K2j2pcyYT8OsIDz0ty7oSQ
AtomicOrder#4305,1671596828005,3,73692,69532,221077,9.333333333333334,0,28,28,1,694,SUCCESS,221077,KGg-HWYfRfSleshCGcJ6VA
AtomicCallback#9315,1671631521339,3,74021,71539,222063,9.666666666666666,0,29,29,1,695,SUCCESS,222063,zqzEOms1SE2LFew6VmihEA
TestingShell#6590,1671470300769,3,74047,59142,222143,9.0,0,27,27,1,696,SUCCESS,222143,_jnqR8a2T26kUjAW1-WdUw
UnicodeArray#2251,1670614883809,3,74087,64791,222262,13.666666666666666,0,41,41,1,697,SUCCESS,222262,ocS34aMDQmyl43MGgI8mlw
FiniteGrid#7940,1670497843777,3,74293,69865,222881,17.333333333333332,0,52,52,2,698,SUCCESS,222881,4KWZ8aLhRWuVWAGT-3EfRA
PathingNamespace#5093,1670600136885,3,74386,67027,223158,14.0,0,42,42,2,699,SUCCESS,223158,D4bd3jQ2T9y0S1FFDS9mqg
HelpfulSchematic#7549,1672165563798,3,74491,70735,223475,8.0,0,24,24,1,700,SUCCESS,223475,FrqecMn3Q4WUGjvKzNQrIw
GlobalOrder#9423,1671309617604,3,74954,73399,224863,8.333333333333334,0,25,25,1,701,SUCCESS,224863,fzg_MFg6QXCr1ykloOkBKA
UrgentLoop#2947,1670864919895,3,75085,63862,225257,16.0,0,48,48,5,702,SUCCESS,225257,fZn-8QRVRgWxQBLDvqDa8g
LeetArchitect#5352,1670879104002,3,75206,69467,225619,15.666666666666666,0,46,47,1,703,SUCCESS,225619,FuqWcMUNTzGGLy-dxAN-dQ
JavaDataset#9795,1670507020437,3,75733,68734,227200,7.333333333333333,0,22,22,1,704,SUCCESS,227200,rr4yDVkXS42SjYRHmLtcSA
GlobalShell#1889,1670758132553,3,75998,71938,227995,10.333333333333334,0,31,31,1,705,SUCCESS,227995,DwZYLxemQqK00kFl93qXzw
CodeConsole#5384,1671124168505,3,76131,73996,228395,16.666666666666668,0,50,50,1,706,SUCCESS,228395,K6xDvfhuRxmWxXP4gM-Mhw
UpInTheAwsOfTimo,1670588147301,3,76153,58863,228461,15.666666666666666,0,47,47,1,707,SUCCESS,228461,NIS1i4wiRnuDyAJlk1hCXQ
SquareContext#5466,1672227287180,3,76463,69198,229391,10.0,0,30,30,2,708,SUCCESS,229391,cocJw3uRRTaPhlvSjt8tUQ
Nissan-gang,1671735855624,3,76797,70324,230393,17.0,0,51,51,1,709,SUCCESS,230393,2KCCOQS7RNC3uzJraZ8EFQ
UpgradedPresentation#5537,1671921068545,3,77084,69856,231252,10.0,0,30,30,3,710,SUCCESS,231252,bVUwvufLTbefPxrQ-QvpqQ
CriticalNumber#4575,1670885189342,3,77109,75993,231329,10.333333333333334,0,31,31,1,711,SUCCESS,231329,7Vp8pvVjRL2s5pL23h_jHw
EUNJI,1672198289658,3,78641,72189,235923,17.0,0,51,51,3,712,SUCCESS,235923,-1unlTK-S0ih4j2KZaUCwQ
UpdatedSchematic#2783,1671538146821,3,79152,72193,237458,16.0,0,48,48,1,713,SUCCESS,237458,NDwd06V6RsGz6jaZ_zkJ5Q
PassingHypothesis#2375,1671721426635,3,79908,73937,239726,10.666666666666666,0,32,32,1,714,SUCCESS,239726,zGql_CkLTlKMY0OAVY2C0g
UpgradedResource#9274,1670522510758,3,81242,80996,243727,11.0,0,33,33,1,715,SUCCESS,243727,fxkvF1v3SDy4C6Z38uvMug
EncryptedInterface#4621,1670606039077,3,81776,71734,245330,18.0,0,53,54,1,716,SUCCESS,245330,mlGuIT0OQ3uw6SDAuyVERA
PHN-11,1672122317272,3,82130,76858,246391,11.333333333333334,0,34,34,1,717,SUCCESS,246391,G8IAMxyWSsa61ibf5dLPyg
CleanShell#9321,1671510553446,3,82152,78336,246456,12.0,0,36,36,1,718,SUCCESS,246456,LOIDmISeSBi0YlT2AUOkGQ
TestablePointer#2043,1671240007744,3,85442,78400,256328,12.0,0,36,36,1,719,SUCCESS,256328,2CA00I_CRzeocdKW0c5CoA
FungibleFunction#2989,1671873258273,3,86070,73729,258210,11.666666666666666,0,35,35,1,720,SUCCESS,258210,cDIOxp0oQX6QqhMnvIIqGQ
MarcoRollo,1671027880237,3,87886,82866,263660,12.333333333333334,0,37,37,1,721,SUCCESS,263660,RqxmEOrPRlO9EYjinf2_PQ
TestableComment#6574,1670887914608,3,88266,85997,264798,17.666666666666668,0,53,53,1,722,SUCCESS,264798,paaIoBStQwOshUiUyEG6wQ
Nested486#1572,1670886698682,3,88487,74731,265463,20.666666666666668,0,62,62,1,723,SUCCESS,265463,WVtqw3IoQFKfqb1njWU8-A
Anup-Kafle,1670469817423,3,88953,84539,266861,13.0,0,39,39,1,724,SUCCESS,266861,MVPyCxQiSKaJhGtN1iTKVg
Aidenj19,1670535121067,3,89506,85394,268520,21.0,0,63,63,1,725,SUCCESS,268520,BeNW0KIkTuGYJbG9v5jiWg
NeuralNumber#2736,1670671709185,3,91198,87331,273594,22.0,0,66,66,3,726,SUCCESS,273594,aqvv2ihuSD-SsxQUjHVcJg
oldmon,1672221711176,3,91418,88465,274256,21.0,0,63,63,1,727,SUCCESS,274256,62e6fa9116494c5b836cbQ
SecureCoder#2341,1670821383480,3,92729,85547,278189,22.0,0,66,66,6,728,SUCCESS,278189,4rOSDYaTRVuoSGpQ9esH0g
SquareNamespace#5949,1670657556006,3,93465,82128,280397,21.0,0,63,63,2,729,SUCCESS,280397,N-khgPRlSM221UZJAKT_-Q
AutomatedBrackets#9533,1671908284190,3,94047,88202,282143,12.666666666666666,0,38,38,1,730,SUCCESS,282143,wjzu762hSF-QVvgKpNwdHA
BetaToken#0035,1670906373298,3,94686,91529,284059,23.0,0,69,69,2,731,SUCCESS,284059,ll7-WgmeRVygHZAHdB0OFw
LoopingTag#3784,1670801369032,3,94821,91065,284465,23.0,0,69,69,1,732,SUCCESS,284465,Nn36IsefSGCizdQfHVUCQw
HashableTheory#6199,1671180710334,3,95708,95400,287126,15.0,0,45,45,1,733,SUCCESS,287126,qWlnwQPvTv-vBhcm3MeTvg
JuanSuarezG,1670855194289,3,97019,90733,291059,23.666666666666668,0,71,71,1,734,SUCCESS,291059,RhVrzKGeQgucqv_LfjIqUw
ParametricFunction#9765,1671113116294,3,97241,95605,291724,15.333333333333334,0,46,46,1,735,SUCCESS,291724,uHQeY9tsRUiiU9GGpULtZg
ProvisionalSchematic#0109,1672050610628,3,97263,94253,291790,22.0,0,66,66,1,736,SUCCESS,291790,x5r8DnIiSV2hGN0uSnfzIw
Mike211,1670621995576,3,97864,97405,293592,23.0,0,69,69,7,737,SUCCESS,293592,rgZhd0J7TBGwBO4GPYC3yg
HashableLine#7417,1670580732150,3,98355,93603,295066,23.333333333333332,0,70,70,2,738,SUCCESS,295066,qp0Gq1FWTnClDQXzjzfuJA
ContinuousSequence#8645,1670906508998,3,98465,91204,295396,23.0,0,69,69,2,739,SUCCESS,295396,DNMura6fTtKFaZFoRzkJ0A
DraftGame#8597,1671311004367,3,99576,94130,298729,22.666666666666668,0,68,68,1,740,SUCCESS,298729,pJw4wWdXSI-fXTOWBlf00A
QualifiedParameter#1798,1671124013243,3,99638,97931,298916,16.333333333333332,0,49,49,1,741,SUCCESS,298916,b_DvohRmT3y4s3ssmXqwTQ
GenerativeNotation#3553,1670899843377,3,99975,95199,299926,23.333333333333332,0,70,70,1,742,SUCCESS,299926,2z5_PQnWTrm773m3kevi7Q
JavaTest#4713,1671019025955,3,100383,98001,301150,10.666666666666666,0,32,32,1,743,SUCCESS,301150,C6rNkPKPT8aHZWFKQYN4RQ
csanford-chwy,1671495593435,3,101176,99663,303530,21.333333333333332,0,64,64,3,744,SUCCESS,303530,2E_ttYEVRdGRj4rjqn7Dfg
BrainyFix#3901,1672036515435,3,101443,99997,304330,21.333333333333332,0,64,64,1,745,SUCCESS,304330,2ygJQ_w9SJKccxcBGWsuYQ
HigherSpec#0349,1671715701517,3,102707,92859,308122,16.333333333333332,0,49,49,1,746,SUCCESS,308122,BYTu34E5TDKbhSztfBuFsw
ComplexGlyph#8573,1670804124142,3,102753,93932,308260,24.333333333333332,0,73,73,1,747,SUCCESS,308260,7YGo2XFCSFCOqzd8h9ptwA
ArtificialPoint#6897,1671012204985,3,103332,97865,309998,24.666666666666668,0,74,74,1,748,SUCCESS,309998,ka2jdHk5TxyBzSsnNkkHIQ
ComplicatedLine#2017,1671641621510,3,104576,102268,313728,22.666666666666668,0,68,68,2,749,SUCCESS,313728,YCE4h3HGQUax3Oil2dcwBg
TechnicalString#5593,1670612242640,3,107601,104993,322803,25.666666666666668,0,77,77,1,750,SUCCESS,322803,PYSySM0nQF-RGCTJ7axJmg
AtomicFunction#2366,1671628081806,3,108332,105194,324996,25.0,0,75,75,1,751,SUCCESS,324996,Uoi_zGvSSC6oV1vGw2gEAA
PrimeAbstraction#5857,1670906346751,3,109109,100399,327329,26.333333333333332,0,79,79,2,752,SUCCESS,327329,bfr6iFncTpiWuFSfJXW5eA
ImmutableGrid#8998,1670534201831,3,109510,99463,328530,23.666666666666668,0,71,71,1,753,SUCCESS,328530,Jsn_vojqQs-cikM81pTFaw
FiniteUpdate#7236,1670695002580,3,114263,102868,342791,20.666666666666668,0,62,62,1,754,SUCCESS,342791,g1j8UwxgR2W4YGswrfrcZw
AgileFormula#5489,1671459536737,3,116290,114597,348870,20.666666666666668,0,62,62,1,755,SUCCESS,348870,Aw6KPyoDTb2Byx5X7qxqYw
MobileLoop#9157,1672135675366,3,117511,110004,352534,21.333333333333332,0,64,64,1,756,SUCCESS,352534,HDfV1q1kQYSjqvd18mWAnw
PrimeBraces#3401,1671889232042,3,120243,110329,360729,22.0,0,66,66,1,757,SUCCESS,360729,ko5FHc3BRZ-UCmCakPlF3w
BooleanArgument#2818,1672140942607,3,121065,116670,363196,22.333333333333332,0,67,67,1,758,SUCCESS,363196,vJrTe-g9SxWnRgtPdj8fFA
SquareFix#2656,1670819160208,3,122196,118531,366590,30.0,0,90,90,1,759,SUCCESS,366590,syqYC5kPS96Fe1ujHzxS8w
Zero-dayGrid#9297,1671706843263,3,123619,116923,370859,23.0,0,69,69,1,760,SUCCESS,370859,2WUDTbwPSKKw0ZKy5oIT6A
Machine486#1880,1670972080771,3,123910,110199,371730,23.333333333333332,0,70,70,1,761,SUCCESS,371730,jsb3iyLvRCux2bG_332IKQ
buggyRacer,1671739710113,3,124042,109999,372128,23.333333333333332,0,69,70,1,762,SUCCESS,372128,190a4adef8ed4c2a8551cQ
taehong,1672266405226,3,124220,110991,372662,23.333333333333332,0,70,70,1,763,SUCCESS,372662,pQCe7dg0T4acowgbYB6utw
EsteemedTest#9577,1670559383361,3,126199,121071,378597,23.666666666666668,0,71,71,1,764,SUCCESS,378597,7jeGPhBtQaGwiJe72rO9_Q
PythonNumber#9799,1670908162542,3,127311,120530,381934,24.0,0,72,72,1,765,SUCCESS,381934,00rQsnBUSF-NyCeps20OFA
ProvisionalScope#8280,1671613230235,3,127375,123200,382127,24.0,0,72,72,1,766,SUCCESS,382127,dRoG12F6QWutRjkIrouqKQ
QuickBooster#3901,1670507793537,3,128265,123332,384795,24.333333333333332,0,73,73,1,767,SUCCESS,384795,RAwgNt0MSki2DfAzCmetcQ
ProvisionalAnalysis#5661,1671789863690,3,129465,123199,388395,24.666666666666668,0,74,74,1,768,SUCCESS,388395,cS6VZmZnRau2RSjh_pw_wA
StateFarmRacer,1671549473491,3,129507,120395,388522,25.666666666666668,0,77,77,1,769,SUCCESS,388522,rmxf6A0-T523rweKzZqucQ
FormulaicAnalysis#9607,1670899184374,3,131176,124665,393528,32.666666666666664,0,98,98,2,770,SUCCESS,393528,KrwRWn2JTf2twu7qhZ8IVQ
AgileCharacter#0325,1670841933651,3,143448,137810,430344,30.0,0,90,90,1,771,SUCCESS,430344,b7nA5lerRJyD-zckqPEWmA
QuickSequence#9581,1670835270570,3,145753,144604,437261,29.333333333333332,0,88,88,1,772,SUCCESS,437261,86c9fSzmSsK_NYbwmCYgBg
CriticalLambda#9228,1670905317639,3,148798,140066,446396,37.333333333333336,0,112,112,1,773,SUCCESS,446396,CaAdy--zT-aDQacEhSeAbg
CreativeExpert#2832,1670878875479,3,150041,146202,450125,38.0,0,114,114,2,774,SUCCESS,450125,5W67gHDyTHi1eDKrVS6RBg
IntelligentArithmetic#4105,1672070765789,3,168730,146658,506190,36.666666666666664,0,110,110,1,775,SUCCESS,506190,6MfEuS_kRheDpbwXNRaYCg
Choy-Diego,1671122141206,3,171177,158067,513532,43.0,0,129,129,1,776,SUCCESS,513532,_QcK-MLQTnC_qcsTRrIATA
Complete486#7560,1672029091048,3,297715,293932,893147,80.0,0,240,240,2,777,SUCCESS,893147,YKzwVfcfToCmIm9EBZRykA
