Alias,SubmissionTime,LapCount,AvgLapTime,BestLapTime,TotalLapTime,AvgResets,CollisionCount,OffTrackCount,ResetCount,SubmissionCount,Rank,LeaderboardSubmissionStatusType,RankingScore,UserId
rosscomp1,1671037938281,3,12731,12465,38193,0.0,0,0,0,2,1,SUCCESS,38193,fb0d597a87f94697aa1c6w
DaVinciDriver,1670796049471,3,12908,12475,38726,0.0,0,0,0,545,2,SUCCESS,38726,XtzXYz2pRByDnXz90XNGSw
Ensono-Ernesto,1671445262443,3,13085,12931,39255,0.0,0,0,0,2182,3,SUCCESS,39255,8zBEAp0-S5yGbcZvytGZGQ
RayG,1670476475784,3,13151,12666,39455,0.0,0,0,0,2,4,SUCCESS,39455,YNrvM9f5RteeSrCl7oFC5w
TonyJ,1670859727817,3,13354,12798,40064,0.0,0,0,0,958,5,SUCCESS,40064,af962be5a4ed4c57af807w
BennyLBS,1670463254689,3,13686,12866,41058,0.0,0,0,0,9,6,SUCCESS,41058,wD3fjDFZTJaZd9AU7WRDlA
IcePandaBoom,1670486810352,3,14264,13803,42792,0.0,0,0,0,5,7,SUCCESS,42792,BTPWujqqTBOWGAFvEKyRaA
nickyl,1671036374149,3,14419,13870,43259,0.0,0,0,0,3,8,SUCCESS,43259,O0GALYAoRfGA0kUV6ftgqQ
DoomBuggy,1671254666029,3,15063,14275,45190,0.0,0,0,0,9,9,SUCCESS,45190,QakV_nzOTm2q_NhqUMwIJw
JPMC-HYD-RG,1670467243340,3,15175,13665,45527,0.3333333333333333,0,1,1,2,10,SUCCESS,45527,LKdw_hyKTSu7moFuxbmiZw
5dl,1671328772938,3,15375,14799,46127,0.0,0,0,0,549,11,SUCCESS,46127,DBVc9n_uQ0-r-Cqkz3YweA
Mr-Anderson,1671433583611,3,15443,14802,46329,0.0,0,0,0,42,12,SUCCESS,46329,PVsbhx4xRi6aO--P4-kcNA
PolishThunder,1670509550904,3,16329,15929,48987,0.0,0,0,0,181,13,SUCCESS,48987,qi512oGVTry8V-KtP6j2_w
EP-RIO,1670515756616,3,16420,15732,49260,0.0,0,0,0,8,14,SUCCESS,49260,_ARh_JWqRH-khggA_9cN0Q
SonOfABrick,1670729821259,3,16619,16199,49859,0.0,0,0,0,3,15,SUCCESS,49859,m8-vwu_bTOe4AU9tGKLvpg
Galileo,1671455767662,3,16976,16201,50928,0.0,0,0,0,5,16,SUCCESS,50928,Y79AzaaOR-u4LVKMxu1Mdw
Tomorrowland-Speedway,1670808424399,3,17154,16805,51462,0.0,0,0,0,85,17,SUCCESS,51462,AuyCOezGRKOT-zoMo85Ekg
amkerr,1671345930318,3,17220,16666,51660,0.0,0,0,0,2743,18,SUCCESS,51660,2R1bsOUiRceGpNP9wKliAw
kashi,1671621268726,3,17332,16798,51996,0.0,0,0,0,2,19,SUCCESS,51996,oq7yCLy5QAeEP6k7o53L8A
SquareTag#4968,1670909025974,3,18042,17607,54126,0.0,0,0,0,27,20,SUCCESS,54126,4WEpz175TDSMgy98Wl_95Q
JPMC-Speedy-Gonzales-BuenosAires,1671625278209,3,18108,18001,54326,0.0,0,0,0,226,21,SUCCESS,54326,McOa_W8cTW2EErfZhOoKxA
YeeV3,1671155697405,3,18151,18001,54455,0.0,0,0,0,2,22,SUCCESS,54455,2oh5oCejTRmaLwy3yG4Qnw
QualifiedGlyph#2396,1670908409346,3,18310,17999,54932,0.0,0,0,0,12,23,SUCCESS,54932,OVP001saRNasLqCE5cyTTw
JoostSmit,1671517449311,3,18976,18527,56930,0.0,0,0,0,12,24,SUCCESS,56930,vUSc4nQzQwWFe2He5hGxFQ
HK-William,1670707062124,3,18998,18204,56995,0.0,0,0,0,5,25,SUCCESS,56995,SOaLDMtJTQWr55eR6v710Q
CreativeSpeedyMoto,1670639276556,3,19220,18656,57661,0.0,0,0,0,7,26,SUCCESS,57661,IrbZiqxfSRez8yytp67RmQ
PrototypeModel#5262,1670892729266,3,19243,18470,57729,0.0,0,0,0,18,27,SUCCESS,57729,H968wLRYT02ssBXWIqVHHQ
Atos-Mark-Ross,1670512013126,3,19309,18596,57929,0.0,0,0,0,10,28,SUCCESS,57929,F_ThjPFRSx-guPadHlwEuA
FunctionalEngineer#7196,1670729108374,3,19330,18400,57990,0.0,0,0,0,18,29,SUCCESS,57990,vu-iCnGfQ6Ov5Tv3BDSUrQ
GoodEveningWeAreFromUkraine,1670715917182,3,19420,19327,58261,0.0,0,0,0,26,30,SUCCESS,58261,oX4dpYxLTFG2UU6NprA-7g
RocketCallback#6700,1670611647456,3,19575,19402,58727,0.0,0,0,0,32,31,SUCCESS,58727,ivi1QBgTRfK6d6wah5OOlA
BackloggedCircuit#6223,1670913868495,3,19734,18665,59203,0.0,0,0,0,32,32,SUCCESS,59203,skqo5V28TqCHGZmGO-op2Q
FabLaud79,1670919553170,3,19799,18933,59397,0.0,0,0,0,10,33,SUCCESS,59397,5krI0fmLRGyCQVe0_NTgJw
Cheaty-McCheatface,1671006152991,3,19841,17600,59523,0.6666666666666666,0,2,2,13,34,SUCCESS,59523,auRW3knZQzuontcriWRF2w
BooleanZone#1860,1670496653893,3,20330,18925,60992,0.3333333333333333,0,1,1,2,35,SUCCESS,60992,BQJyTo71SmO4K9oaDvqZTg
UsableSwitch#5159,1670765171364,3,20445,18931,61335,0.3333333333333333,0,1,1,9,36,SUCCESS,61335,K3PKNo1iStiTTHSFU51ioA
Mentaiko-DevelopersIO,1670492776555,3,20447,18134,61342,0.3333333333333333,0,1,1,1,37,SUCCESS,61342,Wt5C8BPAS0OPlzY3-txb-w
ProcessingDescriptor#4719,1670816017129,3,20754,19402,62263,0.0,0,0,0,29,38,SUCCESS,62263,3mHETsGQSkmBK_xj4lcpCw
NumericObject#9774,1670791665807,3,20776,19136,62328,0.3333333333333333,0,1,1,5,39,SUCCESS,62328,RycgoA-nR3Ked3NWUn33WA
10xUpdate#3777,1670835628666,3,20839,20667,62519,0.0,0,0,0,11,40,SUCCESS,62519,xqSMArW7Ree7tvA08tuYog
nalbam-me,1670908230897,3,20906,20725,62720,0.0,0,0,0,1535,41,SUCCESS,62720,PnRru4vBRkeyT4xX6LOCtw
-SANTACLAWS-,1670929935478,3,20909,20397,62728,0.0,0,0,0,8,42,SUCCESS,62728,X_dNmJilS8SDBQ44yzd2fg
CleanHacker#1729,1671323047953,3,21134,20937,63402,0.0,0,0,0,262,43,SUCCESS,63402,2DKXcqsqSKCgFZSLE5b83A
FormulaicDeadline#5582,1670759212870,3,21328,21135,63984,0.0,0,0,0,20,44,SUCCESS,63984,RO00sEzcRme0P7gHemawPA
D55,1671581849315,3,21618,21129,64855,0.0,0,0,0,633,45,SUCCESS,64855,3Dd14zyjStW-AesRnWi6kw
HameenHitain#42,1670576843682,3,21707,20730,65123,0.3333333333333333,0,1,1,22,46,SUCCESS,65123,44YjKeFtRFyv_g8ljvEg1w
ProvisionalAnalysis#4252,1670912030184,3,21731,21530,65193,0.0,0,0,0,14,47,SUCCESS,65193,NDc6FeC9QcWQidK46UM1gA
TestableTester#6086,1670629021072,3,21842,21400,65526,1.0,0,3,3,5,48,SUCCESS,65526,V6m7wz1kTQW2RaCV_zlcyA
makit,1671586857585,3,21932,21269,65796,0.0,0,0,0,631,49,SUCCESS,65796,FQ4kxx42Rn-ywzWMVEad0A
CodeMachine,1670625516378,3,22020,21536,66061,0.0,0,0,0,1,50,SUCCESS,66061,b_WzN_r8ToGPle_8bl2tMA
LetGoSuAndGeol,1670847063879,3,22129,20935,66388,0.3333333333333333,0,1,1,23,51,SUCCESS,66388,_xUabJEYSnqJhWotqRSR5g
AgileNode#1414,1670533218265,3,22285,22187,66855,0.0,0,0,0,5,52,SUCCESS,66855,vezq9yesTYCzstC7JFdh-Q
ConnectedOrder#1947,1670551076209,3,22310,21733,66930,0.0,0,0,0,6,53,SUCCESS,66930,ndvlfnt1R4eITcRZ7UCclQ
FunctionalLine#5304,1670556758176,3,22332,22070,66997,0.0,0,0,0,6,54,SUCCESS,66997,JkTB1z4iQfOeFdKX0xW6Sg
BoxJenkins,1670501523565,3,22442,21266,67326,0.0,0,0,0,6,55,SUCCESS,67326,NZwb4Hl7RGKc_0Vmv1mjKg
raj-1205,1671547500269,3,22442,21664,67327,0.0,0,0,0,143,56,SUCCESS,67327,558a49745f8843aea7db6w
Sahana-Roy,1671208490947,3,22463,22069,67390,0.0,0,0,0,15,57,SUCCESS,67390,k6rCL0O5R9qJ127N703MoQ
AutomatedToken#7832,1670594509670,3,22487,21869,67463,0.0,0,0,0,5,58,SUCCESS,67463,1DcG7EGtQh61XO_fYVxvTA
ConnectedExpert#7199,1670758136689,3,22512,20668,67538,0.3333333333333333,0,1,1,7,59,SUCCESS,67538,1ODMlHitTOqX15WGavwEbw
BigLambda#5543,1670863324939,3,22572,21134,67716,0.3333333333333333,0,1,1,12,60,SUCCESS,67716,h8syiqa3QfyQpVhyAesiVw
YeeV,1671153070625,3,22621,22334,67863,0.0,0,0,0,1,61,SUCCESS,67863,4ZaWz0u6QMqEHhH8CEr5vA
TypeR,1671045173660,3,22641,22456,67924,0.0,0,0,0,23,62,SUCCESS,67924,sm0RIVJSQySu06GlXQ2D1Q
Jagun-jagun,1671399628962,3,22707,22660,68123,0.0,0,0,0,3,63,SUCCESS,68123,fU6PVo8qQFi7vc998qLEMg
FocusedTest#1892,1671372011820,3,22708,21611,68124,0.0,0,0,0,26,64,SUCCESS,68124,L5fWMLwORF6XlcDzi83xYA
CrypticArgument#1500,1670908151600,3,22737,19934,68213,0.6666666666666666,0,2,2,15,65,SUCCESS,68213,N8PrZP4CTAeLjcuukB8PFw
Tsung-Yu-Tsai,1671223578894,3,22776,21869,68328,0.0,0,0,0,27,66,SUCCESS,68328,jI49_bVmQxWy79S4FrYY0g
AWSDeepinher,1670512519902,3,22929,21470,68789,0.3333333333333333,0,1,1,23,67,SUCCESS,68789,18N8CuKxQGmJvwTAOE2vyA
MachineState#2786,1670528157079,3,22952,21265,68858,0.3333333333333333,0,1,1,3,68,SUCCESS,68858,olsvSKvWSRuEjJuzMz_zFQ
VirtualLine#4452,1670672747297,3,23114,19191,69342,1.3333333333333333,0,4,4,3,69,SUCCESS,69342,t9bwctccRD6-qRWs_Jn8Tw
TSS-samaujs,1671547757292,3,23177,21536,69532,0.3333333333333333,0,1,1,176,70,SUCCESS,69532,BteX7647QUyM2a2hexL2ZA
Rambogor-sky,1670520920318,3,23177,22601,69532,0.0,0,0,0,3,71,SUCCESS,69532,kzCEUPTcR3SlT-h_UfV7IA
MaartenBruntink,1670574103525,3,23352,19592,70056,1.0,0,2,3,1,72,SUCCESS,70056,BiDnPYPCS86lDuLun8nIbQ
shuoliux,1671542360571,3,23352,22133,70056,0.0,0,0,0,22,73,SUCCESS,70056,MvYZ9Ov9QWmevyK6Q2aZZQ
ASCIISystem#8071,1671491218262,3,23419,22263,70258,0.0,0,0,0,22,74,SUCCESS,70258,LRM_tcOZS4mkFIz2w2-Ajw
FuturisticDeadline#6258,1670913810604,3,23487,21801,70462,0.6666666666666666,0,2,2,9,75,SUCCESS,70462,6kgpa1LdST-A45T4U5m3Bg
BooleanInterface#5237,1670814119100,3,23531,23467,70594,1.0,0,3,3,17,76,SUCCESS,70594,YNSuST4wRxC4_w7ZUo5jXA
AJM-Model-1,1670618048116,3,23664,21466,70992,0.6666666666666666,0,2,2,1,77,SUCCESS,70992,gdsU9bkGRWW7LTEHP4rGgQ
RocketNotation#2547,1670791735520,3,23753,23593,71260,0.0,0,0,0,4,78,SUCCESS,71260,jS5GfXc9SI-CPEQOV7nN-A
NestedEnvironment#9446,1670774135449,3,23774,21994,71324,0.3333333333333333,0,1,1,3,79,SUCCESS,71324,fMz19L6OQUGwDJdE3SBGNg
AravindVCyber,1671134339160,3,23980,22996,71941,0.3333333333333333,0,1,1,7,80,SUCCESS,71941,4WpVgL2TRrW0orrL7I6wpA
GMoney-AWS,1670532107903,3,24286,24000,72859,0.0,0,0,0,1,81,SUCCESS,72859,oV5rTgwBSjOHo8zLQZSNew
ProcessingRequirements#4015,1670794168164,3,24286,22665,72860,0.3333333333333333,0,1,1,9,82,SUCCESS,72860,Vth__jXMRUmUWnjgXJ9I1w
TechnicalAttention#9740,1670905836013,3,24311,23932,72933,1.0,0,3,3,28,83,SUCCESS,72933,2jkFrm_8RiesPxXDsYwxdg
SwishJay,1671257787827,3,24314,23851,72943,0.0,0,0,0,9,84,SUCCESS,72943,wQbSwkgBQX6bBIdNAoY0GQ
PathingLoop#7796,1670659896761,3,24487,20741,73462,1.0,0,3,3,15,85,SUCCESS,73462,uufM2hD5Scik4c5ZCLaEtA
FocusedSwitch#8748,1670674995303,3,24512,23861,73536,0.0,0,0,0,2,86,SUCCESS,73536,wSHMUw_ASQGmt3Z6KMluEQ
Master-Racer,1671439113345,3,24554,23796,73662,0.0,0,0,0,7,87,SUCCESS,73662,Z0pY0075Sp24N9Wlx5sbAQ
SquareWorkaround#4682,1670733793058,3,24576,22326,73730,0.3333333333333333,0,1,1,3,88,SUCCESS,73730,8XRBAIFsTfis0-5-x8V7jA
GlobalResource#0184,1670907865453,3,24597,20802,73793,1.0,0,3,3,8,89,SUCCESS,73793,EQwrG74VRQKzZ9ZeA1g8JQ
yuiharuki#technopro,1671418386199,3,24640,24463,73922,1.0,0,3,3,6,90,SUCCESS,73922,8PX9_X1OTPSmj9uyD-Zguw
U8ntVerstappen-1b,1670769846756,3,24820,20201,74462,1.3333333333333333,0,4,4,6,91,SUCCESS,74462,CQe3VgWbSbOBjPw37HgVng
jimmitjoo,1671490792242,3,24843,24797,74530,0.0,0,0,0,6,92,SUCCESS,74530,MYEo16bJSU2zwohmpYr9OA
ImmutableFix#2595,1670787813933,3,24957,23598,74872,0.3333333333333333,0,1,1,4,93,SUCCESS,74872,cjhDdR2DTNG8X8HAlw-sKA
Darth-Vader,1670869041488,3,25107,21995,75322,0.6666666666666666,0,2,2,5,94,SUCCESS,75322,R9yWSjbRQA6lmOoYoA39YQ
coppermannzero,1670508443934,3,25131,23991,75395,1.3333333333333333,0,4,4,1,95,SUCCESS,75395,LXqv_TvTTi6p7jCcGd4vtg
CreativeDescriptor#1864,1670880248320,3,25177,20591,75533,1.0,0,2,3,26,96,SUCCESS,75533,VvPFJmqTRSSedayUCI7ILQ
ReferenceWorkaround#9595,1670617013472,3,25287,25063,75863,0.0,0,0,0,1,97,SUCCESS,75863,0fsvuYGOQBejGEvEDz4hQg
jdaped,1670908037845,3,25443,23871,76330,0.0,0,0,0,6,98,SUCCESS,76330,MowBV-yeT8yKlEDGHHdbbg
TiwariLaxmi,1670568726207,3,25533,21929,76599,1.0,0,3,3,13,99,SUCCESS,76599,63WC6FzJS2et1jAHNN6g_w
VariablePresentation#3170,1670936108087,3,25543,23059,76629,0.6666666666666666,0,2,2,5,100,SUCCESS,76629,SBGRXgkPRZeg6UVFzvZuLg
shimizutsuneaki#technopro,1670603825629,3,25554,23861,76663,0.6666666666666666,0,2,2,14,101,SUCCESS,76663,ZG4lP9FbS2GYqab2_5Du1w
UnicodeVariable#5770,1670856723672,3,25886,25337,77658,0.0,0,0,0,7,102,SUCCESS,77658,sh66w7JuQ3u6JgZSXVHWfw
GenerativeGrid#7137,1670806990685,3,25886,24335,77659,1.3333333333333333,0,4,4,3,103,SUCCESS,77659,DC4qloltStiHqh4xUFbQxQ
LeetBuster#1835,1670721231325,3,25932,23192,77798,0.6666666666666666,0,2,2,2,104,SUCCESS,77798,FpHQfNHQT7K4eyxGoad7QQ
AIDeepRacer,1670806337624,3,26018,23928,78056,1.3333333333333333,0,4,4,1,105,SUCCESS,78056,pIRbdCx6QYatgVXm2p5GbA
Xanthic,1671458088621,3,26250,25267,78752,1.0,0,2,3,1,106,SUCCESS,78752,bCGk36IySiGpKF2wet77lQ
Zordrak,1671460973071,3,26440,25002,79322,0.0,0,0,0,2,107,SUCCESS,79322,stVLawfiTj2XhD4exAuUcg
RecursiveBraces#0804,1670834606075,3,26486,23801,79460,1.6666666666666667,0,5,5,2,108,SUCCESS,79460,Tq1TEDbrSSGxGkPjZ3-NfA
letsrace,1670976486391,3,26530,22666,79592,1.3333333333333333,0,4,4,3,109,SUCCESS,79592,TqFuQXy6S7ismMqxU4eexw
ContinuousSystem#2116,1670768995909,3,26598,26132,79796,2.0,0,6,6,10,110,SUCCESS,79796,PCIk7s7ITdOEy1TnHkmjBw
ClementMercier,1671225403060,3,26772,23592,80317,0.6666666666666666,0,2,2,42,111,SUCCESS,80317,vYUscQOOTB2OxDiU7HgkSg
RacingPhoenix,1671490874495,3,26773,19732,80321,2.0,0,6,6,8,112,SUCCESS,80321,czOx0b4wS2uL4vzU92TnCg
QualifiedAnalyst#1094,1670575604072,3,26865,23387,80595,2.0,0,6,6,4,113,SUCCESS,80595,IIt2ecEkRAqv0heX-EJEFg
EncryptedArithmetic#9491,1670901068958,3,26997,26198,80992,0.0,0,0,0,4,114,SUCCESS,80992,-qHCsIIXR0CIBA9xluRGHQ
BetaState#9570,1670890613549,3,27064,26736,81194,2.0,0,6,6,3,115,SUCCESS,81194,cu-_6RR8To2ABbJOdCuIdg
ConnectedAnalysis#7564,1670893843199,3,27108,26526,81325,1.0,0,3,3,5,116,SUCCESS,81325,1XCAhiC8S8uBSHoV-q86aA
Seab,1671549944595,3,27219,24661,81659,0.6666666666666666,0,1,2,6,117,SUCCESS,81659,mjD1OGTXQfKTXMPWVq29rg
InfiniteNumber#2405,1670879463255,3,27286,24530,81860,1.3333333333333333,0,4,4,7,118,SUCCESS,81860,V22yzfLQSxCLhZMLII5uoA
QualityParameter#7680,1670873775066,3,27291,24999,81873,1.3333333333333333,0,4,4,9,119,SUCCESS,81873,45CymzlNRyiMQONfZq_Jgw
Prashant-Shrestha,1670558973853,3,27462,25128,82388,1.6666666666666667,0,5,5,7,120,SUCCESS,82388,0KZyQo7nQ9-3QwztMAcL-g
MobileMachine#0288,1670529286697,3,27463,25264,82389,1.3333333333333333,0,4,4,2,121,SUCCESS,82389,DEtXafqkRSypOlVT40iyvg
ocroucher,1671531943596,3,27508,26798,82525,1.0,0,3,3,7,122,SUCCESS,82525,u92WL690Q7GW_NuoMp7RZQ
FunctionalCoder#7435,1670625606538,3,27688,22269,83065,1.3333333333333333,0,4,4,2,123,SUCCESS,83065,IvDd55TxQyOKXp4X4KXPwA
CyberneticUpgrade#8056,1670856665405,3,27775,25998,83325,2.3333333333333335,0,7,7,1,124,SUCCESS,83325,FX3BfSu2QfqHjgYZfekuIA
EncryptedContext#7035,1670671914038,3,27818,27190,83456,0.0,0,0,0,1,125,SUCCESS,83456,eVacIKtFSFuYzvZTp05xjg
HTICRacer,1670614901913,3,27936,25734,83809,0.6666666666666666,0,2,2,7,126,SUCCESS,83809,oMJhtR12RqaaTaiAAM0OkA
ArtificialDescriptor#1949,1670788194915,3,28133,22120,84399,1.3333333333333333,0,3,4,3,127,SUCCESS,84399,MnXfr19AQneUcX8ZfcKPog
AlphaDocumentation#6551,1670513680964,3,28197,25528,84592,0.6666666666666666,0,2,2,1,128,SUCCESS,84592,ulHnoS5JSCu7uLGpo44M4w
MobileGlyph#6651,1670478634808,3,28221,26532,84663,2.3333333333333335,0,7,7,3,129,SUCCESS,84663,rWu0pZ9kSBW7SCICeyBgNw
IterativeEvaluation#5476,1670706186386,3,28397,21590,85192,3.0,0,9,9,8,130,SUCCESS,85192,nYFAQPwkQiqeaDOSehIAJw
Jorge-Meneu,1671266447246,3,28531,26665,85593,0.3333333333333333,0,1,1,22,131,SUCCESS,85593,FzcM7EfBRBed3-3rDwfPfw
Fusca-Azul-Racer,1671367030254,3,28576,26673,85729,2.3333333333333335,0,7,7,12,132,SUCCESS,85729,DT8of60OR5y6uwr3WXQTYw
UpgradedLoop#4437,1671542991368,3,28600,26979,85800,0.3333333333333333,0,1,1,17,133,SUCCESS,85800,PTEIKACoTtS20xK2sp7FUg
IntelligentTag#0042,1670473162315,3,28620,27200,85861,1.3333333333333333,0,4,4,1,134,SUCCESS,85861,pspTbGb2ROaEVPxyYZy_mQ
AbstractDebugger#2687,1670593849561,3,28997,26187,86992,1.0,0,3,3,1,135,SUCCESS,86992,eH_17Y11QhybfXaNcWEB5w
ThisHypothesis#9536,1670643638684,3,29042,28002,87126,0.0,0,0,0,2,136,SUCCESS,87126,DkEo3101QcC4TCHqcv84ow
Arunthgreat,1670524708947,3,29221,28466,87663,0.0,0,0,0,4,137,SUCCESS,87663,vwwXKcu2TaiAFw4mv3jgfQ
UpgradedArchitect#5486,1670657174222,3,29293,25132,87880,1.3333333333333333,0,3,4,16,138,SUCCESS,87880,0ScYKMMKQ1eXVwk2CdgAWg
20180665,1670557624090,3,29443,25398,88329,1.0,0,3,3,11,139,SUCCESS,88329,KLcPhWqNR1yux4aTcHqX3w
CleanOrder#8493,1670714806300,3,29487,27464,88463,2.0,0,6,6,2,140,SUCCESS,88463,S0IbDJdtRpeDsYzA5qDvQQ
AcronLabs,1670483275622,3,29488,28535,88464,0.6666666666666666,0,2,2,7,141,SUCCESS,88464,s3OvxH_HSN-xGOEgf5tY6A
Jeremy,1671204256906,3,29488,29066,88466,0.0,0,0,0,4,142,SUCCESS,88466,UW_hVf9RQTyNNwcvoEYIbA
##TheStig##,1670564239982,3,29509,28064,88527,1.3333333333333333,0,4,4,2,143,SUCCESS,88527,asPxIxkVSNyyfr8Pnsi88w
EsteemedExpert#5491,1670794601974,3,29597,25867,88791,1.6666666666666667,0,4,5,4,144,SUCCESS,88791,ZsiCZlLQSrGBGqW-ZrXv2A
Amrin,1671476302687,3,29864,27934,89593,1.3333333333333333,0,4,4,12,145,SUCCESS,89593,7dmK-SYsSz6WfWd4MQp2MQ
BarkerMotorSports,1670777899599,3,29888,26270,89665,1.6666666666666667,0,4,5,5,146,SUCCESS,89665,GP4OZ5AFRLKNQB3SguRHbQ
UditAlgo,1670509243265,3,29889,28398,89669,0.3333333333333333,0,1,1,8,147,SUCCESS,89669,CA3KBLhOS1G7dh7SWGg_ag
Roman-TGS,1671125522365,3,29977,25005,89932,0.6666666666666666,0,2,2,39,148,SUCCESS,89932,JyM5R0kTQkK80FjLnFR9Wg
Nariox,1670580101943,3,30180,28930,90541,0.6666666666666666,0,2,2,11,149,SUCCESS,90541,AUWR9HasSr2j2V1bbAptNw
IT-Objects-GRibeiro,1670661240573,3,30309,28456,90927,0.3333333333333333,0,1,1,1,150,SUCCESS,90927,uTL8EVHERqWBK9F21C2XQg
SFEngine#3625,1670605024939,3,30354,30333,91063,2.0,0,6,6,19,151,SUCCESS,91063,rLIKVultTHC2s2XwIjaBcw
DraftPatch#5540,1671111843015,3,30463,28265,91389,1.3333333333333333,0,4,4,3,152,SUCCESS,91389,H0hpnIbKSo-yJofs-zzcaw
UpdatedGlyph#2094,1670525961295,3,30838,30798,92515,2.0,0,6,6,3,153,SUCCESS,92515,Uqpirg4xS6ur2j9kFhsXEg
20180014,1671081039141,3,31063,22724,93190,3.3333333333333335,0,10,10,5,154,SUCCESS,93190,g9ZhOAjLTDqrxx9sxsl9hw
Thisisme,1671128560798,3,31243,27996,93731,0.6666666666666666,0,2,2,2,155,SUCCESS,93731,m9MyFpzjRJyI3v9L00vjUg
Kypepper,1671596192736,3,31335,26607,94005,2.3333333333333335,0,7,7,1,156,SUCCESS,94005,SEeRWFW2Qb2hmen3aIQRcw
SecureTheory#7371,1670611682726,3,31420,29668,94260,2.3333333333333335,0,7,7,4,157,SUCCESS,94260,lHP_nEybSP-uup2ejtoWcQ
shimojimika#technopro,1670668776080,3,31709,29404,95127,0.6666666666666666,0,2,2,4,158,SUCCESS,95127,ViKvui_2SkWs6IoxKG-hFg
IterativeObject#1170,1670515670063,3,31864,28719,95592,1.0,0,3,3,1,159,SUCCESS,95592,_84_nEWSSuqnMJAyTiAZzA
FitzG44,1670538135450,3,31999,29128,95998,1.6666666666666667,0,5,5,9,160,SUCCESS,95998,Hb73_jTARr-g_UX2YvQamg
MadCross,1671624819631,3,32132,24330,96396,4.0,0,12,12,1,161,SUCCESS,96396,Msh-oGccTR2Yn31a5coUHA
Goody,1671600148387,3,32293,30342,96879,1.3333333333333333,0,4,4,1,162,SUCCESS,96879,8orGFhbTSK2ED1sdkjrpCg
TechnoproLee,1671408552129,3,32398,27795,97196,2.3333333333333335,0,7,7,20,163,SUCCESS,97196,y6wiQ8zMSnmdGgFTgjSIAQ
UpgradedFormula#9923,1671135470390,3,32621,30537,97864,0.6666666666666666,0,2,2,5,164,SUCCESS,97864,vSBGQ3DNSX-d5kFRKcOrVw
PITS-1,1671445269286,3,32626,27740,97879,4.333333333333333,0,13,13,2,165,SUCCESS,97879,CThkSPLERtyRM5OptykzEQ
dsfgg,1670588192220,3,32842,28401,98526,2.0,0,6,6,5,166,SUCCESS,98526,trF0OaGcRQe6a8V2nR5oug
ComplicatedResource#5787,1670544109105,3,32848,31882,98545,3.0,0,9,9,2,167,SUCCESS,98545,fRsR3KY6QC2ThFlscpz7Og
BackloggedString#3207,1671474659255,3,32864,28389,98593,4.333333333333333,0,12,13,1,168,SUCCESS,98593,9OT4p4dXQ2K2J5pOUfeGfg
PassingInterface#1086,1670876246873,3,32956,29537,98870,3.0,0,9,9,1,169,SUCCESS,98870,TKd3RPcJQ_SsIjNxRdL0Jg
BackloggedBottleneck#8752,1670813299511,3,33286,31135,99859,3.6666666666666665,0,11,11,1,170,SUCCESS,99859,r0OFGYYwTTazfKy5YKhRDQ
Prabin-Sapal,1670496209984,3,33670,30410,101010,3.0,0,9,9,2,171,SUCCESS,101010,_OogKkNXR-SBciYjxlfWOg
Lizeth-Sandoval-Zapata,1671197305901,3,33690,30999,101071,0.6666666666666666,0,2,2,4,172,SUCCESS,101071,yCu3ro9rQ-2DnEuE9B4s4Q
AsynchronousEnvironment#9808,1670610217387,3,33777,30799,101332,3.6666666666666665,0,10,11,13,173,SUCCESS,101332,v3QHuWInQqacHuduL_I-ow
DanielCostantinRacer,1670874867017,3,33797,31934,101392,1.0,0,3,3,12,174,SUCCESS,101392,GhOikLJ-TeiygB5I18GAzA
Lucid,1670501773264,3,34020,31072,102062,2.6666666666666665,0,8,8,3,175,SUCCESS,102062,n41cGv1vQxqEA-RFNrLu5A
GammaZone#2745,1670985756963,3,34084,31199,102253,4.0,0,12,12,1,176,SUCCESS,102253,qva0QZBjT7mgdoj6wtYxcw
RickyTW,1670849840355,3,34219,29193,102657,2.0,0,6,6,9,177,SUCCESS,102657,144febd7865941228bc43w
Subin23,1670562543765,3,34221,28193,102665,1.3333333333333333,0,4,4,4,178,SUCCESS,102665,gTPdLWnTSjm2PWBaulFoRQ
FocusedSemicolon#1438,1670784183936,3,34239,30527,102719,3.0,0,9,9,1,179,SUCCESS,102719,8qPLYQJBQ4OwtCWCGpZ0cA
alphaSTIG,1671218336406,3,34308,28335,102926,2.3333333333333335,0,7,7,2,180,SUCCESS,102926,CKeEKrEQTY6tfiWm_ZGyQQ
DesktopTheory#0309,1670853665430,3,34309,29269,102928,3.3333333333333335,0,10,10,8,181,SUCCESS,102928,2HXXblJcT9OQ2FNnQXpDcg
Insper-Dynamics,1670819101191,3,34442,33132,103327,4.333333333333333,0,12,13,6,182,SUCCESS,103327,ieOdguKWRJyTHWZZ_Z1ttQ
NumericArithmetic#8065,1670831959392,3,34555,33934,103667,4.0,0,12,12,12,183,SUCCESS,103667,0yLATKuvShm7wnLnxsuYRg
nightmare,1671615691675,3,34775,33064,104325,0.3333333333333333,0,1,1,2,184,SUCCESS,104325,xFbLYyqxS4CNVFNpk8kdLA
t-sudo,1671546503210,3,34799,34135,104398,0.0,0,0,0,1,185,SUCCESS,104398,MC1xVObcR-y7QXygfe-9Ww
FocusedNode#7237,1671123550361,3,34886,28469,104658,2.6666666666666665,0,8,8,2,186,SUCCESS,104658,cO2RQPgkS02pmyYfX4gLqQ
Bikas-Adhikari,1670576796488,3,35000,34062,105000,2.3333333333333335,0,7,7,1,187,SUCCESS,105000,YeeTKz0ySjysKZs-M_B8dQ
DeltaMu,1670842345644,3,35154,33207,105462,0.6666666666666666,0,2,2,1,188,SUCCESS,105462,e7vji-VTTyCmxMGpKUMh2A
GrowMore,1670554602019,3,35373,33187,106120,2.6666666666666665,0,8,8,1,189,SUCCESS,106120,DmZP_MHPTgejD2Jf098ErA
Ignacio-Orlandi,1671233336408,3,35508,32137,106524,0.0,0,0,0,1,190,SUCCESS,106524,rBkdrWQyR6WYQzsyDYSrxw
BackloggedTest#9930,1670782383366,3,35843,35726,107531,0.0,0,0,0,1,191,SUCCESS,107531,QZpVv0gHSMOL-AJD0pqgiw
20180964#6372,1670895017863,3,35885,30204,107657,4.666666666666667,0,14,14,1,192,SUCCESS,107657,4qY0aMhWQzO3wosVUZu2Jw
ASCIISwitch#5233,1670777899239,3,35888,29197,107664,3.0,0,9,9,6,193,SUCCESS,107664,-_F3CQILTCa9VxDBh9wlZA
20180436,1670475574156,3,36071,35017,108214,5.333333333333333,0,16,16,7,194,SUCCESS,108214,0V4eRl8kR4iImWxYoXrJ-w
ComplicatedTag#7648,1671212752004,3,36073,32798,108220,2.6666666666666665,0,8,8,11,195,SUCCESS,108220,GYOMCXzAQPCEfxb4v0ZbOw
JOKES2,1671561358486,3,36084,33256,108252,4.0,0,12,12,6,196,SUCCESS,108252,PZ94od3-QdSVzooSGz8-yQ
RobotGlyph#1206,1671071367248,3,36127,35804,108381,0.0,0,0,0,1,197,SUCCESS,108381,6No542GERf65o6sKeAWb9Q
DesktopOrder#1769,1670705640662,3,36131,35863,108393,0.0,0,0,0,1,198,SUCCESS,108393,LRYsBAx6RCOo34yPA8mLhQ
WannabeLightningMcqueen,1670528552784,3,36219,33529,108659,3.6666666666666665,0,11,11,9,199,SUCCESS,108659,CvvhKAfjQ2SevroJNJUtUA
PathingDiff#2444,1670614097532,3,36241,34997,108723,5.333333333333333,0,16,16,7,200,SUCCESS,108723,rvVgYySrQqGqEoLCQvRE1Q
TechnicalFormula-jinno,1671431295924,3,36263,31933,108791,5.0,0,15,15,4,201,SUCCESS,108791,AMPkgE2oSPewMj555UyeVQ
FunctionalDiff#2726,1670809514867,3,36289,32928,108869,5.0,0,15,15,3,202,SUCCESS,108869,liW2EYMFTH263Kz72HDGwg
babu#9924,1670775138123,3,36420,31595,109262,4.333333333333333,0,13,13,10,203,SUCCESS,109262,nS0hfhs2RLyQGAXwoTzwKA
QuickValue#5897,1670785334492,3,36506,36396,109519,0.0,0,0,0,2,204,SUCCESS,109519,cY6GR74nRcyJ3e2csG3FGw
UpdatedToken#2448,1670967889817,3,36577,30995,109732,3.6666666666666665,0,11,11,8,205,SUCCESS,109732,1NGIe6rIRSO7myRAu-SNEg
last-model,1670600319261,3,36709,35201,110129,5.333333333333333,0,16,16,5,206,SUCCESS,110129,gdSyZ1FUR0q9CYG0vVKxWA
CurlyShell#6780,1670674967586,3,36710,35195,110130,0.3333333333333333,0,1,1,2,207,SUCCESS,110130,lyNpr2xnTQmOY3dmI_RFJw
MoSalahF1,1670952298555,3,36737,33351,110213,5.0,0,15,15,11,208,SUCCESS,110213,m-0u3d2VRQWhKqgOq9fvdQ
GoodmanKR,1671203786723,3,36776,36467,110328,6.0,0,18,18,5,209,SUCCESS,110328,f905b742ca594aadb529eQ
ProvisionalZone#5981,1671325151824,3,36952,36600,110858,0.0,0,0,0,2,210,SUCCESS,110858,aQE67l-9Qeav1EFlmMn3XQ
ProcessingString#6893,1670501966816,3,37024,35602,111073,4.333333333333333,0,13,13,10,211,SUCCESS,111073,BUujnaKVSsiEqEB3ppkNog
RobotAnalyst#8673,1670562375664,3,37044,29332,111133,5.333333333333333,0,16,16,2,212,SUCCESS,111133,wam-7WShSyafQyGnuxOU3w
InfiniteAttention#5650,1670609702921,3,37131,32128,111394,3.3333333333333335,0,10,10,7,213,SUCCESS,111394,P2kFgs4_SOGiA8QgRte14Q
GammaSandbox#8387,1671615771204,3,37153,33197,111460,1.3333333333333333,0,4,4,3,214,SUCCESS,111460,jbVrp3NuS5qfxTo3wLLCPQ
TreKy,1671222072978,3,37220,33532,111661,0.6666666666666666,0,2,2,1,215,SUCCESS,111661,gqa3Sc-aSomHFfTlndb7ZA
LeetTech#2288,1670781914207,3,37286,33195,111860,5.333333333333333,0,16,16,2,216,SUCCESS,111860,kWDSXe51QVmLIqk0kNjv0A
BigBooster#5591,1670872258703,3,37286,29668,111860,5.0,0,15,15,2,217,SUCCESS,111860,HcUM_u9SSbOCoHuaBnGKeQ
DnS,1670474522191,3,37352,33594,112058,4.333333333333333,0,13,13,2,218,SUCCESS,112058,97db0b940fa84c5195d77Q
IterativeBreaker#6489,1671418476943,3,37354,36134,112062,0.0,0,0,0,3,219,SUCCESS,112062,k7qvF8vpSP2P-q_u60ExYQ
BIBIDIBORADIBOO,1670736653701,3,37419,36532,112259,0.0,0,0,0,7,220,SUCCESS,112259,qCEsnZ--Q9K4ywHBwwbJ_g
UpgradedConsole#5945,1670867486294,3,37423,35802,112271,5.333333333333333,0,16,16,2,221,SUCCESS,112271,ISJOLtelR-C-_EEx4FJaeg
EgoshiVer2#2957,1671469070705,3,37598,37467,112795,0.0,0,0,0,2,222,SUCCESS,112795,XKPgHIV2SfGBlrUjEs4uOQ
StructuredScope#6635,1670673006348,3,37599,34933,112799,6.666666666666667,0,20,20,2,223,SUCCESS,112799,OfyBP_5BT76ymwhy4tRhCw
Kisa-veeti,1670587917472,3,37867,33064,113601,4.333333333333333,0,13,13,3,224,SUCCESS,113601,hqeFCiaQTyO8oA4dNyf_jg
JavaExpert#1100,1670791385527,3,37887,36527,113663,5.666666666666667,0,17,17,2,225,SUCCESS,113663,ta8jyN9BTZWzARP6ZVQd_w
juusonpaaryna,1670593109897,3,37931,35665,113793,1.6666666666666667,0,5,5,5,226,SUCCESS,113793,JNxjMuI3TkWT2AuP7Y691A
ElasticLobster,1670523401554,3,37998,32469,113995,4.666666666666667,0,14,14,3,227,SUCCESS,113995,VQ3UbZR8QDKgYZItIgeacg
CreativePatch#3332,1671515102610,3,38020,24466,114060,6.666666666666667,0,20,20,5,228,SUCCESS,114060,hr9WQiLTTrSPkH78-j6EQA
Minje,1670837510186,3,38037,37861,114112,0.0,0,0,0,6,229,SUCCESS,114112,XkyRZGLSQQipztw7ZPJz9g
Zero-dayZone#1516,1671461623349,3,38174,37394,114522,0.0,0,0,0,1,230,SUCCESS,114522,NbE5tTknQOmTJYtd_43PVQ
HemGr2k22,1670568149552,3,38218,36865,114656,6.333333333333333,0,19,19,23,231,SUCCESS,114656,egjoGdkWQIiHmuE6pG0D5Q
10xPointer#4221,1670572867564,3,38309,36736,114929,6.333333333333333,0,19,19,5,232,SUCCESS,114929,3wyw2NKNRQWiatM61C-qCw
PrijeshDevanandPro,1670830031601,3,38663,28737,115989,4.666666666666667,0,14,14,5,233,SUCCESS,115989,QAWHhREnQripvaS3Y--WMQ
Antonio-Rodriguez,1671108688463,3,38687,35869,116062,5.666666666666667,0,17,17,2,234,SUCCESS,116062,l_P-jtEwRWeVyn1hnUCnYA
SYS-NT#6968,1670911324266,3,38774,35459,116324,4.0,0,12,12,3,235,SUCCESS,116324,HbMU1KhuTeOuMru-g5hR-w
20181345,1670458949019,3,38951,36056,116853,4.0,0,12,12,1,236,SUCCESS,116853,l2IS8IOAQUKKfya56O0hUg
CurlySlice#4841,1670541203787,3,38975,33526,116927,1.6666666666666667,0,5,5,1,237,SUCCESS,116927,e2Kh4C7-RjeJ_WIKAuCeeg
Mystery-Machine-22,1670545873924,3,39221,36999,117665,5.666666666666667,0,17,17,3,238,SUCCESS,117665,Od0TH-6bRnypgj3mivb3LQ
IterableGame#3651,1671160954073,3,39309,38459,117929,0.0,0,0,0,6,239,SUCCESS,117929,7-CNLAXATiOyl0FvJ9tq-g
20180019,1671044547494,3,39360,31935,118081,5.0,0,15,15,36,240,SUCCESS,118081,ux4TLSpXRtmNQ_f83EsOLA
SuperSonicCar,1670556900140,3,39423,29339,118270,4.0,0,12,12,10,241,SUCCESS,118270,wufwk37TQAu8iR4_o6KELQ
CrypticParameter#8621,1670921725115,3,39517,32616,118552,6.0,0,18,18,11,242,SUCCESS,118552,RHZsO-0PTP-61lnyCOkasw
20110139,1671109390515,3,39532,38061,118597,1.3333333333333333,0,4,4,8,243,SUCCESS,118597,YlNPwkeqQP285IFnWpeodA
PathingTech#8809,1670876332786,3,39642,35591,118927,6.333333333333333,0,19,19,2,244,SUCCESS,118927,MZ-N8z1vRGWg0-U37gs0Hg
SquareRequirements#6982,1670480684333,3,39665,38196,118995,0.3333333333333333,0,1,1,1,245,SUCCESS,118995,0n7ond1_RbaaQmEhW37Kgg
TabletLog#8047,1671579233517,3,39754,39273,119263,0.0,0,0,0,1,246,SUCCESS,119263,cIODvzWVRxivN6ud4lp_Hw
WackyWheels-Richie,1670494509580,3,39908,39600,119724,3.0,0,7,9,2,247,SUCCESS,119724,WihUz3x0RKa_1DGCDmfxdg
Skermp,1671056824888,3,39908,33337,119725,6.0,0,18,18,2,248,SUCCESS,119725,ViPhpUMpTuK1dK1KKDOq4A
GoingMerry,1670527562353,3,39952,38730,119857,0.3333333333333333,0,1,1,3,249,SUCCESS,119857,Hhj1GhXWSxaA1rBElgaNLw
KWON,1670989702002,3,39952,37993,119858,6.0,0,18,18,6,250,SUCCESS,119858,DplPbQepT5iDPJ0_iSmzHg
nayan-bastakoti,1670516444050,3,39953,37596,119861,5.666666666666667,0,17,17,11,251,SUCCESS,119861,p_pKuISuQXCHinOaHW4p9g
Antonina-Zhukova,1671126663877,3,39996,38332,119990,0.3333333333333333,0,1,1,2,252,SUCCESS,119990,RtXBXRFmSfyEfh0VDatdCg
Edgar-Daniel-Toro-Levano,1671124857945,3,40019,34536,120057,4.333333333333333,0,13,13,2,253,SUCCESS,120057,aBxLpawKTQS4LTmg1y24_Q
UAbrktrTB2#1548,1671193267463,3,40021,34994,120063,5.333333333333333,0,16,16,1,254,SUCCESS,120063,3bRJ71MUTkKqI_iad7bdOw
NestedPoint#9785,1670808320311,3,40065,38668,120195,0.3333333333333333,0,1,1,1,255,SUCCESS,120195,1mNpJwK6RJundxsZX9urEg
FiniteSlice#2358,1670872150901,3,40086,37270,120259,0.6666666666666666,0,2,2,2,256,SUCCESS,120259,xw8yMQfmRC67WZAgabUICA
masaki-systems,1670838047802,3,40087,39005,120261,1.3333333333333333,0,4,4,1,257,SUCCESS,120261,V1ivpKOPSGWKc3SxuA8YmA
gcjordi,1671564433835,3,40108,39391,120325,0.0,0,0,0,4,258,SUCCESS,120325,4n-0HYIyQ2241dJ4tZirRg
NestedGrid#8164,1670473440370,3,40151,39863,120453,4.0,0,12,12,7,259,SUCCESS,120453,yHWrKWWPQGypl980Tij1iQ
ReferenceServer#6836,1670571960719,3,40219,37872,120657,0.6666666666666666,0,2,2,1,260,SUCCESS,120657,j6hb8T7aQciJ-eU2QxDcEA
RiyadhUddin,1671260461454,3,40308,36870,120926,4.666666666666667,0,13,14,1,261,SUCCESS,120926,XEDnTwq3S1Kz0rVPu0hfrA
Yo#0000,1670532485561,3,40316,36729,120948,0.6666666666666666,0,2,2,1,262,SUCCESS,120948,k9O8cdu-QhGt8rpQyiCqGQ
ASCIINumber#0059,1671602656075,3,40353,37001,121061,0.6666666666666666,0,2,2,1,263,SUCCESS,121061,_ifvTZcUQL60UHwiI2Gk-A
MemoryTech#8603,1671057239748,3,40668,36201,122005,4.666666666666667,0,14,14,5,264,SUCCESS,122005,xxaYf1VGRjuPgpTD5G5r2w
jacksonklopp,1670616132350,3,40673,34412,122019,4.666666666666667,0,14,14,2,265,SUCCESS,122019,LXxSvLEcRFi1jZgA36JFMA
gcjordi-eH,1671503400015,3,40688,39338,122066,3.3333333333333335,0,10,10,3,266,SUCCESS,122066,hxnXJKpMRKSykoLhfHojdg
FiniteExpression#8938,1671458110394,3,40734,36130,122203,1.0,0,3,3,2,267,SUCCESS,122203,2WR4wkXRTU65NT2ioYXoQw
SHHS-ChristopherMorales7,1670867552781,3,40796,34526,122388,6.0,0,18,18,1,268,SUCCESS,122388,3aEhN7q6RiuwuW619pi3OQ
EisukeKogawa,1671556249330,3,40849,32602,122549,6.333333333333333,0,19,19,16,269,SUCCESS,122549,f3L4J8yeTBqfvD96RnbB3A
Maezlu,1671154466909,3,40917,39403,122751,1.3333333333333333,0,4,4,4,270,SUCCESS,122751,6NRybHyFRuyEcMIXGnn6zA
Noman-2f2f,1671219915108,3,40952,37261,122856,7.0,0,21,21,1,271,SUCCESS,122856,QW9X02WeTeeTqHJkafkzxQ
JJCAR,1670576699557,3,40953,35669,122861,3.3333333333333335,0,10,10,1,272,SUCCESS,122861,R4l4Bj-yTcOkmnuCFoRySA
CyberneticBraces#3597,1670849908504,3,40975,35937,122927,5.333333333333333,0,16,16,5,273,SUCCESS,122927,0UG2ijRmS3GCjAGdotWwiQ
20200996,1670805827996,3,41065,34666,123195,7.0,0,21,21,10,274,SUCCESS,123195,-7DEsU2KRmiBU3Q2QgXTxg
ll,1670618874597,3,41067,39740,123203,0.0,0,0,0,3,275,SUCCESS,123203,6MCnKZKyTQCgEu0iqAVOhw
BigSystem#1056,1670478004545,3,41086,34598,123259,5.666666666666667,0,17,17,2,276,SUCCESS,123259,ZXTEb8JxT9aPoRJs7oclrg
AccessibleObject#2091,1670859948687,3,41139,39866,123419,5.333333333333333,0,16,16,1,277,SUCCESS,123419,jM5maTppTa-VaZKRd9eJpg
ComplexMethod#2383,1670483860095,3,41175,35804,123525,6.0,0,17,18,1,278,SUCCESS,123525,-ObvE8eHR9eodh59_xch4w
Mukilan-K,1671250514486,3,41180,40271,123541,5.333333333333333,0,16,16,2,279,SUCCESS,123541,4f1lIPCyQF25jfewIK0BUw
NeuralCallback#6502,1671109015815,3,41219,39667,123658,0.0,0,0,0,9,280,SUCCESS,123658,8GaSi2NxQ_uR1742RyvUBw
Mcstinkle,1671575964690,3,41266,40334,123799,0.0,0,0,0,1,281,SUCCESS,123799,xVk9GXOPTyW3T7pZ1trFDw
AgileMetaclass#5998,1670589495721,3,41355,39860,124065,6.333333333333333,0,18,19,2,282,SUCCESS,124065,NoKkJcVaSKeXbo9ULypvNQ
KBFG-SEAN,1670805715941,3,41398,40332,124195,0.0,0,0,0,1,283,SUCCESS,124195,D9di92EAR7OiiIquWzL4fw
PrototypeCallback#8109,1670495186556,3,41508,38997,124526,7.666666666666667,0,23,23,2,284,SUCCESS,124526,5TJVfqZIR2C83REhb498XA
ImportantNode#8283,1671602362722,3,41530,38055,124592,6.333333333333333,0,18,19,7,285,SUCCESS,124592,vkffmfaARtqGp5cP04ZYrw
onlythree,1671180831855,3,41574,38194,124723,6.0,0,18,18,2,286,SUCCESS,124723,23e254b25ea0443389ed6w
UrgentDigit#1031,1671415369790,3,41729,40942,125188,5.0,0,15,15,1,287,SUCCESS,125188,4gNT349XRKCJJ8XBRx-UwQ
InfiniteAttention#8148,1671332096127,3,41813,41071,125441,1.0,0,3,3,2,288,SUCCESS,125441,FmHLyrDDRKqM5mYWQbd5QQ
ABaykov,1670797516174,3,41957,39668,125872,5.666666666666667,0,17,17,8,289,SUCCESS,125872,aa28j7SWTd-LxMzvFoj_bA
Shima,1670647494741,3,41998,39467,125994,4.0,0,12,12,1,290,SUCCESS,125994,T_9oi-bCSEGJj-ccsiGcKA
GlobalHypothesis#0241,1670588760048,3,42131,34667,126395,3.6666666666666665,0,11,11,2,291,SUCCESS,126395,vycFhOJbRymjeRYT36gfMw
Davids-NightMare,1670472482870,3,42154,36530,126463,6.0,0,18,18,3,292,SUCCESS,126463,8ac7f6ca851b443b9a72cQ
ComplicatedVariable#9440,1670597024172,3,42239,41271,126719,1.3333333333333333,0,4,4,1,293,SUCCESS,126719,4mE0D_BDQiqznr-KMmMApw
UnboundShell#4501,1670823592612,3,42286,41386,126858,0.0,0,0,0,4,294,SUCCESS,126858,UvI97c7TQGSkHeUkqGa2Og
20181627,1670485285465,3,42286,39930,126858,0.6666666666666666,0,2,2,3,295,SUCCESS,126858,NFMxKy9oTBuH0DJkiY6sug
CompleteDebugger#7568,1671298502819,3,42287,35802,126861,6.666666666666667,0,20,20,3,296,SUCCESS,126861,G3O2N8lNSdCS3l-V8OMpNw
CodePointer#0420,1670661689071,3,42331,41000,126995,0.3333333333333333,0,1,1,3,297,SUCCESS,126995,jvr33oDbTWCh-jXeGcpIgw
BetaPointer#6710,1671619447429,3,42463,40463,127391,1.3333333333333333,0,4,4,1,298,SUCCESS,127391,7hiGdOnbTkyy0BByjLwXhA
MonkeySocks#222,1670606202864,3,42641,41929,127924,7.333333333333333,0,22,22,1,299,SUCCESS,127924,EoJLzmtzS4qqBm1_sLQZSw
BackloggedSlice#8342,1670562437295,3,42709,42199,128128,1.0,0,3,3,4,300,SUCCESS,128128,asoILoTkSmy-srOdxfGdVw
PathingNotation#8337,1670777943895,3,42730,40806,128191,0.3333333333333333,0,1,1,7,301,SUCCESS,128191,DSvXBtA3RSmKxc6UojW-pA
hanaoka-teruaki#technopro,1670912174800,3,42929,41398,128789,0.0,0,0,0,1,302,SUCCESS,128789,BY2nJZGyTdWr_u0dSOdojg
QuickNotation#3555,1670875480091,3,42982,41068,128947,6.333333333333333,0,19,19,8,303,SUCCESS,128947,E9heEzqKT1SfLedEwjKXvQ
allthmbsamy,1670456526763,3,43113,39737,129339,6.0,0,18,18,16,304,SUCCESS,129339,yBF92DAoRYSy4L-UtDVU3g
ComplicatedNetwork#7081,1670818157275,3,43313,40531,129939,5.333333333333333,0,15,16,3,305,SUCCESS,129939,mQ9WiA9ZRC-DamqkMKct2Q
CleanPackage#0817,1670503996566,3,43353,34203,130061,6.333333333333333,0,19,19,4,306,SUCCESS,130061,sLmtQc1lSEuUn4Zu6luHtw
PassingTech#7858,1671152295121,3,43402,40134,130207,0.6666666666666666,0,2,2,1,307,SUCCESS,130207,YfqaVUgdQuSWhk1553sc_Q
MemoryByte#3240,1670521735001,3,43531,42806,130594,0.0,0,0,0,4,308,SUCCESS,130594,Zu4seifvRM2DN5LaXMkcBA
VirtualConsole#6252,1671473916245,3,43534,37003,130603,7.0,0,21,21,4,309,SUCCESS,130603,Fd-u6G_sTT652_hTUmG3LA
UpdatedInterface#1052,1671111058021,3,43597,41602,130793,1.3333333333333333,0,4,4,1,310,SUCCESS,130793,wKxYXK3eQzGoNFIsKDClog
BetaSpec#6489,1670560259621,3,43620,40863,130861,1.3333333333333333,0,4,4,22,311,SUCCESS,130861,chMgM6ZjRSqs4DrQzXNyrw
Fangio2021,1671297258268,3,43660,37530,130981,1.6666666666666667,0,5,5,1,312,SUCCESS,130981,-ueEBWh2T_y3OlPCAxXubQ
FungibleSystem#8929,1670521589000,3,43665,42539,130997,6.333333333333333,0,19,19,11,313,SUCCESS,130997,CFx9DQ74S5Cvod0VL3pDCA
UrgentInterface#3534,1670923323860,3,43670,41937,131012,0.6666666666666666,0,2,2,15,314,SUCCESS,131012,Cm2eUd6ARymZaqEPEqE7qA
PaulHaigh-IAGTech,1670585920060,3,43798,39665,131396,1.3333333333333333,0,4,4,11,315,SUCCESS,131396,RvEd2Sg-TWOvYQq_lk3tIA
VirtualPoint#6949,1670475944804,3,43843,40532,131529,1.6666666666666667,0,5,5,1,316,SUCCESS,131529,wyINe0odRHi1g8tKBHZ0kg
CCC#1958,1671555352717,3,43844,42937,131532,5.333333333333333,0,16,16,1,317,SUCCESS,131532,hOa2CBUUROKkAWQE2yzrZQ
UnicodeMethod#0463,1671262174266,3,44088,41667,132264,0.6666666666666666,0,2,2,1,318,SUCCESS,132264,7HxMwiO0RE6O3AtrdF0frA
SquareByte#6262,1670956295289,3,44197,38597,132591,1.6666666666666667,0,5,5,16,319,SUCCESS,132591,HrWu4LYQRvCf-w4q6WSp0w
LEAKSandSQUEAKS,1671172946627,3,44225,39271,132677,6.333333333333333,0,19,19,15,320,SUCCESS,132677,MTsZUGiLR36z86VLRzbLEw
BooleanDocumentation#4809,1670510609449,3,44226,44202,132679,1.0,0,3,3,5,321,SUCCESS,132679,AUR-SY0QSxmgaeRVKQRhKg
PravinDaiKoGadi,1670578629574,3,44265,43872,132795,7.0,0,21,21,3,322,SUCCESS,132795,y_FlR_zaTZuNa3WlMmr2Lg
rits-racer,1670602571920,3,44353,39996,133061,3.0,0,9,9,1,323,SUCCESS,133061,4636cb5da223408897ca6w
ImmutableSlice#8523,1670532820412,3,44377,36861,133133,7.0,0,21,21,1,324,SUCCESS,133133,N5eF3tSFTYGXof5rFNpcaw
GammaCharacter#8751,1670587206221,3,44575,36921,133727,4.333333333333333,0,13,13,1,325,SUCCESS,133727,N1iJjUMtSJuMGQfVlHGjyw
Prayag-Ghimire,1670572916327,3,44665,37200,133995,6.666666666666667,0,20,20,10,326,SUCCESS,133995,tB7yuYWvQ52dtFA1c8e8wg
Neural486#9030,1671341785901,3,44709,42264,134127,4.666666666666667,0,14,14,3,327,SUCCESS,134127,nYFieBhqQeK2QnSvXYx4ig
EconDemoRacer,1670886637011,3,44798,44263,134395,0.6666666666666666,0,2,2,1,328,SUCCESS,134395,Idu_Rex0Rrqm-ibKjkWRYQ
sanjayd,1671052641622,3,44956,42200,134869,1.6666666666666667,0,5,5,2,329,SUCCESS,134869,rQ4HTcwhTcmV2msaGYVhKg
ReferenceContext#6642,1670643124413,3,44999,43599,134997,8.333333333333334,0,25,25,4,330,SUCCESS,134997,2nX8EpRjRq-rpiqTVZLpDQ
UsableOrder#5938,1670594559392,3,45219,43466,135659,8.333333333333334,0,25,25,3,331,SUCCESS,135659,q40GAs8MTiik6l3sRBAtRw
RecursiveSchema#1742,1670832666788,3,45241,29803,135725,5.333333333333333,0,16,16,2,332,SUCCESS,135725,iuVLcALDRpigklW0e6cncw
BetaGrid#7880,1671600183925,3,45730,41259,137192,2.3333333333333335,0,7,7,6,333,SUCCESS,137192,5Nnb34FgTC2vHx8Qlv7LZQ
GammaLambda#8067,1670875005152,3,45866,43728,137598,4.0,0,12,12,20,334,SUCCESS,137598,dnk4SBrlRLG7JOiMerLgZA
InfiniteAttention#4661,1671464356905,3,45889,36608,137667,6.333333333333333,0,19,19,2,335,SUCCESS,137667,5Vr7Kq7vQz-mgQ1n09noeQ
AbstractComment#6732,1670533049395,3,45915,38350,137746,2.3333333333333335,0,7,7,1,336,SUCCESS,137746,DtoaU8JES--ILR5l4FhRBQ
SYS-Masaki#8900,1670669874562,3,45975,38525,137925,8.0,0,24,24,4,337,SUCCESS,137925,VSYgdUjiTuql1zFvzsIkOw
VirtualSandbox#3235,1670516439100,3,45987,45201,137961,1.0,0,3,3,37,338,SUCCESS,137961,ueZU_YnUR9GKSEqxjqd5XA
ranzuh,1670582515038,3,46153,42269,138460,1.6666666666666667,0,5,5,3,339,SUCCESS,138460,u5RFLWf4T5CireYIBgoULQ
ImportantWorkaround#2203,1670474289231,3,46336,41333,139008,6.333333333333333,0,19,19,2,340,SUCCESS,139008,oKaw-e93Snq2aILID7KUng
AlphaMachine#9678,1670811040280,3,46376,44729,139129,0.0,0,0,0,2,341,SUCCESS,139129,uQWiRRYkQj-6oQHLdxwjWw
TestingArgument#3246,1670718805391,3,46643,42267,139929,6.666666666666667,0,20,20,1,342,SUCCESS,139929,ljLbOaNJSmKjKIjPrZAqXA
BetaByte#8634,1671412486790,3,46797,43256,140393,5.0,0,15,15,4,343,SUCCESS,140393,5XWlOjyqRcy6n8zoSMvdmA
Maria-de-la-Joya,1671192323518,3,46954,45733,140862,5.666666666666667,0,17,17,1,344,SUCCESS,140862,aLemod04SyCxHnK58mNLJA
TAN#007,1670497627627,3,47022,43000,141068,8.0,0,24,24,2,345,SUCCESS,141068,qANHaFksRpeeOSy97as9dg
tomomo,1671620655688,3,47041,44725,141124,0.6666666666666666,0,2,2,2,346,SUCCESS,141124,8Pw4zYODQ5OI8jhEHKgvdQ
BooleanTech#1690,1671111225776,3,47107,41663,141322,2.3333333333333335,0,7,7,1,347,SUCCESS,141322,DMYgMGzNQZqHVwvD8372tA
CH-Shin#technorpo,1670501698756,3,47200,42132,141602,7.666666666666667,0,23,23,2,348,SUCCESS,141602,z_o7oTr8SwyPS6Qq-D4Uvw
jtakasu#TPE,1671464697538,3,47286,38002,141860,7.333333333333333,0,22,22,5,349,SUCCESS,141860,Av-BhUHpS9OBtIbVma1znw
nine9,1670846098018,3,47597,41464,142793,8.666666666666666,0,26,26,4,350,SUCCESS,142793,nh20eR6wSW2uOCJ_nRnUvg
20181120SIK,1670998344036,3,47598,42663,142795,7.333333333333333,0,22,22,3,351,SUCCESS,142795,XWDDYi4yQbm6iosRF1A04w
PrimePackage#1016,1671153310462,3,47600,42267,142801,2.3333333333333335,0,7,7,4,352,SUCCESS,142801,9kcX1L35QDiCjfr_yVxpig
CurlyLanguage#5235,1670985256829,3,47641,43465,142924,1.3333333333333333,0,4,4,1,353,SUCCESS,142924,8sDjN6DPRnygYBvQBmbIXw
Everest-DNPds,1670468473267,3,47664,36068,142994,6.666666666666667,0,20,20,12,354,SUCCESS,142994,13eb4731e0c1457ca4d7dw
GlobalCallback#4248,1670620131989,3,47910,42867,143732,8.333333333333334,0,25,25,8,355,SUCCESS,143732,JM90Ha95TMqRgHjrAiZuIw
CyberneticPatch#2077,1670870577199,3,48307,46987,144921,2.3333333333333335,0,7,7,1,356,SUCCESS,144921,iTrBYwdHSfSDoOO2qv-qDA
Racer2022,1671365251248,3,48307,43190,144923,4.333333333333333,0,13,13,12,357,SUCCESS,144923,cOFg-MavSOu-PJhK7N5N0g
absolutelobstering,1670534803086,3,48310,44666,144932,6.666666666666667,0,19,20,4,358,SUCCESS,144932,WXznnsJQQt-Wm7JKYt25-w
PythonBraces#2693,1670984967179,3,48494,40403,145484,9.333333333333334,0,28,28,1,359,SUCCESS,145484,crbDmeOtQzeyITpfg7BrGA
Anthony-Osorio,1670608280592,3,48509,43000,145529,8.666666666666666,0,26,26,3,360,SUCCESS,145529,PblsGbTpQ6SaTNhOnoU2ng
FungibleResource#3055,1670853333163,3,48776,45124,146329,5.0,0,15,15,2,361,SUCCESS,146329,e8YEHoszTqeIu2B5KwJxaw
TPC-Tech,1670506454329,3,48797,45453,146393,8.0,0,24,24,1,362,SUCCESS,146393,iEfWhIPLS865MMzpmLNdqQ
FungibleCoder#1800,1670820208287,3,48844,46992,146532,2.0,0,6,6,1,363,SUCCESS,146532,bKbBntRsQPeYTcGcugAJbA
ProcessingTech#1695,1670984939299,3,49022,46265,147067,2.6666666666666665,0,8,8,1,364,SUCCESS,147067,hl2sBym7SU-4EwtaTLkddg
AtomicState#1916,1670559107479,3,49065,41930,147196,8.0,0,24,24,2,365,SUCCESS,147196,JetJJwpFSByiXIzSOC5vww
GammaDebugger#5065,1670782608731,3,49153,42205,147461,3.0,0,9,9,1,366,SUCCESS,147461,a_gswsTUSjKwdsS9pHkNXA
Pundits#7271,1670584594130,3,49242,47804,147727,2.3333333333333335,0,7,7,1,367,SUCCESS,147727,uCnDQo8GTMiUjCEL5HZnYg
AjayDhungel,1670574000838,3,49352,46856,148058,8.666666666666666,0,25,26,1,368,SUCCESS,148058,8l9FjzL1QwSFRaCrRvLD-A
DaveB,1671207740860,3,49485,40667,148455,2.0,0,6,6,2,369,SUCCESS,148455,20b1b2245c834a9b84a88Q
L-J,1670574314834,3,49555,46738,148667,7.666666666666667,0,23,23,2,370,SUCCESS,148667,bZE8tKSQQ3e5SiZaVp32Pw
InfiniteByte#2594,1670463247321,3,49598,42067,148796,6.0,0,18,18,1,371,SUCCESS,148796,6XFCi48mTVe0oLh8GVQuwA
shahGnp#7322,1670461056267,3,49668,43995,149005,9.666666666666666,0,29,29,5,372,SUCCESS,149005,9XJ8Z0YjTBeUtVaoKwv0cQ
20180383,1670808670004,3,49799,48463,149399,8.333333333333334,0,25,25,4,373,SUCCESS,149399,hbs6q6xfT7WBFcOAaWxmTg
ArtificialExpression#2222,1670538507207,3,49888,48072,149665,1.3333333333333333,0,4,4,1,374,SUCCESS,149665,9rGWSOBTS9WejA1gElTRPg
10xArithmetic#0414,1671604302780,3,50053,47719,150159,1.6666666666666667,0,5,5,9,375,SUCCESS,150159,hIM7IkD0RbKsnVc8WF7yRw
ComplexNumber#1404,1671316855643,3,50132,47133,150397,0.6666666666666666,0,2,2,3,376,SUCCESS,150397,6pxC67mMTFayn9AJAF385g
IntelligentFix#5635,1670553898755,3,50396,42197,151188,6.0,0,18,18,1,377,SUCCESS,151188,havys_n8SxamE2dHAIn1ZA
thunderbolt,1670588083860,3,50443,49133,151330,9.333333333333334,0,28,28,4,378,SUCCESS,151330,DHJx-oePRYOrb_EQV4sr3A
BooleanInterface#0795,1670717125627,3,50464,43464,151394,3.0,0,9,9,1,379,SUCCESS,151394,1fFlMw2LQ5ep03e8DZCh4A
BlockchainLoop#1525,1671419548313,3,50531,46858,151594,8.0,0,24,24,1,380,SUCCESS,151594,wwnAG64zSfGSs3PeG8ITBg
ComplexGrid#3970,1670514361992,3,50730,45860,152192,3.0,0,9,9,1,381,SUCCESS,152192,iySdVhljRW6hgmjUIepi2g
Betoniarska#4394,1670581420673,3,50796,46070,152389,1.3333333333333333,0,4,4,6,382,SUCCESS,152389,2_bb1t7uTwuTpJrugGgWJw
HashableEngineer,1670604928427,3,50974,47131,152922,9.0,0,27,27,17,383,SUCCESS,152922,ajSy_TQOSP2z1nquyTPzXw
SequentialTech#4999,1671172789939,3,51152,46203,153456,8.333333333333334,0,25,25,10,384,SUCCESS,153456,IoIUUjM_QQaEYnwxSTIlIQ
HelpfulDeadline#3232,1670493631768,3,51309,46127,153928,3.3333333333333335,0,10,10,1,385,SUCCESS,153928,HCINOS09SfCB2IBMAPJK-Q
SolvableBraces#5477,1671034170151,3,51332,47861,153997,2.6666666666666665,0,8,8,1,386,SUCCESS,153997,nOWogaGbQIWfZKOW7-nk7Q
gabrielkoo#HongKong,1670659081498,3,51422,46336,154266,9.333333333333334,0,28,28,1,387,SUCCESS,154266,ydUnMZutQDmeS4U2pIDYLg
Braver,1670570138836,3,51602,43595,154806,7.333333333333333,0,22,22,1,388,SUCCESS,154806,9YTBLwFbRnqAWexF_cAg0w
NestedPresentation#2036,1671199310548,3,51605,41863,154815,7.666666666666667,0,23,23,6,389,SUCCESS,154815,AJ3OFlIeRcmqe-JjPM_X6A
Latunkiituri,1670582727629,3,51777,50929,155332,3.0,0,9,9,4,390,SUCCESS,155332,3jFP5NmWQJur3C5Upzcp-Q
FunctionalSchematic#5501,1671537454433,3,51815,45180,155446,6.0,0,18,18,2,391,SUCCESS,155446,1IA3U0abTQKK7y5KH0lpqw
lukeeeee,1670966131416,3,51867,49208,155602,3.6666666666666665,0,11,11,1,392,SUCCESS,155602,Zi1Nw0rLTDy7V-2a2P-8ag
ArtificialUpgrade#4419,1670793916333,3,51907,44594,155722,10.0,0,30,30,2,393,SUCCESS,155722,hRGBgjjGSEyaq6t15_aJOg
EsteemedExpression#4133,1670556225652,3,51932,48263,155796,9.0,0,27,27,1,394,SUCCESS,155796,PLcM5Kd2SN6Hk88RVW70mw
404-not-found-Regin,1670460954371,3,51952,44789,155857,10.0,0,30,30,1,395,SUCCESS,155857,TjrUF2K3R9SDOORVexG0-Q
Suumahheri,1670587736626,3,51973,47926,155921,9.0,0,26,27,5,396,SUCCESS,155921,-j3MGr0TT5mUQM6f5cZ5ow
VirtualValue#6792,1670580756684,3,52180,49878,156542,3.6666666666666665,0,11,11,2,397,SUCCESS,156542,Yeaotln7Q4Ch6UadcddNdg
GlobalAnalyst#3158,1670899878921,3,52309,49934,156928,10.666666666666666,0,32,32,2,398,SUCCESS,156928,QczwoP2FS6qW30wuKiOGiA
NumericComment#0927,1670492888711,3,52353,46062,157061,9.666666666666666,0,28,29,2,399,SUCCESS,157061,pahJQHAKSZG1MAkAKCgyvw
MobileFunction#4163,1671418319202,3,52399,50204,157197,5.666666666666667,0,17,17,1,400,SUCCESS,157197,aZvPHR1fS9-drMKIDcJmmw
TimyTheHappyGriaffe,1670780647366,3,52486,43935,157459,9.333333333333334,0,28,28,2,401,SUCCESS,157459,UuLsYck_Ra6r7RHQq2V9Vg
KC888,1670523108032,3,52617,46928,157851,7.333333333333333,0,22,22,1,402,SUCCESS,157851,aihEWBfwRTeb7h1glckVzQ
ItaloSSilva,1670793306701,3,52640,48600,157921,10.333333333333334,0,29,31,3,403,SUCCESS,157921,fCzkfwanRNK7Q3MKbvCLyg
StructuredError#5961,1670833944076,3,52688,51394,158064,3.6666666666666665,0,11,11,1,404,SUCCESS,158064,NpfHNHKiSm-FMvrpEAEaHA
DeepRequirements#1254,1671114225270,3,52863,47798,158589,3.6666666666666665,0,10,11,1,405,SUCCESS,158589,OIAVxxmCQwSikOS8yWiCtQ
FiniteBraces#8051,1671043731459,3,52864,48596,158592,7.333333333333333,0,22,22,2,406,SUCCESS,158592,9l1u3aOFRBqwysgkVQs3wQ
QualifiedDescriptor#8277,1670605981475,3,52975,48395,158927,10.333333333333334,0,31,31,1,407,SUCCESS,158927,eb59vrPET_2UZX6Fk76_Rg
sonic-shadow,1671148659803,3,53287,43730,159863,10.666666666666666,0,32,32,2,408,SUCCESS,159863,riyTjKRgQLeU_47k4tyFrQ
QuickMetaclass#8929,1670625555588,3,53331,48139,159993,4.333333333333333,0,13,13,1,409,SUCCESS,159993,biTvLFv2Suyr5wFEiGw4jA
AndreiP-KiaSorento,1670548534641,3,53419,44129,160257,9.666666666666666,0,29,29,4,410,SUCCESS,160257,gI98iCqETmqBEhmCsbmS8A
AtomicContext#2648,1670533390831,3,53515,51596,160546,3.3333333333333335,0,10,10,2,411,SUCCESS,160546,hgeCtwzjSOOlefGP2b0Fqw
DesktopTag#2561,1670521570871,3,53530,43800,160592,10.666666666666666,0,32,32,3,412,SUCCESS,160592,Qxu_M52qRRivONf0HFlqIQ
EncryptedCoder#1575,1670610154397,3,53632,46730,160896,9.666666666666666,0,29,29,1,413,SUCCESS,160896,2QbqT0SBRHuPGKzUAMN3AA
StructuredServer#2406,1670909052798,3,53710,51528,161130,7.666666666666667,0,23,23,1,414,SUCCESS,161130,Q7Lqw3fTT8OOsGHnkyVgsg
SuyogKarki,1670564745575,3,53895,48726,161686,9.666666666666666,0,29,29,2,415,SUCCESS,161686,ba1-yv5oTUG9ZxtX0li0OQ
FungibleDescriptor#9353,1670955155010,3,53918,52869,161756,0.6666666666666666,0,2,2,3,416,SUCCESS,161756,ldG3tm4aQeylhE0ARtoxnA
Rocketzill83,1671324886821,3,54220,48870,162662,8.333333333333334,0,24,25,2,417,SUCCESS,162662,IuAP6cgPTuqbDdVYWbzwyA
bbquabbler,1671128096558,3,54222,42008,162667,10.333333333333334,0,31,31,1,418,SUCCESS,162667,iGfoFQBwQSe3Q2ZOH0-rtg
CriticalSystem#8150,1670661171884,3,54244,48336,162732,8.666666666666666,0,26,26,2,419,SUCCESS,162732,WIVvowPmTzq6XweDZk8FIg
FormulaicSystem#3361,1671621638091,3,54265,52465,162796,4.333333333333333,0,13,13,1,420,SUCCESS,162796,B-iPFAt2QlCAbvNqvzzeLQ
CodePresentation#0547,1670548342353,3,54396,46997,163190,8.0,0,24,24,1,421,SUCCESS,163190,1IDZmaDsQf-sY51cMaDU-g
NeuralExpression#0975,1671558679929,3,54533,48796,163600,8.666666666666666,0,26,26,1,422,SUCCESS,163600,wL_PhRdfSkysg1Wkc6fTsg
20201201,1670812157075,3,54534,49667,163602,10.333333333333334,0,31,31,1,423,SUCCESS,163602,xX2PeO5mShy_dNCfiSaGPQ
AngryPossums,1671463511092,3,54711,52671,164135,9.666666666666666,0,29,29,4,424,SUCCESS,164135,zk0937BMRk68jc0IxZPdlQ
20181185,1670486721960,3,54778,52667,164336,10.666666666666666,0,32,32,21,425,SUCCESS,164336,lC5peQ4VQX6HwaazghSWPQ
UTE-Cloud#9923,1671436728298,3,55129,51384,165389,9.0,0,26,27,10,426,SUCCESS,165389,PrRkX51ZQrGjubRr6mZBzw
MemoryHypothesis#6277,1670774001201,3,55465,49270,166396,6.333333333333333,0,19,19,1,427,SUCCESS,166396,hd0VskWUQUGyeR-FqyGRyQ
PassingSlice#1834,1670490563873,3,55619,54464,166857,4.333333333333333,0,13,13,2,428,SUCCESS,166857,bkziy8q-Qm6tOnL7Jn2mKQ
CreativeValue#7090,1671306200657,3,55930,54129,167791,4.666666666666667,0,14,14,1,429,SUCCESS,167791,77URTLwHTGWQehOXGeEMAA
RecursiveScript#1711,1670603287047,3,56043,54061,168130,11.0,0,33,33,2,430,SUCCESS,168130,woCVLNuLSH-zERxeiSOrGQ
M11156007ChingWei#7139,1671437052262,3,56576,46530,169728,5.0,0,15,15,3,431,SUCCESS,169728,1yrS1hAARdGCwV4osS7WeA
ComplicatedTag#3886,1670575236616,3,56603,51794,169810,5.0,0,15,15,1,432,SUCCESS,169810,8OdjpOqoRZ-T_W8Czi7_Wg
CompleteByte#7709,1670580830692,3,56619,49331,169859,3.6666666666666665,0,11,11,2,433,SUCCESS,169859,cThCQF7MRnKXCahQF7KJnw
ComplexObject#9246,1670466311448,3,56729,56601,170188,0.0,0,0,0,3,434,SUCCESS,170188,zc5Ixhm9TNm-WTt7CxZXuA
DraftDocumentation#3212,1670507676064,3,56730,52003,170191,10.0,0,30,30,2,435,SUCCESS,170191,ZD7Qv8jdSDabRt1ZWbfc5g
QuickByte#4833,1671143060906,3,57331,56726,171993,4.0,0,12,12,2,436,SUCCESS,171993,nAeXsHyvTYiVxsjPwKLzgQ
DraftMachine#1887,1670848391333,3,57477,51061,172431,9.666666666666666,0,29,29,1,437,SUCCESS,172431,k1uK0b6ISDKsjlR19qaSTw
manishkhare-gsi,1670491037390,3,57643,50658,172929,4.666666666666667,0,14,14,1,438,SUCCESS,172929,JGsnN-vMS5CCZRRxxMrYHw
UsableToken#5048,1670601990841,3,57929,44661,173789,11.666666666666666,0,35,35,1,439,SUCCESS,173789,EFrZT9FOQFuUVsrnGwIi_w
PiererInnoExpert#0520,1671616103100,3,57954,52930,173864,10.333333333333334,0,31,31,2,440,SUCCESS,173864,P3XWffBcRfKUR9aFphnmlw
AccessibleContext#7113,1670798011821,3,58174,54610,174522,5.0,0,15,15,1,441,SUCCESS,174522,xWLkP5VJTGyMr6-Oc6weiw
Anon,1670571487920,3,58310,55607,174930,10.666666666666666,0,32,32,8,442,SUCCESS,174930,UcAeXCBQRymU9a4We688XA
KiseeShreejan,1670486996048,3,58397,55730,175191,12.666666666666666,0,38,38,1,443,SUCCESS,175191,OO8xDDg3R0SG16hGynw6qA
LoopingSpec#0541,1670519064555,3,58423,54135,175270,5.333333333333333,0,16,16,2,444,SUCCESS,175270,7ljf1TagQlusKQ9dHT8dXw
JavaObject#7339,1671243403798,3,58597,55934,175792,4.666666666666667,0,14,14,2,445,SUCCESS,175792,TdkxTMI8T1yFH6skgC7UUA
ParametricTheory#5121,1671181558793,3,58730,53535,176192,4.666666666666667,0,14,14,1,446,SUCCESS,176192,BJWPx3ygRlK_8FY0zoVlVw
HigherAnalysis#1848,1671601574432,3,58753,52926,176260,5.333333333333333,0,16,16,1,447,SUCCESS,176260,ttW6AQ5oQE-6BGl-Rffy_w
MechanicalSandbox#6298,1670608501683,3,58753,54665,176261,5.0,0,15,15,2,448,SUCCESS,176261,MHMa8LXtRuW6k0o8F6oriw
AashutoshSapkota,1670580196420,3,58801,58406,176405,12.0,0,36,36,1,449,SUCCESS,176405,X_96byZdTXOuOE9VmhmmIA
BruhMMMMMMMMM,1670535218887,3,58841,50188,176523,11.666666666666666,0,35,35,2,450,SUCCESS,176523,8Jbn_idfSbWU1ComC1Hq-A
ImportantFunction#8439,1671592561108,3,58842,57397,176528,10.333333333333334,0,31,31,2,451,SUCCESS,176528,GgYMSYJ-QcK-fAiBcP8UDA
EncryptedPackage#4002,1671201251180,3,59042,47197,177126,12.333333333333334,0,37,37,2,452,SUCCESS,177126,wbOlN1HZTBitQufY1SYBTQ
20180223-Honam,1670502798198,3,59289,53738,177869,8.666666666666666,0,26,26,1,453,SUCCESS,177869,JdCr17PEQnuutklxHb96cA
danizumi,1670804191793,3,59310,55929,177932,12.0,0,36,36,1,454,SUCCESS,177932,XRK9DeMrS9Cq_kmilYhxvw
ImportantPackage#7760,1671493765025,3,59598,57008,178796,4.666666666666667,0,14,14,2,455,SUCCESS,178796,gX9OVwtxSX6G3OXiZkIYrQ
IntelligentToken#7907,1671487821871,3,59885,53195,179656,5.666666666666667,0,17,17,1,456,SUCCESS,179656,Fof8V_zfT6uKgEdWSeVOvg
CleanRequirements#4871,1671171884656,3,60019,53326,180057,13.0,0,39,39,1,457,SUCCESS,180057,o8jdearHSICeCshLSt_yDA
GammaLanguage#4186,1671043710177,3,60127,50265,180383,4.0,0,12,12,1,458,SUCCESS,180383,CSmN5gl8Reil_jntS7ESaQ
TestingAnalyst#5345,1670568391055,3,60154,58668,180462,5.333333333333333,0,16,16,1,459,SUCCESS,180462,em8KoJdJTiWKEwS__VLzlg
IterableBottleneck#4721,1670603964453,3,60355,56666,181067,12.0,0,36,36,29,460,SUCCESS,181067,WUf5h7bPR4yTzAEuE8OJag
Kwon,1670471446701,3,60729,49737,182187,12.0,0,36,36,6,461,SUCCESS,182187,LRHYsGu3SSyW09Y2yN-Qfg
UpgradedDelta#9762,1670580779653,3,60908,53280,182724,3.3333333333333335,0,10,10,2,462,SUCCESS,182724,x_M9NloOQBerVHUo0EV0IA
ASCIIExpression#0987,1670607592031,3,60911,58737,182733,5.333333333333333,0,16,16,2,463,SUCCESS,182733,OAbn8iSiTKGQcFFt1_bX1A
FungiblePointer#9687,1670603936313,3,61043,53329,183129,12.333333333333334,0,37,37,2,464,SUCCESS,183129,MSLkIfQGQweXgQopq5TfrQ
IterativeEnvironment#8662,1670856629899,3,61064,58468,183193,11.666666666666666,0,35,35,12,465,SUCCESS,183193,NiKDV4elRSWbWX-BM9p9ug
TechnicalBuster#9431,1670605437095,3,61064,52272,183193,12.333333333333334,0,37,37,1,466,SUCCESS,183193,tyGEVkyYRjOqwWLAIdhGdw
Legymyeggy,1670525445662,3,61090,57342,183272,5.0,0,15,15,1,467,SUCCESS,183272,ZeeWK0OQSgm1q_rDMFzCeA
StructuredBraces#0887,1670964843794,3,61090,59795,183272,5.333333333333333,0,16,16,2,468,SUCCESS,183272,U9S1zX_GSuudqb7VXMkqsA
FormulaicCharacter#3014,1670873971425,3,61353,54602,184061,6.666666666666667,0,20,20,1,469,SUCCESS,184061,GYwmvw-2RsGvfuM06TNRaA
Zero-dayNumber#0052,1670544333855,3,61552,54727,184657,12.0,0,36,36,1,470,SUCCESS,184657,7vaMpi-fTjuxkxFkqs0izg
TheTrackBoss,1670507788909,3,61619,59598,184859,13.0,0,36,39,4,471,SUCCESS,184859,hbVXmPNNTAGt_ndmy0JCtg
TabletLambda#4616,1671373110112,3,61795,60533,185385,5.333333333333333,0,16,16,1,472,SUCCESS,185385,dSsv4S6GTkSPESreKV7ivg
ImportantServer#6173,1670687850193,3,62042,59661,186126,4.333333333333333,0,13,13,1,473,SUCCESS,186126,4rkHubDYSJqNS5Y6cACKag
StructuredToken#0421,1671181838935,3,62069,58330,186207,5.0,0,15,15,1,474,SUCCESS,186207,x2yji1KDTFSnEidEtzH6Jg
DesktopTech#1268,1670999209351,3,62330,62069,186991,6.0,0,18,18,1,475,SUCCESS,186991,xB03xPkqQmW4Sr5EsOkrSA
Silas,1671046676129,3,62562,59268,187687,10.666666666666666,0,32,32,3,476,SUCCESS,187687,nnHOU7JgSemB-Rs1QSCS1A
FocusedAnalyst#7578,1670615083544,3,62964,60069,188893,6.666666666666667,0,20,20,1,477,SUCCESS,188893,GXewbDkmQc6Pe0r6n906UQ
ImportantArray#0124,1671583366237,3,63309,51800,189928,6.333333333333333,0,19,19,2,478,SUCCESS,189928,7kaxSKASQ3SYUkiS8Gi21Q
ThisSwitch#1307,1671093223469,3,63309,57402,189929,6.666666666666667,0,20,20,2,479,SUCCESS,189929,IDL-Vw2hS86VRpt3ptVwFQ
ConnectedBuster#3679,1670583220641,3,63538,56599,190614,5.666666666666667,0,17,17,1,480,SUCCESS,190614,FXTMqmIWTASnDNM2jWymCQ
Initial-D-GTR,1670450911087,3,63576,58469,190729,12.333333333333334,0,37,37,1,481,SUCCESS,190729,zpYjVIkVQFGCJ8gUV8w8_Q
GlobalEnvironment#8667,1671031108353,3,63756,61602,191269,5.666666666666667,0,17,17,1,482,SUCCESS,191269,VnkadARaSoWZQE4_1zKkEA
FormulaicMethod#4535,1670603164000,3,64420,58532,193262,13.666666666666666,0,41,41,1,483,SUCCESS,193262,ktzr2Zc5SRe3E0wTb0kEwA
Ronnie#2002,1671374800627,3,64778,56272,194335,14.333333333333334,0,43,43,1,484,SUCCESS,194335,evEj4D0TTZamDeMeEUWDpw
nikhilkala,1670464818609,3,64820,61802,194460,13.666666666666666,0,41,41,1,485,SUCCESS,194460,UKO4WitGQRSkSrTqa8ZAIA
MuhamadNady,1671181457499,3,64887,59801,194661,6.333333333333333,0,19,19,6,486,SUCCESS,194661,Nyuo8nQFRFSZHuVc-7mRKw
ProcessingSpec#3358,1670602172834,3,65025,63133,195076,13.333333333333334,0,40,40,1,487,SUCCESS,195076,WUfpXSqZTViIOoMeA17qGQ
PrototypeTheory#5257,1671185477320,3,65114,60137,195344,7.333333333333333,0,22,22,2,488,SUCCESS,195344,bxls9Pw5SfaC7WgNcFd5EQ
IterableOrder#6403,1671029345032,3,65330,61069,195992,14.0,0,42,42,1,489,SUCCESS,195992,66sH2FpCQiuGlP-uu1f6sw
Hatton,1670494955859,3,65511,50598,196535,14.333333333333334,0,43,43,1,490,SUCCESS,196535,wzVzQyEMRsG8HTwNx0foiw
ArtificialObject#3867,1671097256297,3,65910,61924,197730,7.0,0,21,21,1,491,SUCCESS,197730,3fMAgCtjRmGyfQ6BJTsKMg
InfiniteTester#3940,1670509456674,3,66005,63202,198017,6.333333333333333,0,19,19,1,492,SUCCESS,198017,jWtD3ey8TuiX3V_KKylTig
CodeDelta#9900,1670960362255,3,66421,65672,199265,8.333333333333334,0,25,25,1,493,SUCCESS,199265,fgtceRgjSaiOepGahtlVtQ
CamiloPinzonCastellanos,1671191013278,3,66508,58393,199526,14.333333333333334,0,43,43,4,494,SUCCESS,199526,-C2EBnZrTc6jq__K5jnrIw
FiniteClass#8788,1670621225947,3,66620,64272,199860,7.666666666666667,0,23,23,2,495,SUCCESS,199860,ZoJNgESVQaKTqdBtQFkZnA
DeepHypothesis#7980,1670494809900,3,66978,61398,200934,7.333333333333333,0,22,22,1,496,SUCCESS,200934,sVhoXbiPQ9WK_cdqa3oJ4w
UsableCommand#2197,1670604671810,3,67198,60264,201595,7.0,0,21,21,1,497,SUCCESS,201595,h391F1X9ShmZ8x72YEsUSg
NumericSandbox#1511,1670516146447,3,67376,64732,202128,14.666666666666666,0,44,44,1,498,SUCCESS,202128,AHWD-QtAQe-SBXr8md6tXA
JA2C-Racers-JamieJ,1670505457577,3,67951,63733,203855,8.0,0,24,24,1,499,SUCCESS,203855,Zn3-jTYfRwuIolfk8tkeEQ
alpha7,1671620296701,3,67955,62337,203865,14.333333333333334,0,43,43,1,500,SUCCESS,203865,oh3zXstATKOgedhZQ01mjQ
GlobalCharacter#0453,1670591902884,3,68153,63858,204460,7.333333333333333,0,22,22,1,501,SUCCESS,204460,ovlF3defThy1-JR_0npXSA
UnicodeNamespace#5061,1670562616729,3,68197,61600,204593,7.0,0,21,21,1,502,SUCCESS,204593,9fxBggyzTFewD5UknwQejw
RobotTech#5142,1670491860962,3,68293,64016,204880,12.333333333333334,0,37,37,4,503,SUCCESS,204880,jgz-tMN0TCqEswNqNlfB9A
LoopingFormula#7230,1670539438781,3,68515,58602,205546,14.666666666666666,0,44,44,1,504,SUCCESS,205546,xyd98OkdTLSRqeKL4WYQvQ
moving-across-coasts,1670889376218,3,69025,66066,207077,14.666666666666666,0,44,44,1,505,SUCCESS,207077,MNn6KHMIRM-gD6u2akjaAg
ThisGlyph#3382,1670595633260,3,69713,63734,209139,11.0,0,33,33,6,506,SUCCESS,209139,HOktg_K-RhC7FlUGwIlGwA
CodeByte#8056,1670565252097,3,69819,68992,209459,2.6666666666666665,0,8,8,2,507,SUCCESS,209459,B8_CJszqSLi6miVUUqm8ew
allurei,1670585883762,3,69908,59933,209724,15.666666666666666,0,47,47,1,508,SUCCESS,209724,KCpfi6KLSgiyh9zwR-2aTg
IterativeCommand#1288,1671437092640,3,70021,60067,210064,8.666666666666666,0,26,26,1,509,SUCCESS,210064,VxrDlOX1QgGiy8hMknaIiw
TendaSendai51,1671186467620,3,70182,63540,210546,8.0,0,24,24,1,510,SUCCESS,210546,hPDI8PFPRmC6ZC9Z2SV4mA
Frankarr,1670821432837,3,70484,64593,211454,8.666666666666666,0,26,26,1,511,SUCCESS,211454,IPwMYZtBQBS4sVULp66MGA
SquareSpec#7364,1670792171539,3,70731,67057,212194,7.0,0,21,21,1,512,SUCCESS,212194,QT6kcRMWRFCfv5V5ZWRfJw
FungibleClass#9163,1670504512583,3,70752,60940,212256,9.0,0,27,27,4,513,SUCCESS,212256,1bJSusgbRsqmkJOIUFD5CA
AsynchronousUpgrade#4186,1671430618899,3,71160,66547,213480,14.333333333333334,0,43,43,2,514,SUCCESS,213480,NhUL9l2jTFSSO5HJofi-GQ
20180707#4801,1670467388517,3,71423,67266,214270,15.0,0,45,45,10,515,SUCCESS,214270,k7z3Zm3GSQKYyUx2UYEc8Q
NullVariable#6517,1670615447787,3,71667,69933,215002,8.333333333333334,0,25,25,1,516,SUCCESS,215002,O0ep2-5KTMGb-IvALxX8ag
FocusedMetaclass#3725,1671374406343,3,72311,60533,216934,14.333333333333334,0,43,43,1,517,SUCCESS,216934,fJWZlspcRECeOZYcteEPpQ
RocketNotation#9680,1670526541832,3,72420,66532,217261,15.333333333333334,0,46,46,1,518,SUCCESS,217261,T0mUNn-YTJSRUdxJkUSZaQ
AbstractState#0544,1670568154437,3,73329,67531,219989,15.666666666666666,0,47,47,2,519,SUCCESS,219989,SrSPPVDeR3mb1qZ8E4FBOA
IterablePoint#1417,1671383073474,3,73619,63856,220857,8.333333333333334,0,25,25,1,520,SUCCESS,220857,iGRIyNfvSaiJC1PMDrs-sQ
NullHacker#6373,1670456897627,3,73687,71201,221062,8.666666666666666,0,26,26,1,521,SUCCESS,221062,GErXDaHUTEWNhLCwOjUmog
koboritomoyuki#technopro,1670827551583,3,73689,72070,221068,16.333333333333332,0,49,49,3,522,SUCCESS,221068,K2j2pcyYT8OsIDz0ty7oSQ
AtomicOrder#4305,1671596828005,3,73692,69532,221077,9.333333333333334,0,28,28,1,523,SUCCESS,221077,KGg-HWYfRfSleshCGcJ6VA
TestingShell#6590,1671470300769,3,74047,59142,222143,9.0,0,27,27,1,524,SUCCESS,222143,_jnqR8a2T26kUjAW1-WdUw
UnicodeArray#2251,1670614883809,3,74087,64791,222262,13.666666666666666,0,41,41,1,525,SUCCESS,222262,ocS34aMDQmyl43MGgI8mlw
FiniteGrid#7940,1670497843777,3,74293,69865,222881,17.333333333333332,0,52,52,2,526,SUCCESS,222881,4KWZ8aLhRWuVWAGT-3EfRA
PathingNamespace#5093,1670600136885,3,74386,67027,223158,14.0,0,42,42,2,527,SUCCESS,223158,D4bd3jQ2T9y0S1FFDS9mqg
GlobalOrder#9423,1671309617604,3,74954,73399,224863,8.333333333333334,0,25,25,1,528,SUCCESS,224863,fzg_MFg6QXCr1ykloOkBKA
UrgentLoop#2947,1670864919895,3,75085,63862,225257,16.0,0,48,48,5,529,SUCCESS,225257,fZn-8QRVRgWxQBLDvqDa8g
LeetArchitect#5352,1670879104002,3,75206,69467,225619,15.666666666666666,0,46,47,1,530,SUCCESS,225619,FuqWcMUNTzGGLy-dxAN-dQ
JavaDataset#9795,1670507020437,3,75733,68734,227200,7.333333333333333,0,22,22,1,531,SUCCESS,227200,rr4yDVkXS42SjYRHmLtcSA
GlobalShell#1889,1670758132553,3,75998,71938,227995,10.333333333333334,0,31,31,1,532,SUCCESS,227995,DwZYLxemQqK00kFl93qXzw
CodeConsole#5384,1671124168505,3,76131,73996,228395,16.666666666666668,0,50,50,1,533,SUCCESS,228395,K6xDvfhuRxmWxXP4gM-Mhw
UpInTheAwsOfTimo,1670588147301,3,76153,58863,228461,15.666666666666666,0,47,47,1,534,SUCCESS,228461,NIS1i4wiRnuDyAJlk1hCXQ
CriticalNumber#4575,1670885189342,3,77109,75993,231329,10.333333333333334,0,31,31,1,535,SUCCESS,231329,7Vp8pvVjRL2s5pL23h_jHw
UpdatedSchematic#2783,1671538146821,3,79152,72193,237458,16.0,0,48,48,1,536,SUCCESS,237458,NDwd06V6RsGz6jaZ_zkJ5Q
UpgradedResource#9274,1670522510758,3,81242,80996,243727,11.0,0,33,33,1,537,SUCCESS,243727,fxkvF1v3SDy4C6Z38uvMug
EncryptedInterface#4621,1670606039077,3,81776,71734,245330,18.0,0,53,54,1,538,SUCCESS,245330,mlGuIT0OQ3uw6SDAuyVERA
CleanShell#9321,1671510553446,3,82152,78336,246456,12.0,0,36,36,1,539,SUCCESS,246456,LOIDmISeSBi0YlT2AUOkGQ
TestablePointer#2043,1671240007744,3,85442,78400,256328,12.0,0,36,36,1,540,SUCCESS,256328,2CA00I_CRzeocdKW0c5CoA
MarcoRollo,1671027880237,3,87886,82866,263660,12.333333333333334,0,37,37,1,541,SUCCESS,263660,RqxmEOrPRlO9EYjinf2_PQ
TestableComment#6574,1670887914608,3,88266,85997,264798,17.666666666666668,0,53,53,1,542,SUCCESS,264798,paaIoBStQwOshUiUyEG6wQ
Nested486#1572,1670886698682,3,88487,74731,265463,20.666666666666668,0,62,62,1,543,SUCCESS,265463,WVtqw3IoQFKfqb1njWU8-A
Anup-Kafle,1670469817423,3,88953,84539,266861,13.0,0,39,39,1,544,SUCCESS,266861,MVPyCxQiSKaJhGtN1iTKVg
Aidenj19,1670535121067,3,89506,85394,268520,21.0,0,63,63,1,545,SUCCESS,268520,BeNW0KIkTuGYJbG9v5jiWg
JavaEngineer#1767,1671375523827,3,89708,85529,269126,13.0,0,39,39,2,546,SUCCESS,269126,H7aYREyuTFSRoFNX8EIwMw
NeuralNumber#2736,1670671709185,3,91198,87331,273594,22.0,0,66,66,3,547,SUCCESS,273594,aqvv2ihuSD-SsxQUjHVcJg
SecureCoder#2341,1670821383480,3,92729,85547,278189,22.0,0,66,66,6,548,SUCCESS,278189,4rOSDYaTRVuoSGpQ9esH0g
SquareNamespace#5949,1670657556006,3,93465,82128,280397,21.0,0,63,63,2,549,SUCCESS,280397,N-khgPRlSM221UZJAKT_-Q
BetaToken#0035,1670906373298,3,94686,91529,284059,23.0,0,69,69,2,550,SUCCESS,284059,ll7-WgmeRVygHZAHdB0OFw
LoopingTag#3784,1670801369032,3,94821,91065,284465,23.0,0,69,69,1,551,SUCCESS,284465,Nn36IsefSGCizdQfHVUCQw
HashableTheory#6199,1671180710334,3,95708,95400,287126,15.0,0,45,45,1,552,SUCCESS,287126,qWlnwQPvTv-vBhcm3MeTvg
JuanSuarezG,1670855194289,3,97019,90733,291059,23.666666666666668,0,71,71,1,553,SUCCESS,291059,RhVrzKGeQgucqv_LfjIqUw
ParametricFunction#9765,1671113116294,3,97241,95605,291724,15.333333333333334,0,46,46,1,554,SUCCESS,291724,uHQeY9tsRUiiU9GGpULtZg
Mike211,1670621995576,3,97864,97405,293592,23.0,0,69,69,7,555,SUCCESS,293592,rgZhd0J7TBGwBO4GPYC3yg
HashableLine#7417,1670580732150,3,98355,93603,295066,23.333333333333332,0,70,70,2,556,SUCCESS,295066,qp0Gq1FWTnClDQXzjzfuJA
ContinuousSequence#8645,1670906508998,3,98465,91204,295396,23.0,0,69,69,2,557,SUCCESS,295396,DNMura6fTtKFaZFoRzkJ0A
DraftGame#8597,1671311004367,3,99576,94130,298729,22.666666666666668,0,68,68,1,558,SUCCESS,298729,pJw4wWdXSI-fXTOWBlf00A
QualifiedParameter#1798,1671124013243,3,99638,97931,298916,16.333333333333332,0,49,49,1,559,SUCCESS,298916,b_DvohRmT3y4s3ssmXqwTQ
GenerativeNotation#3553,1670899843377,3,99975,95199,299926,23.333333333333332,0,70,70,1,560,SUCCESS,299926,2z5_PQnWTrm773m3kevi7Q
JavaTest#4713,1671019025955,3,100383,98001,301150,10.666666666666666,0,32,32,1,561,SUCCESS,301150,C6rNkPKPT8aHZWFKQYN4RQ
csanford-chwy,1671495593435,3,101176,99663,303530,21.333333333333332,0,64,64,3,562,SUCCESS,303530,2E_ttYEVRdGRj4rjqn7Dfg
ComplexGlyph#8573,1670804124142,3,102753,93932,308260,24.333333333333332,0,73,73,1,563,SUCCESS,308260,7YGo2XFCSFCOqzd8h9ptwA
ArtificialPoint#6897,1671012204985,3,103332,97865,309998,24.666666666666668,0,74,74,1,564,SUCCESS,309998,ka2jdHk5TxyBzSsnNkkHIQ
TechnicalString#5593,1670612242640,3,107601,104993,322803,25.666666666666668,0,77,77,1,565,SUCCESS,322803,PYSySM0nQF-RGCTJ7axJmg
PrimeAbstraction#5857,1670906346751,3,109109,100399,327329,26.333333333333332,0,79,79,2,566,SUCCESS,327329,bfr6iFncTpiWuFSfJXW5eA
ImmutableGrid#8998,1670534201831,3,109510,99463,328530,23.666666666666668,0,71,71,1,567,SUCCESS,328530,Jsn_vojqQs-cikM81pTFaw
FiniteUpdate#7236,1670695002580,3,114263,102868,342791,20.666666666666668,0,62,62,1,568,SUCCESS,342791,g1j8UwxgR2W4YGswrfrcZw
sobatatoshiaki#technopro,1670749571810,3,115895,115066,347687,21.0,0,63,63,1,569,SUCCESS,347687,2KyHCrWRRmiZhVP4y_IUfg
AgileFormula#5489,1671459536737,3,116290,114597,348870,20.666666666666668,0,62,62,1,570,SUCCESS,348870,Aw6KPyoDTb2Byx5X7qxqYw
SquareFix#2656,1670819160208,3,122196,118531,366590,30.0,0,90,90,1,571,SUCCESS,366590,syqYC5kPS96Fe1ujHzxS8w
Machine486#1880,1670972080771,3,123910,110199,371730,23.333333333333332,0,70,70,1,572,SUCCESS,371730,jsb3iyLvRCux2bG_332IKQ
DraftCircuit#6149,1671468160326,3,125977,120268,377932,23.666666666666668,0,71,71,1,573,SUCCESS,377932,HP-CeiHVQuCJvWD1-F_ipA
EsteemedTest#9577,1670559383361,3,126199,121071,378597,23.666666666666668,0,71,71,1,574,SUCCESS,378597,7jeGPhBtQaGwiJe72rO9_Q
PythonNumber#9799,1670908162542,3,127311,120530,381934,24.0,0,72,72,1,575,SUCCESS,381934,00rQsnBUSF-NyCeps20OFA
ProvisionalScope#8280,1671613230235,3,127375,123200,382127,24.0,0,72,72,1,576,SUCCESS,382127,dRoG12F6QWutRjkIrouqKQ
QuickBooster#3901,1670507793537,3,128265,123332,384795,24.333333333333332,0,73,73,1,577,SUCCESS,384795,RAwgNt0MSki2DfAzCmetcQ
StateFarmRacer,1671549473491,3,129507,120395,388522,25.666666666666668,0,77,77,1,578,SUCCESS,388522,rmxf6A0-T523rweKzZqucQ
FormulaicAnalysis#9607,1670899184374,3,131176,124665,393528,32.666666666666664,0,98,98,2,579,SUCCESS,393528,KrwRWn2JTf2twu7qhZ8IVQ
AgileCharacter#0325,1670841933651,3,143448,137810,430344,30.0,0,90,90,1,580,SUCCESS,430344,b7nA5lerRJyD-zckqPEWmA
QuickSequence#9581,1670835270570,3,145753,144604,437261,29.333333333333332,0,88,88,1,581,SUCCESS,437261,86c9fSzmSsK_NYbwmCYgBg
CriticalLambda#9228,1670905317639,3,148798,140066,446396,37.333333333333336,0,112,112,1,582,SUCCESS,446396,CaAdy--zT-aDQacEhSeAbg
CreativeExpert#2832,1670878875479,3,150041,146202,450125,38.0,0,114,114,2,583,SUCCESS,450125,5W67gHDyTHi1eDKrVS6RBg
Choy-Diego,1671122141206,3,171177,158067,513532,43.0,0,129,129,1,584,SUCCESS,513532,_QcK-MLQTnC_qcsTRrIATA
