Rank,Alias,SubmissionTime,LapCount,AvgLapTime,BestLapTime,TotalLapTime,AvgResets,CollisionCount,OffTrackCount,ResetCount,SubmissionCount,LeaderboardSubmissionStatusType,RankingScore,UserId
1,rosscomp1,1736479957880,3,7998,7797,23996,0.0,0,0,0,8,SUCCESS,7998,fb0d597a87f94697aa1c6w
2,CodeMachine,1736315979195,3,8129,7870,24389,0.0,0,0,0,5,SUCCESS,8129,b_WzN_r8ToGPle_8bl2tMA
3,BSi,1738824021299,3,8664,8266,25993,0.0,0,0,0,3,SUCCESS,8664,2eb231b0a43f4940bfed3w
4,pmi-knk4#2630,1736419917554,3,9821,9665,29465,0.0,0,0,0,32,SUCCESS,9821,1ZYesBf7TMufV0hhreTW-w
5,KingoftheTrack,1742291563041,3,10064,9600,30193,0.0,0,0,0,17,SUCCESS,10064,ACg6IYaIQNi--irQmpdiHg
6,SteveW-BJSS,1738679871357,3,10088,9804,30266,0.0,0,0,0,1,SUCCESS,10088,bt0g0Yx0R7KyvbtojGlP4A
7,Dexxtz,1736602228670,3,10351,9940,31053,0.0,0,0,0,37,SUCCESS,10351,tabxmSFdSiuDVkEWW34mTA
8,FabioMaxV,1736781310816,3,11642,11591,34927,0.0,0,0,0,22,SUCCESS,11642,fkCXzcxUQAu40C7Qxc3EzA
9,HardRock789#5445,1738227895181,3,11907,11535,35723,0.0,0,0,0,4,SUCCESS,11907,Fnn9s53ATqCs-R2CALOx8Q
10,godmod007,1736373438218,3,11908,11736,35725,0.0,0,0,0,3,SUCCESS,11908,sqtQ9FnDStmvWBZ2nMrhMg
11,MechanicalSemicolon#1875,1738779055046,3,11909,11467,35727,0.0,0,0,0,23,SUCCESS,11909,adha5PIwTSmPIZRReO5nVg
12,LeetAbstraction#8915,1737434946612,3,12309,12003,36929,0.0,0,0,0,2,SUCCESS,12309,cTuc9lE7TKizvn6Tcm4ukA
13,ITI-G4,1738421611610,3,12353,12058,37060,0.0,0,0,0,106,SUCCESS,12353,isLt2hmGTgewYqP0Piaesw
14,Fenerbahce-FAN,1738275876956,3,12397,12135,37193,0.0,0,0,0,33,SUCCESS,12397,-yBKpK66SoKcJrJWFnLvsA
15,KasztP,1736346822856,3,12661,12398,37983,0.0,0,0,0,10,SUCCESS,12661,B_NHhZzIT7yLboMZHKC3Qw
16,NTI-G11,1738704388383,3,13353,13264,40060,0.0,0,0,0,24,SUCCESS,13353,AWVi7ngcTPqE6VRXlJAPZg
17,molirs,1736959763371,3,13398,11334,40196,0.3333333333333333,0,1,1,2,SUCCESS,13398,lnQsADKsSoivWcOtun4JvA
18,FabRacer,1738001010278,3,13462,12993,40386,0.0,0,0,0,27,SUCCESS,13462,YXjU-6WZTe65g7_YyZPJrA
19,NTI-G16,1738439274997,3,13532,12866,40596,0.0,0,0,0,5,SUCCESS,13532,wdwE7KO6QaeBOLg3Yng0bQ
20,MobileLambda#0014,1738257503701,3,13662,11874,40988,0.3333333333333333,0,1,1,5,SUCCESS,13662,sgTpntopQByQBDMMXZhNQA
21,TurboTrekker#1484,1736851976261,3,13686,13336,41059,0.0,0,0,0,6,SUCCESS,13686,3fRoUnWaRyKBEUfNNSyNLw
22,InfiniteSchematic#1853,1736964424093,3,13708,13604,41126,0.0,0,0,0,9,SUCCESS,13708,kvTLTDZ3SPerxPxJaneaMQ
23,MikelusPadawan,1738750698992,3,14041,13673,42125,0.0,0,0,0,16,SUCCESS,14041,qSkPX814SD-rzmeKk42lxA
24,Pedromedario,1738057355499,3,14042,12800,42128,0.0,0,0,0,13,SUCCESS,14042,qLqrIuiARFGh9-uTgK7Hlg
25,ImmutableToken#1351,1738544510228,3,14331,14128,42995,0.0,0,0,0,3,SUCCESS,14331,8xaBDG-iSEyET-n-TFEORg
26,trial,1738639482108,3,14374,14132,43122,0.0,0,0,0,2,SUCCESS,14374,FrYQX3_yRZOzM-BVTzWGiw
27,MobilePresentation#3056,1737628242278,3,14377,13870,43132,0.0,0,0,0,1,SUCCESS,14377,BsBdhONuSY2J5fetQxp7Pg
28,NTI-G15,1738325541634,3,14397,14008,43193,0.0,0,0,0,47,SUCCESS,14397,g14iKRLUQLiCBhgK59Uy0g
29,ryu,1736577619972,3,14419,14388,43258,0.0,0,0,0,2,SUCCESS,14419,VJ3BbvBVTJul_5HJYllepg
30,HameenHitain#42,1737536017014,3,14463,10661,43390,0.6666666666666666,0,2,2,1,SUCCESS,14463,44YjKeFtRFyv_g8ljvEg1w
31,WhereAreTheHorses2025,1738592224833,3,14484,12260,43454,0.3333333333333333,0,1,1,35,SUCCESS,14484,sbTwxTU0QDW2K4kdYQWwgQ
32,SecureContext#7340,1737592684523,3,14576,14202,43728,0.0,0,0,0,39,SUCCESS,14576,EYJDojYARbOlvYPB-FZvGg
33,CodeRacer,1736249183464,3,14576,12531,43730,0.3333333333333333,0,1,1,7,SUCCESS,14576,tnqWItYPQHSdeehLYjaXow
34,RecursivePoint#0548,1737515004793,3,14577,12269,43731,0.3333333333333333,0,1,1,5,SUCCESS,14577,xICPeKK3QW6e_EM7jcUoqQ
35,NTI--G20,1738641628589,3,14597,14466,43791,0.0,0,0,0,44,SUCCESS,14597,o0s6fi6VRsi2PpkaG8WJMw
36,RiverRunnerTeam4-ModelX,1742000719135,3,14597,14002,43792,0.0,0,0,0,14,SUCCESS,14597,YkwnHnhtTjKAfqjBmkynbw
37,DEGI-G8,1738276331607,3,14620,14400,43862,0.0,0,0,0,6,SUCCESS,14620,-OagM5oITb6wmitKeJbB9Q
38,ProcessingAttention#4984,1737632898212,3,14640,14200,43920,0.0,0,0,0,3,SUCCESS,14640,WzWIHzkbTXOUtIqjRh2sug
39,harinezumi-DNPds,1737736412352,3,14641,10533,43924,0.6666666666666666,0,2,2,5,SUCCESS,14641,6hha6WtBQLCivJX9auQn6A
40,NTI-G14-x,1738421286273,3,14642,14473,43928,0.0,0,0,0,12,SUCCESS,14642,7TmJWUpWTbSJXEAhNcedcw
41,NTI-G12,1738695003037,3,14707,14524,44123,0.0,0,0,0,19,SUCCESS,14707,dWs23nghQLSlIKKjiRDLYw
42,BetaTable#8197,1736956574889,3,14777,14267,44332,0.0,0,0,0,8,SUCCESS,14777,KVbMHtWUR6iCkKh1smr9rA
43,TKU-CSIE-598,1737269093489,3,14863,14409,44591,0.0,0,0,0,8,SUCCESS,14863,Sk1HgnwlTqGB7D95-Qoy3w
44,ntsh#10114,1736700880274,3,14887,14595,44661,0.0,0,0,0,5,SUCCESS,14887,gHGsNXwLRLSZapyIhR5zGQ
45,GammaNode#8152,1738512132768,3,14909,14534,44727,0.0,0,0,0,2,SUCCESS,14909,BWCejbvxRFScorZUFzz2NA
46,UnboundLine#1693,1738104026716,3,14951,14859,44855,0.0,0,0,0,3,SUCCESS,14951,YV-cDIPYQD-2s99FI8e1lg
47,lajulajulajuabang,1738728467714,3,14953,14932,44860,0.0,0,0,0,7,SUCCESS,14953,mnWac3nCRXqJVDb74zuReQ
48,EUIG-9,1738705551188,3,14975,14467,44926,0.0,0,0,0,13,SUCCESS,14975,t_FoaeL3Syi5qeUTjJkYyA
49,VNU#Brian,1736452110247,3,14975,13000,44926,0.3333333333333333,0,1,1,15,SUCCESS,14975,E0YFaeCuScykS1fW-fybUA
50,NeuralDataset#1192,1738400073016,3,15000,14403,45000,0.0,0,0,0,9,SUCCESS,15000,-dzATecsQl64rHIz6Xe_Vw
51,BooleanPresentation#8697,1741712556198,3,15020,14928,45060,0.0,0,0,0,4,SUCCESS,15020,qeeZquJORhqk-tTgCvGe0A
52,DarthMikelus,1738689394944,3,15042,14799,45126,0.0,0,0,0,10,SUCCESS,15042,qhvYSAhoQ1Cmci-6_ifXHw
53,DeepTester#0072,1737457307589,3,15063,14536,45191,0.0,0,0,0,9,SUCCESS,15063,fzF_so0oQ-qTZg3l0Atbig
54,Marcos2#IABD,1737575914281,3,15086,14871,45260,0.0,0,0,0,4,SUCCESS,15086,Nzvoix05RKGU7HOrCAjeaw
55,AgileEngineer#8967,1738702942981,3,15087,14926,45262,0.0,0,0,0,15,SUCCESS,15087,KOxZHsmBR0KMM1d0VUvGzQ
56,CreativeDigit#6264,1736922815364,3,15131,14606,45393,0.0,0,0,0,1,SUCCESS,15131,0JLGnvdmQCmiFF-omUZ3Sw
57,NTI-G4,1738227044595,3,15153,12870,45461,0.3333333333333333,0,1,1,11,SUCCESS,15153,yQ5LICADQAKGtYk1wlDNkQ
58,DigitalFactory-DS#01,1741753865954,3,15175,14270,45527,0.0,0,0,0,19,SUCCESS,15175,IjqpyEmOTb2dMWDsla4nrg
59,SpeedSculptors2025,1738723787257,3,15220,15065,45660,0.0,0,0,0,5,SUCCESS,15220,on9E66rmRBanQdXFBa5FEQ
60,Mo1,1738416385314,3,15286,13399,45858,0.3333333333333333,0,1,1,6,SUCCESS,15286,6uQcxq7fQVyaY9RbjxRNrg
61,NTI-G1,1738348548637,3,15287,14936,45861,0.0,0,0,0,5,SUCCESS,15287,OfJgjzMARle7CpnFCWxcSw
62,BhaveshJain,1742278396766,3,15355,13332,46065,0.3333333333333333,0,1,1,19,SUCCESS,15355,S0ocrbnTTDme-s3y6omuJw
63,CompleteContext#2555,1738800849734,3,15441,13922,46323,0.3333333333333333,0,1,1,20,SUCCESS,15441,aObeyd1kTyS70-eDEnjHRg
64,FocusedBraces#1248,1740676701554,3,15443,15136,46329,0.0,0,0,0,1,SUCCESS,15443,-uRAxzQUTHWeKDbYpwc_fA
65,NTI-DEGI-G7,1738284767009,3,15466,13137,46398,0.3333333333333333,0,1,1,9,SUCCESS,15466,OyMWC3M4RmWX7doIe_vb6Q
66,Prasad-Rudrawadi-19,1737971490664,3,15485,15130,46457,0.0,0,0,0,11,SUCCESS,15485,_2O8rCn7TIai4y-Pg77Mfg
67,NTI,1738606504932,3,15485,15271,46457,0.0,0,0,0,11,SUCCESS,15485,AOKXjnCoRT2L6Lx3RtZ2vQ
68,AutomatedEvaluation#0857,1736807010783,3,15503,15396,46510,0.0,0,0,0,6,SUCCESS,15503,aeUPwoHETf2I89fK76PDsg
69,ITI-G10,1738415369808,3,15575,11665,46725,0.6666666666666666,0,2,2,26,SUCCESS,15575,9TzXTId2QrW9f7feA69bXQ
70,Sebitxes,1737981119140,3,15576,15070,46729,0.0,0,0,0,17,SUCCESS,15576,Ks2PKzpwRZGDYY4tdunn3Q
71,Sebas,1738834446275,3,15597,15467,46792,0.0,0,0,0,16,SUCCESS,15597,PWTBBfBfSuq6HoR3jS6mLQ
72,IterableZone#3360,1737086776870,3,15670,14869,47011,0.3333333333333333,0,1,1,5,SUCCESS,15670,GCNAasmBRaWw64rL0dFerA
73,EUI-G3,1738603748409,3,15708,13601,47126,0.3333333333333333,0,1,1,24,SUCCESS,15708,Hpcd143tSDCZ_7GLaV_XBA
74,Tiburones,1741774506620,3,15710,11805,47131,0.6666666666666666,0,2,2,18,SUCCESS,15710,qS2tFAacTWaYD7ypmDgZyw
75,MemoryBuster#7587,1738458507335,3,15728,15653,47185,0.0,0,0,0,12,SUCCESS,15728,aJr1nC8hRnGBUwezq7dSYg
76,WebZone#6224,1742237842097,3,15775,15327,47325,0.0,0,0,0,20,SUCCESS,15775,jRUAcPDoR8ubauZieM65EQ
77,EncryptedDescriptor#9837,1737716312244,3,15795,15532,47387,0.0,0,0,0,1,SUCCESS,15795,0VgyJDQPSC23JXbQhPZdgg
78,ITI-G6,1738394466094,3,15819,15599,47457,0.0,0,0,0,6,SUCCESS,15819,xFuKQOZRQUKXsi6cnoKX7A
79,UrgentBuster#3694,1738454762076,3,15842,15070,47527,0.0,0,0,0,11,SUCCESS,15842,jBRvNjZeQsilrRRVGd4uCA
80,EsteemedLine#9273,1738198503108,3,15887,13994,47661,0.3333333333333333,0,1,1,14,SUCCESS,15887,Zc6xUQwmSC2xRYxsIcSKzA
81,ASCII486#7390,1740659893082,3,15908,15331,47724,0.0,0,0,0,1,SUCCESS,15908,KOowOx_7SLi03IFlnbbMzg
82,BigEngineer#7554,1737715766225,3,15930,15734,47792,0.0,0,0,0,1,SUCCESS,15930,HWUmSU7xT4KpJ61Mxtuolg
83,UpgradedDigit#2468,1736887523493,3,15952,15342,47857,0.0,0,0,0,4,SUCCESS,15952,F8BxAbpIRUaTOtOwsRnNdA
84,RedBullRacers2025,1738447791730,3,16021,15262,48063,0.0,0,0,0,36,SUCCESS,16021,67HGWn8kSVu97WcugZ6zwg
85,NTI-G3,1738284578587,3,16023,13865,48069,0.3333333333333333,0,1,1,8,SUCCESS,16023,wR5O-JX2RWGgzVs3CPWeIw
86,InfinitePresentation#7714,1736806384086,3,16063,15537,48191,0.0,0,0,0,7,SUCCESS,16063,JycgsrVLQHmVmPAichWdrQ
87,krand-chwy-2025,1738096705750,3,16086,15401,48258,0.0,0,0,0,7,SUCCESS,16086,YzZYwDoUQMui2GXH5vE41A
88,Mikelus,1737837063591,3,16088,14202,48264,0.3333333333333333,0,1,1,20,SUCCESS,16088,SL47FQyORae51BNEC5bitA
89,ForestFlyerTeam1,1741747100003,3,16130,15470,48391,0.0,0,0,0,33,SUCCESS,16130,g8Qv82-xQqqUlyWSPFr6WQ
90,InteractiveSemicolon#0326,1737641344113,3,16153,14005,48459,0.3333333333333333,0,1,1,11,SUCCESS,16153,2s7hQN1tT0-D9xM4ZMEJpg
91,EsteemedNetwork#7361,1737969171323,3,16175,11806,48526,0.6666666666666666,0,2,2,1,SUCCESS,16175,ItUKGyAfT2CxGKcrBn2Ldw
92,GenerativeMetaclass#5920,1741647389215,3,16217,14330,48653,0.3333333333333333,0,1,1,4,SUCCESS,16217,ceBNebP0R1it44LhpKcFDg
93,NTI-G20,1738211524709,3,16220,14338,48661,0.3333333333333333,0,1,1,2,SUCCESS,16220,6RKS28m8TAS1sGWH-PeYow
94,TestableLambda#2426,1737749687068,3,16241,16003,48725,0.0,0,0,0,21,SUCCESS,16241,RjF4Po2mTXGbT7hd4mIzGQ
95,cNguyenSUD,1742198253693,3,16243,15808,48729,0.0,0,0,0,25,SUCCESS,16243,lrbQedXRT-6oCUyZUMfxgA
96,TabletObject#8771,1738843317675,3,16286,13862,48859,0.3333333333333333,0,1,1,3,SUCCESS,16286,xEdK_gxWR4-7uOvfKEDgAQ
97,Lenilson,1740417212123,3,16286,15931,48859,0.0,0,0,0,5,SUCCESS,16286,A-M6QeHpQmaw7rITMl7AYA
98,DesertDaredevilsTeam2,1742130805074,3,16289,15802,48868,0.0,0,0,0,15,SUCCESS,16289,v4Z8NsNTR7uaobjs11qfsA
99,GabrielGarcia#3911,1736957853884,3,16309,15867,48928,0.0,0,0,0,1,SUCCESS,16309,iN2h4ISnQDijxGLuOcWkMA
100,UpgradedNotation#4099,1736681535611,3,16360,14532,49081,0.3333333333333333,0,1,1,7,SUCCESS,16360,3hZs7_U_Q5Sj5Oj_PqyG3Q
101,CreativeSandbox#4841,1736857344328,3,16375,15999,49127,0.0,0,0,0,6,SUCCESS,16375,4QAf8pi1QDqgv0v3wk3vWw
102,Sug4r,1741300419146,3,16398,16132,49196,0.0,0,0,0,7,SUCCESS,16398,Mwa2dJneTpyH88Kwx3hneA
103,EncryptedDescriptor#1530,1736402980598,3,16419,16263,49258,0.0,0,0,0,1,SUCCESS,16419,JGBQMfvUSEqhs1WPAlqiGg
104,RobotZone#1200,1740523423749,3,16463,16126,49391,0.0,0,0,0,5,SUCCESS,16463,0fKaqtjXTH-x1TZuM256ig
105,leftside45,1737793202934,3,16464,14794,49393,0.3333333333333333,0,1,1,3,SUCCESS,16464,01c9d15b4ccb4f6ea0a29w
106,BellAir,1741048303760,3,16465,14391,49395,0.3333333333333333,0,1,1,6,SUCCESS,16465,TnXvfClfSMGPSKZtyaO2_A
107,DEGI-G9,1738399429320,3,16488,16065,49466,0.0,0,0,0,14,SUCCESS,16488,K0_li1mXQVe1d69PlG9JPA
108,HelpfulCharacter#0344,1738050504694,3,16489,12273,49469,0.6666666666666666,0,2,2,16,SUCCESS,16489,MKRRVyx0QoKF8SbqcBCUIA
109,C05Racing2025,1738723169097,3,16507,16195,49523,0.0,0,0,0,9,SUCCESS,16507,cdQsn215SiWIm20ZMLwOVg
110,CompleteNumber#9158,1738684765711,3,16509,13472,49527,0.6666666666666666,0,2,2,4,SUCCESS,16509,DYRJWkXfRn-PvPQVtW9KnQ
111,ArtificialNotation#9971,1740785451838,3,16554,13597,49663,0.3333333333333333,0,1,1,8,SUCCESS,16554,ONnqinPUT-egoJJ2uuVayg
112,DEGI-G2-,1738619783118,3,16574,16334,49724,0.0,0,0,0,20,SUCCESS,16574,nztTHdiAQm-XX9zFw2qfEw
113,EcJedi,1737341530812,3,16598,12934,49796,0.6666666666666666,0,2,2,6,SUCCESS,16598,ymsmu71lS16JqbbKJyY-kg
114,HashableScript#6276,1737286356294,3,16620,14530,49862,0.3333333333333333,0,1,1,1,SUCCESS,16620,AgWabEXTQkuGXLw2YkospA
115,DEGI-G1,1738287681212,3,16688,14738,50064,0.3333333333333333,0,1,1,2,SUCCESS,16688,F-eqDdaxSvW7VXkeLQ1buQ
116,NTI-G1-member1,1738580160685,3,16707,14800,50123,0.3333333333333333,0,1,1,2,SUCCESS,16707,6CrzBh6aSf-HPl5Sq979Ng
117,m-sh-67-stg,1739824748199,3,16753,16726,50261,1.0,0,3,3,15,SUCCESS,16753,463XfO0-QVeF44zmYW0bdQ
118,MachineParameter#6943,1739292411029,3,16755,12269,50265,0.6666666666666666,0,2,2,13,SUCCESS,16755,ilQk02NNTpaLaylF4pAXOw
119,WebPointer#2637,1736804318481,3,16798,16599,50394,0.0,0,0,0,5,SUCCESS,16798,3epKtiQpQKSn5gLsgeRzBA
120,raj-1205,1739054629229,3,16819,16667,50458,0.0,0,0,0,10,SUCCESS,16819,558a49745f8843aea7db6w
121,AutomatedDataset#0642,1737616044927,3,16863,16201,50591,0.0,0,0,0,2,SUCCESS,16863,3Ov6CcohQbuCpczJQ_z_uA
122,DEGI-g12,1738574084426,3,16865,16663,50597,0.0,0,0,0,3,SUCCESS,16865,9tflh4YwRm6TrmLfK0lgjg
123,InfiniteAnalyst#1584,1738742365379,3,16885,16600,50655,0.0,0,0,0,8,SUCCESS,16885,BHJPZKToTsOM7i-ieHlAfg
124,technopro#hanaoka-teruaki,1739581697792,3,16975,15798,50925,0.0,0,0,0,4,SUCCESS,16975,BY2nJZGyTdWr_u0dSOdojg
125,ProvisionalLambda#1061,1737732787247,3,16997,16600,50991,0.0,0,0,0,2,SUCCESS,16997,n-PXsk5rRECoL7tmvoCjCg
126,AtomicEvaluation#2812,1741102710631,3,17064,16592,51194,0.0,0,0,0,26,SUCCESS,17064,urw_RuszTFa0nQH29LzIAQ
127,BooleanNotation#0417,1738254716138,3,17112,13602,51336,0.6666666666666666,0,2,2,15,SUCCESS,17112,tlguBQIeQ62ocTKv5NLDmA
128,ParametricGlyph#3894,1739787157505,3,17131,17060,51395,0.0,0,0,0,48,SUCCESS,17131,VMmM7adZT9KsB8VqpgWh0w
129,MobileCircuit#6041,1738686151179,3,17174,13193,51523,0.6666666666666666,0,2,2,2,SUCCESS,17174,YmJXw8SxRaKPksQw1-Sq7g
130,aawari-chwy-2025,1738161998989,3,17175,16733,51527,0.0,0,0,0,6,SUCCESS,17175,7tt4U-DIRRuELwckAGRhpw
131,ProvisionalInterface#9862,1736381812457,3,17194,15400,51583,0.3333333333333333,0,1,1,1,SUCCESS,17194,pRlbmM0USQGGlTimA79TyA
132,EUI-G15,1738457378868,3,17219,14924,51658,0.3333333333333333,0,1,1,2,SUCCESS,17219,i34lTK-ERmWyy_8smyIIOQ
133,ProvisionalLoop#9876,1737001845880,3,17242,14867,51726,0.3333333333333333,0,1,1,3,SUCCESS,17242,CE7Evhg8Q8mvjFzX3eY-HA
134,DEGI-G4,1740189179834,3,17243,12195,51729,1.0,0,3,3,5,SUCCESS,17243,3_6MAF1-QY6roVilPRu9MQ
135,MachineCharacter#4361,1738823470704,3,17309,11791,51928,1.0,0,3,3,8,SUCCESS,17309,mKQ0koATRuy6smIr8hdnUw
136,CleanNode#7259,1741313118941,3,17331,17065,51993,0.0,0,0,0,1,SUCCESS,17331,x-erjo3BTPmm8MPES4I-UQ
137,BigTemple-DNP,1738124669608,3,17377,16867,52131,1.0,0,3,3,3,SUCCESS,17377,8pzUWjVURl6SuLC_OCUuAA
138,SolvableSchema#7419,1737658692524,3,17377,16933,52131,0.0,0,0,0,3,SUCCESS,17377,KIhT9ID8SOywgSzwzB88tA
139,ASCIIToken#8290,1737533035527,3,17391,15135,52175,0.3333333333333333,0,1,1,2,SUCCESS,17391,1HhTtE6zT2uEjlhFC4CfIg
140,CreativeTheory#7912,1742063660227,3,17396,16928,52189,0.0,0,0,0,9,SUCCESS,17396,iruwMywKRHKPy8Lck7kFKw
141,IntelligentComment#5484,1736698146378,3,17396,16866,52190,0.0,0,0,0,3,SUCCESS,17396,onIgm0RmQEakAN_pRYaKXw
142,EUI-G5,1738697775993,3,17439,16997,52318,1.0,0,3,3,29,SUCCESS,17439,cGqwnT0aTte8JwZWq4sJWw
143,FungibleGrid#2278,1741795043424,3,17440,17000,52322,0.0,0,0,0,16,SUCCESS,17440,7xlJKkDyRxKRK8uq6w7mgw
144,ITI--G4,1738703670719,3,17443,17332,52329,1.0,0,3,3,4,SUCCESS,17443,CxnPgvD5TK6xjlEweoki4Q
145,Forestflyer4,1742129511992,3,17486,13538,52458,0.6666666666666666,0,2,2,19,SUCCESS,17486,NQ-8L7miToyVVBOifdd85A
146,TrainingSeason,1738790128089,3,17486,16931,52459,1.0,0,3,3,6,SUCCESS,17486,2ZrGrnCTTLac0_y0h4IxEQ
147,PassingTest#4627,1737627043555,3,17530,15201,52590,0.3333333333333333,0,1,1,1,SUCCESS,17530,a7v0BvqSSx2frZEOpCAu1Q
148,QualityPoint#7505,1738683269590,3,17553,17197,52661,0.0,0,0,0,4,SUCCESS,17553,D99qF_xFQiCZDk8huHbXEg
149,NestedCharacter#7218,1738086320761,3,17555,17331,52666,0.0,0,0,0,25,SUCCESS,17555,ygRb3tSxTHudKSXma8KeAQ
150,CGRacer,1738178466247,3,17575,15868,52726,0.3333333333333333,0,1,1,18,SUCCESS,17575,27hKvOuPSnmvdipQQdPcrw
151,AutomatedNode#3938,1741823629046,3,17575,16795,52727,0.0,0,0,0,8,SUCCESS,17575,r1UPxYmzSr2HfvTEKznOFQ
152,DEGI--G10,1738427936460,3,17627,15808,52883,0.3333333333333333,0,1,1,10,SUCCESS,17627,7v8A3qNoRMWa5W1tkx0Vog
153,IntelligentZone#4377,1738058937414,3,17665,14334,52996,0.6666666666666666,0,2,2,17,SUCCESS,17665,g79s9ftiSqafcuTzFYC3lw
154,FormulaicEnvironment#1048,1737525831212,3,17710,15986,53130,0.3333333333333333,0,1,1,22,SUCCESS,17710,f_b_4uVURcWQIKhIeqpfvg
155,Gunny,1740024575092,3,17754,16668,53262,0.0,0,0,0,24,SUCCESS,17754,m5-I630sTqyWjEYTg5eO9Q
156,761242500723-SG23-prakashph,1736838119771,3,17773,13935,53321,0.6666666666666666,0,2,2,1,SUCCESS,17773,z3Dr5_R7TpSBzhiXoJKspw
157,Accessible486#7162,1741800816149,3,17773,13928,53321,0.6666666666666666,0,2,2,3,SUCCESS,17773,pdrR63NkRtCQfL19ziHwlg
158,Pacholu,1736443611722,3,17796,14066,53390,0.6666666666666666,0,2,2,7,SUCCESS,17796,eoQsP5ZCS9ukoMb46I6ACA
159,GenerativeAbstraction#6755,1736392384984,3,17796,14863,53388,0.3333333333333333,0,1,1,1,SUCCESS,17796,McNlTzqcQOqEVep8Jeg72A
160,CriticalServer#8774,1738374669716,3,17819,17267,53457,0.0,0,0,0,3,SUCCESS,17819,5wsrAADYRveXx5fPgp8tAg
161,DEGI-G12,1738670314554,3,17844,12145,53533,1.0,0,3,3,18,SUCCESS,17844,-GXbQuIeTRazxXaOqTvy4A
162,agen-gas-tuban,1738810641320,3,17912,14404,53737,0.6666666666666666,0,2,2,10,SUCCESS,17912,feDpBnDHSUmp_uiAUWKGMQ
163,KittEd#077,1738728517989,3,17951,14191,53855,0.6666666666666666,0,2,2,1,SUCCESS,17951,e6D_5BLJT7yLx-9o2LzBtw
164,BlockchainLanguage#1774,1741874305379,3,17998,13999,53994,0.6666666666666666,0,2,2,3,SUCCESS,17998,1-QBq7fXTpaYU_s42S4yxA
165,RobotFormula#9870,1739320990013,3,17999,17731,53998,0.0,0,0,0,7,SUCCESS,17999,EL7QBN-6QDGsX_U4AW247A
166,DraftSandbox#1244,1737167471908,3,18046,14801,54139,0.6666666666666666,0,2,2,8,SUCCESS,18046,LpNGcrCdR1mhApEXSEIKxw
167,jameswarin,1737168974483,3,18065,18000,54197,0.0,0,0,0,16,SUCCESS,18065,TZro07vnRlKfao6_8ESSsA
168,EUI-G8,1738322941544,3,18086,16135,54260,0.3333333333333333,0,1,1,23,SUCCESS,18086,VdZiGOrwQca1w_PaniVxzA
169,Gabo#1995,1736530543714,3,18109,12204,54327,1.0,0,3,3,14,SUCCESS,18109,jwjbMURBSZuDUfaJQN34-Q
170,SequentialByte#4937,1738377555378,3,18109,15536,54328,0.3333333333333333,0,1,1,5,SUCCESS,18109,9lP3JcGLTPqG3aC-YTEuFw
171,Kuako,1737144483956,3,18160,15998,54480,0.3333333333333333,0,1,1,1,SUCCESS,18160,g3jpBKVBQrSJ7YjOu4pYhw
172,CyberneticArray#7230,1737514934062,3,18174,17926,54523,1.0,0,3,3,5,SUCCESS,18174,PyX-RmdsQ72Y9RpRiNaTJQ
173,DEGI-G2,1738707222580,3,18176,17998,54528,0.0,0,0,0,14,SUCCESS,18176,MgftXKRPSGqIlG3XQnQSHw
174,ITI-G11-,1738405441596,3,18177,16265,54532,0.3333333333333333,0,1,1,13,SUCCESS,18177,JZeMLNxOQZ-OYIU13tyG_Q
175,NullScope#6514,1741983522938,3,18197,18066,54593,0.0,0,0,0,11,SUCCESS,18197,yX5sa5a0Q1C_p0uRNOG14g
176,PathingSlice#3924,1738669542155,3,18200,14598,54602,0.6666666666666666,0,2,2,2,SUCCESS,18200,utczDmAoSbylbN9idwu6gQ
177,JIT,1738319164812,3,18226,16458,54679,0.3333333333333333,0,1,1,35,SUCCESS,18226,UutVFGRCRJakJaqvn4db2w
178,Brian#VNU,1736491563425,3,18241,15801,54723,0.3333333333333333,0,1,1,7,SUCCESS,18241,VI5RzvvvTGCkB-gJh98FkA
179,Zippitydo-data,1737104488883,3,18242,14732,54726,0.3333333333333333,0,1,1,6,SUCCESS,18242,gSgHFy9WRhCfES9TO3-A6Q
180,GammaAnalyst#2418,1740972318528,3,18264,14133,54793,0.6666666666666666,0,2,2,2,SUCCESS,18264,5hsLDx0sS5KRpEUcIvf94g
181,QuickDeadline#3683,1741294309964,3,18265,16138,54797,0.3333333333333333,0,1,1,3,SUCCESS,18265,3Wl5CfhBQ-eDY_fTjADuow
182,XINJINTONI,1738061572307,3,18308,18131,54924,0.0,0,0,0,15,SUCCESS,18308,2mMc823OShitbJc5rM-XkA
183,HNZDYMZGJZXDWDZ,1742038308995,3,18329,16722,54989,0.3333333333333333,0,1,1,13,SUCCESS,18329,iyyTuh2mRjCqXhc860fG_A
184,NTI-G14,1738698412426,3,18330,18188,54992,1.0,0,3,3,8,SUCCESS,18330,ovtduAMPShGD0E4wTGkZVQ
185,QualifiedNode#3608,1738103962098,3,18379,14666,55137,0.6666666666666666,0,2,2,3,SUCCESS,18379,ZShC5Gk9R7W9Rjztn1CdKw
186,ProcessingFunction#6469,1736887329531,3,18397,16263,55193,0.3333333333333333,0,1,1,1,SUCCESS,18397,5nLRZZktRw-XuSonVsZ7zw
187,Oscar,1737375269476,3,18418,18069,55256,0.0,0,0,0,24,SUCCESS,18418,44MZEXzVTOaTFVz-BMlx9w
188,NullScope#8122,1738505297168,3,18419,14057,55259,0.6666666666666666,0,2,2,5,SUCCESS,18419,nxmfTnG5RBmHAy61nVlpkA
189,PLUS-ULTRA,1737997441401,3,18421,17999,55263,0.0,0,0,0,6,SUCCESS,18421,VRFkRNgMTpOxvbAVdDNNJA
190,AccessibleServer#9463,1741943068394,3,18441,14662,55323,0.6666666666666666,0,2,2,3,SUCCESS,18441,TMwA_YsRTHGPt9t1yUL7HQ
191,PassingUpgrade#6265,1741189437043,3,18463,15855,55391,0.6666666666666666,0,2,2,11,SUCCESS,18463,9mk_SXMtTSSRX2gPabtAmQ
192,NTI-G,1738346510465,3,18468,18260,55405,0.0,0,0,0,4,SUCCESS,18468,-PxmP-SvQ3WrTfkLkqLYJQ
193,LeetTag#1114,1736887783892,3,18493,16655,55479,0.3333333333333333,0,1,1,4,SUCCESS,18493,juSRUUiwQjWDAyCfzk6XyA
194,DEGI-11,1738693793049,3,18507,14811,55523,0.6666666666666666,0,2,2,4,SUCCESS,18507,B0RCnM55RzGQl7xq4esM0g
195,ContinuousDocumentation#9327,1741719745214,3,18553,14669,55660,0.6666666666666666,0,2,2,8,SUCCESS,18553,QeKWL1-cTz24fGeXj8rFwA
196,PITS-fuji,1737428971968,3,18553,13130,55659,1.0,0,3,3,1,SUCCESS,18553,4EUY_lqeRwWurkDRKtpL8w
197,DigitalAnalysis#0744,1741920948734,3,18554,18264,55663,0.0,0,0,0,4,SUCCESS,18554,xWQu1e-zRsmsm7VWm9M87Q
198,ThisSchema#8592,1737469990582,3,18573,18195,55721,0.0,0,0,0,4,SUCCESS,18573,7JO6OJSCQV2Hml74g4imgA
199,CriticalLine#8274,1736237355421,3,18598,17594,55795,0.0,0,0,0,28,SUCCESS,18598,Nc-YFZzSRp6HgkYkTWg0uQ
200,NTI-G6,1738699528247,3,18666,14538,55998,0.6666666666666666,0,2,2,5,SUCCESS,18666,kV68WG4aT-a73Kc60ZUOmA
201,DigitalGlyph#3659,1738690656281,3,18687,12866,56061,1.0,0,3,3,4,SUCCESS,18687,cxb_EKluTHuUsgJJfBoTEw
202,Tomukas,1740220145675,3,18708,14933,56124,0.6666666666666666,0,2,2,1,SUCCESS,18708,q9Gjt2eMQBGRZk0j1R4E7Q
203,DF-Tech-Acc#3213,1741358705307,3,18730,18268,56192,0.0,0,0,0,19,SUCCESS,18730,Pp028cUYRU-v6aqFZdh-Kw
204,ITI-G-TEST,1738345188718,3,18738,16535,56214,0.3333333333333333,0,1,1,5,SUCCESS,18738,BApVlUyrSJmoZR-VfAuS6g
205,nti-G14,1738693032369,3,18774,12667,56322,1.0,0,3,3,3,SUCCESS,18774,CTtNVJhpTOKnq8MeXrnEjQ
206,BarkB0ts2025,1737960469130,3,18823,16199,56470,0.3333333333333333,0,1,1,9,SUCCESS,18823,1-aSH18DSZuD0CfFZDS8uA
207,Sebiceps,1738239479432,3,18823,14671,56469,0.6666666666666666,0,2,2,18,SUCCESS,18823,o21Vbw98REq_GmTn1aboLQ
208,jackson-chwy-2025,1738353787096,3,18842,13731,56528,1.0,0,3,3,14,SUCCESS,18842,LXxSvLEcRFi1jZgA36JFMA
209,Dmeh,1740153855505,3,18863,15073,56590,0.6666666666666666,0,2,2,15,SUCCESS,18863,R6ywy8FNQX-J31JEkdRTMQ
210,NeuralClass#4091,1739286771238,3,18929,18732,56789,0.0,0,0,0,1,SUCCESS,18929,CAduIQA8Qhm2kp-YQqbZRA
211,RecursiveBrackets#3417,1737532309037,3,18929,15984,56787,0.6666666666666666,0,2,2,4,SUCCESS,18929,PI7APpbMRPGCcsALwovgHA
212,ntxracer,1737744941034,3,18931,15263,56793,0.6666666666666666,0,2,2,2,SUCCESS,18931,f-E0BiKNRrCumpV8ivZjXQ
213,NTI-G16-,1738507237935,3,18954,17202,56863,0.3333333333333333,0,1,1,14,SUCCESS,18954,BAjA32FNSTu6Wkn5-9f_Aw
214,EUI-G13,1738191036554,3,18997,13404,56991,1.0,0,3,3,3,SUCCESS,18997,-6CTzvkhR7ueNEKyHD1JdQ
215,ghzx-wcl,1741777509796,3,18999,18267,56999,0.0,0,0,0,3,SUCCESS,18999,no8Ix96MQDKlJL1oCc4X2w
216,Mind4Racing,1741858935338,3,19019,18055,57058,0.0,0,0,0,1,SUCCESS,19019,734z8tyTRnuGWyIkQFKxWg
217,UnicodeComment#0162,1741892596600,3,19041,16797,57123,0.3333333333333333,0,1,1,5,SUCCESS,19041,GwEzuBBzRU2hLfEx9Gzxjg
218,CakLegend,1738809706170,3,19041,18865,57124,1.0,0,3,3,1,SUCCESS,19041,M0MwyOvlQn20iWThQ3MVNg
219,Alec-Korla,1739845064330,3,19042,15267,57128,0.6666666666666666,0,2,2,2,SUCCESS,19042,-Eih2FHaRsenMYb8I6gE-Q
220,GammaLanguage#1495,1741788964776,3,19087,14789,57263,0.6666666666666666,0,2,2,2,SUCCESS,19087,OSifjBq6TZKnSeLEwA1QYA
221,ssorensen-chwy-2025,1738261782430,3,19088,15668,57264,0.6666666666666666,0,2,2,5,SUCCESS,19088,Nuq6TcT1RKuTI88Hw-1YfQ
222,VirtualState#4269,1737622721320,3,19131,15596,57395,0.6666666666666666,0,2,2,1,SUCCESS,19131,7N4yQoVERo2joTZL44pJyA
223,IntelligentEngineer#6788,1737626503470,3,19152,15334,57456,0.6666666666666666,0,2,2,1,SUCCESS,19152,hLFUsWYTSC-8XmVrh1YOJg
224,Alioth1,1739392923695,3,19152,12869,57458,1.0,0,3,3,6,SUCCESS,19152,4fNQy8XDScOT7zwdfEG3hw
225,LuisitoAdelanta,1738091846476,3,19154,13401,57464,1.0,0,3,3,6,SUCCESS,19154,S9rz_Qx7TKqOQ71pqbIJrQ
226,VadzimM,1737727004953,3,19174,15467,57523,0.6666666666666666,0,2,2,11,SUCCESS,19174,rv9LlynnSNOUeUw-zceJDA
227,VariableDocumentation#5620,1737995940067,3,19176,16272,57529,0.3333333333333333,0,1,1,2,SUCCESS,19176,tPt9FjgMRW-kBraGYv3GiA
228,FungibleConsole#0382,1738697516105,3,19198,18998,57594,0.0,0,0,0,20,SUCCESS,19198,nt2yLmJSTLueOohfSC9oAQ
229,DeepBooster#9370,1737558337390,3,19219,18668,57659,0.0,0,0,0,38,SUCCESS,19219,emCCAr6oTDeN2vUQG9HraQ
230,GammaUpgrade#9217,1736241815227,3,19220,15803,57662,0.6666666666666666,0,2,2,10,SUCCESS,19220,5GAlg5Y8QleLQis75XcjIA
231,don-chan-DNP,1737978936775,3,19220,13268,57661,1.0,0,3,3,1,SUCCESS,19220,0ziK21IUS3uClDGVSKbhIA
232,StructuredEvaluation#4410,1738852568951,3,19246,16941,57739,0.3333333333333333,0,1,1,7,SUCCESS,19246,tN-NDmmfQICKpG2J6mcygQ
233,wclark2-chwy-2025,1738352741465,3,19285,15065,57857,0.6666666666666666,0,2,2,13,SUCCESS,19285,umycWj6HQNqDAsFNzSYysA
234,Pelli#Racing#Team,1739988197602,3,19286,17397,57860,0.0,0,0,0,3,SUCCESS,19286,OKFsWii9QDe8S2DwNV3fYw
235,Sung-Jinwoo,1738732137000,3,19331,19128,57993,0.0,0,0,0,2,SUCCESS,19331,Z7AGMugmSC61_wJLrwrSUg
236,cocodrilos,1741968805368,3,19349,19117,58049,0.0,0,0,0,2,SUCCESS,19349,npxNk1irRLiD2FrABhFtKA
237,Jimultura,1741520244037,3,19354,19260,58063,1.0,0,3,3,6,SUCCESS,19354,J0LRBMHSRAaVv7YmKrYV3w
238,Domino262,1742040985155,3,19397,18532,58191,0.0,0,0,0,3,SUCCESS,19397,_rW_yG1XQqyUCn2-xOWAcQ
239,CurlyArithmetic#8450,1741935064865,3,19398,18598,58195,0.0,0,0,0,6,SUCCESS,19398,6HxB1R1rS6qnB-YqkacOXA
240,Gatos,1742323405214,3,19424,17532,58274,0.3333333333333333,0,1,1,2,SUCCESS,19424,bDx5_0waR0CjrO_Wfgv1rg
241,LoopingLambda#6275,1740570830001,3,19442,13458,58326,1.0,0,3,3,2,SUCCESS,19442,47yJhpkGT9SVsOmN1M12hw
242,AbstractScope#1326,1736864103824,3,19466,13931,58399,1.0,0,3,3,6,SUCCESS,19466,iuqJ37QJQn20NcgIFeqjpw
243,GlobalDescriptor#5637,1741501144094,3,19466,17740,58399,0.3333333333333333,0,1,1,4,SUCCESS,19466,4PKDGqr5RcaVkhXbl8PZeA
244,YuSanogawa,1740731631223,3,19470,15800,58410,0.6666666666666666,0,2,2,52,SUCCESS,19470,51TLcZhYT_6oiXpXmpPhjA
245,HigherPointer#0080,1737714717994,3,19486,16125,58458,0.6666666666666666,0,2,2,1,SUCCESS,19486,vBM1-YZ0SMK-VD09LUTXbg
246,DesertDaredevilsTeam5,1741768576509,3,19533,15738,58600,0.6666666666666666,0,2,2,9,SUCCESS,19533,fLJw22CSTgScimhlgrGnmw
247,AtomicDigit#3062,1742093861777,3,19551,12459,58654,1.3333333333333333,0,4,4,3,SUCCESS,19551,TfbvfgawSfuwTR74RIiQiQ
248,LoopingContext#7771,1737699269035,3,19551,15788,58655,0.6666666666666666,0,2,2,1,SUCCESS,19551,MoJ4smLrTbm7FDWh--PBDQ
249,AsynchronousAnalysis#1718,1737398165861,3,19577,17323,58733,0.6666666666666666,0,2,2,3,SUCCESS,19577,Oad431ZkS32K7Yj_mskE-g
250,patrick,1738784657588,3,19597,14124,58793,1.0,0,3,3,1,SUCCESS,19597,4a443eafcfbc46eea4a11w
251,NullSystem#4341,1740535769895,3,19623,18803,58870,1.0,0,3,3,2,SUCCESS,19623,6qxwMFtLQqCkGLAN5yb6Ow
252,IkerTrUN,1736491629772,3,19663,19000,58991,1.0,0,3,3,4,SUCCESS,19663,5em2wQLgSUiMpqjuCLqjyA
253,Lecatilloman,1737576348033,3,19708,14535,59124,1.0,0,3,3,7,SUCCESS,19708,bK0yIgr8RgGSJp0fjqhhvw
254,CompleteNumber#6592,1742031919797,3,19730,19533,59190,0.0,0,0,0,2,SUCCESS,19730,0Kz62QPXTj2-dOcdlOieNQ
255,PrototypeCircuit#4301,1738507839219,3,19824,13996,59473,1.0,0,3,3,2,SUCCESS,19824,YzgGBVGdQpeAcGkZNovGYw
256,GlobalArray#8210,1738807755539,3,19841,15664,59523,0.6666666666666666,0,2,2,7,SUCCESS,19841,Q0NodqM-SRak5YEmnCGUZQ
257,Mr-M,1736778649709,3,19863,16989,59589,1.6666666666666667,0,5,5,1,SUCCESS,19863,2ECHiXhgSUCFlZ8R-iSI9Q
258,DraftPatch#7689,1736423484797,3,19887,18864,59662,0.0,0,0,0,1,SUCCESS,19887,JGbUZ83NSu2Dv0eoOsi7sw
259,UpdatedTester#7795,1741666922319,3,19930,19603,59791,1.0,0,3,3,5,SUCCESS,19930,yyvfk0WjQU2tkj83ZRsMww
260,ThisByte#8926,1741966676592,3,19951,19595,59855,0.0,0,0,0,3,SUCCESS,19951,-HMWQVlJQ_CqhmhJWMTEkw
261,MachineBooster#5868,1738672035129,3,19953,19666,59861,1.0,0,3,3,3,SUCCESS,19953,J-f_w1kCSgOjRY-3zbfidw
262,HigherHypothesis#7906,1737514113314,3,19954,13671,59862,1.0,0,3,3,1,SUCCESS,19954,2zDjRBpISGCWu2AflhOMgQ
263,EUI-G9,1738443652776,3,19957,14934,59873,0.6666666666666666,0,2,2,33,SUCCESS,19957,x--C3zYnTES8arzgPhsPuA
264,ImmutableAttention#7932PMA,1741768542719,3,19974,18198,59924,0.3333333333333333,0,1,1,9,SUCCESS,19974,U1wDlZKoQtyuWaNhHsVrdg
265,RecursiveState#2234,1737621707225,3,19975,19731,59927,1.0,0,3,3,1,SUCCESS,19975,2iRKeAMMRhyy_oqSYBQvdw
266,IterableFunction#7929,1737538288297,3,20018,17050,60056,0.6666666666666666,0,2,2,2,SUCCESS,20018,2NXMBaezRmmIU8qQqP0_EQ
267,BlockchainLoop#3479,1737715463122,3,20019,16520,60057,0.6666666666666666,0,2,2,1,SUCCESS,20019,uA4zSiWER4GpKJmm3DWW0A
268,CompleteTest#3899,1740937550537,3,20041,19464,60123,0.0,0,0,0,1,SUCCESS,20041,iIeUgdKCRiakldQW1hJjYw
269,UrgentModel#9532,1740158729968,3,20081,18462,60245,0.3333333333333333,0,1,1,1,SUCCESS,20081,dNAu7qxaQduZA7VS6wgSXg
270,ContinuousAbstraction#1086,1736979086069,3,20085,17733,60257,0.6666666666666666,0,2,2,6,SUCCESS,20085,MalYDhzKTV-ySSrEXH4UaQ
271,DigitalFunction#1724,1738669390644,3,20085,19730,60257,1.0,0,3,3,3,SUCCESS,20085,CAkL6JdNShqqJLjqiBOkFQ
272,bwon-chwy-2025,1738165539239,3,20108,18059,60325,0.3333333333333333,0,1,1,7,SUCCESS,20108,2I1soObeQWaFHKjRTTcx-A
273,CrypticRequirements#2161,1738154306001,3,20129,13130,60388,1.3333333333333333,0,4,4,4,SUCCESS,20129,wDjW-qBuSVeEADTo0S9blQ
274,GenerativeArchitect#5449,1738277749069,3,20198,13472,60596,1.3333333333333333,0,4,4,1,SUCCESS,20198,UsCp97HcQ4WWxM-Ufwc-Ag
275,DesertDareDevilsTeam4,1741747301220,3,20219,18396,60658,0.3333333333333333,0,1,1,13,SUCCESS,20219,YfWavB61RGG76RaBtpmrqA
276,SolvableBreaker#2725,1737495353617,3,20264,17391,60793,0.6666666666666666,0,2,2,3,SUCCESS,20264,CwDwx9LcQPi8WCIKtr-hqA
277,ASCIIArray#9950,1742098961794,3,20265,16404,60797,0.6666666666666666,0,2,2,3,SUCCESS,20265,Cx11dvynS2Ggotg4-kEfOg
278,PrimeTag#4798,1738850172785,3,20308,18526,60926,0.3333333333333333,0,1,1,14,SUCCESS,20308,X3rx8wVoSPi4wnXIQ7hsug
279,NumericBreaker#9766,1741360209063,3,20309,16661,60927,0.6666666666666666,0,2,2,4,SUCCESS,20309,aYnZYednSZCj3sc52xgoog
280,CodeGlyph#1270,1741381003382,3,20353,19000,61060,0.0,0,0,0,11,SUCCESS,20353,6s6QBhPXTaGNOWCFIGwzMQ
281,AutomatedExpert#3750,1742303254398,3,20377,18270,61132,0.3333333333333333,0,1,1,3,SUCCESS,20377,FrWBh6MBT6KErpJL03A8fA
282,EUI-G12,1738595533531,3,20406,19529,61219,0.0,0,0,0,20,SUCCESS,20406,8gjLcRX_R9uXRlT0K6Kcwg
283,PathFinder#1,1738246203120,3,20421,20139,61265,0.0,0,0,0,6,SUCCESS,20421,AJtfdb6DQc2AQkSYqIs52g
284,EUI--G3,1738374626254,3,20442,16269,61326,0.6666666666666666,0,2,2,22,SUCCESS,20442,VQs72sBrRVeo1Ww4cTV8nw
285,NTI-G14-my,1738706708834,3,20442,17868,61326,1.3333333333333333,0,4,4,3,SUCCESS,20442,7q34b1PuTxiU7jymR1kwDQ
286,gigi-DNPds,1738049609982,3,20444,14459,61332,1.0,0,3,3,1,SUCCESS,20444,nkTUmamiSOWmb8YpN0p7aw
287,SequentialLoop#3554,1738575003916,3,20464,15398,61394,1.0,0,3,3,7,SUCCESS,20464,91J9AvN8TDGg4lxjn0Q_yQ
288,Hypnozze,1736471821018,3,20466,16466,61400,0.6666666666666666,0,2,2,1,SUCCESS,20466,aloyCgU-Rg-7P8wYuHlPDg
289,ASCIIZone#0720,1741345491107,3,20467,16594,61403,0.6666666666666666,0,2,2,8,SUCCESS,20467,2MQIXDx1TzqD0IkH2Jf09A
290,PassingBuster#0064,1736339541448,3,20486,19672,61459,0.0,0,0,0,7,SUCCESS,20486,4A5G-7pjR2K85IaK0mMiPg
291,TestingSandbox#9025,1739760482236,3,20507,16989,61523,0.6666666666666666,0,2,2,1,SUCCESS,20507,EyH3KRsWQ6qLJNeW-swZgg
292,CurlyNumber#2137,1737759115988,3,20508,18267,61524,1.3333333333333333,0,4,4,4,SUCCESS,20508,BpRW3ZlJSAeTWkhPZ-dz5w
293,ForestFlyerTeamTwo,1741745218166,3,20538,16802,61616,0.6666666666666666,0,2,2,5,SUCCESS,20538,1_95DMIzQjWv0cfX7Pt1Lw
294,MartinNanchev,1740155786362,3,20574,13063,61722,1.3333333333333333,0,4,4,1,SUCCESS,20574,dUcMJCRDRymEXu5vVXaqPw
295,CompleteSystem#3497,1740515830597,3,20575,18796,61726,0.3333333333333333,0,1,1,9,SUCCESS,20575,g63A3NkZTdqdOhC9HRbVhA
296,CreativeTheory#5138,1738845761708,3,20641,20265,61925,0.0,0,0,0,4,SUCCESS,20641,t9PiBOzUTQe1HQKGCz-mfQ
297,TabletNamespace#8473,1736507430408,3,20665,20197,61995,0.0,0,0,0,2,SUCCESS,20665,lFVE6ZhzS3C87ntREqFGMQ
298,PrototypeBrackets#5439,1737596541085,3,20674,15535,62022,1.0,0,3,3,6,SUCCESS,20674,72o7vHRgQ6WXk6JRa-EvVA
299,elyssajkim,1738044929222,3,20685,18801,62057,0.3333333333333333,0,1,1,1,SUCCESS,20685,DcaljxMzTrmTkYH0_hNRyw
300,JavaInterface#6392,1741279931122,3,20685,18870,62056,1.3333333333333333,0,4,4,10,SUCCESS,20685,7VMdTW-UQrmoKM3a4lPKXg
301,Wheres-My-Library,1737265787266,3,20708,20266,62124,0.0,0,0,0,8,SUCCESS,20708,FhHU1C_oTZKEJquZRb0UsQ
302,MechanicalShell#3029,1737739197522,3,20733,15611,62201,1.0,0,3,3,4,SUCCESS,20733,XEi8fvMkTeuxiEzeVEOd4g
303,RiverRunnersTeam3,1741854785826,3,20754,18727,62262,0.3333333333333333,0,1,1,10,SUCCESS,20754,hnp9CPFGSgqYh25QpURcoQ
304,FunctionalEnvironment#3339,1740571212691,3,20775,20336,62326,1.0,0,3,3,3,SUCCESS,20775,9_KCIn3kRj6oV7Rx1gMR-g
305,EUI-G14,1738632344842,3,20861,15460,62584,1.0,0,3,3,28,SUCCESS,20861,u7rjmoQsRVu_U6PWmSvnUg
306,IcemanTaylor,1738831818809,3,20864,16864,62592,0.6666666666666666,0,2,2,7,SUCCESS,20864,snHaoM1HQ26NW1rMO2MRFQ
307,InteractiveString#7532,1737619132491,3,20907,18058,62722,0.6666666666666666,0,2,2,1,SUCCESS,20907,DYTOarjzQH6WC8M4HvBlAA
308,NotSoSly,1740646643796,3,20914,18531,62742,0.3333333333333333,0,1,1,7,SUCCESS,20914,W8IG9IAXTBK3aRXZhvZSBw
309,LoopingScope#3324,1738771291115,3,20952,20724,62856,0.0,0,0,0,9,SUCCESS,20952,edWjxd_lRJaiub_9cWzq3Q
310,UpgradedTable#8694,1739304326913,3,20977,20668,62931,0.0,0,0,0,1,SUCCESS,20977,zh_qKbidSv2EWbjNjz-3IQ
311,FormulaicDocumentation#7589,1738678113748,3,20994,15667,62983,1.0,0,3,3,3,SUCCESS,20994,JTYnNoZOQN2G352t24MUcA
312,DesertDaredevilsTeam3,1741719032359,3,21018,15599,63055,1.0,0,3,3,22,SUCCESS,21018,kn7XnEszQMufpyXvCiQmJA
313,CompleteEvaluation#1176,1741578214103,3,21040,18999,63120,1.3333333333333333,0,4,4,4,SUCCESS,21040,7jvH0V6GQDKjjrr0sHM3pw
314,UpgradedLambda#5806,1741287023294,3,21060,17264,63182,0.3333333333333333,0,1,1,4,SUCCESS,21060,3wCZzjsFTsq0W_A5z7lNFQ
315,ComplexObject#4940,1738257419255,3,21130,15600,63390,1.0,0,3,3,19,SUCCESS,21130,3RY6hoRvRWCiGvRZ-HzoAw
316,CriticalSchematic#9855,1736979282882,3,21174,19800,63524,0.0,0,0,0,2,SUCCESS,21174,fjbTbN8cTPyG_tpUvOtFJw
317,Franchii,1738092856102,3,21176,12005,63528,1.6666666666666667,0,5,5,8,SUCCESS,21176,95Vm6XAGSqG2LcCnNayfyw
318,GlobalModel#9063,1737700379098,3,21196,16266,63590,1.0,0,3,3,1,SUCCESS,21196,t93xZKu_TeS_KjpZQyV6BQ
319,CyberneticCallback#6105,1736537548172,3,21287,21063,63862,1.0,0,3,3,4,SUCCESS,21287,dIgZR7EaSP-Naam4bEIFGw
320,TechnicalConsole#1918,1738776746615,3,21309,17935,63927,1.6666666666666667,0,5,5,3,SUCCESS,21309,V4mNjoCzRYSnqDIaa5GRBg
321,ITI-G8-racer1,1738705506146,3,21330,17191,63991,1.0,0,3,3,1,SUCCESS,21330,vtPljta2TYyDkiw5-PUqlQ
322,UrgentBooster#6490,1736890703467,3,21331,16072,63995,1.0,0,3,3,1,SUCCESS,21331,qs_XpJqUTaKD0HewtNHU1w
323,GoodmanKR,1738720469404,3,21353,17735,64059,1.6666666666666667,0,5,5,6,SUCCESS,21353,f905b742ca594aadb529eQ
324,DEPI-G3,1738626628402,3,21353,19134,64059,1.3333333333333333,0,4,4,4,SUCCESS,21353,SnGzJ4jmSxafG6Y6yEUWwg
325,Zero-dayCircuit#1492,1736302232297,3,21376,17930,64129,0.6666666666666666,0,2,2,5,SUCCESS,21376,KGhQ4gxPSp2nzAOJcI7MTw
326,ProgrammingFormula#7221,1737527198750,3,21376,15865,64128,1.0,0,3,3,1,SUCCESS,21376,1vjAHiZhSxivzwg7G8nCFA
327,EREDES-DMR,1741882424395,3,21441,16460,64324,1.0,0,3,3,7,SUCCESS,21441,TmN4Cr4eSSm-_u6LO6trbg
328,SecureSequence#7759,1739115615368,3,21466,21068,64399,0.0,0,0,0,3,SUCCESS,21466,JtlrReoETbGtAJcR7LB19A
329,StructuredTech#3896,1737712353579,3,21530,17599,64590,0.6666666666666666,0,2,2,1,SUCCESS,21530,QQpf69LhQGKwTbrfKKitlg
330,MountainMavericksTeam1,1741948910127,3,21554,20933,64662,1.0,0,3,3,8,SUCCESS,21554,MS7qrMqWTTqHWYKDJhRg6w
331,TH3-MAK3R,1739041905450,3,21559,19874,64677,0.0,0,0,0,1,SUCCESS,21559,XOD7PcQ7Q6y3wnxkMoJrJg
332,TheTrackBoss,1736338990951,3,21575,18127,64727,1.6666666666666667,0,5,5,1,SUCCESS,21575,8kmOVCCjRP2GsRSHapuQXw
333,TestableNode#0513,1742290423937,3,21575,14929,64727,1.3333333333333333,0,4,4,5,SUCCESS,21575,eq2FogD7TpKaDd5fKBkXVw
334,ThisCharacter#1989,1738151393355,3,21575,19274,64727,1.3333333333333333,0,4,4,5,SUCCESS,21575,z1QljyMfQfOLIBlCSAaD7A
335,Unicorn-p,1740995828114,3,21598,20199,64796,0.0,0,0,0,19,SUCCESS,21598,YsiogCJbSC6dGf7dRHta9Q
336,Yoshikev68#2742,1738679961755,3,21686,20735,65058,0.0,0,0,0,22,SUCCESS,21686,jaiuHtN-RxKReI06uCP1PQ
337,TestableSemicolon#7314,1737017427475,3,21708,16741,65124,1.0,0,3,3,5,SUCCESS,21708,-UkO0j2mSsK1Tmb2sH25sQ
338,SquareZone#1638,1736349391592,3,21709,15868,65129,1.0,0,3,3,8,SUCCESS,21709,CEdJ1jJhT6WZc4cygTYQew
339,Tebot,1738727971105,3,21730,16467,65191,1.0,0,3,3,7,SUCCESS,21730,MuQGfFX9S3uMkM5VfMu1xA
340,BetaDescriptor#3751,1736436584207,3,21737,15005,65213,1.0,0,2,3,2,SUCCESS,21737,R5VQz_AfR7u8metJXG7JOQ
341,NTI-G5,1738366729376,3,21748,19196,65246,1.3333333333333333,0,4,4,34,SUCCESS,21748,QJxo5vr9RjmCCA9b9QTamA
342,NTI-DEGI-G2,1738757339258,3,21754,21205,65262,0.0,0,0,0,7,SUCCESS,21754,TNy6kYlWQCSBrwn6kNs5GA
343,FocusedDescriptor#2552,1736954625442,3,21754,19870,65262,0.3333333333333333,0,1,1,14,SUCCESS,21754,5mtCmL9oR0qFm8IvBpTqWA
344,ITI-G7,1738278064286,3,21798,21531,65395,1.0,0,3,3,7,SUCCESS,21798,Xo9czxQWQgmbSKvmzelRzg
345,UnboundSlice#1563,1737110648016,3,21909,21802,65727,1.0,0,3,3,1,SUCCESS,21909,nl3rlYe9TJqNQYkou8J3cw
346,ComplexTest#3821,1736648748191,3,21952,14661,65858,1.3333333333333333,0,4,4,8,SUCCESS,21952,DwBQzhRMQD2PDeT1nRdX6A
347,IterativeNetwork#5864,1742223490033,3,22019,21388,66057,0.0,0,0,0,3,SUCCESS,22019,ozdCVQCyQlSN7s7q0kNvJg
348,GeorgiMarinov,1741790961804,3,22021,21599,66063,0.0,0,0,0,5,SUCCESS,22021,qoTzWpNxS4Gxae5cCuThZw
349,ArtificialScript#5365,1740677495520,3,22048,14474,66145,1.3333333333333333,0,4,4,5,SUCCESS,22048,0MgT9a56SEWJo-r8trELaA
350,StructuredParameter#5035,1742171281260,3,22064,19935,66193,0.0,0,0,0,9,SUCCESS,22064,O5d80SnESaO4o6-7ct7r9Q
351,ProgrammingBottleneck#2074,1738691222029,3,22084,19934,66253,1.3333333333333333,0,4,4,6,SUCCESS,22084,RbxHdXerRcmDdAxFU8sWBw
352,RecursiveCircuit#8366,1736870219004,3,22108,21269,66325,0.0,0,0,0,24,SUCCESS,22108,KJN-UkdhT-GdkUeqVluxjg
353,CodeShell#2673,1741039859767,3,22175,21794,66525,0.0,0,0,0,1,SUCCESS,22175,IFHnqx7PS-i-SJ1oPWDZYQ
354,ReinoldesJr#UNINA-SSAU,1741238156035,3,22176,22132,66529,0.0,0,0,0,3,SUCCESS,22176,eZm_7tGpS969Wez2uHUC-A
355,FungibleTable#0001,1740676873575,3,22219,21804,66657,1.0,0,3,3,1,SUCCESS,22219,3YdwQaMtTRuqEy3Ejx9nbw
356,ImportantCoder#0563,1742222811559,3,22248,17664,66746,1.0,0,3,3,13,SUCCESS,22248,tHhnMRGYRY62SKyqUlewOg
357,PrimeRequirements#5774,1737715092470,3,22264,16675,66792,1.0,0,3,3,1,SUCCESS,22264,XE7Vt9ZaRUCsqRxx3EoStg
358,Doraa,1738742425947,3,22285,19060,66857,1.6666666666666667,0,5,5,2,SUCCESS,22285,aMJUzUMlTNOZh19VN-gY7g
359,gcjordi,1739386278257,3,22307,15189,66923,1.3333333333333333,0,4,4,3,SUCCESS,22307,4n-0HYIyQ2241dJ4tZirRg
360,ITI-G1,1738104285824,3,22308,18801,66924,0.6666666666666666,0,2,2,1,SUCCESS,22308,sOesLbArSMSXaWL2XwcNsA
361,KWON,1742203566506,3,22310,14339,66931,1.3333333333333333,0,4,4,3,SUCCESS,22310,DplPbQepT5iDPJ0_iSmzHg
362,NTI-G13,1738615797830,3,22313,16864,66941,1.0,0,3,3,3,SUCCESS,22313,pBnEV8jLRSeNSUKiLyis-A
363,RafaelT,1738802127900,3,22352,18592,67058,1.6666666666666667,0,5,5,3,SUCCESS,22352,nh20eR6wSW2uOCJ_nRnUvg
364,BrainyContext#1852,1737327280282,3,22355,17591,67065,1.0,0,3,3,1,SUCCESS,22355,EqwhBjSMQ9ajjWUrMEpAzA
365,FungibleObject#0322,1739248924509,3,22485,18536,67455,0.6666666666666666,0,2,2,1,SUCCESS,22485,69y1RnPYRp-Ajz6tWO1umA
366,VariableFormula#6980,1736988126352,3,22486,20793,67459,1.3333333333333333,0,4,4,19,SUCCESS,22486,CeLjtmpBSrqSaSi9_g8_4Q
367,CompleteLog#3268,1736945100455,3,22509,22400,67529,0.0,0,0,0,2,SUCCESS,22509,pdOBbnLlSlGmr3TdmCNrdg
368,CreativeFormula#4784,1736944345850,3,22509,14872,67528,1.3333333333333333,0,4,4,2,SUCCESS,22509,WPfQu__PTge-IoodibKStg
369,GenerativeAnalyst#3828,1740573966412,3,22509,16668,67528,1.0,0,3,3,2,SUCCESS,22509,tbtsM3rsQxG69T-GdDUFqg
370,ASCIIBuster#0240,1740677197165,3,22528,17666,67585,0.6666666666666666,0,2,2,1,SUCCESS,22528,9_YRqb-KQFilMx1_mXbVrQ
371,ITI-G9,1738405510877,3,22530,19458,67590,1.6666666666666667,0,5,5,3,SUCCESS,22530,eJX0YHGyTzaBPPJ-HrXcow
372,MechanicalPackage#2026,1737771157307,3,22551,21060,67653,0.0,0,0,0,10,SUCCESS,22551,ncgc3465Q_qbIlHckFDqRg
373,EncryptedCommand#8754,1741975083651,3,22574,17456,67724,1.0,0,3,3,4,SUCCESS,22574,DWAsSZCFT-2dFbvvKD8HrA
374,ITI-G2-member2,1738430790782,3,22619,15989,67857,1.3333333333333333,0,4,4,10,SUCCESS,22619,RrqcpO7NQBeki5TF1zC6XQ
375,SquareGame#7735,1738016464610,3,22641,18736,67925,0.6666666666666666,0,2,2,1,SUCCESS,22641,xKqIDz_8T-mnZlIKpYi6gw
376,FunctionalEngineer#5398,1741779789063,3,22642,20470,67928,1.3333333333333333,0,4,4,5,SUCCESS,22642,hTMJN2CUTZesrN_Wadz0nA
377,LoopingValue#4736,1737147547411,3,22665,20531,67996,1.3333333333333333,0,4,4,4,SUCCESS,22665,PjrQ7cSZTSqsR25_g7clWw
378,GenerativeByte#0359,1737756753583,3,22683,16396,68051,1.3333333333333333,0,4,4,1,SUCCESS,22683,07DA58JgTMmPUa7stsekQQ
379,Bren1Racer,1738218299698,3,22708,19809,68125,0.3333333333333333,0,1,1,11,SUCCESS,22708,1TbNPTmBSB2mWbhzK8FwRw
380,CurlyDebugger#7823,1738613997210,3,22752,18935,68256,1.6666666666666667,0,5,5,12,SUCCESS,22752,SaqDRDdhRi6_35JHTq1WTw
381,Dots,1737184886858,3,22775,17591,68327,2.0,0,6,6,2,SUCCESS,22775,eFanxdl4R22QTt5v53RaGQ
382,BetaTester#6875,1741857823800,3,22776,17798,68329,1.0,0,3,3,3,SUCCESS,22776,VAHI_XY4SOa7yepR2c9UVQ
383,EUI-G7,1738175491938,3,22797,19923,68393,1.6666666666666667,0,5,5,3,SUCCESS,22797,dd01QOAeQyCuj2ZQf_OHIw
384,Jieyu,1741024154279,3,22822,16256,68467,1.0,0,3,3,8,SUCCESS,22822,SGCCt-cETzaBXOLWZd1mLg
385,Arthur#1111,1738728406985,3,22841,20999,68525,1.3333333333333333,0,4,4,1,SUCCESS,22841,wKSwSOQXSqy4GlkLgahNMQ
386,NTI-G8,1738567451907,3,22865,18598,68597,1.6666666666666667,0,5,5,4,SUCCESS,22865,z5qCSf7LSZaRsr9h20L5aQ
387,FormulaicDocumentation#7150,1740322046302,3,22886,19329,68659,0.3333333333333333,0,1,1,3,SUCCESS,22886,SkwzrZ-yQw2_kx2GuA9jog
388,HashableTheory#9521,1740571204312,3,22888,13658,68665,1.6666666666666667,0,5,5,2,SUCCESS,22888,XBM3RA0LTMO0CO8wnJyWeQ
389,muhammedbalogun,1738299080119,3,22929,18931,68787,1.6666666666666667,0,5,5,1,SUCCESS,22929,yhh9yWAJS7Wd_EuT0dHK7w
390,10xDelta#8985,1742083123045,3,22932,20930,68798,0.3333333333333333,0,1,1,22,SUCCESS,22932,vd6F3UXyQc-6b2nSp84Qzg
391,IntelligentSchematic#4759,1738754320846,3,22952,22064,68856,0.0,0,0,0,4,SUCCESS,22952,FRC5jBkJSeuz9xXZS-02CQ
392,AlexAlbon23,1741815902845,3,22952,16200,68857,1.3333333333333333,0,4,4,1,SUCCESS,22952,KUKb6_lESGSSA_HbMxaMCQ
393,ThisSchema#4196,1736790616663,3,22997,20269,68991,0.3333333333333333,0,1,1,6,SUCCESS,22997,t9aBx9MxTombu2hQ09dwNQ
394,TabletMethod#1281,1736489992044,3,22997,22066,68991,0.0,0,0,0,9,SUCCESS,22997,POD7D1O3RiGyg9f76iB1EA
395,AleCi,1738964526181,3,23000,21058,69000,1.3333333333333333,0,4,4,2,SUCCESS,23000,R3HcTqybRx26I4O6xo9Qcg
396,PrimeNumber#6865,1741317268037,3,23043,22534,69130,0.0,0,0,0,2,SUCCESS,23043,nkD5pojYQeuiIJN4_miTaw
397,CodeAnalysis#0352,1741633530906,3,23067,16401,69202,1.0,0,3,3,3,SUCCESS,23067,sU5rEsz6SAmgz_V9KtHYaQ
398,Nikolas#3381,1736856129182,3,23089,19337,69268,1.6666666666666667,0,5,5,2,SUCCESS,23089,7oxOxxn0QKGM-cA8Mne0jw
399,FiniteTable#1002,1742296115602,3,23107,14066,69323,1.6666666666666667,0,5,5,2,SUCCESS,23107,QUcfXfkESpGfnH-0G-5DPg
400,ProvisionalTester#3730,1738768892110,3,23109,22933,69329,2.0,0,6,6,4,SUCCESS,23109,OldbwGM-RTmOaM08-NzhPA
401,CodeNode#9888,1737529699710,3,23152,15659,69457,1.3333333333333333,0,4,4,2,SUCCESS,23152,zaYPn3sKTlmeOzV_BqnqSw
402,TestableMethod#3249,1741925408137,3,23156,21066,69468,1.3333333333333333,0,4,4,6,SUCCESS,23156,UXtUztEwSWOyG7cs9tI4nQ
403,QueryRacers2025,1738550224377,3,23156,13469,69468,1.6666666666666667,0,5,5,6,SUCCESS,23156,n8pPrHzgQ_2c2H1ZycrCFA
404,NeuralSequence#6495,1737699866633,3,23174,22867,69524,1.0,0,3,3,1,SUCCESS,23174,n5tr3eoAQsuwTqj8XgsWGw
405,QuickRequirements#8653,1737621370521,3,23175,21135,69527,1.3333333333333333,0,4,4,1,SUCCESS,23175,CHiwJs2dSvKXXx7BjRjj0A
406,DeepsterAWS,1740270105478,3,23175,19402,69527,0.3333333333333333,0,1,1,2,SUCCESS,23175,rVFtI_iJToucrOj-pkXy_A
407,StructuredPackage#7561,1736693088242,3,23197,16590,69593,1.3333333333333333,0,4,4,1,SUCCESS,23197,vY33GrHeSuCixV25i780KA
408,SolvableModel#5851,1741983706285,3,23197,21464,69593,1.3333333333333333,0,4,4,12,SUCCESS,23197,uw3G37XFTfuJCYKjN1gIww
409,MoiTuMparlesPasDHamilton,1739282807399,3,23198,19522,69594,1.6666666666666667,0,5,5,9,SUCCESS,23198,iZUurNs6S4GzgB0DMNHmxw
410,FormulaicFormula#2977,1738487491400,3,23198,18068,69596,1.0,0,3,3,4,SUCCESS,23198,yPDzKRRaSpKhreJPq5YvXw
411,CyberneticByte#7636,1736256697995,3,23218,19261,69654,0.6666666666666666,0,2,2,1,SUCCESS,23218,WsjTvS48Tj6SKYukZKKL4w
412,StructuredArray#4691,1738609522799,3,23219,22324,69657,0.0,0,0,0,11,SUCCESS,23219,i7iFFVPlRWy9zHsCU-1kFQ
413,WebSlice#4449,1742315857160,3,23264,17999,69792,1.0,0,3,3,8,SUCCESS,23264,DK2VVAjYThuPAnlnQ0KcGg
414,SneedRacer,1737734118729,3,23265,23065,69795,2.0,0,6,6,2,SUCCESS,23265,EprA2JZ7SsihMmzbw-RxpQ
415,ghzx-jbw,1736652183297,3,23287,17868,69861,1.0,0,3,3,3,SUCCESS,23287,Hom65uotTbWtb6oBVUgIww
416,dr-teacher-26,1738559717564,3,23289,22672,69869,1.0,0,3,3,1,SUCCESS,23289,H6JX7WaGTe6pA2axMABFUA
417,ProcessingGrid#4451,1736415354040,3,23330,21137,69990,1.3333333333333333,0,4,4,6,SUCCESS,23330,00u8-p59Tv2NyhHkpyWddA
418,TabletLanguage#9960,1739558897552,3,23331,21000,69995,0.3333333333333333,0,1,1,4,SUCCESS,23331,xS5-lHaGRmancEt-TLLmqw
419,SulaimanL,1738842470505,3,23333,21462,70001,1.3333333333333333,0,4,4,1,SUCCESS,23333,uAHDbip4R1qtp5IJ1uaeJw
420,JavaNotation#6380,1740402466097,3,23353,20394,70059,0.6666666666666666,0,2,2,6,SUCCESS,23353,9ZG_5le_Q7OmaW0vh9HHvw
421,QualifiedGlyph#7330,1740007957323,3,23373,19334,70121,0.6666666666666666,0,2,2,1,SUCCESS,23373,dGgJoSwXS-K5Ir8hyyF1XQ
422,Purrcedes2025,1738392369368,3,23376,16061,70130,1.3333333333333333,0,4,4,2,SUCCESS,23376,x6zxSpZoTAOYXdAmGdoMIw
423,BlockchainAbstraction#1158,1737527025412,3,23397,22666,70191,1.0,0,3,3,2,SUCCESS,23397,quzRTE-uTvSte9N5r23mEg
424,TestableTheory#7010,1737528177398,3,23516,21478,70548,1.3333333333333333,0,4,4,2,SUCCESS,23516,vCeP5BZhSXiHfNRJsgowuw
425,RacingRanjan,1737576487688,3,23532,23272,70596,1.0,0,3,3,3,SUCCESS,23532,MQRfMz85Qxmj_EChD9wfxA
426,SolvableDelta#7593,1737381222923,3,23598,21935,70795,1.3333333333333333,0,4,4,1,SUCCESS,23598,aiHteSKeR52NBcukPFsHxQ
427,JavaAnalyst#3806,1741748329745,3,23623,14466,70869,1.6666666666666667,0,5,5,2,SUCCESS,23623,3as7F_wpSf6UVGzwOFNc_w
428,gabrielkoo#HongKong,1740853855281,3,23642,22599,70926,0.0,0,0,0,2,SUCCESS,23642,ydUnMZutQDmeS4U2pIDYLg
429,ImmutableOrder#7698,1740994607606,3,23643,18522,70930,2.0,0,6,6,2,SUCCESS,23643,c2z9E8iKT02KLrQ5lbUfiw
430,CleanGrid#5936,1737363133290,3,23664,22804,70994,0.0,0,0,0,1,SUCCESS,23664,Ames5H6qRvCYJtkg4ukqlg
431,Miranda,1741856276253,3,23707,19665,71121,1.0,0,3,3,6,SUCCESS,23707,JmHTNTw5RbGB9YyWchjAXw
432,CyberneticPoint#4409,1740573403487,3,23755,19464,71265,1.6666666666666667,0,5,5,1,SUCCESS,23755,_p4BmeViQ_GO0mG2jXYkjw
433,JavaValue#2962,1738852550318,3,23796,14853,71388,1.6666666666666667,0,5,5,4,SUCCESS,23796,hkxg_ZXxR-qw-z-SR488Ow
434,AbstractHacker#1454,1741881124761,3,23797,19063,71392,1.0,0,3,3,1,SUCCESS,23797,WiAxAh3vQcuCJi0txiddvQ
435,NestedComment#6154,1736963812386,3,23829,17258,71488,1.3333333333333333,0,4,4,1,SUCCESS,23829,xx_WbCleSHqHZHLwmNNjSA
436,DeepFunction#2036,1737458676329,3,23884,21593,71654,1.3333333333333333,0,4,4,3,SUCCESS,23884,YC0EqrEiQaSI8aIGVhgF6Q
437,FormulaicTest#0895,1741688487367,3,23889,21802,71669,0.3333333333333333,0,1,1,1,SUCCESS,23889,2t-c8tSdT5KzRM8hcyczPw
438,GT-Racing,1738171504957,3,23925,17110,71777,2.3333333333333335,0,7,7,10,SUCCESS,23925,w9zvXqmyRFWjHCr1e_v0-g
439,CurlyState#2994,1736886410371,3,23952,23397,71857,0.0,0,0,0,15,SUCCESS,23952,zUr3z6p7QOGMvY6fnRI8Vw
440,FungibleDiff#8925,1737166628100,3,24018,23068,72056,1.0,0,3,3,2,SUCCESS,24018,KWjtEO9BT_Odzz0MW-Fmuw
441,ITI-test,1738346363672,3,24020,20266,72061,1.6666666666666667,0,5,5,8,SUCCESS,24020,-wVtKbmIRWOGptQW0h5_FA
442,ITI-G8,1738699424383,3,24064,21926,72193,1.3333333333333333,0,4,4,3,SUCCESS,24064,KjWE_zD8Rf6arSZoD4Lv-Q
443,BigMethod#3556,1736750647756,3,24108,21063,72325,1.6666666666666667,0,5,5,2,SUCCESS,24108,Ej9fZ6-YSKC5Wsz1IkDsCA
444,ITI-G2,1738702441183,3,24109,13401,72327,2.0,0,6,6,1,SUCCESS,24109,8b-tymmySZ61T5xcV8FfpA
445,BlockchainAbstraction#8395,1741314942698,3,24220,23603,72660,0.0,0,0,0,1,SUCCESS,24220,m2whDVP6QsSFzxQ2q6QJuA
446,HigherBuster#4342,1741791525648,3,24239,22251,72718,0.3333333333333333,0,1,1,1,SUCCESS,24239,T_-bpSmGTO-eGxN_JFb3PA
447,ReferenceGlyph#0862,1738665932581,3,24241,18797,72725,2.0,0,6,6,3,SUCCESS,24241,7IkSVuz0QSC8OXo4t6C1jw
448,MemoryGrid#7161,1736230893528,3,24264,15064,72792,1.6666666666666667,0,5,5,1,SUCCESS,24264,BNwKM8-YRQCuX9ntomCRjQ
449,BooleanDigit#1756,1736598679832,3,24286,16526,72860,1.6666666666666667,0,5,5,1,SUCCESS,24286,ewSl6olcT7e6gk_Strrnlg
450,ProgrammingArray#0783,1738429198026,3,24341,24294,73024,2.0,0,6,6,3,SUCCESS,24341,N5DcN7ZdT_Kc51og5pfRIw
451,GenerativeExpression#5041,1741941646681,3,24374,17263,73123,1.3333333333333333,0,4,4,6,SUCCESS,24374,qtwAttcGSEukwXXGUgx8cA
452,QualifiedNode#8684,1741677163210,3,24400,21599,73200,1.3333333333333333,0,4,4,5,SUCCESS,24400,abvkNxKFTeunPIvwqSs6ug
453,UpdatedPackage#7170,1736670460546,3,24420,21193,73260,0.6666666666666666,0,2,2,7,SUCCESS,24420,BPkAihlkRv6f1hMg6jEvZg
454,CNZX-HZJ,1742291141229,3,24465,22398,73395,1.3333333333333333,0,4,4,1,SUCCESS,24465,Gr0Zyu0IQCOgQvFEYQ2MMQ
455,UnicodeCircuit#8195,1739905631543,3,24576,20933,73729,1.6666666666666667,0,5,5,9,SUCCESS,24576,vUrohakXQTeGZPUdb2qjZg
456,Mario-GDN,1740083167923,3,24642,19395,73928,2.0,0,6,6,4,SUCCESS,24642,6m5ZjTX8SAy6CEu_YuQlUA
457,SecureScope#1004,1738335078385,3,24663,22802,73990,0.3333333333333333,0,1,1,1,SUCCESS,24663,u2jhN7hbRE2P8qAZ-LpT2w
458,FungibleBrackets#4211,1736853565198,3,24795,20596,74386,1.6666666666666667,0,5,5,2,SUCCESS,24795,OYricSmDSnSqkSlVT9OoAQ
459,ELS2#Yanagisawa,1740642375682,3,24797,22256,74392,1.3333333333333333,0,4,4,18,SUCCESS,24797,uxQ-yEnnQpmJFwhWXJu37A
460,S1-PhilNowlin,1737999368862,3,24798,20202,74395,0.6666666666666666,0,2,2,1,SUCCESS,24798,-IoHfMq-S_K2d2Ur0yKauA
461,GlobalFunction#3290,1740573457157,3,24840,16456,74522,1.6666666666666667,0,5,5,1,SUCCESS,24840,rFP2kb9uRE-F55vwhKvbiQ
462,BooleanCoder#8198,1737002475379,3,24885,24728,74657,0.0,0,0,0,1,SUCCESS,24885,eb20DmyGQruaXYzpn7q_Og
463,Machine486#5678,1740572667999,3,24885,20993,74656,1.6666666666666667,0,5,5,1,SUCCESS,24885,oxCdzDQwT4utvB6kF31MeA
464,Furrari2025,1738347708810,3,24906,22597,74718,0.3333333333333333,0,1,1,3,SUCCESS,24906,6XVFUn9sTEqqnV9AIObtXQ
465,InfiniteLanguage#2365,1737816352684,3,24910,24602,74730,2.0,0,6,6,1,SUCCESS,24910,q4Mhaw2_RjCE6WKBPPAeiw
466,SigmaRacer,1737767018972,3,24910,19526,74730,2.0,0,6,6,1,SUCCESS,24910,n_auceybSUOELm7O1NO9aQ
467,UrgentModel#5418,1740573125152,3,24929,21264,74789,1.6666666666666667,0,5,5,3,SUCCESS,24929,ADz9pU5hRA2J4DNlNiIU7A
468,FiniteClass#8358,1741167105623,3,24953,20000,74860,1.0,0,3,3,4,SUCCESS,24953,TleJ97CySYep7e6NieR5Qw
469,ReferencePointer#1489,1741590202599,3,24973,23205,74920,0.3333333333333333,0,1,1,3,SUCCESS,24973,yZaKhr0MQ-ujGhESwrcT0A
470,SignificantName#1355,1737143188145,3,24998,19657,74995,2.0,0,6,6,5,SUCCESS,24998,uHpPajGyT_e63UVXRQQ08w
471,ITI-G11,1738689035777,3,25086,23191,75258,2.3333333333333335,0,7,7,1,SUCCESS,25086,Ky94kSgOQ6CVdH6M7cvupQ
472,GenBDA-M01,1739248837115,3,25116,18461,75350,1.3333333333333333,0,4,4,8,SUCCESS,25116,uqCecsdUTJq9r9Aa-RCkJA
473,Anubhav,1738098792624,3,25153,21390,75460,1.6666666666666667,0,5,5,3,SUCCESS,25153,Ec7EKxBPQcSW5p2Tlq3lXA
474,NestedToken#9934,1737827371411,3,25197,18587,75591,2.3333333333333335,0,7,7,2,SUCCESS,25197,ta4NmwhdRl6kfgcAKxW-FA
475,UpdatedShell#6714,1741884148316,3,25219,21456,75658,1.6666666666666667,0,5,5,6,SUCCESS,25219,MB7G3k7_Sm2qWpZ0W5cr1Q
476,QualitySchema#9775,1738668878907,3,25219,13061,75659,2.3333333333333335,0,7,7,7,SUCCESS,25219,tMf91BjHRnGbW9tqvDS-iQ
477,CrypticContext#7314,1737576618195,3,25287,20199,75861,1.0,0,3,3,1,SUCCESS,25287,5veZ6yw1RVqUotguFjG2kg
478,dr-teacher-2,1738645386899,3,25289,17804,75868,1.3333333333333333,0,4,4,1,SUCCESS,25289,CEyUMK5bSHSeJ7fSbsyewQ
479,dr-teacher-12,1738560485479,3,25328,17602,75984,1.3333333333333333,0,4,4,2,SUCCESS,25328,yiAVNHl9Ry-UMSUWFvqGjg
480,CompleteBraces#0208,1738430272698,3,25330,22931,75991,2.3333333333333335,0,7,7,4,SUCCESS,25330,hxMQF5qlSryoMEw2tDkGVA
481,BlockchainCircuit#8328,1740573570863,3,25349,14252,76049,2.0,0,6,6,1,SUCCESS,25349,Y31B3Kq4QEalxhVwJhtU8g
482,NullNode#8244,1738361826385,3,25353,20052,76060,1.0,0,2,3,4,SUCCESS,25353,a4dY6PVKTcKVtVUXugBkaw
483,PathingAttention#1630,1736403210646,3,25488,21670,76465,0.6666666666666666,0,2,2,11,SUCCESS,25488,VnGfwUraRuagO7rx4q8OGg
484,Aspect2312,1739376639936,3,25596,25533,76790,0.0,0,0,0,2,SUCCESS,25596,UeIgZzLWTdWN8vzCD5dIgg
485,Kimetz,1739524386146,3,25597,19797,76793,1.0,0,3,3,5,SUCCESS,25597,-_jS9_UvR6iCmTd68HoLzA
486,QuickNamespace#6481,1738217985592,3,25642,14334,76927,2.0,0,6,6,2,SUCCESS,25642,o-9Z4i8CR1S2Moyjw8mgpg
487,BigObject#7584,1740573509913,3,25664,15200,76994,2.0,0,6,6,1,SUCCESS,25664,u3AmH3r7TgKzAfxhsHS_iw
488,FungibleResource#4672,1741314998573,3,25664,21334,76994,0.6666666666666666,0,2,2,1,SUCCESS,25664,Oc1inRQBR6eleOESbnc22Q
489,UrgentLoop#8704,1737602880049,3,25706,25601,77118,2.0,0,6,6,2,SUCCESS,25706,tWAclLJ7RL2wTFH0v--sJA
490,SequentialScope#6482,1740659170132,3,25709,21869,77127,2.6666666666666665,0,8,8,2,SUCCESS,25709,V8JYCxPdR_KXU726d3m3Fg
491,DanielCostantinRacer,1739096729949,3,25733,21404,77199,2.6666666666666665,0,8,8,1,SUCCESS,25733,GhOikLJ-TeiygB5I18GAzA
492,ChoosenOne-Dani-Estatut,1737398255939,3,25775,23467,77326,2.3333333333333335,0,7,7,3,SUCCESS,25775,2HEvR8nwRbmWP02_fF4AuA
493,BooleanExpert#8688,1737561472212,3,25776,21935,77328,1.6666666666666667,0,5,5,1,SUCCESS,25776,3lUDrj1aT2uJas8nfRTQEw
494,Shanuka#96,1738037426891,3,25843,18732,77529,2.3333333333333335,0,7,7,1,SUCCESS,25843,H6zk_HVCRgSTJImpC2X-Ww
495,HigherTech#0689,1741417718489,3,25865,23396,77595,2.3333333333333335,0,7,7,9,SUCCESS,25865,POF6DYFeScW1EQh6Z45dbQ
496,HCAlsos,1738736229943,3,25907,22594,77723,2.6666666666666665,0,8,8,1,SUCCESS,25907,Munh160SQROTssQHBnCB4A
497,tusrau,1737353922839,3,25930,22131,77791,0.6666666666666666,0,2,2,1,SUCCESS,25930,pxr_EG7iQBGAGWuI0rbTdw
498,RobotScript#6983,1740676388056,3,26019,23863,78057,1.3333333333333333,0,4,4,1,SUCCESS,26019,WBItCkCXQNiVG6QMALDl_A
499,AtomicComment#4642,1741370728833,3,26087,25737,78261,0.0,0,0,0,1,SUCCESS,26087,_GJLQxApQAKuSjtDdp4kPw
500,Jason-Choice,1740696491577,3,26109,20526,78328,2.0,0,6,6,7,SUCCESS,26109,cKD6xnloTheEagZPwnuKwQ
501,InfiniteSandbox#5672,1740573421552,3,26219,24249,78658,2.3333333333333335,0,7,7,1,SUCCESS,26219,NH0RBPFYTOK5lIisNGYNdg
502,BackloggedPointer#9278,1741926663714,3,26308,20536,78926,1.3333333333333333,0,4,4,4,SUCCESS,26308,_VRSYR34R9m6fch3t97z2g
503,ConnectedLambda#4724,1738641945084,3,26330,25601,78992,0.0,0,0,0,2,SUCCESS,26330,hXANiO7aRGO7kXSdOuN_hw
504,JoshDmngxD,1736440279061,3,26398,24071,79195,0.0,0,0,0,1,SUCCESS,26398,47-GQmXeRQqdchQTOcfOwQ
505,RiverRunnersTeam1,1741684857807,3,26419,26200,79259,2.0,0,6,6,45,SUCCESS,26419,3aWvin8lTHeIStYgJi3cOQ
506,ThisEnvironment#8875,1740439969750,3,26441,25601,79324,2.0,0,6,6,2,SUCCESS,26441,_WWoX41KQRmobigdN6gKDQ
507,dr-teacher-7,1738645290129,3,26506,22660,79520,1.6666666666666667,0,5,5,10,SUCCESS,26506,bEMnRmZISlSacMa4nfM2Xw
508,FormulaicBreaker#3242,1737576021468,3,26529,20258,79588,1.0,0,3,3,1,SUCCESS,26529,ITEevPNcRiqCgTaGeMx5BQ
509,ArtificialInterface#8664,1740677505625,3,26532,19593,79598,2.3333333333333335,0,7,7,1,SUCCESS,26532,UT3PrayNT72FeOpM8SJ8rw
510,CyberneticRequirements#5222,1742326234460,3,26709,22401,80127,2.6666666666666665,0,8,8,3,SUCCESS,26709,LlylED6gRbeKtDOahebfbA
511,CompletePoint#3614,1740052943862,3,26734,25072,80202,0.0,0,0,0,1,SUCCESS,26734,8PJeEMn_S-C_Yx4o0eryNg
512,MemoryMachine#6448,1736925019281,3,26754,19472,80262,1.3333333333333333,0,4,4,7,SUCCESS,26754,PymeC2SfQR-nIOw5VFfMGQ
513,Muthu-Rider,1737732827857,3,26776,21733,80330,1.0,0,3,3,1,SUCCESS,26776,-M-omqCfQXiQ83l35hCA0g
514,TechnicalLoop#1734,1741932466040,3,26821,22673,80463,0.6666666666666666,0,2,2,2,SUCCESS,26821,mBGV5W_nThSuoB_i7AsdPw
515,RobotSandbox#2072,1737935557273,3,26842,26528,80526,0.0,0,0,0,1,SUCCESS,26842,0t-gH10LQ2GkgQIxFgcOQQ
516,Cosmos,1737582557974,3,26842,26535,80526,2.0,0,6,6,2,SUCCESS,26842,-IeEBKGMTXWtJqLgi7MiUA
517,UpdatedUpgrade#9519,1740677165173,3,26864,21930,80592,3.0,0,9,9,1,SUCCESS,26864,TWlzbVUIT5GXBPVAWTT6jQ
518,WebGame#7816,1740676955257,3,26973,19195,80920,2.3333333333333335,0,7,7,1,SUCCESS,26973,680FIcOGRUGpxxQ91CqEoQ
519,AbstractNotation#2444,1741312685606,3,26974,26796,80922,0.0,0,0,0,1,SUCCESS,26974,dfEddSQGQgqY7C-CMDLVXA
520,Enzo-Tonon-Morente-USP,1741572470380,3,26998,23070,80995,2.6666666666666665,0,8,8,2,SUCCESS,26998,YOylJ2idSiaPw384cOKmuQ
521,AlphaPointer#0598,1737622145015,3,27019,23594,81059,1.6666666666666667,0,5,5,1,SUCCESS,27019,evpSFLdLQVaoXAZRgThZQQ
522,ProgrammingOrder#9099,1737556757375,3,27021,26867,81063,0.0,0,0,0,1,SUCCESS,27021,hb1mka4-S7ClzG4dYM2N-A
523,Tarunk,1737576313913,3,27042,24792,81128,0.3333333333333333,0,1,1,1,SUCCESS,27042,Qn7mqgDtSmy7r9vYjh6YGA
524,EsteemedArchitect#0048,1740506120364,3,27062,26268,81186,0.0,0,0,0,1,SUCCESS,27062,SN9MvUoxRVi2KS4OOHRxVw
525,InfiniteHypothesis#9627,1740676382827,3,27133,20664,81400,2.3333333333333335,0,7,7,1,SUCCESS,27133,-vhQNrVFSdeFwiDzoA_3BQ
526,OverclockedRacers2025,1738558340788,3,27198,23199,81596,2.6666666666666665,0,8,8,2,SUCCESS,27198,rbqkT7bNT1u1Hn7jjzn8nw
527,GammaSwitch#2821,1741212201272,3,27203,26332,81611,0.0,0,0,0,3,SUCCESS,27203,8P6KzebwQ0Wp-9O2UNsyNQ
528,UpdatedDataset#5341,1739389761884,3,27218,20136,81656,2.3333333333333335,0,7,7,1,SUCCESS,27218,vzI4icf8Qwy2TnBcXhKsDQ
529,TestableZone#7190,1741971110194,3,27261,20199,81785,1.3333333333333333,0,4,4,4,SUCCESS,27261,jarPLaDkSnGzF8G6Xgwdqw
530,CriticalFunction#5798,1741534696006,3,27263,26664,81790,0.0,0,0,0,1,SUCCESS,27263,s6nAe0kuSUWc3RNTqb5ArA
531,ProgrammingBrackets#2921,1742330548250,3,27308,26932,81924,0.0,0,0,0,3,SUCCESS,27308,7PVnFqJwSLKAsQd8ePJwOA
532,shmul#4369,1739009191054,3,27330,23864,81990,1.6666666666666667,0,5,5,19,SUCCESS,27330,vmL7LdHKQMihg_kB6CNJmw
533,Erikku02,1739785888146,3,27420,25596,82261,2.3333333333333335,0,7,7,3,SUCCESS,27420,Qc29_zb3R4GGx_xwUVDs6A
534,HigherMetaclass#4257,1740573100361,3,27439,19800,82319,2.3333333333333335,0,7,7,1,SUCCESS,27439,Crb9bjQDS_OpF9zH4WTVIA
535,QualityTheory#6221,1741372433675,3,27443,21204,82330,3.0,0,9,9,5,SUCCESS,27443,IBXRB1FiRCSzgVlGqpzheQ
536,IntelligentGame#0692,1738870440625,3,27444,27134,82333,0.0,0,0,0,1,SUCCESS,27444,V5PAd1qiQ46glfUInTBLJw
537,PassingBraces#7578,1736394922985,3,27464,27393,82392,0.0,0,0,0,2,SUCCESS,27464,QsjLX2pnS3uS1Sw2ugFyUQ
538,RecursiveArgument#0042,1736319914254,3,27485,25001,82457,2.3333333333333335,0,7,7,17,SUCCESS,27485,3OREfy9oSY29YdmdR0ZBAg
539,SquareMachine#4472,1741923517482,3,27554,24467,82662,1.6666666666666667,0,5,5,7,SUCCESS,27554,Ba4mIgySTw6L8SvIXriY4Q
540,PrototypeLine#1565,1742026860261,3,27576,24261,82728,2.6666666666666665,0,8,8,3,SUCCESS,27576,aJS9yo1dThO2v4ARVGhkxg
541,JMM,1740219359359,3,27621,27533,82865,0.0,0,0,0,2,SUCCESS,27621,Lx9gAiTCTGm18JjI4Mhmvw
542,Kachy,1742281065596,3,27643,27464,82930,0.0,0,0,0,4,SUCCESS,27643,pqlNGoJ9Snien6sIZY4oeQ
543,HelpfulMachine#5149,1739665581814,3,27690,20940,83070,2.3333333333333335,0,7,7,3,SUCCESS,27690,iHhTT1FbRbeTwxnVa1nRsg
544,CarrerDelBlanquer,1741105378016,3,27707,25853,83121,1.3333333333333333,0,4,4,1,SUCCESS,27707,wyDhYQZKQjqw2ce93_2Ghw
545,tondrey,1739902520073,3,27732,27397,83197,0.0,0,0,0,3,SUCCESS,27732,EvPC6VKJTKOcg6sRWJ7jtw
546,FungibleSequence#9899,1738550214474,3,27751,22129,83255,3.0,0,9,9,2,SUCCESS,27751,5iQu3xYJRSaJMR9nLQ4Jog
547,ITI-G5,1738692289520,3,27751,23803,83254,2.6666666666666665,0,8,8,4,SUCCESS,27751,oLSvSxDoTO-PQ4Y78lgASw
548,ArtificialString#0319,1737613308069,3,27800,20734,83400,1.6666666666666667,0,5,5,1,SUCCESS,27800,lbTcsIrXRuWST5nXb9gq3Q
549,Amazon-River-Dolphin,1739939746908,3,27841,27731,83525,0.0,0,0,0,2,SUCCESS,27841,9Isf6XlMQGK9mBTt_jZy5w
550,Gazolina666,1739291020074,3,27887,18868,83662,2.6666666666666665,0,8,8,23,SUCCESS,27887,iLaMe4IKQ96kaHzw_dYt0A
551,NeuralTheory#6528,1739488096190,3,27887,20723,83662,1.3333333333333333,0,4,4,2,SUCCESS,27887,yoF0cqWYTWqj4tU1MdOACQ
552,AjeetNPandey,1742302039175,3,27909,27796,83728,0.0,0,0,0,5,SUCCESS,27909,ob6dvI4oS4-ObOjWxtCh3A
553,AgileBrackets#9948,1737931226649,3,27953,26261,83860,2.3333333333333335,0,7,7,3,SUCCESS,27953,1rEqiW7bR8m9ziWOkkdqXQ
554,ProvisionalTester#6302,1741596796276,3,27974,21608,83923,1.6666666666666667,0,5,5,2,SUCCESS,27974,CbeWTVFVQbKS8ekOybYFww
555,CompleteState#8487,1736449977741,3,27977,27924,83933,0.0,0,0,0,5,SUCCESS,27977,xdTmE1PEQxSVyMapiyeDHg
556,lavenderdreams,1738727208536,3,28030,18601,84090,2.6666666666666665,0,8,8,2,SUCCESS,28030,IEN43shRTyiE94dFZqbkyQ
557,ProcessingDeadline#4804,1739219950823,3,28040,27659,84122,0.0,0,0,0,1,SUCCESS,28040,owKPmlC-REKLS7wXehVuYg
558,ComplicatedUpgrade#2406,1738479492585,3,28042,18721,84126,2.6666666666666665,0,8,8,2,SUCCESS,28042,Uzyb-GmrReWxbssT9SFkUA
559,SolvableNotation#9225,1737970499061,3,28043,27941,84129,0.0,0,0,0,1,SUCCESS,28043,v8S6R00zQRyR8DM8UfLIsw
560,ArtificialFix#1894,1738599639896,3,28063,26866,84190,0.0,0,0,0,1,SUCCESS,28063,EQfFOuAOR-uj7ZuQr_VIUw
561,LoopingAttention#7108,1740677192188,3,28112,20533,84337,2.3333333333333335,0,7,7,1,SUCCESS,28112,-UEEFj2-Rhe_yM-y_qKRfg
562,YermanTuringIABD,1737546739270,3,28134,18201,84404,2.0,0,6,6,7,SUCCESS,28134,TK4KA0YrR_u-vAgA39MrUA
563,CurlyPoint#5282,1737559282489,3,28152,22533,84458,1.6666666666666667,0,5,5,1,SUCCESS,28152,w_xoLI_OSSmMTd1pelGjxg
564,Dido-67210,1740775447092,3,28173,24261,84519,2.6666666666666665,0,8,8,7,SUCCESS,28173,0yClmW7cTSWrtwRq4lns9g
565,UpgradedNotation#2369,1740573570791,3,28177,27606,84532,0.0,0,0,0,1,SUCCESS,28177,vhjdfQ9uSx2R4nq4AUp-MQ
566,SolvableExpression#8116,1740676060657,3,28178,24133,84535,2.6666666666666665,0,8,8,1,SUCCESS,28178,dyUolZ15Rc2a58Lge2VUCQ
567,RocketSpec#4161,1740197200329,3,28242,27397,84726,0.0,0,0,0,2,SUCCESS,28242,PC1ayPyFR4CNuqbD-Pj9Hg
568,GlobalAnalyst#0495,1741744210209,3,28287,27665,84863,0.0,0,0,0,2,SUCCESS,28287,yoZF0TuNRhyM84vzETZ-Kw
569,BetoRapido,1736769975234,3,28310,20269,84930,3.3333333333333335,0,10,10,2,SUCCESS,28310,-PClOjzDRICU-6XWXaiA0w
570,GenerativeAnalysis#0798,1736248207783,3,28310,27998,84930,0.0,0,0,0,1,SUCCESS,28310,MXEs39-OQ_6qXbEt4IKmxg
571,ProgrammingBottleneck#4445,1742088693284,3,28352,28328,85058,0.0,0,0,0,1,SUCCESS,28352,YJIKrhtNR1-9SVrRwb418A
572,MobileLog#3162,1741314956062,3,28376,28198,85129,0.0,0,0,0,2,SUCCESS,28376,e0TU4Fo1QTaeIsrsgrwj9g
573,MobileDescriptor#1020,1737450886016,3,28398,28192,85196,0.0,0,0,0,10,SUCCESS,28398,YgfZZ7koShWZFFr_IGe1cg
574,DraftGame#4465,1737631916677,3,28418,20318,85254,2.3333333333333335,0,7,7,9,SUCCESS,28418,oga76o6HQoyaltR98r0EVg
575,Lahiru-Prabodha,1740822205754,3,28440,27932,85322,0.0,0,0,0,3,SUCCESS,28440,TElogxJyRYObCJKyoauDuQ
576,BetaByte#4996,1742158846795,3,28485,28332,85456,0.0,0,0,0,1,SUCCESS,28485,kQmWZPrNRPO7CTXSx1xVMA
577,BrainyDiff#0455,1736473362391,3,28531,27862,85593,0.0,0,0,0,1,SUCCESS,28531,7zLhYOedTnWmkDHIoYhlBw
578,ProvisionalConsole#1886,1742213172559,3,28532,28336,85598,0.0,0,0,0,1,SUCCESS,28532,i4UkWDJKRCyprtFQqcm1kA
579,SantaClausIsComingToTown,1736543810889,3,28551,27797,85655,3.0,0,9,9,1,SUCCESS,28551,KjLcIZ1QTfq1u-lh2RBRBA
580,AlphaAnalyst#1885,1737661602352,3,28552,28468,85658,0.0,0,0,0,1,SUCCESS,28552,rpyg8-IbQlmHKTT2FbtUbA
581,Jaystones,1738758154449,3,28555,28262,85665,0.0,0,0,0,1,SUCCESS,28555,Eu3wXlOXQ7-XyKPxGZ-qcA
582,VirtualTheory#5418,1741917306502,3,28597,27798,85791,0.0,0,0,0,1,SUCCESS,28597,VYwoXZnAR_iooJVwKSHw3A
583,K-9,1738160285098,3,28598,28070,85795,0.0,0,0,0,4,SUCCESS,28598,-wei1DCDTmyhH_14MPDF1g
584,SantasLittleHelper2025,1738606934512,3,28640,23655,85922,1.0,0,3,3,1,SUCCESS,28640,yoFiqdQiSfGhcxaShuHLoQ
585,PathingUpdate#8187,1739287032192,3,28642,18735,85926,1.6666666666666667,0,5,5,4,SUCCESS,28642,wlkVWY-MR36J4pxsAD-mJA
586,AbstractTech#2100,1737901999061,3,28664,28192,85993,0.0,0,0,0,1,SUCCESS,28664,_vC3lDaSQH29wdTV40GKoQ
587,jsodaghar-chwy-2025,1736248631481,3,28708,24334,86124,1.6666666666666667,0,5,5,15,SUCCESS,28708,O0b-NNFvQEarJM7kpDMNAg
588,UrgentAbstraction#8461,1741171044744,3,28794,28658,86384,0.0,0,0,0,2,SUCCESS,28794,_aDMK2c5SjyHcayU4DYqaw
589,CyberneticNamespace#1518,1736391398135,3,28819,28331,86459,1.0,0,3,3,4,SUCCESS,28819,0FQzhjTbT8mgjhk75Cq65g
590,PythonSlice#5221,1736250040394,3,28820,28537,86461,0.0,0,0,0,1,SUCCESS,28820,XjFuvIbVSk260Rr2DOcscQ
591,MechanicalFunction#9805,1738637124068,3,28820,25797,86460,1.6666666666666667,0,5,5,5,SUCCESS,28820,9PM1xyiQQuK9fkha55CEtA
592,DigitalTheory#9509,1741392447304,3,28864,28524,86593,0.0,0,0,0,1,SUCCESS,28864,COGlXRl6TS2IBcvDJYQfqw
593,FocusedNode#9391,1738470048109,3,28865,28205,86596,0.0,0,0,0,1,SUCCESS,28865,C9IOFfj4RgqZNrNkG3fY-A
594,UsableScope#8072,1741124975091,3,28867,28798,86602,0.0,0,0,0,1,SUCCESS,28867,yWhb9c45TLy53Rfx5rJWRA
595,Zero-dayNode#0435,1738606823815,3,28868,23934,86605,1.3333333333333333,0,4,4,1,SUCCESS,28868,tTfJF9Z2Qwq-bpZoW2a2jg
596,AbstractAnalyst#1115,1741172015037,3,28888,28667,86664,0.0,0,0,0,1,SUCCESS,28888,PTrEEUOhQIaBbPxzGfrTYw
597,ComplicatedPatch#8971,1737748377841,3,28907,23332,86722,3.0,0,9,9,1,SUCCESS,28907,nVgrbAJ2Qla8nOthDF-0nw
598,NestedCircuit#5052,1742277013446,3,28909,28735,86727,0.0,0,0,0,5,SUCCESS,28909,MiwvPIFLRsywhVlCLebTrA
599,BooleanPresentation#8186,1741883182697,3,28910,28866,86732,0.0,0,0,0,1,SUCCESS,28910,JMSO1ynKR0qN8NqVO5P_fQ
600,EncryptedSchema#3914,1736948698718,3,28931,28663,86793,0.0,0,0,0,1,SUCCESS,28931,uf3kAdiHTmSEe3cHlP71cA
601,CodeTable#2881,1740429417468,3,28952,28792,86857,0.0,0,0,0,2,SUCCESS,28952,9VvWcVRIT6a3cll8an20lQ
602,MechanicalVariable#4722,1739168508711,3,28953,28862,86861,0.0,0,0,0,2,SUCCESS,28953,fqkpztzMQG-vOHK5rYaTNQ
603,AutomatedNumber#7210,1741803526136,3,28954,28602,86864,0.0,0,0,0,1,SUCCESS,28954,o_rnMMC9ShGDDFXvMaDHXA
604,AsynchronousArithmetic#8946,1741933158326,3,28955,21467,86865,2.3333333333333335,0,7,7,9,SUCCESS,28955,-tkR-d5xS8OSkRFNQyLwrQ
605,DigitalUpgrade#3888,1741298356262,3,28974,26933,86922,0.3333333333333333,0,1,1,1,SUCCESS,28974,XrGxUBg9Tnq20pKlpDsXfg
606,ITI-G12,1738572350542,3,28976,24062,86928,2.0,0,6,6,3,SUCCESS,28976,4Z6HIKwES2uZbgnuYFP8IA
607,DraftPackage#1219,1741266723148,3,28999,28931,86998,0.0,0,0,0,5,SUCCESS,28999,DcsyeRkuRz-L1l0vD9frrA
608,DesktopSchematic#6504,1736939550552,3,29019,28657,87059,0.0,0,0,0,1,SUCCESS,29019,90Nzq2vZTzKpmZtpKQQ46Q
609,HigherPointer#0715,1740464790658,3,29020,28802,87061,0.0,0,0,0,2,SUCCESS,29020,b_AaXfhzSOSj3Kzbw0Cpxg
610,QualifiedTable#9735,1736969411891,3,29059,28797,87178,0.0,0,0,0,3,SUCCESS,29059,5_BLi2d4R_mmR09IaY-WHw
611,AlphaAbstraction#6881,1741977273630,3,29065,28870,87196,0.0,0,0,0,1,SUCCESS,29065,W_jU4j_1TQeO3lCtoU8I6Q
612,NumericComment#7829,1738951863004,3,29086,28733,87260,0.0,0,0,0,1,SUCCESS,29086,MTV6fF3WSE2ejSc_hb29pw
613,ImmutableFix#3301,1741363824128,3,29152,28930,87456,0.0,0,0,0,1,SUCCESS,29152,9FcIbWOrTbaqZY8v8sSo5Q
614,DesertDaredevilTeam1,1741938855911,3,29153,27265,87459,2.3333333333333335,0,7,7,3,SUCCESS,29153,gYJZQSDtTZ-_HHdXHDfTHw
615,GenerativeNotation#1260,1742353525719,3,29175,28724,87527,0.0,0,0,0,5,SUCCESS,29175,qc3frsawSYiRf9-vWsmVqw
616,SecureTheory#8903,1742045371086,3,29177,21672,87531,3.3333333333333335,0,10,10,2,SUCCESS,29177,1LpusBAfTUOl8xjP-y37yQ
617,FiniteArgument#3924,1738607142685,3,29221,28922,87663,0.0,0,0,0,1,SUCCESS,29221,3fpAJZC3RVauPuPURZbwKA
618,UpgradedSequence#4567,1742285228134,3,29239,29186,87719,0.0,0,0,0,1,SUCCESS,29239,jeAth30nSwqAh9Mm_N0tRw
619,CyberneticParameter#2735,1738148255456,3,29241,28989,87723,0.0,0,0,0,2,SUCCESS,29241,XILmN1a7S0a5E5wYDGfPrw
620,UpgradedPackage#1616,1741652080414,3,29242,28997,87727,0.0,0,0,0,1,SUCCESS,29242,q7_p9ZGKRiONfcw461IGcQ
621,DEGi-G7,1738250167113,3,29243,24671,87729,1.6666666666666667,0,5,5,1,SUCCESS,29243,7gAgjb4kQNCTYRjUhyySdg
622,SequentialRequirements#9406,1737418500107,3,29263,28992,87789,0.0,0,0,0,1,SUCCESS,29263,wJQelq6aSdmXZ0HpVkw0Og
623,Thulani-Ryder,1741706910897,3,29284,28994,87854,0.0,0,0,0,5,SUCCESS,29284,wusnWZdGTuCHABL30lO4dA
624,ImmutableUpdate#7533,1736669707966,3,29285,28935,87856,0.0,0,0,0,1,SUCCESS,29285,G3YPMtWXS0a6_MF30oINzQ
625,lpsofia,1736965790672,3,29287,22461,87862,2.3333333333333335,0,7,7,5,SUCCESS,29287,6-TutnWpSpmJcG0QAmdA3A
626,Zero-dayPresentation#7163,1742097388734,3,29288,29258,87864,0.0,0,0,0,1,SUCCESS,29288,mpZrJG9oTNqwFfbU5uh5iQ
627,PythonPoint#5054,1741278475165,3,29308,28986,87926,0.0,0,0,0,1,SUCCESS,29308,bauaNYk2TBq84edUTxw0UA
628,CurlyLambda#5532,1738610825430,3,29310,21606,87930,2.3333333333333335,0,7,7,2,SUCCESS,29310,RX7uljtFTL6gKImLdWUqtA
629,VirtualNetwork#6718,1738038448209,3,29331,29131,87993,0.0,0,0,0,1,SUCCESS,29331,Y3Erp-J2QsmyZIYRPHzDOA
630,UnicodeDigit#5420,1737001750219,3,29335,29001,88005,0.0,0,0,0,3,SUCCESS,29335,2WrNNb4PQfyp-wv_5bIrng
631,ParametricLoop#5093,1741354137564,3,29351,29320,88054,0.0,0,0,0,1,SUCCESS,29351,6IulW_bNTsOZ6Ofg2qReNw
632,ApipHamilton,1738824633685,3,29370,23731,88111,2.0,0,6,6,5,SUCCESS,29370,-QIhD2cZR1SrBYJ6FdO5LQ
633,SquareNode#9750,1742362416038,3,29374,29139,88123,0.0,0,0,0,1,SUCCESS,29374,lxVxltfNQsqQAxUjKUNrpQ
634,VirtualGlyph#7165,1739304043844,3,29375,29196,88127,0.0,0,0,0,1,SUCCESS,29375,81UcWL6uTx2QFa1ZyLb0CQ
635,BetaOrder#1810,1736854464855,3,29375,29200,88125,0.0,0,0,0,1,SUCCESS,29375,9mKYA9_7RVCMHFe3AIbFdQ
636,WebSemicolon#2645,1741386361934,3,29397,29066,88192,0.0,0,0,0,2,SUCCESS,29397,lSwhGZPjRsaC6PINg44rqw
637,AbstractWorkaround#4856,1742293715672,3,29420,28923,88260,0.0,0,0,0,1,SUCCESS,29420,T3yp2RKMRpOybkrzVJPVCg
638,NothingSomething,1742368525264,3,29426,27664,88278,1.3333333333333333,0,4,4,1,SUCCESS,29426,LFs4PDdnTyiHMNDKHDccew
639,CreativeScript#2878,1738822923295,3,29442,28934,88328,0.0,0,0,0,1,SUCCESS,29442,5lXhFz19RACWQ3gDpmsWZw
640,ReferenceSpec#9762,1736383948329,3,29443,28465,88330,0.0,0,0,0,2,SUCCESS,29443,k28sm3W2T2OuDNHIUFTQdg
641,UsablePointer#5042,1741261780525,3,29506,29327,88519,0.0,0,0,0,1,SUCCESS,29506,_thmwzO4RBOHExl3cLfjEw
642,DesktopTester#5508,1741588347299,3,29508,29203,88525,0.0,0,0,0,1,SUCCESS,29508,qmYzaY2RSnKUz014DXGzQQ
643,AtomicEvaluation#1747,1738008747287,3,29552,28865,88657,0.0,0,0,0,2,SUCCESS,29552,4494vLwiRw-IXTjY5ZKuBA
644,GlobalScope#6999,1739970706832,3,29574,29466,88723,0.0,0,0,0,1,SUCCESS,29574,ERDXku-uQYC0NPsa5vKVGA
645,ArtificialSemicolon#9945,1738485876287,3,29597,27671,88791,2.0,0,6,6,4,SUCCESS,29597,0rKPXN_MQ_elpW9aTaZrFQ
646,ProcessingDocumentation#5914,1736776576167,3,29621,29207,88864,0.0,0,0,0,1,SUCCESS,29621,ken0Vd06TzWzShSz-oUDKw
647,ProgrammingNumber#3315,1738318903477,3,29642,29335,88927,0.0,0,0,0,2,SUCCESS,29642,Nz7B9CX6QeKLwZJmMKXgTw
648,MechanicalEvaluation#2705,1736508548011,3,29644,25926,88933,1.6666666666666667,0,5,5,3,SUCCESS,29644,0vSi8WC2RuWm3NKZAQqtJg
649,UpgradedSystem#3809,1738429439209,3,29664,23868,88992,3.0,0,9,9,3,SUCCESS,29664,tz7W7p2_Rga4RC4m-uRPWQ
650,CyberneticGrid#8373,1741707674903,3,29684,29260,89054,0.0,0,0,0,2,SUCCESS,29684,1euheFJjQR-EqKOZnpR0vA
651,NTI-G1-Member1,1738743075455,3,29685,28665,89056,3.0,0,9,9,2,SUCCESS,29685,RRWzyFyqQYOzByxvMJLeew
652,CleanPresentation#2116,1741943155189,3,29685,29530,89057,0.0,0,0,0,2,SUCCESS,29685,P3MucpWzT3OUaAlt-a_jIA
653,StructuredTester#3653,1736800843619,3,29686,29537,89059,0.0,0,0,0,1,SUCCESS,29686,J92M3zPCTOigN1rcaF0KAA
654,AbstractGlyph#0472,1736513718402,3,29686,29658,89059,0.0,0,0,0,1,SUCCESS,29686,p-muOAiFQU-mHXGhlcTzFg
655,QualifiedHacker#5112,1736248557391,3,29687,28731,89062,0.0,0,0,0,1,SUCCESS,29687,6_rNrTl5R92WBhwSVKdHRw
656,FunctionalFunction#1574,1740008836437,3,29707,29602,89123,0.0,0,0,0,1,SUCCESS,29707,qkyTgwcuQhyyl_euROk2hQ
657,NDix-2025,1738508604206,3,29710,23671,89131,3.0,0,9,9,1,SUCCESS,29710,G5jpFvXhTeiPc0_X_bBdiw
658,AutomatedDescriptor#6962,1741167075900,3,29729,28872,89188,0.0,0,0,0,1,SUCCESS,29729,1SLChdf1RlGkYgYPakKU6A
659,ProvisionalMethod#5107,1737448227958,3,29730,29530,89190,0.0,0,0,0,10,SUCCESS,29730,qPjO-t7ARS-cgx9EqlNrhQ
660,NumericExpression#4635,1739805765390,3,29730,21202,89192,1.3333333333333333,0,4,4,2,SUCCESS,29730,jlXROc0lS9apv8dgCQEs9Q
661,suresh,1739520558532,3,29732,29658,89196,0.0,0,0,0,1,SUCCESS,29732,3gIpZDiqRpq6vg7ND0SrGQ
662,RocketZone#7359,1736283359222,3,29753,29532,89261,0.0,0,0,0,1,SUCCESS,29753,FSpLGIe5Sue5sIPsJ7KM-Q
663,AtomicFunction#4129,1737787199618,3,29755,29325,89266,0.0,0,0,0,3,SUCCESS,29755,6b30DqPNT-2uHuLJO5MOkg
664,10xFix#7017,1740658624699,3,29774,29389,89323,0.0,0,0,0,2,SUCCESS,29774,GcyWEuVfQsi8PNMakZxKFg
665,WebBreaker#8318,1741082831738,3,29775,28134,89327,0.3333333333333333,0,1,1,1,SUCCESS,29775,PnRoXdMYTyK0eciLll4dxQ
666,FuturisticByte#0463,1742329649297,3,29776,29529,89328,0.0,0,0,0,1,SUCCESS,29776,ZfpTdQGiQLiPhSRyvi0lXw
667,FormulaicDataset#1158,1737070474416,3,29776,29720,89330,0.0,0,0,0,1,SUCCESS,29776,X44bMDs9RWGMBx8Anm1vzg
668,AutomatedClass#2744,1736486742613,3,29797,29387,89391,0.0,0,0,0,1,SUCCESS,29797,9zoGiBvWSj2V3T2U2N1MHw
669,InteractiveSwitch#5670,1737038653952,3,29797,29731,89391,0.0,0,0,0,2,SUCCESS,29797,UDJ7qSotRWm85H04tjtGXw
670,DeepLanguage#0305,1742202539027,3,29798,28597,89395,0.0,0,0,0,1,SUCCESS,29798,teB-ta-6TRyR5FWJcGPElw
671,AlphaCharacter#0818,1739557282383,3,29817,29598,89452,0.0,0,0,0,3,SUCCESS,29817,8tVrlmekShOWuD-8VO4z7g
672,DesktopSpec#8152,1736966407584,3,29818,29664,89455,3.0,0,9,9,3,SUCCESS,29818,YoPTL_jKRYqHszuVpK0KWQ
673,Asmae,1741184717471,3,29860,29275,89581,0.0,0,0,0,1,SUCCESS,29860,pglUnJ14Tqi9N3Nx3nP4sA
674,ImportantScript#4677,1740075919548,3,29862,29784,89588,0.0,0,0,0,4,SUCCESS,29862,_JbEPD2pSKy95CcBLoq9YQ
675,Zero-dayRequirements#5512,1740574785220,3,29863,29796,89590,0.0,0,0,0,2,SUCCESS,29863,O-jOUTRYQRSsEUDH4YMS_w
676,MemoryExpert#8214,1739812740156,3,29864,29732,89594,0.0,0,0,0,1,SUCCESS,29864,SAV0VT_CR6CtT8AvfVlU1Q
677,NeuralFunction#7383,1740666111447,3,29865,29668,89595,0.0,0,0,0,1,SUCCESS,29865,XEk8v_lQT0meCYS2tdehZw
678,UrgentByte#6690,1739401931345,3,29884,29788,89654,0.0,0,0,0,1,SUCCESS,29884,cVGfdcpDQ_abHCyB_YbnMw
679,JavaBreaker#5171,1742194208236,3,29908,29590,89724,0.0,0,0,0,1,SUCCESS,29908,RzguSb_ZQ-S93gZj6UIyrw
680,ParametricSystem#3621,1742348450348,3,29909,29603,89727,0.0,0,0,0,1,SUCCESS,29909,SEOub08HRPmteSk2JMepwQ
681,BigArgument#2151,1742327955370,3,29931,29927,89795,0.0,0,0,0,1,SUCCESS,29931,a-4FOkSPSzqYKNWXXdqm7w
682,CurlyUpdate#6821,1738623562782,3,29932,29528,89796,0.0,0,0,0,1,SUCCESS,29932,5fdKfHy7RtWub51qgh_Lyw
683,AsynchronousHypothesis#1495,1739034689110,3,29952,29860,89856,0.0,0,0,0,5,SUCCESS,29952,jgNSvfkQRVWkihseoE4vHw
684,FiniteContext#2732,1736390638069,3,29952,29803,89856,0.0,0,0,0,2,SUCCESS,29952,v0rwqDXLSDmnfKAjohy7BQ
685,AbstractPointer#0519,1741271382095,3,29953,29402,89860,0.0,0,0,0,4,SUCCESS,29953,NpCRkBiCTZuVM6WVR4jOww
686,ConnectedWorkaround#3111,1737402394881,3,29996,29334,89990,0.0,0,0,0,1,SUCCESS,29996,ejRRVZPqSMSfCLAY6tq0gQ
687,CNZX-JKL,1742291141278,3,30021,27937,90065,3.3333333333333335,0,10,10,1,SUCCESS,30021,mtipA9ksSjq_Yaivj0liRw
688,10xTech#4940,1741808437507,3,30021,29664,90064,0.0,0,0,0,1,SUCCESS,30021,LVgi4KftTOOe4SagZdaCOQ
689,PythonNotation#5802,1738881391339,3,30041,29532,90124,0.0,0,0,0,1,SUCCESS,30041,cCcXuVHfSZyr2huhgJl7-Q
690,GenerativeTest#2800,1741091814041,3,30043,20731,90130,1.6666666666666667,0,5,5,4,SUCCESS,30043,O3ZFfs66TOe7fceM7YpJkw
691,CleanFunction#6524,1739816541833,3,30043,29194,90129,0.0,0,0,0,1,SUCCESS,30043,I7RZpJeTQXWAo2M7NNbGuA
692,StructuredMachine#9759,1739396264608,3,30064,29990,90193,0.0,0,0,0,1,SUCCESS,30064,Bycya-A_ScGvCCrM0EvGyg
693,HelpfulComment#4355,1738747055331,3,30086,29934,90259,0.0,0,0,0,3,SUCCESS,30086,c8gLwjawRkeHSlGnZMr96g
694,PathingPresentation#4355,1739889583060,3,30086,28326,90259,0.6666666666666666,0,2,2,2,SUCCESS,30086,pke8Q3BuRom8Hqfq0HMB5w
695,SecureSchematic#8906,1739304164853,3,30086,29996,90259,0.0,0,0,0,1,SUCCESS,30086,KRFr1e5GSLmMABaxheHM5g
696,HashableAbstraction#6700,1741773526245,3,30088,29731,90264,0.0,0,0,0,1,SUCCESS,30088,szNzu9n5RuecFtja8_WpIA
697,EncryptedMethod#1732,1740570949837,3,30089,28806,90267,0.0,0,0,0,1,SUCCESS,30089,Bzym-ezpSlWdTZFqfbpW0w
698,QuickAnalyst#5788,1736974431317,3,30091,29397,90274,1.0,0,3,3,2,SUCCESS,30091,LuJ69rDdTduY3rcG8ll3dQ
699,PrototypeCommand#5801,1740665836342,3,30130,29797,90392,0.0,0,0,0,1,SUCCESS,30130,cX8LOAo2RpKMNzrgIcQrJg
700,RobotContext#2372,1740572880235,3,30130,29996,90391,0.0,0,0,0,3,SUCCESS,30130,BtPsv3f_RWiPPKUW7qDQjg
701,SequentialBottleneck#3243,1736483578543,3,30134,29407,90402,0.0,0,0,0,1,SUCCESS,30134,YEhqiTJoRN-FYS3GK3tlsw
702,FocusedArithmetic#9694,1739292734836,3,30153,29739,90460,0.0,0,0,0,1,SUCCESS,30153,3N7aS7F3Td64r2dsi-LPeg
703,TabletDescriptor#8253,1736509210936,3,30154,30069,90464,0.0,0,0,0,1,SUCCESS,30154,zMFMkAx7Rc2t2RYu2YIw9g
704,ProcessingUpgrade#2972,1741266828486,3,30172,28255,90518,0.3333333333333333,0,1,1,7,SUCCESS,30172,SYP7f5lkSyaVkTGLmGuWjw
705,ImportantArithmetic#9415,1740677014998,3,30173,17857,90521,3.3333333333333335,0,10,10,2,SUCCESS,30173,xUn3HXBGTfywowo39qrOXA
706,TopGRacer#8889,1736470755504,3,30177,27931,90532,2.3333333333333335,0,7,7,1,SUCCESS,30177,xOrnIcTTQ4ySmRsVfZ8rtw
707,PassingTable#6962,1740764326895,3,30196,30060,90588,0.0,0,0,0,1,SUCCESS,30196,ATrNzF9DRpKLK83dbFkhHA
708,UpgradedCharacter#8942,1741878454054,3,30196,29856,90589,0.0,0,0,0,1,SUCCESS,30196,hEyaaeR3TwCxYiGx0Wb6kA
709,PrototypeClass#9314,1737729841257,3,30197,29864,90593,0.0,0,0,0,2,SUCCESS,30197,DKLpPJBzTL-MKVDUz-0ToA
710,FocusedHacker#2826,1736395097539,3,30240,30133,90722,0.0,0,0,0,1,SUCCESS,30240,pMS39aMLQJ6c5mWX2j5UWw
711,CodePresentation#2052,1739575154147,3,30241,29800,90725,0.0,0,0,0,1,SUCCESS,30241,PgvTy9FhSzuLYha48RqwBw
712,ProcessingArgument#8313,1741880568912,3,30242,29928,90728,0.0,0,0,0,1,SUCCESS,30242,DcFiF4jHS_2kJVFi1mjqmw
713,CyberneticTest#4701,1741333183499,3,30265,30003,90797,0.0,0,0,0,1,SUCCESS,30265,HfDy8oL9RZOK-XH_WJJ5UQ
714,nicoscience,1737266617822,3,30285,30122,90855,0.0,0,0,0,2,SUCCESS,30285,mUvpQ3ZiT-K6byWx3IrIHA
715,RocketInterface#7045,1736871242503,3,30285,28457,90857,0.3333333333333333,0,1,1,1,SUCCESS,30285,LXvBNzlBRRy3cRgs47N00w
716,LoopingSchema#6255,1736252031941,3,30288,26068,90865,2.6666666666666665,0,8,8,1,SUCCESS,30288,lHnjfhuAQ9y_vhHVUr0PyQ
717,HigherValue#7667,1737996537892,3,30308,30191,90924,0.0,0,0,0,1,SUCCESS,30308,v4SARpW8QJ6GDJMmwjsYIA
718,PathingLog#0660,1740470256704,3,30308,28268,90926,0.3333333333333333,0,1,1,1,SUCCESS,30308,5EkIDjUeS8GTdsVvXfqapQ
719,InteractiveNamespace#9782,1737578993471,3,30352,30200,91056,0.0,0,0,0,1,SUCCESS,30352,mpDlDyXSQUS213gJBNDfWw
720,Dania,1741564043096,3,30353,29866,91061,0.0,0,0,0,2,SUCCESS,30353,mlxxmKIBRJ-pvpRlJddh9w
721,dr-teacher-3,1738566077345,3,30373,24600,91121,3.0,0,9,9,1,SUCCESS,30373,4lbfHeDLSW-cDXgVdmklgQ
722,NullPatch#0480,1742265981371,3,30376,30328,91128,0.0,0,0,0,2,SUCCESS,30376,J_BcUkW3TaG1031iaAdxyQ
723,AtomicParameter#7458,1738452646399,3,30397,30137,91191,0.0,0,0,0,2,SUCCESS,30397,7n6mlrVyS163ftb_xf8zWQ
724,CompletePointer#8015,1741104321403,3,30400,30073,91200,0.0,0,0,0,1,SUCCESS,30400,mEEiBiaZRWGTNvIoe-T5tg
725,WebCallback#3369,1741896953449,3,30419,29532,91259,0.0,0,0,0,2,SUCCESS,30419,2o-N59hyTLmDNu50H1bxfA
726,AndreaOquendoAraujo,1742275729411,3,30441,30329,91325,0.0,0,0,0,1,SUCCESS,30441,HADxzDZGSk61dFEQ23oKjw
727,FiniteNetwork#9476,1741435680820,3,30508,30396,91525,0.0,0,0,0,1,SUCCESS,30508,yQFNFXNdRSmIDFpEYtVieg
728,IterativePackage#0212,1738264679491,3,30509,29997,91528,0.0,0,0,0,2,SUCCESS,30509,sII9ByMEQf-BrRRprS1Ccg
729,IterativePresentation#7879,1742092245185,3,30509,29933,91528,0.0,0,0,0,1,SUCCESS,30509,Z-_YbiR-RdOb-9r-MaLiUA
730,TabletModel#0927,1739304026346,3,30529,30269,91589,0.0,0,0,0,1,SUCCESS,30529,FM0oxbbURymuF7HdemDbbg
731,WebArray#7487,1739304039719,3,30551,30335,91655,0.0,0,0,0,1,SUCCESS,30551,Mi8BCjQsQvmlzamJZLP1AQ
732,BrainyMethod#1001,1741926656687,3,30552,30467,91658,0.0,0,0,0,1,SUCCESS,30552,P731WjIgQSG1PrG2nlUkDg
733,AccessibleDelta#9064,1737223344786,3,30553,30527,91661,0.0,0,0,0,1,SUCCESS,30553,sx-vNhksQHCSp9SIQnHJcw
734,CleanMethod#4630,1742291302778,3,30574,28868,91724,0.3333333333333333,0,1,1,3,SUCCESS,30574,TAg86SnBREyl_vbQACuQVA
735,SequentialRequirements#7320,1736383871040,3,30597,29802,91793,0.0,0,0,0,2,SUCCESS,30597,i2zo_b7kRdSpzYfKThtZ-g
736,UnboundNode#8611,1737504677498,3,30597,30536,91791,0.0,0,0,0,1,SUCCESS,30597,GWWcwyLfQz6AXrU3bVzS8g
737,HKZK,1742338713823,3,30641,27932,91925,3.0,0,9,9,3,SUCCESS,30641,x7qQCfY-RlGxu-Xlveacmg
738,BackloggedDebugger#0359,1741720680704,3,30642,30256,91926,0.0,0,0,0,1,SUCCESS,30642,qoQDa9xJSR-m6YDxZolxBQ
739,ComplicatedToken#0775,1739451540929,3,30644,30204,91933,0.0,0,0,0,6,SUCCESS,30644,bWpzS_2SS3eY5PNAGm73ig
740,UnboundEngineer#7129,1738272739499,3,30686,30135,92058,0.0,0,0,0,1,SUCCESS,30686,rVcM6liHTZGFc5a8Wtwwrg
741,PassingFormula#7108,1738650862728,3,30707,28464,92123,3.3333333333333335,0,10,10,1,SUCCESS,30707,3ACmz1SPR16HXYjNxog1eQ
742,Connected486#2379,1741859214791,3,30728,30723,92186,0.0,0,0,0,1,SUCCESS,30728,kTVl60o6QH-s4bBrZtBzUA
743,LeetZone#4018,1736841986686,3,30753,30666,92260,0.0,0,0,0,1,SUCCESS,30753,6hMH2rlETbuQaXLMmjzeZw
744,FuturisticError#1646,1737694584196,3,30796,30529,92389,0.0,0,0,0,1,SUCCESS,30796,u3v6vKvaSyKnazYdEN0Mtw
745,ComplexNetwork#4324,1738611257447,3,30799,30599,92398,0.0,0,0,0,1,SUCCESS,30799,6jGTmblNRu6W4Hjd88njGw
746,NullLambda#6957,1738479453743,3,30822,24793,92468,3.0,0,9,9,2,SUCCESS,30822,u-cE4xADTYO1k8TUKfuQUg
747,SequentialMethod#9457,1738328002258,3,30841,30334,92523,0.0,0,0,0,1,SUCCESS,30841,BQlI77RtR-uq0FwqMjKdYQ
748,StructuredOrder#8649,1740363764282,3,30842,30599,92526,0.0,0,0,0,2,SUCCESS,30842,9CkSowBQSZKrACM6w5AK2g
749,Kotone-Matsutani,1736957395234,3,30886,22867,92659,3.3333333333333335,0,10,10,6,SUCCESS,30886,ekQ2DfWtTPiIARwP_fhpaQ
750,UpgradedArithmetic#9302,1737155736768,3,30952,30141,92857,0.0,0,0,0,1,SUCCESS,30952,2Nhkyaq_R_CEH4qLrfwpag
751,jana,1737577113216,3,30973,30866,92921,0.0,0,0,0,1,SUCCESS,30973,JrtPbUy9QHqYJ5OJ-Rwqew
752,ContinuousPresentation#7783,1742229216667,3,30975,29934,92925,0.0,0,0,0,1,SUCCESS,30975,BTc43fHsRuereYpOa3h_nw
753,EUI--G8,1738148644490,3,30995,30790,92985,0.0,0,0,0,2,SUCCESS,30995,wh0rSLaZS8-E_JxfLt1NcQ
754,10xCircuit#1435,1741844775374,3,30997,29139,92992,0.3333333333333333,0,1,1,2,SUCCESS,30997,TfCZmQllS66o33weaKyEeQ
755,GammaState#1727,1736791639366,3,31063,30799,93190,0.0,0,0,0,1,SUCCESS,31063,2dlZTitnSL-5oZbEeajDAQ
756,PrototypeDelta#3340,1737521367812,3,31065,30932,93195,0.0,0,0,0,1,SUCCESS,31065,ihAr-31wQpiOdB8WxJr39g
757,NumericNamespace#3940,1736551538739,3,31084,30532,93254,0.0,0,0,0,1,SUCCESS,31084,plc_fZaMREW-3af5BsSrQQ
758,ReferenceComment#1363,1741885871839,3,31089,29260,93267,0.3333333333333333,0,1,1,1,SUCCESS,31089,rfuOphrhSUek3aTib4ShNA
759,ProvisionalCommand#2235,1740649716609,3,31108,30993,93325,0.0,0,0,0,1,SUCCESS,31108,uwlQNFFzTHKJJAbaTdPnzg
760,UnboundEnvironment#4978,1741920958954,3,31130,18998,93392,2.3333333333333335,0,7,7,2,SUCCESS,31130,LCe61DOUSj6VCH-8n42tfA
761,ContinuousEnvironment#1629,1741726416462,3,31130,30734,93390,0.0,0,0,0,13,SUCCESS,31130,peaBn5OCReqY53hWyTiXhQ
762,ParametricZone#4634,1740497166690,3,31152,28598,93458,0.6666666666666666,0,2,2,2,SUCCESS,31152,4hzn4MQkSgCnS7HRU-sh8g
763,PachecoAparicio,1739808691551,3,31153,29002,93460,0.3333333333333333,0,1,1,2,SUCCESS,31153,bHQN3Zt8RD-PaFRq_8X4Sg
764,ChenchoVi,1739793193983,3,31175,25857,93526,3.0,0,9,9,3,SUCCESS,31175,rkb_qi2cRTy5i1TpjgjT_w
765,FiniteLambda#5591,1740163841828,3,31175,30532,93525,0.0,0,0,0,1,SUCCESS,31175,YZCBd6LAQfmL7EkKAEWA3Q
766,NTi-G8,1738515620704,3,31196,28197,93589,2.6666666666666665,0,8,8,3,SUCCESS,31196,EC4FpJONSnmSV4qw7J8Feg
767,BrainyFunction#1737,1741333023156,3,31197,22397,93593,3.6666666666666665,0,11,11,2,SUCCESS,31197,KZQoxWDJTmqON0nG8Dlv6w
768,UpgradedDigit#3440,1738995058625,3,31198,23672,93595,3.3333333333333335,0,10,10,2,SUCCESS,31198,XvpnRNsFQFOQGcBLY7f5Gw
769,ComplexGame#9312,1740675079668,3,31198,28934,93595,3.3333333333333335,0,10,10,1,SUCCESS,31198,qTZaMeOdQGS-uETP6z8ywg
770,PassingDataset#4650,1740431936133,3,31219,20662,93658,3.0,0,9,9,6,SUCCESS,31219,kbA54M9xSzaPQidiBe2mCA
771,FormulaicGrid#8112,1740892199451,3,31220,30997,93660,0.0,0,0,0,1,SUCCESS,31220,qWQz2IZ_QpOGo5p_WW9SZA
772,ASCIITag#2893,1737264736123,3,31240,31068,93722,0.0,0,0,0,1,SUCCESS,31240,Y5CqpkhxT6yhZ6Y6MOk5qQ
773,PrimeTable#2918,1736875040963,3,31244,23863,93733,3.3333333333333335,0,10,10,4,SUCCESS,31244,BYcXufpQRA6WSTjjY4Pjiw
774,PrimeModel#3387,1741920989354,3,31263,26255,93791,2.0,0,6,6,2,SUCCESS,31263,6EZrL-C6SsaMrv-12_jmIg
775,ConnectedSystem#5725,1740101309831,3,31263,31132,93789,0.0,0,0,0,2,SUCCESS,31263,hKnhoABbRT6wYf2GZ2cG_w
776,KidnDadITSoup,1739299503448,3,31263,31072,93790,0.0,0,0,0,2,SUCCESS,31263,obWYMKhSQCi71-QdjIlr-w
777,ASCIIComment#8663,1739303765205,3,31284,30728,93852,0.0,0,0,0,1,SUCCESS,31284,V1wwrKD9TeSK5zcwz5zrkA
778,ProcessingDocumentation#6803,1741589917312,3,31286,29535,93858,2.3333333333333335,0,7,7,4,SUCCESS,31286,UUHRxbzEQEiFWQf0lNWvLg
779,ConnectedClass#2350,1740780927994,3,31308,30994,93924,0.0,0,0,0,1,SUCCESS,31308,cMgJZ_b9SWawI31NDvrJMg
780,WebEvaluation#7453,1737122704243,3,31308,30992,93925,0.0,0,0,0,1,SUCCESS,31308,EHLh5BuBRXWf7c2yygwQ0Q
781,Immutable486#1827,1738626166142,3,31308,28326,93924,0.6666666666666666,0,2,2,1,SUCCESS,31308,37JfX451TWuQpIMkXxaFLw
782,goesto11,1741297124709,3,31308,23923,93926,1.3333333333333333,0,4,4,5,SUCCESS,31308,RtmBImUbRdKysGZIxFCkiQ
783,ComplexSystem#4966,1740574000492,3,31310,26064,93930,3.0,0,9,9,1,SUCCESS,31310,d83c0CnNQLuMBPYnOEwM2w
784,StructuredNamespace#8914,1739866867210,3,31331,31066,93994,0.0,0,0,0,3,SUCCESS,31331,a0kPYRlJQRGEKyINvZBLsg
785,BackloggedAttention#5611,1741405448994,3,31333,27731,93999,0.6666666666666666,0,2,2,1,SUCCESS,31333,8NV5Q7ZlRzmtCX9T7W_asQ
786,QualifiedObject#8553,1737691361996,3,31352,31262,94058,0.0,0,0,0,1,SUCCESS,31352,QenBgQ9UQqKE5cJRUvttdQ
787,CriticalDescriptor#4438,1739722969723,3,31352,29328,94058,0.3333333333333333,0,1,1,2,SUCCESS,31352,VoNBzlqfS2mDoa0uQXT3Rw
788,BackloggedCallback#1294,1736853625872,3,31352,30989,94056,0.0,0,0,0,1,SUCCESS,31352,pVRP162fSXGIFivQc9IfOg
789,NumericByte#7130,1740151318860,3,31352,23124,94058,2.6666666666666665,0,8,8,1,SUCCESS,31352,JO2h3NJ9Tqa8S2AX2ymcZw
790,CyberneticFunction#9175,1740576231929,3,31397,30730,94192,0.0,0,0,0,1,SUCCESS,31397,GlwLAwUdQgazhEuS6WjPzg
791,UrgentMachine#8552,1738864566920,3,31442,29462,94326,0.3333333333333333,0,1,1,1,SUCCESS,31442,RDZmH5f9Q0edvICSTbHBvw
792,InfiniteToken#7205,1738010160374,3,31443,28860,94331,1.6666666666666667,0,5,5,2,SUCCESS,31443,uZapBGBzSNK5YeIsrD7yeg
793,NumericDigit#9866,1736793170831,3,31463,30665,94391,0.0,0,0,0,4,SUCCESS,31463,4xfRG2tERE2DLGEE6ZlyeQ
794,CyberneticCircuit#9799,1740882500731,3,31464,29599,94392,0.3333333333333333,0,1,1,1,SUCCESS,31464,km3Hp5ALQPyagJg4r5xrjg
795,FocusedAttention#0816,1736309748881,3,31485,31268,94457,0.0,0,0,0,1,SUCCESS,31485,fQAlLA2HR8mIZx-2TXG4VA
796,StructuredNamespace#2135,1741582697220,3,31487,30868,94462,0.0,0,0,0,3,SUCCESS,31487,sl7ow7jcTX-46dgv4EudWg
797,Jlamb,1742185119671,3,31489,29471,94467,0.3333333333333333,0,1,1,2,SUCCESS,31489,PnamIueaQ1el3dX1OsJ73g
798,ContinuousBuster#2332,1736275254636,3,31507,31199,94522,0.0,0,0,0,1,SUCCESS,31507,dM70ARhCQt6FLB9xShypXQ
799,Raffikis,1736796142788,3,31508,27729,94526,0.6666666666666666,0,2,2,2,SUCCESS,31508,6P1ZWjtnR4CchfBq8oiWeg
800,SecureTest#6993,1738671635731,3,31509,30395,94529,1.0,0,3,3,1,SUCCESS,31509,XVkNS3nLQQi3r7qHq2U_Ng
801,Fenwia,1742369380032,3,31510,25069,94530,2.3333333333333335,0,7,7,1,SUCCESS,31510,YXIFbR3DRIe15Divgw_7eg
802,RocketResource#5887,1736903996981,3,31530,30935,94590,0.0,0,0,0,3,SUCCESS,31530,Tt5VvAElRgqYHD61VjG9AQ
803,MemorySwitch#8382,1740678123995,3,31530,22664,94591,3.6666666666666665,0,11,11,2,SUCCESS,31530,3mbNxYnrQVetHmjwMLeIHA
804,AsynchronousInterface#3529,1739825899952,3,31531,31268,94595,0.0,0,0,0,1,SUCCESS,31531,aOcWWJd7RbimgHA5lKlR6w
805,ProvisionalDeadline#6799,1738682833932,3,31555,26121,94666,3.0,0,9,9,3,SUCCESS,31555,mYUHFlZQSuaGecQgvsS5UQ
806,CriticalDebugger#6675,1740660181177,3,31557,27663,94672,3.6666666666666665,0,11,11,1,SUCCESS,31557,Iwh2qEGUSWuyt-XgTSXv7Q
807,GlobalPatch#7935,1736420914687,3,31575,29866,94727,0.3333333333333333,0,1,1,1,SUCCESS,31575,033ZADEwRBCYrcJECEoqsA
808,MobileToken#1317,1742122534357,3,31619,30797,94859,0.0,0,0,0,1,SUCCESS,31619,G7i9eZQPRNGBbj8Zacal9g
809,LoopingGrid#4673,1736936719222,3,31620,31591,94860,0.0,0,0,0,2,SUCCESS,31620,gceflZyHQT6cHWMOotkWmQ
810,SequentialDocumentation#7412,1740660083695,3,31641,28010,94923,3.6666666666666665,0,11,11,1,SUCCESS,31641,wb3Qa5DiTCmYLb-JLVZNCQ
811,guivifra,1739807181078,3,31664,31600,94992,0.0,0,0,0,2,SUCCESS,31664,1-EUnmnXSMuggiXsi9mNkg
812,AccessibleBooster#6345,1740137736936,3,31688,29860,95065,0.3333333333333333,0,1,1,1,SUCCESS,31688,sSrIOiJqRNCe7rS_zZsnXg
813,NeuralError#7823,1738049673198,3,31709,29936,95128,0.3333333333333333,0,1,1,3,SUCCESS,31709,QCz3-oVOSNOc6i1_QUipfA
814,DigitalZone#5085,1736532897112,3,31727,31192,95181,0.0,0,0,0,1,SUCCESS,31727,_VOnikT8RxWLCUzDOeTCXQ
815,FormulaicPackage#0617,1738030158245,3,31731,25337,95195,3.0,0,9,9,13,SUCCESS,31731,Zt0YblzrTby1HodleJ9c5A
816,cnzxcbj,1742291146470,3,31775,27530,95325,1.3333333333333333,0,4,4,1,SUCCESS,31775,L1fauxp1Tb69Y15P5HmUkw
817,BrainyComment#9978,1741947202217,3,31798,31791,95396,0.0,0,0,0,1,SUCCESS,31798,FpeBmPxDQ9e1jldTEqK0Zg
818,SquareCommand#0239,1739304577728,3,31804,30203,95414,0.3333333333333333,0,1,1,1,SUCCESS,31804,n295tmZNSCOmeR_XWWa9bg
819,PassingNumber#6645,1737626846744,3,31820,31529,95462,0.0,0,0,0,1,SUCCESS,31820,59WrDjENTeaa3Hm4fyIC6Q
820,AbstractSchema#6376,1736379343004,3,31821,28001,95463,0.6666666666666666,0,2,2,1,SUCCESS,31821,es-_sUJLSwmM6hwZdLsU-w
821,FungibleVariable#3630,1739624187711,3,31821,29857,95463,0.3333333333333333,0,1,1,1,SUCCESS,31821,Yp-g4MbXRGyC7mNj6bSv-Q
822,ProgrammingDocumentation#1173,1740675327694,3,31842,31599,95526,0.0,0,0,0,1,SUCCESS,31842,2geLGzraS92vtBWK4B7L-A
823,SolvableClass#0161,1738362087102,3,31865,31789,95596,0.0,0,0,0,1,SUCCESS,31865,H6l55RzkRx2XAm-6YP9LmA
824,CriticalResource#4482,1741917278293,3,31909,31528,95728,0.0,0,0,0,2,SUCCESS,31909,mr1semdVTy2t0NEZcLaLaw
825,CNZX-HFYa,1742291116006,3,31930,27593,95790,0.6666666666666666,0,2,2,1,SUCCESS,31930,bGfx0Ft0TI-5J1I6Q7VmqA
826,DesktopCommand#7462,1741231199649,3,31932,31852,95798,0.0,0,0,0,1,SUCCESS,31932,wpRYZMxJStaNR6XxS7OofQ
827,Curly486#9171,1736447590510,3,31934,26206,95804,2.0,0,6,6,4,SUCCESS,31934,tFPZ80quTgWOLqXKtQznFA
828,DigitalDigit#6079,1741142398760,3,31952,31729,95856,0.0,0,0,0,1,SUCCESS,31952,NOduUP6zRFqkszGBxSkLAg
829,ForestFlyrTeam6,1741924184691,3,31953,28732,95860,3.6666666666666665,0,11,11,1,SUCCESS,31953,KsHmIoeZQUmeMH3KUuXBwA
830,NeuralGrid#5349,1741885841672,3,31953,31660,95859,0.0,0,0,0,1,SUCCESS,31953,4s_T13seSTyKjz6HycwzVw
831,HelpfulClass#8014,1738213100491,3,31974,31268,95923,0.0,0,0,0,1,SUCCESS,31974,i2iwxkyOT0OsR9dOqFdevw
832,FunctionalHacker#9699,1737038744958,3,31975,29939,95927,0.3333333333333333,0,1,1,2,SUCCESS,31975,PKJ2uNp9Ro-FrxyDONkiXQ
833,UnicodeBrackets#4627,1741636814010,3,31976,31795,95928,0.0,0,0,0,1,SUCCESS,31976,JK03b7LpTamzyBW2eBjqZQ
834,BackloggedLoop#0386,1736397704351,3,31997,20733,95991,3.0,0,9,9,2,SUCCESS,31997,B9tpNn6hQjG2IXrG8XKcLw
835,EUI-G12#2,1738308583650,3,31997,24332,95991,2.3333333333333335,0,7,7,3,SUCCESS,31997,iurgXmYzQP-JOGEAofg3IA
836,PythonToken#8861,1741287763686,3,32062,28399,96187,0.6666666666666666,0,2,2,1,SUCCESS,32062,MltZNslZThC6_-tzdArI_w
837,TabletError#1475,1741969239832,3,32064,28199,96193,0.6666666666666666,0,2,2,2,SUCCESS,32064,TpSLI0oHQ7avUET-KAQu5A
838,BackloggedCircuit#6340,1736982001298,3,32129,31061,96389,0.0,0,0,0,1,SUCCESS,32129,S6B0zgZtR_SPbg7NiGWrJg
839,Guillermo-Bernal,1736976832003,3,32130,19669,96392,3.3333333333333335,0,10,10,1,SUCCESS,32130,shhOqKSHSwCsoahKJJea8Q
840,Rex#8015,1736978754310,3,32131,21999,96394,3.6666666666666665,0,11,11,5,SUCCESS,32131,rvcCsF9lR9y4XDfghA4wtw
841,Zero-daySystem#8506,1741301923660,3,32149,31271,96449,0.0,0,0,0,1,SUCCESS,32149,1sAEEjKOT4CbvM5tkQTuog
842,CNZX-TS,1742291151857,3,32154,23268,96462,2.6666666666666665,0,8,8,1,SUCCESS,32154,94olR6jORx6hPRkSNm7VMg
843,AWS-GopiDesam,1739390669326,3,32199,22804,96597,3.6666666666666665,0,11,11,1,SUCCESS,32199,X9R3rHtUQrCycry34l4_QQ
844,MechanicalError#2050,1738754000412,3,32252,31909,96757,0.0,0,0,0,2,SUCCESS,32252,BlX2wTk3RL-wG3SwfH2T9A
845,IterativeNode#9893,1738181439523,3,32286,31858,96860,0.0,0,0,0,1,SUCCESS,32286,UTYVkGtlRNu2FfL_LG9H5A
846,ThisZone#3190,1741015746778,3,32287,30326,96861,0.3333333333333333,0,1,1,1,SUCCESS,32287,JbzbME3FTjaGi2wVfMgp5Q
847,FunctionalSchematic#5730,1741624883111,3,32307,31938,96922,0.0,0,0,0,1,SUCCESS,32307,zlGGnN4FSOe8tkaiveJ0zg
848,PythonModel#3963,1738421163649,3,32308,28068,96926,0.6666666666666666,0,2,2,1,SUCCESS,32308,KoGEcWGcQfWTJM9vmL761A
849,AndoniGeriano,1736440343045,3,32308,26522,96924,3.0,0,9,9,1,SUCCESS,32308,pp__lGeIT5SGzYYRHLrnpA
850,Memory486#7107,1741883087237,3,32330,30599,96990,0.3333333333333333,0,1,1,2,SUCCESS,32330,kxBSabjmRHW3Hd3dpSf_6A
851,CodeDelta#1163,1740573499640,3,32331,30002,96993,3.3333333333333335,0,10,10,1,SUCCESS,32331,4zku3R13Tjm8KX2IxNwFNg
852,HashableTester#1668,1736939158739,3,32443,30202,97330,0.3333333333333333,0,1,1,1,SUCCESS,32443,b1T446NPRquujI6wLx2xNg
853,FinitePatch#4579,1741183749042,3,32491,30937,97473,0.3333333333333333,0,1,1,1,SUCCESS,32491,TAc-imoSQSyRRyIVHE6Nhw
854,Marcos#IABD,1736977531585,3,32641,30126,97924,2.3333333333333335,0,7,7,5,SUCCESS,32641,LpLoh1cdSVaAu897VVJmzw
855,CleanInterface#5972,1740982177999,3,32663,31731,97991,0.0,0,0,0,1,SUCCESS,32663,jDTUa2aISjSbVOwyjKzs0Q
856,AsynchronousFix#7573,1742217316414,3,32686,32265,98058,0.0,0,0,0,1,SUCCESS,32686,0-LskTYnQ5ahKoDWYq7c4w
857,SriramRajamani,1737575762360,3,32708,26065,98124,2.3333333333333335,0,7,7,1,SUCCESS,32708,CbPyK7b-QWWbF0mekmfVjw
858,EncryptedGrid#6625,1741314044301,3,32730,28798,98192,0.6666666666666666,0,2,2,1,SUCCESS,32730,wT7QTz2tQkGoeatC8zPFbw
859,SecureVariable#1351,1737722504505,3,32732,19669,98196,3.3333333333333335,0,10,10,3,SUCCESS,32732,in98nt_TQIqPAp_OqTqZng
860,CrypticDocumentation#8282,1736211228942,3,32795,32654,98386,0.0,0,0,0,4,SUCCESS,32795,sfZ-dSDJSJSNcbfJIcGASA
861,IntelligentString#3749,1736940266986,3,32799,31668,98397,0.0,0,0,0,1,SUCCESS,32799,L70q6sAIQTKWfWH44JBn8Q
862,FiniteArithmetic#1980,1740376848573,3,32841,32462,98525,0.0,0,0,0,1,SUCCESS,32841,OjEwfwiBRBOMYklCIBEmYQ
863,ProgrammingSpec#7414,1740632054596,3,32884,30601,98654,0.3333333333333333,0,1,1,1,SUCCESS,32884,xYW1DiR6QLeMeN0hR08_5Q
864,TechnicalLoop#7015,1737576005464,3,32998,29600,98995,1.6666666666666667,0,5,5,1,SUCCESS,32998,WhuIvibeT2yyTy_TVBCKbw
865,ProcessingNotation#8477,1739304537052,3,33042,32599,99128,0.0,0,0,0,1,SUCCESS,33042,hrQTpup0Th2UmSrOlP-Qdg
866,HelpfulArchitect#6232,1736487821083,3,33045,26266,99135,3.0,0,8,9,2,SUCCESS,33045,-wIXiYdYQ3OvJiZfRJumcQ
867,GuillermoCity-Garden#8480,1737042567817,3,33086,28255,99258,3.0,0,9,9,1,SUCCESS,33086,7fy1Yvw7RRmxlX9Xt7dttg
868,Zero-dayLambda#9680,1741721319918,3,33132,29596,99398,0.6666666666666666,0,2,2,1,SUCCESS,33132,BjWuXGoIT0OnXutsPmuflA
869,MobileSemicolon#5655,1737040503965,3,33152,32061,99456,0.0,0,0,0,5,SUCCESS,33152,lcChI0ozSFuQb2G7G_AKag
870,EgoRacer-JordiRL-Estatut,1736957470629,3,33217,32800,99652,4.0,0,12,12,4,SUCCESS,33217,e6yL_3-QQQum_FbV_xlP8g
871,MobileSystem#0343,1742323755280,3,33241,30799,99724,1.3333333333333333,0,4,4,1,SUCCESS,33241,d26tXtw2Qs6R8Sn2HjyEBg
872,UrgentArithmetic#6152,1737147143861,3,33264,29264,99792,0.6666666666666666,0,2,2,1,SUCCESS,33264,XwAfZxOAQqiK62FEzimaWA
873,Keenanrw-AWS,1739389724820,3,33398,29533,100196,3.6666666666666665,0,11,11,1,SUCCESS,33398,3xGOR5aJQAuUnTSPknoykA
874,ProgrammingTech#5759,1736955305631,3,33398,31331,100196,0.3333333333333333,0,1,1,2,SUCCESS,33398,O1yXXaKyQgmHBWADp101iA
875,ReferenceCircuit#3751,1738464784621,3,33420,29332,100260,3.6666666666666665,0,11,11,1,SUCCESS,33420,N2mfhn3OQHa7-s2RYnCL_A
876,ContinuousSpec#1893,1741317500664,3,33465,33328,100395,0.0,0,0,0,1,SUCCESS,33465,iD1epG-mRN6jmccUeA-LAw
877,PassingNamespace#9424,1738194122896,3,33508,29601,100525,0.6666666666666666,0,2,2,2,SUCCESS,33508,ofiWcMvYQdeXPQRR4Pjtew
878,BooleanDiff#6185,1739823917609,3,33574,32991,100723,0.0,0,0,0,4,SUCCESS,33574,94q0R4PgQN2xdOQ6SPqvyg
879,BlockchainSchematic#3352,1737916378984,3,33576,29668,100728,0.6666666666666666,0,2,2,1,SUCCESS,33576,GVoxQrUkQoGSmFWamnh1ew
880,TabletServer#3906,1740675089990,3,33620,28394,100862,4.0,0,12,12,1,SUCCESS,33620,uTInPMmwSPKVPHGTK33Y6w
881,deepracer-test-takahashi,1738094039677,3,33620,29127,100861,0.6666666666666666,0,2,2,2,SUCCESS,33620,fS8QVf08TNK_aOn6cO7EKA
882,CreativeTag#3394,1741878541599,3,33642,33200,100926,1.0,0,3,3,1,SUCCESS,33642,e583zeC5QruckCT5pX2otA
883,QualifiedArray#0955,1741572470519,3,33643,33130,100930,0.0,0,0,0,1,SUCCESS,33643,WpgE7kXgTWWeHot-M91aNA
884,AutomatedDeadline#4284,1736991070975,3,33774,32866,101324,0.0,0,0,0,1,SUCCESS,33774,JyJymY1KRWO2PUaDoFjG3A
885,HelpfulMachine#3037,1736881183217,3,33775,19387,101326,3.6666666666666665,0,11,11,1,SUCCESS,33775,d_nrK8gQQquFbpoYaW7D8g
886,SecureScope#4389,1738721774380,3,33886,33736,101660,0.0,0,0,0,1,SUCCESS,33886,hOWgo6NXRRCLlAEgevKHgg
887,BooleanUpgrade#7742,1737737954478,3,33996,30724,101988,2.6666666666666665,0,8,8,1,SUCCESS,33996,C1sIfZI7QnqNtDA5zkBDtA
888,MechanicalShell#2686,1737377427243,3,34019,28393,102058,4.0,0,12,12,5,SUCCESS,34019,Yr3W3GI_QziWvmJ4DYej8w
889,ReferenceError#9472,1737327584465,3,34020,30467,102061,0.6666666666666666,0,2,2,1,SUCCESS,34020,uSx7cIhtRLWx3OkEtxftBQ
890,AM730,1737473611483,3,34087,23596,102261,4.0,0,12,12,3,SUCCESS,34087,BVyCq7XIT-ObuDsJfFVtDA
891,Overcrash,1739295994290,3,34153,30864,102459,3.6666666666666665,0,11,11,7,SUCCESS,34153,LnKSJbZPQ4i7jdSMzPSJAQ
892,PythonArchitect#5347,1741310833678,3,34175,34062,102527,1.0,0,3,3,2,SUCCESS,34175,bkFlD0FcTeiLCaqvT0d8xg
893,satosugi,1742306890468,3,34176,30261,102528,0.6666666666666666,0,2,2,2,SUCCESS,34176,kfVVg3YeSIWlMBoouB5WfQ
894,ASCIIDebugger#6988,1736958424370,3,34245,33729,102736,0.0,0,0,0,1,SUCCESS,34245,C-ID6p_uRVS22tp0YEd8mg
895,queSeaLoQueDiosQuiera#53,1737028938475,3,34265,33735,102797,4.0,0,12,12,2,SUCCESS,34265,Prd88RpaSwm6hZhmZBEtNw
896,DEGI-G100,1738268014200,3,34287,18933,102861,3.6666666666666665,0,11,11,2,SUCCESS,34287,jszB1ih9RTCijTvESrxtGw
897,MechanicalServer#7774,1741761498680,3,34307,29597,102922,0.6666666666666666,0,2,2,1,SUCCESS,34307,Wc12EtdWR92P1qfCcgmYPQ
898,UpgradedMethod#8159,1737125771422,3,34308,30804,102926,0.6666666666666666,0,2,2,1,SUCCESS,34308,C1jUrVqeQ-6pb7lV2gegrw
899,ImmutableNode#2090,1740302800744,3,34314,32338,102942,1.3333333333333333,0,4,4,2,SUCCESS,34314,GB2oE1jlQ-eKYUD1mWynEw
900,MechanicalHacker#9182,1737717504538,3,34330,24866,102992,2.6666666666666665,0,8,8,1,SUCCESS,34330,9_q2olfWRc-6R8DRo6JRzg
901,CodeTech#3472,1741299158098,3,34355,27136,103066,1.0,0,3,3,1,SUCCESS,34355,K5aJYloFS4m-DxRzy8koEw
902,PythonTester#7608,1736535962863,3,34422,34197,103267,4.0,0,12,12,1,SUCCESS,34422,wogscNA9Svq2oFDtRH2iZg
903,IterativeRequirements#2435,1739328721218,3,34422,30857,103267,0.6666666666666666,0,2,2,1,SUCCESS,34422,qK8nUnJTTgW5yccYOIPK5Q
904,GammaLambda#9390,1736383805601,3,34486,32656,103459,0.3333333333333333,0,1,1,2,SUCCESS,34486,yqK2mU2aTWqqUp28yBuLUg
905,FocusedCoder#5721,1740737024552,3,34620,31391,103861,0.6666666666666666,0,2,2,1,SUCCESS,34620,l4hxyd-7SKy9Aqiz9jQEMA
906,BetaSpec#2108,1738508615717,3,34620,32598,103861,4.333333333333333,0,13,13,2,SUCCESS,34620,q2ttP4pMRhKMAWBM6Blqhw
907,FiniteDelta#3102,1740163627573,3,34664,34208,103994,0.0,0,0,0,1,SUCCESS,34664,lTuOsec7SEKG-1uZx0HZ9A
908,Vruti,1739464709014,3,34664,32128,103993,0.6666666666666666,0,2,2,1,SUCCESS,34664,1xjhfz7ASGi-9tlm2LNC3Q
909,VariableNotation#8291,1737827808254,3,34668,23005,104004,4.0,0,12,12,2,SUCCESS,34668,I814zUqzThCXNCZLzBwA0w
910,ImportantSemicolon#7333,1738680644909,3,34708,26723,104125,4.333333333333333,0,13,13,2,SUCCESS,34708,61HgwGuXSVu7ZAQCESgcOw
911,loros,1741270041371,3,34751,33199,104255,1.3333333333333333,0,4,4,8,SUCCESS,34751,avfCPgesTlGCwSnLvhxSFg
912,MavericksTeamNo3,1741873147322,3,34775,34260,104325,4.0,0,12,12,1,SUCCESS,34775,LtCvfhcERNqXeARerNPWHw
913,juanakin,1742316965045,3,34797,34730,104391,1.0,0,3,3,1,SUCCESS,34797,RekgAm6_T1mxVGfXr3rjgA
914,NTSH#11325,1736395587713,3,34797,20273,104392,3.6666666666666665,0,11,11,2,SUCCESS,34797,9sQeW3rwSuSTGHM3VD5P9A
915,Congyang#201,1738808552013,3,34843,30199,104530,4.0,0,12,12,1,SUCCESS,34843,aGeaBTLKS4-yv_aq7z7fjA
916,NitroBoostM,1737638177490,3,34853,30218,104559,4.0,0,12,12,2,SUCCESS,34853,BbeYnzdXRcmOwq351apTXQ
917,buggyRacer,1738784512926,3,34864,31928,104594,0.3333333333333333,0,1,1,1,SUCCESS,34864,190a4adef8ed4c2a8551cQ
918,ProvisionalCoder#1997,1736441656015,3,34911,30932,104734,2.6666666666666665,0,8,8,1,SUCCESS,34911,9BoHhzoMSOSm6tIXAtYZnA
919,Zero-daySchematic#6539,1738047685595,3,34912,34732,104736,1.0,0,3,3,1,SUCCESS,34912,Y9wb3h4EQ2iYBvyMpEyH8Q
920,ProcessingBreaker#0979,1736787777972,3,34931,32664,104795,0.3333333333333333,0,1,1,1,SUCCESS,34931,Wao4uLSZQ4-8XkmnWd_bJQ
921,TechnicalEvaluation#9293,1740676888822,3,34936,23272,104808,4.0,0,12,12,1,SUCCESS,34936,ra9BAh6ZRKaSpjkWBtpZMA
922,QualifiedRequirements#5738,1740676959394,3,34952,33000,104858,4.333333333333333,0,13,13,1,SUCCESS,34952,lM1wcckmSG6EDPNH23QNhA
923,ProgrammingSchema#5123,1738701145074,3,34974,33191,104924,4.333333333333333,0,13,13,1,SUCCESS,34974,988QKlJuQ4OksFapfNj24w
924,ASCIILambda#2466,1738639911832,3,34974,33998,104923,0.0,0,0,0,2,SUCCESS,34974,xmYz-dsURPuJA_hXhA-dvA
925,AsynchronousExpression#9295,1737577118313,3,35021,27674,105063,2.3333333333333335,0,7,7,1,SUCCESS,35021,BMQeSNTBQJea2ztksA374w
926,DesktopSwitch#2297,1739557294019,3,35084,31326,105254,0.6666666666666666,0,2,2,1,SUCCESS,35084,VF3gyR15RCyLRXWGrXfj-g
927,QuickFunction#1399,1741570942484,3,35088,31136,105266,0.6666666666666666,0,2,2,1,SUCCESS,35088,GbheLSMjQNe0FoqmgQa82w
928,InteractiveScope#7119,1738714483612,3,35175,26606,105527,1.3333333333333333,0,4,4,14,SUCCESS,35175,N0D60jbFR1G6x17Whswj1g
929,SquareZone#8562,1740676946789,3,35308,23931,105925,4.0,0,12,12,1,SUCCESS,35308,cJlLMZYAQm-JiqMafpM3Aw
930,CriticalMetaclass#7272,1740658983854,3,35374,33267,106123,4.333333333333333,0,13,13,2,SUCCESS,35374,cu_rWgrFQKK2hIjzKzau1A
931,NeuralLanguage#7802,1738855414478,3,35378,27870,106134,3.3333333333333335,0,10,10,1,SUCCESS,35378,qgBZFw8WR5-dgj02gVUNqw
932,DraftMachine#6774,1739730320051,3,35494,34598,106483,0.0,0,0,0,1,SUCCESS,35494,kImStr2MTS-Io-KIXqaXaw
933,ConnectedCoder#4831,1736616980148,3,35507,33790,106523,1.3333333333333333,0,4,4,2,SUCCESS,35507,UC_ENO8xRiGAMXJ9Wxc18g
934,Daigo,1736324900300,3,35508,31738,106526,3.6666666666666665,0,11,11,3,SUCCESS,35508,csxD4OFuSE2tBQcmuU6xwg
935,AgileDataset#2813,1740659755203,3,35643,33533,106931,4.333333333333333,0,13,13,1,SUCCESS,35643,vcmjnE09T0alaruRFWf3sQ
936,ComplicatedDiff#4489,1737569833164,3,35685,34532,107055,0.0,0,0,0,1,SUCCESS,35685,hKW4p5_IRrK5B-FS5OJ5YA
937,AbuBasith,1739209319449,3,35754,32930,107262,0.3333333333333333,0,1,1,1,SUCCESS,35754,SXOoAvbwSDqP49msmOf7eA
938,DigitalTester#2904,1739269067643,3,35784,31667,107352,0.6666666666666666,0,2,2,2,SUCCESS,35784,xC8zU1oWQ8OF9DkJPwOXAw
939,Franchiiiii,1738242854595,3,35819,23262,107458,4.333333333333333,0,13,13,2,SUCCESS,35819,Y54ANqkiQKuZLClp7sqpIQ
940,DesktopArithmetic#1819,1736483775795,3,35866,30924,107598,4.0,0,12,12,2,SUCCESS,35866,wiIxCamQQ9eBkeOQCGvPKg
941,UpgradedMethod#1413,1737047501041,3,35885,30132,107657,1.0,0,3,3,1,SUCCESS,35885,CBZChzfjSVK9rfv9FuWtDQ
942,BlockchainEvaluation#8519,1736442068046,3,36129,34000,108388,3.3333333333333335,0,10,10,1,SUCCESS,36129,2UOvwWWmT2WkY7lsa7q4gw
943,OnebyteCarRacer#1433,1741081201034,3,36308,35797,108925,1.0,0,3,3,1,SUCCESS,36308,GaXoJoEeTzucKpS7BrVeTw
944,BooleanTester#8825,1741882014218,3,36375,34467,109126,1.3333333333333333,0,4,4,2,SUCCESS,36375,eo9fXwM9Q2ut6-BRyFLZig
945,PathingPatch#3647,1736251681441,3,36486,36129,109460,0.0,0,0,0,1,SUCCESS,36486,4aiVDxJfQJ6aieQ9W9y4JQ
946,laxman,1739377702066,3,36516,34392,109550,0.3333333333333333,0,1,1,1,SUCCESS,36516,_rJNIjWHQQqAqhYWQuSK0g
947,ParametricBreaker#3456,1736441913963,3,36530,35262,109592,0.0,0,0,0,1,SUCCESS,36530,bbtcFgxHRm-bkusTOF_84Q
948,UpgradedExpert#5304,1737577324711,3,36532,23393,109597,3.3333333333333335,0,10,10,2,SUCCESS,36532,429Y6jWsSDKZJ-Ty_KQUpQ
949,10xMetaclass#8295,1739179890137,3,36598,31600,109794,1.0,0,3,3,1,SUCCESS,36598,ZrLcb_s8S9CukjFWwokubg
950,ArtificialDelta#0894,1738466185738,3,36598,25525,109796,4.333333333333333,0,13,13,1,SUCCESS,36598,bfq53LxeTuejoEXmhE3ALg
951,DeepTech#3935,1737955240804,3,36687,33600,110061,1.6666666666666667,0,5,5,1,SUCCESS,36687,rqxuFLciQrivU4Va8-yVpA
952,UpdatedDocumentation#9610,1737732454381,3,36700,32700,110100,1.6666666666666667,0,5,5,2,SUCCESS,36700,aWNKYnVCTkG_4qnebI4_QA
953,ComplicatedObject#5301,1736459040859,3,36708,31398,110126,1.0,0,3,3,2,SUCCESS,36708,awYxH4j5Qu6N-ONq-Bxx_Q
954,NTI20,1738627400294,3,36758,30657,110275,5.0,0,15,15,3,SUCCESS,36758,1fuUeNo3R5m65_Sw5KTU2w
955,MachineFormula#2307,1736360025721,3,36777,32129,110331,2.0,0,6,6,1,SUCCESS,36777,qRJf0sDMTI2vpKnvdMMKRA
956,DraftNetwork#8617,1742275211313,3,36818,33398,110456,1.6666666666666667,0,5,5,1,SUCCESS,36818,ET0WeY32Ssi2SfHryUkUYg
957,DigitalBottleneck#8721,1739847911740,3,36841,27668,110525,2.6666666666666665,0,8,8,1,SUCCESS,36841,mOK84uhhRfqw15jBI9XoZg
958,CreativeLanguage#5697,1736418336705,3,36885,36522,110657,1.0,0,3,3,1,SUCCESS,36885,z37_SEv-TeKnTKm20pgmAg
959,EUI-G11,1738254881628,3,36907,30601,110723,3.0,0,9,9,1,SUCCESS,36907,REP8P6bwQWyQ2ji6fs_CmA
960,PrototypeTest#1325,1738752342841,3,37024,32203,111072,3.0,0,9,9,3,SUCCESS,37024,hgvNo76QQbubmddgwvhVGA
961,ThisHacker#4429,1741439387515,3,37085,25334,111255,3.0,0,9,9,1,SUCCESS,37085,yhyX1ydhSuGMvMxr91xmnA
962,EncryptedLanguage#2487,1740666582950,3,37109,28254,111327,4.666666666666667,0,14,14,1,SUCCESS,37109,bDmCouShSwOrlv6GN-pvvA
963,theoske,1740286200963,3,37174,36856,111523,5.0,0,15,15,12,SUCCESS,37174,LGK2YMaGRbSWLjrHSYlvYA
964,MemoryScope#4872,1736395452699,3,37220,31534,111661,1.0,0,3,3,1,SUCCESS,37220,_o4xxvPQRui27w5ea_OIBQ
965,NTI-G10,1738609667047,3,37241,33202,111724,4.666666666666667,0,14,14,1,SUCCESS,37241,jidnsXp8T7SKYJ3pJHH3ZQ
966,UrgentLine#2231,1741534147900,3,37309,34400,111927,1.3333333333333333,0,4,4,1,SUCCESS,37309,0QINHcRjRsej8Pmg_ZNDog
967,UpdatedLog#7566,1736245953798,3,37508,35530,112526,1.3333333333333333,0,4,4,1,SUCCESS,37508,Y-9xUENqSwWSUt8mE1gCyw
968,Zero-dayTester#4332,1739304582870,3,37530,35672,112591,1.3333333333333333,0,4,4,1,SUCCESS,37530,RiKC3-JASouDMzgLviigtg
969,IterableCallback#5039,1736246242349,3,37596,37384,112789,1.0,0,3,3,1,SUCCESS,37596,6roQKhWGRjiBxNKe2cP04g
970,TestingString#9570,1740571057706,3,37596,24465,112789,4.333333333333333,0,13,13,1,SUCCESS,37596,Cg95MXScTxy08dxm6faYag
971,ForestFlyerTeam6,1741683147856,3,37597,33663,112792,3.6666666666666665,0,11,11,1,SUCCESS,37597,TwhBztgFSQWCObmHjgLaAQ
972,twalewski-chwy-2025,1738355117829,3,37647,30135,112942,4.333333333333333,0,13,13,1,SUCCESS,37647,Uddd0TWgQl6IFxIya17Ydw
973,ReferenceClass#6200,1736428562503,3,37820,27794,113461,1.6666666666666667,0,5,5,2,SUCCESS,37820,XUal97oKRY-XR7RaOR0Ifw
974,Dummy,1738168302548,3,37892,37263,113676,5.0,0,15,15,3,SUCCESS,37892,Ius5lQV2RaGAu_Bw-n0Dhg
975,NTSH#11721,1736394904931,3,37974,35998,113924,2.3333333333333335,0,7,7,1,SUCCESS,37974,CGxLBDXDStmGdRFOxRP7Hw
976,vnu#ba0213038,1736232402647,3,38129,33793,114389,1.6666666666666667,0,5,5,1,SUCCESS,38129,x3qHbwdySii4f6HEzPw6zg
977,MIKIBOSS,1739530110899,3,38152,35866,114457,0.3333333333333333,0,1,1,4,SUCCESS,38152,JakbU9OyS4WkE1dF-DvbWQ
978,ASI-1-araki,1739260567416,3,38181,32135,114543,4.0,0,12,12,3,SUCCESS,38181,fEb726uXSPimagzsw0E2MA
979,BlockchainNode#4851,1742142615599,3,38287,32993,114861,5.0,0,15,15,4,SUCCESS,38287,_i78rvBWTSqJybL9u-HN1Q
980,ima,1741743202456,3,38775,28802,116325,4.666666666666667,0,14,14,19,SUCCESS,38775,SP8OljDQTPOVytONg1NG6w
981,UpgradedDiff#8242,1736246788641,3,38797,38599,116391,1.0,0,3,3,1,SUCCESS,38797,hHSspw1aQ3OzArq3w_i19w
982,dr-teacher-4,1738570045406,3,38863,34928,116589,0.6666666666666666,0,2,2,1,SUCCESS,38863,Ac3sCRP9S4qkem5LJlddWA
983,ProgrammingMetaclass#4402,1738340450952,3,39131,36668,117395,4.333333333333333,0,13,13,1,SUCCESS,39131,3UeQ_hVtRSCUK7HOv5uPUw
984,AsynchronousTable#5779,1738482014069,3,39174,35131,117524,4.666666666666667,0,14,14,5,SUCCESS,39174,owlamyMLTBu2Up2yKjiShQ
985,UrgentGrid#5477,1738817547070,3,39243,38736,117729,5.0,0,15,15,1,SUCCESS,39243,ekA6U9B-TVWKIRys_3UBJA
986,CriticalTech#5105,1741882631884,3,39263,35404,117791,1.6666666666666667,0,5,5,1,SUCCESS,39263,BxUQlKVXQu2U67iLmX0e1g
987,DeepBooster#6171,1739453510330,3,39375,29599,118125,4.666666666666667,0,14,14,1,SUCCESS,39375,2GAvhwT6Q6KLiaNaxCxLNQ
988,AggRacer-2,1738841102093,3,39554,30265,118663,4.666666666666667,0,14,14,1,SUCCESS,39554,pQgTtgzQTQqT7SZKbX3-yA
989,CyberneticPatch#4883,1737753338552,3,39575,33657,118725,2.0,0,6,6,1,SUCCESS,39575,rRk-WwarRyeeaq87tRUnFA
990,InteractiveArchitect#7225,1739039421630,3,39599,31468,118799,4.333333333333333,0,13,13,3,SUCCESS,39599,Q-YbOn3qSPKTvrVBpjAazw
991,FuturisticString#9116,1739303298288,3,39641,37267,118923,1.3333333333333333,0,4,4,1,SUCCESS,39641,7iFvTykFQ-eKVcNMDxH-SQ
992,Juliarrr,1741204514948,3,39731,35931,119193,1.6666666666666667,0,5,5,1,SUCCESS,39731,n1XHhSwvRbOAyM2ExRmZDQ
993,QualityFunction#5196,1736442036032,3,39774,24864,119323,2.6666666666666665,0,8,8,1,SUCCESS,39774,zIbxjJDJSd2jdQsHSz9gGg
994,Mothgog,1738045411891,3,39842,34402,119526,5.0,0,15,15,1,SUCCESS,39842,FNYfGZXUSjqqUeT_GJ5VeA
995,MobileGame#0113,1738866679947,3,39864,35868,119594,1.6666666666666667,0,5,5,1,SUCCESS,39864,hN1aVyMtRAGbOKecXgz8Jg
996,WebAnalyst#9273,1741919328696,3,39931,36332,119795,5.666666666666667,0,17,17,4,SUCCESS,39931,dfUsENlPR7mWnIGDYbNZGQ
997,BrainyTheory#8682,1741859026987,3,39997,36335,119993,4.666666666666667,0,14,14,4,SUCCESS,39997,nOsET_iiQyquDXXqeBwPfg
998,RobotShell#6193,1740659772624,3,39999,33124,119997,5.333333333333333,0,16,16,1,SUCCESS,39999,5mOObpQZRceqGjPKrs0tFg
999,FocusedVariable#4677,1740659811029,3,40008,32533,120026,5.333333333333333,0,16,16,1,SUCCESS,40008,DCzIzWw8R26u2LvWndh-1g
1000,J01001111E,1741904379508,3,40085,20192,120256,3.6666666666666665,0,11,11,1,SUCCESS,40085,Ncw3tYaiQdSLapzsKptbOA
1001,FormulaicEvaluation#3224,1738869920645,3,40179,33074,120537,4.333333333333333,0,13,13,1,SUCCESS,40179,ghV5JzPxRKqkepoqFRZ_ng
1002,EncryptedBraces#5131,1742373594651,3,40242,36400,120726,1.6666666666666667,0,5,5,1,SUCCESS,40242,UadALr96Q1ih3Qgdiix3iA
1003,BooleanShell#5516,1736442106965,3,40376,31272,121130,1.6666666666666667,0,5,5,1,SUCCESS,40376,N6xbLiLZTZy53PPe9B3-eg
1004,Formula1AIHCC-2425,1741289481726,3,40486,34723,121459,2.0,0,6,6,1,SUCCESS,40486,hGyZiOW2QXSpcp9dC3yx4Q
1005,NeuralDigit#2121,1741644746821,3,40596,31466,121788,4.666666666666667,0,14,14,5,SUCCESS,40596,2n5GOzB6ReuvtTcLApJdjQ
1006,ThisLambda#5841,1740659073465,3,40687,38733,122062,5.333333333333333,0,16,16,2,SUCCESS,40687,zdzcUnWoTHaSiIOSeu6B9g
1007,CodeNumber#2041,1741340654226,3,40730,37332,122192,1.6666666666666667,0,5,5,4,SUCCESS,40730,IzP5T8dDRnW_88I2dPGzLA
1008,AbstractModel#3254,1736858081396,3,40731,37060,122193,4.666666666666667,0,14,14,1,SUCCESS,40731,i8gIiyjkT86BCT20hHWCSg
1009,yren-chewy-2025,1738533692410,3,40802,35543,122407,2.0,0,6,6,1,SUCCESS,40802,KX2PGRzBSQaX9BSzGQbcUw
1010,MechanicalTheory#8482,1741574233350,3,40820,31671,122461,1.6666666666666667,0,5,5,1,SUCCESS,40820,6VmUqDzzSN6pVUQqjeyqjw
1011,ContinuousInterface#4678,1736246097614,3,40820,40736,122461,2.0,0,6,6,1,SUCCESS,40820,aiv7ijp2QkyxqwEtNpBcyg
1012,AlphaTheory#3150,1741883300564,3,40866,40734,122600,2.0,0,6,6,1,SUCCESS,40866,eSToUVSSSv2sJA5HybLzsQ
1013,AbstractCoder#4684,1740659805924,3,40974,33796,122923,5.333333333333333,0,16,16,1,SUCCESS,40974,G329y00ASd-U14YTkPEgEA
1014,BrainyNode#0223,1739688475222,3,40975,32931,122925,1.3333333333333333,0,4,4,1,SUCCESS,40975,rPJFLywDR1mkYjBY8uhfig
1015,ntsh#11009,1736394297297,3,41198,33061,123596,2.3333333333333335,0,7,7,1,SUCCESS,41198,yr0BID6GSp6lcYzCjSbhjQ
1016,UpgradedCircuit#8302,1739427022320,3,41219,37061,123659,5.666666666666667,0,17,17,2,SUCCESS,41219,xUxKXDFxTz-IF-I4MbZbew
1017,NullVariable#3156,1736246853195,3,41219,40997,123659,2.0,0,6,6,1,SUCCESS,41219,vzeIzTQ1RoalOacX1vhEGQ
1018,ReferenceDebugger#5739,1736961633785,3,41263,40938,123791,2.0,0,6,6,1,SUCCESS,41263,Ee9ZYQlCQZOg_gbmGPu7Kg
1019,Cocodrilos,1742315192357,3,41333,34533,124000,5.333333333333333,0,16,16,1,SUCCESS,41333,W582RshJSDWU2irwKZykeg
1020,ITI-G14,1738353052757,3,41419,39333,124259,5.333333333333333,0,16,16,1,SUCCESS,41419,a78x-XCCThCmfdMU02W2Fg
1021,MJ#7724,1739103946069,3,41442,36055,124326,5.0,0,15,15,41,SUCCESS,41442,0YJhy6MFTAOQdVz1sO6gRA
1022,NTI-G1-member2,1738615525429,3,41464,37599,124392,5.666666666666667,0,17,17,2,SUCCESS,41464,le5d6rslQqqoWQGB8ma4UA
1023,CNZX-NeoXu,1742291373868,3,41486,26599,124459,4.666666666666667,0,14,14,1,SUCCESS,41486,PVQINDrRQzye5tNG9zXvgA
1024,PetantangPetenteng,1738728755841,3,41530,32132,124592,2.6666666666666665,0,8,8,1,SUCCESS,41530,9zGi6CHTTfWtIM3W1tcLAA
1025,QualityUpdate#5627,1737131241579,3,41818,37722,125455,1.6666666666666667,0,5,5,2,SUCCESS,41818,I8FEBdxfRuaMBqtLFB9Jqw
1026,Sal-Paradise,1739909074992,3,41884,32133,125654,5.666666666666667,0,17,17,1,SUCCESS,41884,2Z00KSS0TvSkjDc22t3OeA
1027,TechnicalTable#5431,1739303828609,3,41908,39598,125725,2.3333333333333335,0,7,7,1,SUCCESS,41908,ue0e7FYSSU2_I43PRUfdkQ
1028,ConnectedNumber#8693,1739311216930,3,42020,36601,126060,5.0,0,15,15,3,SUCCESS,42020,74Ky--soQZGDeZuPA_7Z-g
1029,mamanyo-BIP,1736932458580,3,42044,35464,126134,4.333333333333333,0,13,13,1,SUCCESS,42044,Uw7Ecs_RT8qV5yWn1M58yA
1030,CNZX-CJY,1742291151772,3,42086,38594,126260,5.666666666666667,0,17,17,1,SUCCESS,42086,qO6JNs6NT7qmCziarzEqBA
1031,FocusedSpec#2036,1741772806028,3,42151,40407,126455,2.3333333333333335,0,7,7,1,SUCCESS,42151,VXLtfj_PToa8P3hP9Zqe6A
1032,RecursiveWorkaround#7572,1737242298843,3,42509,33191,127527,1.6666666666666667,0,5,5,1,SUCCESS,42509,DyJIM_9bTROnGG2e8CKbGQ
1033,AWS-Geeth,1739389746606,3,42530,37259,127591,5.0,0,15,15,2,SUCCESS,42530,GSIXowTRTxG1ZRT78c3j3A
1034,QuickCharacter#4800,1740660094233,3,42652,37060,127956,6.0,0,18,18,1,SUCCESS,42652,pXTnrv7XQnuqx3seZWYdzg
1035,BackloggedLambda#8553,1740677210862,3,42664,38201,127993,5.666666666666667,0,16,17,1,SUCCESS,42664,MY7IBSoMTcG_gl0dBSwGbA
1036,UnicodeUpdate#4070,1740163592962,3,42777,33128,128333,2.6666666666666665,0,8,8,1,SUCCESS,42777,DideKkWdTFmhLUGCrdcvkg
1037,ntsh#10615,1736394340523,3,42796,35195,128390,3.3333333333333335,0,10,10,1,SUCCESS,42796,TeF1GyRJTpm6VZyjgTHk1A
1038,HelpfulUpgrade#6332,1741115379561,3,43020,31394,129060,5.0,0,15,15,2,SUCCESS,43020,8A9uylXQSDmIXULbPFDfBQ
1039,Aitana,1740665923680,3,43040,41123,129122,2.3333333333333335,0,7,7,3,SUCCESS,43040,8qWrbdQXTKS4gzyEVUDhng
1040,WebCoder#2685,1741340682026,3,43092,39266,129276,2.6666666666666665,0,8,8,7,SUCCESS,43092,WGrMn17FTsmhjYye3mMTIg
1041,CrypticFunction#0634,1741177737801,3,43133,41137,129400,2.3333333333333335,0,7,7,2,SUCCESS,43133,1IhMSN_-RoajSmE-uGGWQQ
1042,Carrasquero#RacingTeam,1742173528388,3,43377,39538,130131,2.6666666666666665,0,8,8,6,SUCCESS,43377,s7xkpHoFQpewFB3l5E39SQ
1043,ImmutableLine#1003,1741577322238,3,43416,37134,130249,3.0,0,9,9,1,SUCCESS,43416,XGSvElLQQHiOalt8XiuSgA
1044,TheEvenMoreHandsomeSeagull,1740765926844,3,43575,40003,130727,5.666666666666667,0,17,17,4,SUCCESS,43575,vyDaeK6gQBKpU6w-5d_LMQ
1045,10xArray#3575,1736382536458,3,43820,30933,131461,2.3333333333333335,0,7,7,1,SUCCESS,43820,JyFUu0htQaO0QnkQxPyVww
1046,NullLanguage#7027,1739707314476,3,43842,40520,131526,2.6666666666666665,0,8,8,3,SUCCESS,43842,nrc8urO0RdyPekI9ozj8EQ
1047,BlockchainLog#9056,1736711266055,3,43842,41868,131527,2.3333333333333335,0,7,7,1,SUCCESS,43842,2VXYUf2aQ16IWd5UOnrQBg
1048,Croissant#1234,1737576304109,3,43929,41798,131787,5.333333333333333,0,16,16,1,SUCCESS,43929,B1XEBvQ9Tk6IzN10ijvidQ
1049,MobileArray#3533,1736612759056,3,43931,40328,131793,2.6666666666666665,0,8,8,1,SUCCESS,43931,Ead_F1cET22tTrFY0Br6Dw
1050,JavaResource#7762,1736389132885,3,44109,43800,132328,6.0,0,18,18,1,SUCCESS,44109,L2mEIE-5TvKpsCZKxA0njg
1051,HashableBreaker#4924,1740145699251,3,44132,39395,132398,5.0,0,15,15,6,SUCCESS,44132,7bJDG1quSWityi3rNT_FVQ
1052,HaydenDaly,1741204018849,3,44241,34927,132724,2.6666666666666665,0,8,8,1,SUCCESS,44241,zw0SJJu7QN23LwjCQE78rw
1053,IterativeZone#4876,1739304570693,3,44598,37465,133794,5.333333333333333,0,16,16,1,SUCCESS,44598,99eC82kzQdmaZ4IZ9Wj4Ug
1054,LoopingSystem#6855,1736418962891,3,44641,44529,133923,6.0,0,18,18,1,SUCCESS,44641,gu2iCPuVQTCinoWHZU3g6A
1055,434560488412-SG23-melvincwng,1736782205848,3,44840,28925,134520,6.0,0,18,18,1,SUCCESS,44840,TLY5pNpVRCSAD9h9TRM_ZQ
1056,CyberneticBottleneck#1352,1739304078727,3,44868,41070,134604,2.6666666666666665,0,8,8,1,SUCCESS,44868,1JIJfm-LQMGaRBhwFS2Z2Q
1057,TDS,1737657847866,3,44953,36401,134861,5.333333333333333,0,16,16,2,SUCCESS,44953,0yucHm4oQP2AlvYQcHg3-w
1058,ITI-Try,1738606080737,3,45041,37334,135125,6.333333333333333,0,19,19,3,SUCCESS,45041,SUgHs6o1QMGmgsx0YIurLg
1059,DXPF#demo,1737561329929,3,45131,29662,135395,5.666666666666667,0,17,17,2,SUCCESS,45131,QfrZ05t4TAq3i5ugzYirOg
1060,ArtificialTable#7670,1737998901160,3,45421,39405,136264,3.0,0,9,9,1,SUCCESS,45421,-VfuBqyEQdy2WUkcvDC7kQ
1061,TestableTech#8103,1736254448017,3,45509,36321,136529,5.666666666666667,0,17,17,1,SUCCESS,45509,Dyhy1swcT3a0GikD9BgrGA
1062,HashableContext#4777,1737384943373,3,45509,34661,136528,3.0,0,9,9,1,SUCCESS,45509,58Q9w9HPT36dCh2YkmKD-g
1063,AgileTheory#9585,1740377470634,3,45578,36598,136735,2.6666666666666665,0,8,8,2,SUCCESS,45578,7Z9WZNx7RoGd3POm_PmhEw
1064,CriticalSandbox#4967,1736245953752,3,45731,45468,137194,3.0,0,9,9,1,SUCCESS,45731,L3qoyxEuTCaVVMcX-7bHsg
1065,BlockchainArithmetic#0171,1742291108546,3,45733,38461,137200,6.333333333333333,0,19,19,1,SUCCESS,45733,OddsvqZVS9yqogGJb-in5w
1066,PrototypeBooster#4447,1738988724682,3,45841,43867,137524,6.333333333333333,0,19,19,2,SUCCESS,45841,RWNS6hboTSab8fNJRc_bgg
1067,CleanMachine#5771,1741114336811,3,46110,40068,138331,3.0,0,9,9,1,SUCCESS,46110,1sk9aC4CRH6Y9W1wM-MnPw
1068,MemoryGame#8346,1736439554155,3,46176,43197,138529,1.3333333333333333,0,4,4,3,SUCCESS,46176,CBVPiso-Tn2-sPg4WIOrYw
1069,LoopingScope#5566,1736386773860,3,46241,38857,138723,6.333333333333333,0,19,19,3,SUCCESS,46241,UnVwK4ExTKuZUU4b6hJrvA
1070,ababshet-chwy,1737756886475,3,46310,46193,138930,4.0,0,12,12,3,SUCCESS,46310,7SaGlqrBQMec2aTXYzRwKQ
1071,CompleteCoder#7803,1739334417231,3,46397,40935,139191,3.0,0,9,9,2,SUCCESS,46397,MEUMhQsUTHOOdKor-PwHNw
1072,dr-teacher-14,1738639072515,3,46488,42739,139464,5.666666666666667,0,17,17,1,SUCCESS,46488,Uio04RgKRJqooZPgf_B6kQ
1073,CNZX-Dzx,1742291146676,3,46506,42858,139519,6.666666666666667,0,20,20,1,SUCCESS,46506,6Z31lYIFQGW-kv8Bzqe0Jw
1074,delfines,1741861660633,3,46558,40330,139676,2.0,0,6,6,1,SUCCESS,46558,TDPT12zTQ1i-cJCm7EPATw
1075,ProgrammingUpdate#7993,1736379373409,3,46710,39794,140131,2.0,0,6,6,1,SUCCESS,46710,iRgeywtaS2WUZV1H6tZuXw
1076,neverlandFlower,1736795816193,3,46713,44797,140140,2.3333333333333335,0,7,7,1,SUCCESS,46713,U0nQ4fr-Sl6ZJGIq4V44kA
1077,Caballos,1742330596567,3,46737,44338,140211,4.333333333333333,0,13,13,1,SUCCESS,46737,586tK_OETpyyO1MbNvhfJg
1078,AlphaNumber#0062,1740660073336,3,46797,45009,140393,6.333333333333333,0,19,19,1,SUCCESS,46797,JAez60pIR6m0JkcZsNTIAA
1079,ntsh#10434,1736394904849,3,46911,36066,140733,3.0,0,9,9,1,SUCCESS,46911,fJtm3sbeQfu1q9UJVjEtzg
1080,pn-ci,1737577207176,3,47063,42861,141191,4.666666666666667,0,14,14,1,SUCCESS,47063,HYENB9YRRCK_W11AFympVw
1081,IterableBreaker#0029,1740287224123,3,47133,41802,141401,3.0,0,9,9,1,SUCCESS,47133,PTDYoOlgS1OafPtqcGp0HA
1082,DesertDaredevilsTeam6,1741599887855,3,47309,47202,141927,6.0,0,18,18,2,SUCCESS,47309,2HYzC1yMR1-86Gc9sI4wzA
1083,NTSH#11715,1736395625211,3,47466,47191,142398,3.0,0,9,9,1,SUCCESS,47466,JXLgGubmSG6Jf2Zys2ymYw
1084,ProvisionalFix#2202,1739880692935,3,47574,45468,142722,3.3333333333333335,0,10,10,1,SUCCESS,47574,tTG1z2EbRRWGdxcXrBSfsA
1085,AlphaArray#9785,1736228698025,3,47687,42403,143062,3.0,0,9,9,1,SUCCESS,47687,-zbB4SYYQbK5f6F_niHtMg
1086,dr-teacher-19,1738555200679,3,47819,40340,143459,5.333333333333333,0,16,16,2,SUCCESS,47819,gvkXP0onSVaJRO3YtcpnhQ
1087,BetaMachine#9681,1739454491415,3,47886,38598,143658,6.666666666666667,0,20,20,5,SUCCESS,47886,XHc1nehvQM2lOT7mOFzAoA
1088,dr-teacher-16,1738650548911,3,47930,37933,143791,5.666666666666667,0,17,17,2,SUCCESS,47930,tmWBHJ0lRpePH6a89pQHgw
1089,AbstractAttention#1270,1736944290839,3,48019,47603,144057,6.0,0,18,18,1,SUCCESS,48019,-oR4ox2GQCKJE8AFvZAIPA
1090,FungibleTech#6344,1739303990773,3,48175,47726,144525,3.0,0,9,9,1,SUCCESS,48175,cqDE5bEJTmWlEOX8vVZO6g
1091,GenerativeSlice#2850,1736966783056,3,48215,37600,144645,7.0,0,21,21,8,SUCCESS,48215,Ta1cnT1_Q6-FnwfGyxQHZw
1092,gphill-chwy-2025,1738099294097,3,48216,46133,144650,6.666666666666667,0,19,20,1,SUCCESS,48216,KRkvplFrRQuJaO3vP6x_dg
1093,FungibleNetwork#3070,1736355469450,3,48574,47058,145724,1.3333333333333333,0,4,4,2,SUCCESS,48574,OrwO27qWQiSiOi6x-WHLZA
1094,InteractiveConsole#9307,1738017091490,3,48733,43328,146199,4.0,0,12,12,1,SUCCESS,48733,PzIVkoH6Sf6TgUZTgupksg
1095,Osos,1741563506679,3,48733,47004,146201,6.333333333333333,0,19,19,2,SUCCESS,48733,LEezh_WdQleu5dMgwKKgzg
1096,TabletLambda#9458,1742031778072,3,48776,43271,146329,0.0,0,0,0,1,SUCCESS,48776,IaBhJTe0TuWSJ1fspQ4fbQ
1097,SequentialDescriptor#4029,1737437615604,3,48797,37999,146391,6.0,0,18,18,2,SUCCESS,48797,UBU_HtS1RNS2E4ozqxDEAA
1098,ntsh#10709,1736397963169,3,48885,48590,146657,3.0,0,9,9,1,SUCCESS,48885,LtDolb4sTNKkzsMkFxH9hw
1099,InfiniteBrackets#8769,1741764522273,3,49176,39339,147528,3.6666666666666665,0,11,11,1,SUCCESS,49176,otfz_hkvQHa0mjn5Ct-bWQ
1100,DraftLanguage#6497,1741883840859,3,49288,46998,147866,3.3333333333333335,0,10,10,1,SUCCESS,49288,Nw9gi_KcSjWxuOkInIHBMQ
1101,NeverMind,1740505523139,3,49352,38324,148056,5.0,0,15,15,1,SUCCESS,49352,GMOsdMTRTSW_ZvE48_t-bg
1102,Shrek-Coljaan,1738737800994,3,49401,42197,148203,7.333333333333333,0,22,22,2,SUCCESS,49401,grw3c5f2T1yC_aXQkO1vVQ
1103,PrimeUpdate#2425,1742329180767,3,49641,40198,148925,3.6666666666666665,0,11,11,1,SUCCESS,49641,etJ2qE02TMubTW3wFNaJiQ
1104,yuki,1742122073132,3,49664,42996,148994,6.333333333333333,0,19,19,5,SUCCESS,49664,du-jAuNOScmdUYBvWQL5Nw
1105,PrototypeSchematic#7597,1737922771219,3,49818,41193,149456,5.666666666666667,0,17,17,1,SUCCESS,49818,5ZgkFprdS1KPpWqfEYT1iQ
1106,SquareDebugger#4874,1736380275040,3,49864,44589,149593,7.0,0,21,21,1,SUCCESS,49864,NM4plAQmS6uWG4go_bAwmQ
1107,AndrewD,1737645192791,3,49931,40926,149795,6.666666666666667,0,20,20,1,SUCCESS,49931,hyBODeEXTIeVuja7jrzB8Q
1108,RouesDeFeu#2789,1739041104255,3,49995,39329,149987,6.0,0,18,18,1,SUCCESS,49995,5EPqNyHARUqJ7d3aHfpRMQ
1109,FinitePresentation#7575,1738595121318,3,50000,42538,150000,3.6666666666666665,0,11,11,2,SUCCESS,50000,3TaE1XAuRemqBAPn9-w3MA
1110,genai-grp-3,1737436226830,3,50136,43007,150408,6.333333333333333,0,19,19,1,SUCCESS,50136,qsAjLr0yTxanOmLAJZ1s4w
1111,RobertoMartinRomo,1736521618187,3,50220,44203,150660,3.0,0,9,9,1,SUCCESS,50220,Nnhy3_bkQiSpUMN6eRr6YA
1112,ComplexDescriptor#4763,1736283997748,3,50266,45130,150800,7.0,0,21,21,2,SUCCESS,50266,JpjwZuFfQDqj3v573qSqMw
1113,DraftDocumentation#6729,1736350654332,3,50276,44958,150828,4.0,0,12,12,1,SUCCESS,50276,HMXokYMCSg2sCnmRL3Pwwg
1114,StructuredTest#1221,1739815660308,3,50311,45932,150933,3.6666666666666665,0,11,11,1,SUCCESS,50311,Zcho4uYnSTyZQn9xOskccQ
1115,CompletePresentation#5345,1741629619426,3,50354,48199,151063,3.3333333333333335,0,10,10,1,SUCCESS,50354,jfMtON-_R-OAH9kHq55pBg
1116,StructuredTest#1140,1739918653871,3,50487,48603,151462,3.3333333333333335,0,10,10,2,SUCCESS,50487,ccBwpuj-TPWQ3Eds5nTJRg
1117,FiniteParameter#3755,1741310955044,3,50664,41659,151994,3.6666666666666665,0,11,11,1,SUCCESS,50664,7yFhqzdTT7G_cVHkNcEmMQ
1118,LeetComment#7583,1742178538309,3,50819,50530,152457,4.0,0,12,12,1,SUCCESS,50819,_82d0-lFRoqBrjrCn0Q1YA
1119,ProvisionalLambda#0323,1740677505452,3,50842,43330,152528,7.333333333333333,0,22,22,1,SUCCESS,50842,LrftCXg8Qy-ZzsSTz_WCEg
1120,ArtificialNetwork#5729,1740570804682,3,50975,43590,152925,7.333333333333333,0,22,22,1,SUCCESS,50975,4C20VJtbQTCtEgP4kX5u5w
1121,NowSomeDonkeyCar,1738720362409,3,51020,29597,153061,7.0,0,21,21,2,SUCCESS,51020,d7Pg_Ma0QlmH09hFeOkSUg
1122,cosmintudora,1737966860687,3,51153,41403,153459,3.0,0,9,9,1,SUCCESS,51153,a1z-pWz_SLe4Bpg-QDx5Bg
1123,TestingBreaker#5089,1742235803833,3,51352,47396,154057,7.666666666666667,0,23,23,3,SUCCESS,51352,ZKz8GpLVR-OTvi095pwVSw
1124,Nonotor,1739382496491,3,51358,47532,154074,7.666666666666667,0,23,23,2,SUCCESS,51358,vrdmo3e7RRmIdXlafvhtog
1125,UnboundMetaclass#2951,1741330786217,3,51575,46000,154726,4.0,0,12,12,2,SUCCESS,51575,8E9WujB-QoKKnQHOFlyfQA
1126,VNU#BB0210026,1736503034533,3,51642,42533,154927,6.666666666666667,0,20,20,1,SUCCESS,51642,u0vM1OdOTLqb_sshaRUCog
1127,WebSandbox#0450,1740677760782,3,51708,49464,155126,7.333333333333333,0,22,22,1,SUCCESS,51708,215gG1fgSR-SMaZZb_wc5Q
1128,UpdatedPoint#0514,1742350613560,3,51796,51731,155390,4.0,0,12,12,1,SUCCESS,51796,szcRFx6ESWySgIe3Id8Q5A
1129,DEGI-G7,1738157743153,3,51821,46533,155464,6.0,0,18,18,2,SUCCESS,51821,Mv_K9QSCQ321SoeVlCpQpw
1130,SquareNumber#5635,1740660098969,3,52419,50339,157257,7.333333333333333,0,22,22,1,SUCCESS,52419,7ur0K3HSQz6RYSnSkpBNwg
1131,NestedArithmetic#1491,1736382583151,3,52529,44400,157587,7.333333333333333,0,22,22,1,SUCCESS,52529,iRuAhL8bRv2MxkND1vnQbQ
1132,DigitalSandbox#5243,1738628934456,3,52620,52129,157862,4.0,0,12,12,2,SUCCESS,52620,6Inr8ny8R_u_VvbINWmV4w
1133,SquareSemicolon#9892,1739303782080,3,52952,51000,158857,4.333333333333333,0,13,13,1,SUCCESS,52952,lmXlY1wRQvyNpBFFYJ3ocw
1134,ImmutableNamespace#1989,1741956821259,3,53089,48936,159269,3.0,0,9,9,4,SUCCESS,53089,ixRR5gsGQzWvxLvtT0UjKQ
1135,CriticalLambda#2412,1736245664943,3,53709,51738,161128,4.333333333333333,0,13,13,1,SUCCESS,53709,z1UYMvxHTTCJqcjLFoHnYA
1136,ntsh#10606,1736397116259,3,53710,49870,161131,6.666666666666667,0,20,20,2,SUCCESS,53710,qNOybKikQ_Wdb8AFfpb2Zg
1137,franelracer#0694,1736439816490,3,53953,32600,161861,5.666666666666667,0,17,17,2,SUCCESS,53953,JbFHsYK2SJ6iqOncVRlxRg
1138,NTI-G14-EK,1738502148101,3,53957,48197,161871,8.0,0,24,24,1,SUCCESS,53957,Kg0IYAGtRHeVh__TsVpD6g
1139,FungibleSwitch#6786,1736538311563,3,54196,52539,162588,7.333333333333333,0,22,22,1,SUCCESS,54196,E-Z6xBs1TjWNMdvRuQO8hw
1140,NTSH#310364,1736394447210,3,54198,53865,162596,4.0,0,12,12,1,SUCCESS,54198,G3S-VswrSkil4LEF2UhTwQ
1141,StructuredCharacter#0263,1741944581193,3,54586,41488,163758,4.333333333333333,0,13,13,6,SUCCESS,54586,JjSmImC4TlSfXukHzArk_w
1142,IterativeValue#6748,1738507298810,3,54974,53067,164924,8.333333333333334,0,25,25,1,SUCCESS,54974,4SnNsNSHSaeiZ4GQfd-N3g
1143,CNZXzdq01,1742291138851,3,55865,42531,167595,8.333333333333334,0,25,25,1,SUCCESS,55865,grxUBCEdQS2xhVNaVZ7tIA
1144,TestingLoop#2513,1737027295195,3,56111,53399,168335,3.6666666666666665,0,11,11,1,SUCCESS,56111,SPLjdXNeToWSky40pY_38w
1145,CNZX-YYY,1742291181403,3,56664,48394,169993,7.666666666666667,0,22,23,1,SUCCESS,56664,ztnrJh0iQ0O8-nQVixJXag
1146,UsableLog#3916,1740660050724,3,56777,49008,170331,8.333333333333334,0,25,25,1,SUCCESS,56777,3DksIAp4TR2FtzcieSPZ-A
1147,VNU#BB0210032,1736315905912,3,56972,42329,170918,7.666666666666667,0,23,23,3,SUCCESS,56972,atx9mqJIRmGWiCl9Vm1ILw
1148,FungibleUpgrade#0413,1738479320665,3,57001,50339,171003,8.333333333333334,0,25,25,1,SUCCESS,57001,d5zPSB56RDmzpTNo5UMFjA
1149,ComplexClass#2547,1736939790611,3,57154,53330,171464,4.666666666666667,0,14,14,2,SUCCESS,57154,Qp12Tzr-QlmUVOouRTH9GQ
1150,LeetSchema#9180,1741721201685,3,57287,45065,171861,5.333333333333333,0,16,16,1,SUCCESS,57287,uSlfJB_0TOS7_lM8jgKmxA
1151,Veda2020InfiniteSchema#7060,1738685256246,3,57465,48798,172396,4.666666666666667,0,14,14,3,SUCCESS,57465,y0P9Y9pxSoeY5JCIdHYfog
1152,ProcessingGrid#1271,1741196286381,3,58241,50671,174723,8.333333333333334,0,25,25,1,SUCCESS,58241,1ei6g0mNTV-iDts9DRBkHw
1153,SquareBottleneck#3706,1740676899313,3,58444,55125,175334,8.666666666666666,0,26,26,1,SUCCESS,58444,IHi19vEoSuaT_DSKJ7OFzg
1154,MechanicalDescriptor#1921,1741882686886,3,58709,53194,176128,5.0,0,15,15,1,SUCCESS,58709,oqj5pTmDRKSa3fUiC5VHRQ
1155,SequentialCallback#0009,1738307986646,3,58729,55130,176188,8.666666666666666,0,26,26,1,SUCCESS,58729,JAJ1KxXNR_-AXEpV56ySBQ
1156,PythonFormula#7405,1736851729865,3,58754,53335,176262,5.0,0,15,15,1,SUCCESS,58754,GyC2LI8ASIyRDzYVav7sag
1157,RocketSandbox#6254,1738987751499,3,59173,51792,177520,5.333333333333333,0,16,16,1,SUCCESS,59173,ZK-Ena0AR_mPRDjlBK9SAA
1158,ZoD,1739831582564,3,59421,40330,178263,8.333333333333334,0,25,25,1,SUCCESS,59421,TFtvCas4TRWchrBPMyGh0A
1159,InteractivePointer#5399,1739781963793,3,59421,48800,178265,7.0,0,21,21,1,SUCCESS,59421,7174OM5STi-tKOu29BszBg
1160,CriticalArray#1376,1740018272797,3,59442,57666,178326,5.333333333333333,0,16,16,2,SUCCESS,59442,8WWEsTWGQCe_WqU3QE6qbw
1161,AsynchronousPackage#1816,1740416100424,3,59621,51730,178864,5.333333333333333,0,16,16,1,SUCCESS,59621,MrxQVsRyTImlBv2yVhyTqg
1162,ImmutableMetaclass#1120,1740660114346,3,60061,54196,180184,9.0,0,27,27,1,SUCCESS,60061,MBZ6fyJbTae9gqf551-SPA
1163,StructuredBreaker#4468,1742309159162,3,60510,56798,181530,8.666666666666666,0,26,26,5,SUCCESS,60510,4ehyRD3MTiu6UklZnzW2bA
1164,ntsh#310087,1736394345656,3,60665,51329,181995,7.666666666666667,0,23,23,1,SUCCESS,60665,H5-Dr8jDRhym2yMmTia4sA
1165,ComplicatedSemicolon#3931,1736441580048,3,60841,53328,182525,5.333333333333333,0,16,16,1,SUCCESS,60841,1IwO12akRvu9XVBrRQVP_g
1166,ParametricSlice#2037,1740592774770,3,61042,54735,183127,5.333333333333333,0,16,16,1,SUCCESS,61042,xH7QvUGMQ2O0Nu1Na_Xc-A
1167,FuturisticCallback#4572,1737166605233,3,61753,57862,185259,5.666666666666667,0,17,17,2,SUCCESS,61753,7r91e15hQ7y8aojrdcFA7g
1168,UpdatedByte#1913,1739456007635,3,62018,58322,186055,5.666666666666667,0,17,17,1,SUCCESS,62018,RPil9p_PQq-CmwPScgf7-g
1169,QualityTester#9272,1736301673952,3,62041,53994,186124,9.333333333333334,0,28,28,1,SUCCESS,62041,GYIICtPFRF-4eql0wi5aNA
1170,StructuredToken#7009,1736247163612,3,62377,58332,187132,5.666666666666667,0,17,17,1,SUCCESS,62377,DFFvHLwKSaGXZz-A3QBk4Q
1171,AgileEngineer#8209,1741330569851,3,62420,59394,187260,5.666666666666667,0,17,17,1,SUCCESS,62420,IcUiO8GhQO2udFiuFw03fw
1172,InteractiveOrder#1876,1738326965549,3,63241,58268,189723,6.0,0,18,18,1,SUCCESS,63241,15Mha9XvQseJlR9_Pa3ZRw
1173,dr-teacher-10,1738573367319,3,63373,54868,190120,7.666666666666667,0,23,23,1,SUCCESS,63373,9h8jPsY9QFWt4GvAN589uw
1174,NullAttention#1882,1738696065770,3,63377,48537,190133,9.666666666666666,0,29,29,1,SUCCESS,63377,Q0m_88UvQeSgTtEsEqYQwg
1175,UsableError#8718,1736378102592,3,64065,63731,192195,6.0,0,18,18,1,SUCCESS,64065,IxlEB3RARc6duXYuZSMLJw
1176,dr-teacher-15,1738653834164,3,64865,45994,194596,7.333333333333333,0,22,22,1,SUCCESS,64865,oVV-sPJPT9CcCpv_OhKBkA
1177,FiniteDataset#6905,1738731999390,3,65303,54663,195910,9.0,0,27,27,1,SUCCESS,65303,cusI9Xo6RKi2rl5reP8kCg
1178,mbross,1738733524518,3,65351,42790,196055,8.0,0,24,24,1,SUCCESS,65351,S_1QXhpMTE2nf2hRyKWZWw
1179,NTI-G20-AYA,1738271385671,3,65448,56207,196346,9.666666666666666,0,29,29,2,SUCCESS,65448,XykZCeWhT-qU3994Xxo8uA
1180,EncryptedScope#5739,1738846088344,3,65664,65269,196993,10.0,0,30,30,1,SUCCESS,65664,ISITyawVQg-LRn2ffSgKFQ
1181,PrimeArgument#7602,1740672029003,3,66315,64269,198945,7.333333333333333,0,22,22,1,SUCCESS,66315,pnwxQQeLT_6GBe7dGfaKjQ
1182,AWS-PrabhakarChandrasekaran,1739389896742,3,66509,41198,199528,9.666666666666666,0,29,29,1,SUCCESS,66509,ep_PT2fASc2SM81jqneN0Q
1183,YermanTuring#IABDPros,1736981046312,3,66930,57792,200791,9.666666666666666,0,29,29,1,SUCCESS,66930,--3XrolBSymWC7pnevxCGw
1184,PassingAttention#9855,1739728914314,3,67556,52871,202668,6.666666666666667,0,20,20,1,SUCCESS,67556,oPPNBmYDSdmHOb2g3wk99w
1185,Reference486#8819,1736496077913,3,67598,54992,202795,10.333333333333334,0,31,31,1,SUCCESS,67598,MSrlwEm3TjWhqPX5fNnkaQ
1186,InfiniteModel#7294,1741184396945,3,68308,64803,204925,6.666666666666667,0,20,20,1,SUCCESS,68308,iKbs6SleRkGeMgfrqPJlQg
1187,MobileArray#7704,1739489276397,3,68507,62739,205522,6.0,0,18,18,1,SUCCESS,68507,cGyxxZW4RGOBCHcIdJgDHQ
1188,QuickNode#2856,1739781909285,3,68573,40001,205720,10.333333333333334,0,30,31,1,SUCCESS,68573,XlhEpjN4TCGydWUiLWL32g
1189,TabletSchema#8016,1739781914533,3,69040,54525,207122,9.666666666666666,0,29,29,1,SUCCESS,69040,NS8wE1tDQtWLJP_kDrC2IQ
1190,ntsh#10603,1736392596660,3,69713,58002,209141,8.0,0,24,24,1,SUCCESS,69713,PAkSJc7pRwGxfd_fmxXRpw
1191,ThisParameter#3531,1741193920848,3,69863,54329,209591,6.666666666666667,0,20,20,1,SUCCESS,69863,O9jach7XS7G-WlnVMdTtbw
1192,ThisSchema#0444,1740676329921,3,70442,64734,211326,11.0,0,33,33,1,SUCCESS,70442,2fmAFhCCQjCZ4_wOwcusJA
1193,ArtificialPackage#8835,1739304043753,3,70487,62596,211463,7.666666666666667,0,23,23,1,SUCCESS,70487,gNSVnFjfSbW4xG4Z2VhdsA
1194,FuturisticNumber#3683,1736939908658,3,70554,65737,211662,9.0,0,27,27,1,SUCCESS,70554,0U8yF32FS6SzaDE5rEx0Tw
1195,RiverRunnersTeam5,1741847566012,3,71153,56399,213461,10.666666666666666,0,32,32,4,SUCCESS,71153,MQgxMnwjRJ-Pc1WwgJyB-g
1196,Echo1911,1736762964864,3,71511,67466,214535,10.666666666666666,0,32,32,1,SUCCESS,71511,4WgpazINRpS1KD3yKMjkrA
1197,MemoryUpgrade#0723,1741340714963,3,71686,69403,215059,7.333333333333333,0,22,22,4,SUCCESS,71686,Lzpu8DbNSJmI5TDIB4wIAg
1198,ConnectedSpec#6653,1736908630004,3,72063,53131,216191,11.333333333333334,0,34,34,1,SUCCESS,72063,gEr6kqzsT3eMNAvRiT7P2g
1199,TestingFormula#5685,1736286956462,3,72218,66796,216655,8.0,0,24,24,1,SUCCESS,72218,bHj8z-guS_2aHjoE7h0mng
1200,jodiaz,1739625374057,3,72395,48389,217186,10.333333333333334,0,31,31,1,SUCCESS,72395,WwJasprRS_KtjGyIFcgxEw
1201,EsteemedMethod#4211,1737927360070,3,72422,57866,217267,7.333333333333333,0,22,22,2,SUCCESS,72422,ZafRE-Q_QLyKy1LH4YEhiA
1202,DraftDelta#7882,1741266417282,3,73155,69263,219467,7.666666666666667,0,23,23,6,SUCCESS,73155,I5sp5chzQb6v8e4wvRzpBg
1203,UpdatedExpert#9334,1736987282168,3,73246,64678,219738,7.666666666666667,0,23,23,2,SUCCESS,73246,B8Z7bFtSRyO9JASKo_AF_w
1204,BetaArray#3538,1736592464408,3,73841,72060,221523,9.333333333333334,0,28,28,1,SUCCESS,73841,8ZOiwe1aT3CSPLlDckgopA
1205,NumericObject#9457,1741944498787,3,73907,70538,221722,7.666666666666667,0,23,23,6,SUCCESS,73907,K-cGr6rLQ8KVCUHy9MtJuA
1206,ntsh#11003,1736394826796,3,74047,68065,222143,10.0,0,30,30,1,SUCCESS,74047,RzljuPf4RVG40kKcJENYoA
1207,onlythree,1738502076366,3,74153,61206,222459,11.333333333333334,0,34,34,1,SUCCESS,74153,23e254b25ea0443389ed6w
1208,NeuralPatch#6874,1736433805213,3,74200,66400,222600,11.333333333333334,0,34,34,1,SUCCESS,74200,c9iR5qdoRJyE9bIT-k7bpw
1209,DraftEnvironment#5316,1741168057217,3,74554,60404,223662,7.666666666666667,0,23,23,1,SUCCESS,74554,ih3lw65sTp6O8qjZFGf4Cg
1210,ImportantFormula#2367,1736318934330,3,75842,70926,227528,10.333333333333334,0,31,31,2,SUCCESS,75842,K0C5FvOJQ9-0ygWoud-dLg
1211,GenerativeSpec#3248,1736939294937,3,75907,66058,227721,10.0,0,30,30,1,SUCCESS,75907,QT9wTCbZR3aAPSxY6i7z0g
1212,DoudouTheRacer,1740792052872,3,77598,68589,232795,11.666666666666666,0,35,35,1,SUCCESS,77598,Ehk7YHkYQ8C7OFk2QDO9Eg
1213,AutomatedExpression#0092,1739256855675,3,78197,76267,234593,12.333333333333334,0,37,37,1,SUCCESS,78197,QGc6AvfGQnKEZF_TLAmgMw
1214,WebAttention#7054,1737076939796,3,79330,75859,237991,11.666666666666666,0,35,35,1,SUCCESS,79330,IUyidsJURaOlN7JbgpbmMA
1215,IntelligentEngineer#9599,1742333569688,3,79709,68732,239127,11.0,0,33,33,1,SUCCESS,79709,BYp2CBARTcyqS1FkJbaLag
1216,ArtificialPresentation#1697,1736247925630,3,79752,75927,239256,8.666666666666666,0,26,26,1,SUCCESS,79752,vTgNm340Q2-d_mLx2A9hyg
1217,FocusedLoop#1404,1740617315281,3,81044,80738,243132,9.0,0,27,27,2,SUCCESS,81044,lksz9E-8QxWCzJEOIM8bew
1218,AlphaNode#3315,1736237607786,3,81686,76463,245059,9.0,0,27,27,1,SUCCESS,81686,vshRPA5jT96ZM987FgqIHA
1219,TechnicalPoint#7421,1739447635759,3,82174,72935,246523,12.666666666666666,0,38,38,1,SUCCESS,82174,9GU7YmQ5QVS-5zeRfQy-jw
1220,AgileNumber#9317,1736212497204,3,82287,73062,246861,12.666666666666666,0,38,38,1,SUCCESS,82287,1w0cSi0VRMmxO4ScE6h8wQ
1221,ContinuousState#8899,1738326563807,3,84108,74996,252326,12.666666666666666,0,38,38,1,SUCCESS,84108,Xr6SFqfLRBeM9MljgsDfFA
1222,MoSalahs,1737908148204,3,87091,79739,261275,12.333333333333334,0,37,37,1,SUCCESS,87091,m-0u3d2VRQWhKqgOq9fvdQ
1223,QuickPointer#7776,1738265240024,3,87420,81986,262261,14.0,0,42,42,1,SUCCESS,87420,3ElkkN_BSku1mAI_ZvNVbg
1224,DeepDrift2025,1738547473159,3,87487,77863,262461,13.666666666666666,0,41,41,2,SUCCESS,87487,_S7Xl3abTSuTKv1zxRVhIA
1225,PassingScript#6909,1739256727118,3,87574,80130,262724,13.333333333333334,0,40,40,1,SUCCESS,87574,mB4d6kEtSh6CFw-2eD7Q-A
1226,AtomicMethod#3443,1739747975391,3,88000,80736,264001,10.333333333333334,0,31,31,2,SUCCESS,88000,fsjRJDLHTTa9hAssV6YhBA
1227,StructuredNotation#3478,1740944402862,3,88108,81000,264324,10.333333333333334,0,31,31,1,SUCCESS,88108,UHEuFfPsSU25SLcJGop6jw
1228,InteractivePoint#5184,1740675192714,3,88375,86267,265125,14.333333333333334,0,43,43,1,SUCCESS,88375,ETRESPLcTwWdc1zgFcsJWA
1229,RobotBrackets#4486,1738086058263,3,88483,84668,265451,12.666666666666666,0,38,38,2,SUCCESS,88483,tZzlSA6YSXaH06GKfqGraQ
1230,ImportantInterface#9293,1742291263952,3,89175,85599,267525,10.666666666666666,0,32,32,1,SUCCESS,89175,RDnGeYUVSuS3YDUkXiIOWA
1231,JavaBottleneck#8374,1741329557160,3,89885,81460,269655,10.666666666666666,0,32,32,2,SUCCESS,89885,3wQD2Is0QJmKOlK_Ejk-7g
1232,BigObject#1602,1741329513661,3,89914,75403,269744,10.666666666666666,0,32,32,1,SUCCESS,89914,b9eBxIvkR8u9Q2K_fkVFHw
1233,IkeIkeDonDon,1741847601604,3,89932,83727,269796,12.0,0,36,36,1,SUCCESS,89932,DTwfGY59TG6z3qzlmytD5w
1234,HelpfulValue#1242,1742267515210,3,91376,85594,274128,11.0,0,33,33,1,SUCCESS,91376,gF-pR113Roq436h4Zwv2LQ
1235,GlobalState#8029,1742207891225,3,91447,86270,274342,11.0,0,33,33,2,SUCCESS,91447,A4pnTcW-TUSdU-JWpukB7w
1236,PathingBrackets#0097,1740349349035,3,91643,86867,274930,11.0,0,33,33,1,SUCCESS,91643,2pjtu96XQBm5vx7pU-PFCg
1237,BetaPatch#0362,1739269659642,3,91690,83132,275071,11.666666666666666,0,35,35,2,SUCCESS,91690,-PZo01fFThep72gkSmyjUg
1238,Zero-daySlice#0291,1741922769625,3,91734,86330,275203,11.0,0,33,33,2,SUCCESS,91734,JZi0AjGvQzK6Vq-dJH7M-g
1239,AccessibleServer#7530,1736235390416,3,92242,86201,276728,11.0,0,33,33,2,SUCCESS,92242,vARH1bRpTDCxzrTU16W_og
1240,UpdatedShell#7325,1738504463961,3,92553,81465,277660,14.0,0,42,42,1,SUCCESS,92553,RMyhSkUhRAOXK2o7oVhEfw
1241,LoopingLanguage#7410,1739626547492,3,93135,80935,279405,11.333333333333334,0,34,34,1,SUCCESS,93135,BfvQ15GsQHqwTLcQ8V-cjA
1242,GlobalTest#1075,1736211159221,3,93197,86133,279593,11.333333333333334,0,34,34,1,SUCCESS,93197,T6bMeeoKQUqIb641inbgow
1243,CriticalSpec#1816,1740601318214,3,93262,85802,279787,11.333333333333334,0,34,34,3,SUCCESS,93262,nwIE1hcATdWv03fFN3y9-Q
1244,2024coss-final-7,1739681840501,3,93374,81132,280123,11.333333333333334,0,34,34,1,SUCCESS,93374,LFcer_3TSE6Da-OwujMbqg
1245,AlphaInterface#5853,1741921039990,3,93398,80863,280196,11.333333333333334,0,34,34,3,SUCCESS,93398,FaE9eU64Sjeg7uneyE-UNA
1246,ConnectedHypothesis#7183,1737095798945,3,93932,89997,281797,11.666666666666666,0,35,35,1,SUCCESS,93932,h3pRI1jOR42h74-gTcWrNw
1247,CriticalArithmetic#5787,1739401202901,3,94774,85731,284322,11.666666666666666,0,35,35,1,SUCCESS,94774,MuOZvbXaRKWtxdIX4_-81A
1248,QualityContext#0449,1736545843774,3,94907,91190,284723,11.666666666666666,0,35,35,1,SUCCESS,94907,B9qTJPn2TxG3B1iDTlH2zA
1249,MechanicalParameter#8487,1739304335047,3,94953,91735,284861,11.666666666666666,0,35,35,1,SUCCESS,94953,_AKlWOcnRL6zySAEszbZoA
1250,ThisDocumentation#0617,1736329803389,3,94976,85723,284929,11.666666666666666,0,35,35,1,SUCCESS,94976,_fpkOBNBR9unAMJARlT3ig
1251,Zero-dayParameter#4740,1740699923149,3,95112,91530,285336,11.666666666666666,0,35,35,1,SUCCESS,95112,glEu_-2GTY-oFfVkPE9xtw
1252,SuperLossCar,1737637929681,3,95197,85934,285593,11.666666666666666,0,35,35,1,SUCCESS,95197,ryECwJH4QDy5V-_DgZbIzQ
1253,InfiniteSystem#6586,1740845866099,3,96553,91199,289660,12.0,0,36,36,1,SUCCESS,96553,3s9LjmGcQCWVLcqgV7PP4A
1254,Packer12,1741203993267,3,96553,96127,289660,12.0,0,36,36,1,SUCCESS,96553,Zu_mMvPBQbuS_92fJK1H9Q
1255,BooleanCoder#1556,1739238625883,3,96576,75196,289729,12.0,0,36,36,1,SUCCESS,96576,N2EbeHDRS6O662LLJoNCMA
1256,DeepTable#8289,1737411139955,3,96731,85993,290194,12.0,0,36,36,1,SUCCESS,96731,nATPNyvkSpme84w5BLgvdQ
1257,JavaError#2312,1740686649720,3,96996,80721,290988,12.0,0,36,36,1,SUCCESS,96996,Zt50CuBVQtqFhv3HOkKRNg
1258,Sammy-Prod,1738875087644,3,98110,96068,294331,12.333333333333334,0,37,37,1,SUCCESS,98110,2g_s8ltER9KakaS2TH19wQ
1259,SquareFormula#8436,1741742344075,3,98426,96529,295279,12.333333333333334,0,37,37,1,SUCCESS,98426,oF_NhNsRQPSv08cV0fTR0A
1260,Huiliang-Lui-SGCC,1741596339705,3,98776,92061,296328,12.333333333333334,0,37,37,1,SUCCESS,98776,4zhoyKc-S9yNFn3JONx_4A
1261,GammaServer#6544,1742348429120,3,99796,95533,299389,12.666666666666666,0,38,38,1,SUCCESS,99796,BKk60pIUQ2aEo2x6qiJGbQ
1262,EsteemedPresentation#5899,1742243017644,3,100019,96803,300059,12.666666666666666,0,38,38,1,SUCCESS,100019,Xnk2j9rXRPaecH_E2AWzNA
1263,BackloggedMetaclass#9558,1741081771789,3,100064,96067,300192,12.666666666666666,0,38,38,1,SUCCESS,100064,EwxHueIORwChFIVnrZAooQ
1264,IterativeDeadline#9950,1739318113931,3,100466,91869,301399,12.666666666666666,0,38,38,1,SUCCESS,100466,31AHtVKoR_GhsIGTpkYxow
1265,UnboundResource#2629,1740561949217,3,100552,92000,301656,12.666666666666666,0,38,38,1,SUCCESS,100552,_Zx1erIbRQGgiizWJVjiyA
1266,DigitalResource#7504,1736912195764,3,100730,80793,302190,12.666666666666666,0,38,38,1,SUCCESS,100730,osSMCVqBTyaiE80sO7Qz5w
1267,UnicodeSequence#2215,1740026008284,3,102063,90593,306191,13.0,0,39,39,1,SUCCESS,102063,u2M7lv1rQKq2a751mslzoQ
1268,UsableDebugger#7157,1738722395204,3,102222,101862,306666,13.0,0,39,39,1,SUCCESS,102222,XrxhLfUKTXWeIycrTsMhOA
1269,AsynchronousExpert#3796,1740595592173,3,102292,91742,306878,13.0,0,39,39,1,SUCCESS,102292,0QvepmdvTh2DMfCzdV1OSA
1270,SquareAbstraction#3276,1741034454511,3,102396,96920,307188,13.0,0,39,39,1,SUCCESS,102396,OEGr0ZXZRkqJb6xNBV1s5Q
1271,Important486#3643,1741314193243,3,102421,91274,307265,13.0,0,39,39,1,SUCCESS,102421,bjOrWmshT4y6L_dw1SnoZw
1272,AccessibleBraces#8319,1741408564829,3,103422,80133,310266,13.333333333333334,0,40,40,1,SUCCESS,103422,YuhoHmrlQq-vEJaAPRx4Vw
1273,Funiclem,1738934031540,3,103573,98516,310721,13.0,0,39,39,2,SUCCESS,103573,gxdZ7r2oS4-k1Ec1ZZvCnA
1274,NumericAnalysis#4250,1742278674484,3,103640,101463,310920,13.333333333333334,0,40,40,1,SUCCESS,103640,V_WERVoCTz-73pSdCkyW2Q
1275,UrgentConsole#9187,1736939264930,3,103664,96066,310992,13.333333333333334,0,40,40,1,SUCCESS,103664,HuzrEovlQ8y_W6WYpUFcCg
1276,CurlyPoint#2204,1740632755984,3,104043,96524,312130,13.333333333333334,0,40,40,1,SUCCESS,104043,FfUhr_MiRFuxUUAviQhiuA
1277,kodaly802,1740082229670,3,104266,91202,312798,13.333333333333334,0,40,40,1,SUCCESS,104266,VK-1z8oSQsGhdmNVzEZFwQ
1278,FunctionalArray#0179,1739489115133,3,105751,96325,317255,13.666666666666666,0,41,41,2,SUCCESS,105751,9_gJHzeeSSKukpYt-9lFlw
1279,Andres-dot-NZ,1738545447233,3,105928,90935,317784,16.666666666666668,0,50,50,1,SUCCESS,105928,udQBR4tpSe2TBS3V_Z_YqA
1280,IterableDocumentation#4077,1740596063776,3,106113,91005,318339,13.666666666666666,0,41,41,1,SUCCESS,106113,yALIcSmtT2CqYVO_DYA_6w
1281,ReferenceTheory#9875,1740975848558,3,107885,98394,323657,17.666666666666668,0,53,53,1,SUCCESS,107885,ooYbe0WDQaymHbeIW2LoUg
1282,ArtificialDescriptor#6145,1736813283904,3,109374,100325,328123,17.666666666666668,0,53,53,1,SUCCESS,109374,57dVo9hkSMKFDC6sbeFKug
1283,SecureVariable#8314,1741949209923,3,110287,106601,330861,14.666666666666666,0,44,44,1,SUCCESS,110287,7MM2vPl1Tmip6Dywo-jXLQ
1284,UnicodeCircuit#2675,1738579033181,3,110908,92456,332724,18.333333333333332,0,55,55,1,SUCCESS,110908,bbVsVeg-Qwag2UOntdv1yw
1285,ProvisionalGlyph#0254,1741189946566,3,111998,108994,335996,13.666666666666666,0,41,41,1,SUCCESS,111998,-91rXNwlQiuHUPaqAqX_aA
1286,AutomatedEvaluation#7246,1740163664178,3,113649,73348,340947,16.0,0,48,48,1,SUCCESS,113649,mThWFf2PT_C5pSH-ylsSpg
1287,MS-LMQZ,1742375090831,3,113686,110599,341060,14.333333333333334,0,43,43,1,SUCCESS,113686,F336HjRrRDGOAIvEz6l3DA
1288,Pandemonium--,1741084894038,3,119152,98263,357457,19.666666666666668,0,59,59,1,SUCCESS,119152,__IVAsG2QEC7Q1hEIHGjhg
1289,CodeArithmetic#0610,1737049018831,3,120563,105822,361690,19.666666666666668,0,59,59,1,SUCCESS,120563,T1gaqRqdQ2iSvAHp0h5zlQ
1290,PassingFormula#7928,1738649406059,3,124019,100123,372058,17.333333333333332,0,52,52,1,SUCCESS,124019,6VGBpLN0QOWFEsD85oKWjw
1291,AWS-Sukant,1739999806681,3,125463,107525,376391,20.333333333333332,0,61,61,1,SUCCESS,125463,xb3lfLbFSb2GcTBWImyzaw
1292,AutomatedAnalysis#7225,1741045060269,3,126309,124200,378927,17.333333333333332,0,52,52,1,SUCCESS,126309,oy9qdKQgQ-2C85s7m5zbWg
1293,ASCIISpec#2082,1740263677891,3,126373,118998,379121,20.333333333333332,0,61,61,1,SUCCESS,126373,wMwxtR7bQK6NVyGQi5UKoQ
1294,EncryptedConsole#0262,1740158946222,3,129773,119460,389319,21.0,0,63,63,4,SUCCESS,129773,Sj0I2sDTRiq5VoTkm-F1Cw
1295,arracheur2bitume,1738947404559,3,142174,133071,426523,23.666666666666668,0,71,71,1,SUCCESS,142174,XZC53n4JRd2xyQZuZQMcnw
1296,PythonCharacter#5729,1740658163449,3,209712,190667,629138,14.666666666666666,0,44,44,1,SUCCESS,209712,W6G8Qc6tQ6SRpYxao5H5oA
1297,LeetSpec#2837,1738177160498,3,212996,186802,638990,36.666666666666664,0,110,110,1,SUCCESS,212996,N19QBTeVT1Cn6QFhknyDJw
1298,CompleteTag#7989,1739816404323,3,229174,226662,687522,36.333333333333336,0,109,109,2,SUCCESS,229174,MiZW8sDHQYGz6I3L4fc3vg
1299,MSEDU-016,1738741040321,3,266794,254652,800384,44.333333333333336,0,133,133,1,SUCCESS,266794,T9uPXxfKQc6yLypIvwIA8A
