Rank,Alias,SubmissionTime,LapCount,AvgLapTime,BestLapTime,TotalLapTime,AvgResets,CollisionCount,OffTrackCount,ResetCount,SubmissionCount,LeaderboardSubmissionStatusType,RankingScore,UserId
1,rosscomp1,1749526227337,3,7819,7533,23458,0.0,0,0,0,10,SUCCESS,7819,fb0d597a87f94697aa1c6w
2,MarkRoss,1743402216650,3,7909,7664,23727,0.0,0,0,0,4,SUCCESS,7909,9OT4p4dXQ2K2J5pOUfeGfg
3,CodeMachine,1736315979195,3,8129,7870,24389,0.0,0,0,0,5,SUCCESS,8129,b_WzN_r8ToGPle_8bl2tMA
4,BSi,1738824021299,3,8664,8266,25993,0.0,0,0,0,3,SUCCESS,8664,2eb231b0a43f4940bfed3w
5,KingoftheTrack,1752486496883,3,9220,8930,27662,0.0,0,0,0,105,SUCCESS,9220,ACg6IYaIQNi--irQmpdiHg
6,barkingdog,1746681541627,3,9330,9073,27992,0.0,0,0,0,12,SUCCESS,9330,b3960b6c6f58458880ceew
7,Gareth,1748688531887,3,9420,9267,28260,0.0,0,0,0,35,SUCCESS,9420,WibTUf0lSyWhQiHW-DKNmA
8,ChrisBush,1750865367054,3,9777,9396,29332,0.0,0,0,0,12,SUCCESS,9777,T5uJ9tbWRSu4mY1frBDFlA
9,pmi-knk4#2630,1736419917554,3,9821,9665,29465,0.0,0,0,0,32,SUCCESS,9821,1ZYesBf7TMufV0hhreTW-w
10,JacksonSouza,1759160356217,3,10063,9866,30191,0.0,0,0,0,28,SUCCESS,10063,dwyGR9sMQhu0WuJZ5ImrRA
11,SteveW-BJSS,1738679871357,3,10088,9804,30266,0.0,0,0,0,1,SUCCESS,10088,bt0g0Yx0R7KyvbtojGlP4A
12,Dexxtz,1736602228670,3,10351,9940,31053,0.0,0,0,0,37,SUCCESS,10351,tabxmSFdSiuDVkEWW34mTA
13,JohnC,1753090208769,3,10664,10466,31994,0.0,0,0,0,27,SUCCESS,10664,dOL9gVmRQoOqOZc3quuMjQ
14,UpdatedTester#9917,1758014042761,3,10886,10460,32658,0.0,0,0,0,8,SUCCESS,10886,mn46K801SSi618S4Q2DYlw
15,AGZ#2,1758086470035,3,10907,10533,32723,0.0,0,0,0,4,SUCCESS,10907,qs5_AJ7sTm-BVzta2nBsHA
16,Zero-dayCallback#5289,1744776693405,3,11108,10933,33326,0.0,0,0,0,10,SUCCESS,11108,-pzvxwvlR9ChvxFaLwiJgA
17,RostCamp,1748382956333,3,11109,10734,33327,0.0,0,0,0,12,SUCCESS,11109,oX4dpYxLTFG2UU6NprA-7g
18,DataWolvesOfRugStreet#2,1758027430965,3,11132,10734,33396,0.0,0,0,0,37,SUCCESS,11132,ixaErOcJRN2ZQC3ZfovFsw
19,SigKoch#2,1757584002673,3,11307,10863,33923,0.0,0,0,0,10,SUCCESS,11307,sH35EP_xTnmJzQaTSpY00A
20,VVIK,1746679590624,3,11309,10868,33928,0.0,0,0,0,2,SUCCESS,11309,9K4Cz2EiTz2YB5ZrAauVRA
21,VisionThings#1,1756265031719,3,11376,10936,34130,0.0,0,0,0,36,SUCCESS,11376,N0y9CR6fQN-a4UlAFsTC5Q
22,UpgradedModel#5475,1754931123856,3,11441,11199,34325,0.0,0,0,0,15,SUCCESS,11441,UgCEcmHVTMKPfM2i1u2AHQ
23,Nickson,1750363806236,3,11509,11135,34529,0.0,0,0,0,26,SUCCESS,11509,RExAkDBNRlGij0jzJJPTjQ
24,BackpropToTheFuture#2,1757864187369,3,11553,11332,34660,0.0,0,0,0,12,SUCCESS,11553,uG2so4M-SqG-pkxpp_t3yA
25,FabioMaxV,1736781310816,3,11642,11591,34927,0.0,0,0,0,22,SUCCESS,11642,fkCXzcxUQAu40C7Qxc3EzA
26,ky04,1757113682397,3,11765,11203,35296,0.0,0,0,0,71,SUCCESS,11765,Cv8iISDxRwemFAaBgGhr3Q
27,DataWolves-V1#1,1757495352533,3,11820,11268,35461,0.0,0,0,0,8,SUCCESS,11820,LJ6zWNSKRmeH19ESKcn-eA
28,bw#2987,1751397804728,3,11886,11541,35658,0.0,0,0,0,12,SUCCESS,11886,MtSjSNzEQy64qrGci60xfg
29,HardRock789#5445,1738227895181,3,11907,11535,35723,0.0,0,0,0,4,SUCCESS,11907,Fnn9s53ATqCs-R2CALOx8Q
30,godmod007,1736373438218,3,11908,11736,35725,0.0,0,0,0,3,SUCCESS,11908,sqtQ9FnDStmvWBZ2nMrhMg
31,MechanicalSemicolon#1875,1738779055046,3,11909,11467,35727,0.0,0,0,0,23,SUCCESS,11909,adha5PIwTSmPIZRReO5nVg
32,-KnightRider-,1746646254171,3,11996,11595,35990,0.0,0,0,0,2,SUCCESS,11996,xa3ZvVNDTLCAoBUnUrjtSQ
33,Sergio-Ramella,1758390267692,3,12176,11738,36530,0.0,0,0,0,13,SUCCESS,12176,2RW0-oHUSze5JAyRQcK5fg
34,UpgradedHypothesis#0503,1745194674848,3,12197,11664,36592,0.0,0,0,0,5,SUCCESS,12197,xDeImlwJQpqaPjK0u6qC5Q
35,BonnieY,1758036246454,3,12241,12136,36723,0.0,0,0,0,4,SUCCESS,12241,qph-BYklT1qmFcLQg0DzTg
36,Group-3757281-3777280-3409306,1746702206885,3,12262,12071,36786,0.0,0,0,0,12,SUCCESS,12262,j1vxJl3sRaOsoDOfiqKQ6g
37,LeetAbstraction#8915,1737434946612,3,12309,12003,36929,0.0,0,0,0,2,SUCCESS,12309,cTuc9lE7TKizvn6Tcm4ukA
38,GForceArora,1748511875077,3,12333,10396,37000,0.3333333333333333,0,1,1,4,SUCCESS,12333,coRqWviCSfiXEC9JcwdL7A
39,ITI-G4,1738421611610,3,12353,12058,37060,0.0,0,0,0,106,SUCCESS,12353,isLt2hmGTgewYqP0Piaesw
40,Khavar#1,1758062902760,3,12397,11805,37191,0.0,0,0,0,34,SUCCESS,12397,qEreWHzIQ6-RLYG0jnViig
41,Fenerbahce-FAN,1738275876956,3,12397,12135,37193,0.0,0,0,0,36,SUCCESS,12397,-yBKpK66SoKcJrJWFnLvsA
42,bw#4142,1751221315213,3,12418,11995,37255,0.0,0,0,0,21,SUCCESS,12418,8vNlrCMdTXiw8UACYC7UTQ
43,MariaAraujo,1743204774683,3,12440,12062,37322,0.0,0,0,0,19,SUCCESS,12440,utUBHAVNTvSjS6dOiqwXCw
44,Daniel-Zecena-Atos25,1748459838364,3,12486,12065,37459,0.0,0,0,0,9,SUCCESS,12486,gJuMw6T0R4yvFZBw30zUmg
45,404DriverNotFound#1,1757856270567,3,12488,12348,37466,0.0,0,0,0,10,SUCCESS,12488,cD-fey2rSj2Ff-ZsZf7bUQ
46,CircuitBreakers#2,1758214933843,3,12529,12068,37589,0.0,0,0,0,26,SUCCESS,12529,dP2HrhdNS6a-mo77Lc8W3g
47,ETHHN#2,1757837890381,3,12555,12462,37665,0.0,0,0,0,8,SUCCESS,12555,k3OzelsPRbu73cmhsAwa-w
48,CiarandoAlonso,1758036290958,3,12617,12065,37852,0.0,0,0,0,7,SUCCESS,12617,JJNmDTPMR12DpVt1RqP1ng
49,BoxBox,1759301355830,3,12638,12457,37914,0.0,0,0,0,31,SUCCESS,12638,SAscc7YZRNqBl9q9OlLupw
50,ParametricFix#0241,1758014518180,3,12640,10733,37922,0.3333333333333333,0,1,1,1,SUCCESS,12640,cXVxG8_TSDuvs-77qPI-hw
51,chihming,1751102158228,3,12641,12266,37924,0.0,0,0,0,2,SUCCESS,12641,icCKowWfTGWEumMEd4sIJA
52,NestedEnvironment#9340,1758433301287,3,12643,12598,37929,0.0,0,0,0,49,SUCCESS,12643,qmgGtqojSpelYbw7oTFKRA
53,KasztP,1736346822856,3,12661,12398,37983,0.0,0,0,0,10,SUCCESS,12661,B_NHhZzIT7yLboMZHKC3Qw
54,VAVA,1757936157477,3,12686,12536,38060,0.0,0,0,0,8,SUCCESS,12686,bzvE1BGASVyRx5xqAvWllw
55,BON-U,1743384872635,3,12731,12599,38195,0.0,0,0,0,11,SUCCESS,12731,kpEuPhIFTgaPvneT73Lkcw
56,JinRacer,1756651258014,3,12752,12587,38256,0.0,0,0,0,95,SUCCESS,12752,z0QutNOhRJKfysTxp1dEkA
57,CriticalWorkaround#8895,1758544823469,3,12754,12462,38264,0.0,0,0,0,2,SUCCESS,12754,dDGW2XOHS5SZGzzt4NHBjw
58,Borek#2,1757976610359,3,12775,12458,38327,0.0,0,0,0,15,SUCCESS,12775,SZckQDHgTPWHZndZA0uMUQ
59,Arang,1757465055554,3,12777,12538,38333,0.0,0,0,0,1,SUCCESS,12777,abxB9RhBStiA52QKMWkNiw
60,Chinna-Vadlamudi,1748942127295,3,12840,12469,38522,0.0,0,0,0,11,SUCCESS,12840,09lXmt3vTRuLTrAxXq0ezQ
61,CreativeRequirements#2602,1743769715816,3,12865,12528,38596,0.0,0,0,0,29,SUCCESS,12865,-yxXsO93RjKSIoeInX90VQ
62,Ivangelion#1,1757454707113,3,12908,12732,38725,0.0,0,0,0,59,SUCCESS,12908,1BH_ryljRwCuWFLX-a4GKg
63,10xConsole#5944,1747638627990,3,12909,12598,38727,0.0,0,0,0,21,SUCCESS,12909,neds3uSWRE-fMIzrv-j_Zg
64,MRiaz#1307,1747852217029,3,12952,12856,38856,0.0,0,0,0,3,SUCCESS,12952,0HiY2Av9RDaf3FzqYhwpMg
65,DeliangGao,1750416512951,3,12997,12530,38992,0.0,0,0,0,3,SUCCESS,12997,tcZ76fLUSrePdHYKXP5INw
66,MrBrikas,1758017979711,3,13020,12932,39062,0.0,0,0,0,4,SUCCESS,13020,XTqbyljLSmizN55yVKhGhQ
67,DigitalTag#9597,1754183664708,3,13021,12794,39064,0.0,0,0,0,36,SUCCESS,13021,OKBq3_OWS6WGx1WeJVPbcQ
68,Team30-JingKang,1758859336817,3,13084,12865,39254,0.0,0,0,0,9,SUCCESS,13084,WmsYZ0JcSJy38f1G0B4q3Q
69,MarcoM,1749564764451,3,13130,12993,39390,0.0,0,0,0,3,SUCCESS,13130,Mt8cd9RJQb2nGR44lUxZEA
70,Deadlock-IFPB,1746217697910,3,13154,13003,39462,0.0,0,0,0,14,SUCCESS,13154,AnbvS1-4QDqW4YbsQ5KOFg
71,TimJ,1757753899178,3,13197,11460,39593,0.3333333333333333,0,1,1,1,SUCCESS,13197,I_IWpsLYQRe8Z-oijQA0AA
72,Zero-daySchema#2210,1743762970638,3,13197,13063,39593,0.0,0,0,0,62,SUCCESS,13197,ri6S1_sjTZSEo-hWlQ7QEw
73,SecurePatch#9720,1752926622842,3,13199,12859,39598,0.0,0,0,0,2,SUCCESS,13199,x9qxHYdqTFSzcMou0T0r9g
74,RecursiveShell#3088,1744353597516,3,13204,11002,39613,0.3333333333333333,0,1,1,9,SUCCESS,13204,0Hju4q8OQ8edrOmHbMhuNQ
75,CNSUD,1743884910072,3,13222,13063,39666,0.0,0,0,0,15,SUCCESS,13222,2KampTl9Tv2eDQqTZImq_A
76,EsteemedMethod#6307,1748155304016,3,13242,12861,39727,0.0,0,0,0,20,SUCCESS,13242,aOj62ZcUR3OTZcTGd-5Usw
77,MobileNamespace#2781,1755450305132,3,13266,12999,39800,0.0,0,0,0,8,SUCCESS,13266,irNxBdDbTVWteiVn4ueDWg
78,HelpfulDocumentation#6923,1744946319050,3,13286,12996,39858,0.0,0,0,0,6,SUCCESS,13286,BCQQKc-VSwGy9OMsWqJ0Ng
79,LukeMorgan,1748003385143,3,13286,13070,39860,0.0,0,0,0,15,SUCCESS,13286,tdSATLIvQUywzwtl35llzw
80,Ivangelion#2,1758117129353,3,13307,13128,39922,0.0,0,0,0,38,SUCCESS,13307,mOLPR9E2RM2BE7B_txKu5Q
81,Krad,1758113876989,3,13309,13004,39927,0.0,0,0,0,4,SUCCESS,13309,5xwPwbZlRny4urS09HNH1w
82,FormulaicDelta#8400,1744033466605,3,13331,13060,39994,0.0,0,0,0,30,SUCCESS,13331,a_HmqkRDQamAKb0MRcrXEA
83,MaMa#1,1758058539059,3,13331,12801,39994,0.0,0,0,0,11,SUCCESS,13331,QMlZfLeoSvKuWf06Ig0xYg
84,DeepDriveDudes#1,1758200585497,3,13331,13064,39995,0.0,0,0,0,13,SUCCESS,13331,tYxIz1UPTSiZDPWlst2T1g
85,renancoelho-devagar-e-sempre,1758228225896,3,13350,12999,40052,0.0,0,0,0,39,SUCCESS,13350,7I2WYQjfTOegcNj0BZ9Q-w
86,NTI-G11,1738704388383,3,13353,13264,40060,0.0,0,0,0,24,SUCCESS,13353,AWVi7ngcTPqE6VRXlJAPZg
87,Slayingripper,1747849269804,3,13353,13265,40061,0.0,0,0,0,10,SUCCESS,13353,dCacLeQeQWm7onZsAgbi3g
88,SolvableCallback#5898,1742827238454,3,13376,13001,40128,0.0,0,0,0,6,SUCCESS,13376,Qj30AF6zR8uGKDHXC4serg
89,SkynetRacing#1,1758018270637,3,13377,12863,40132,0.0,0,0,0,9,SUCCESS,13377,CR_o4oCGQBKEuZRx7WShMw
90,molirs,1736959763371,3,13398,11334,40196,0.3333333333333333,0,1,1,2,SUCCESS,13398,lnQsADKsSoivWcOtun4JvA
91,1140628-lindahsu,1751102352645,3,13423,12941,40269,0.0,0,0,0,7,SUCCESS,13423,r75yaZerSDWG27e11_wQ0Q
92,Leon300,1748385839549,3,13440,13071,40322,0.0,0,0,0,29,SUCCESS,13440,TCqNccnWShqKfjFn-6f_tQ
93,CurlyContext#2714,1743319107544,3,13442,13267,40326,0.0,0,0,0,7,SUCCESS,13442,ck6kWOpuQUWO424jWeRlmA
94,QAXRacer5,1750673954268,3,13445,13135,40336,0.0,0,0,0,19,SUCCESS,13445,lqKZvAseQQm1K6t5pMYwZA
95,Atos-Josh-Reid,1749037402694,3,13445,13341,40336,0.0,0,0,0,4,SUCCESS,13445,44tqAtdTQaiyqejdxsSFKQ
96,FabRacer,1738001010278,3,13462,12993,40386,0.0,0,0,0,27,SUCCESS,13462,YXjU-6WZTe65g7_YyZPJrA
97,q-tron#2,1757973164535,3,13462,13140,40386,0.0,0,0,0,22,SUCCESS,13462,bgx8jRKERIWQ9b3cpI4Mmg
98,tbusk,1751586573427,3,13463,13202,40390,0.0,0,0,0,18,SUCCESS,13463,3ho4FlwpTgqDVfMyXSPG7Q
99,Bonnfire#2,1758450654863,3,13486,13128,40458,0.0,0,0,0,16,SUCCESS,13486,Rkn_p-WyRjm66i-0p3voOQ
100,GreekPerformance#2,1758020838437,3,13487,13002,40462,0.0,0,0,0,16,SUCCESS,13487,PbpCeyKlQnizQWlEW0LvcQ
101,EsteemedDigit#9545,1747632579804,3,13488,13198,40464,0.0,0,0,0,23,SUCCESS,13488,nMp0U-daR-6n4bj_OGJr6Q
102,AndreaOquendoAraujo2025,1744485503618,3,13506,13195,40520,0.0,0,0,0,11,SUCCESS,13506,q73OwRdCQ-iO5lU_fW9glw
103,Mentaiko-DevelopersIO,1755665690919,3,13509,13402,40529,0.0,0,0,0,1,SUCCESS,13509,Wt5C8BPAS0OPlzY3-txb-w
104,DataWolvesOfRugStreet#1,1758055454308,3,13510,11000,40531,0.3333333333333333,0,1,1,7,SUCCESS,13510,sbjFn06jQIep5G_ap5FAGA
105,NTI-G16,1738439274997,3,13532,12866,40596,0.0,0,0,0,5,SUCCESS,13532,wdwE7KO6QaeBOLg3Yng0bQ
106,TabletCallback#8188,1744063870815,3,13532,12798,40598,0.0,0,0,0,15,SUCCESS,13532,m5w727QTR3qmStBHnpIKpw
107,IsraelAlexandre-Audit-Racer,1758663192070,3,13552,13264,40657,0.0,0,0,0,52,SUCCESS,13552,simThdGRR_msk8AQoK7IKA
108,Thomas#DataDrivenDynamos,1744017582587,3,13553,13330,40660,0.0,0,0,0,44,SUCCESS,13553,GB-ws2-OR1Sz7fYyFilsIg
109,Lightning#1,1757942352674,3,13575,13065,40725,0.0,0,0,0,30,SUCCESS,13575,9PUbJ2frQciwZ-go5y974g
110,Tony-Brooks-Welch,1747206536472,3,13598,13198,40795,0.0,0,0,0,5,SUCCESS,13598,0sYiw46ESbeviQ34gD7PGw
111,ky05,1757500858043,3,13641,13136,40925,0.0,0,0,0,15,SUCCESS,13641,2kL3XCXUQpme9wtA_24odA
112,MobileLambda#0014,1738257503701,3,13662,11874,40988,0.3333333333333333,0,1,1,5,SUCCESS,13662,sgTpntopQByQBDMMXZhNQA
113,AdibaBaksh,1749119489208,3,13685,13463,41055,0.0,0,0,0,16,SUCCESS,13685,uiMYuqVGRzWhcQQld6CGAQ
114,TurboTrekker#1484,1736851976261,3,13686,13336,41059,0.0,0,0,0,6,SUCCESS,13686,3fRoUnWaRyKBEUfNNSyNLw
115,CodeReW-IFPB,1746052468122,3,13686,12335,41059,0.0,0,0,0,25,SUCCESS,13686,14hM4hFPSyaNUs4OezwT0g
116,team05-deepracer2,1748445337034,3,13701,13525,41103,0.0,0,0,0,15,SUCCESS,13701,_vUuAt4BSZeoTIz717eK3A
117,InfiniteSchematic#1853,1736964424093,3,13708,13604,41126,0.0,0,0,0,9,SUCCESS,13708,kvTLTDZ3SPerxPxJaneaMQ
118,SEPUTIS1997,1757963712811,3,13730,13526,41192,0.0,0,0,0,13,SUCCESS,13730,T8mDNTcMTmyxkhgjZUOrdA
119,AnaCSA,1748371618943,3,13731,13466,41194,0.0,0,0,0,225,SUCCESS,13731,1B006tmoTMaUkyXtVZE9iA
120,ProcessingNode#1848,1757239164444,3,13731,13063,41193,0.0,0,0,0,9,SUCCESS,13731,jBoqEF3vQee2l9mu3We7eQ
121,ProgrammingComment#3173,1757501499496,3,13754,11599,41263,0.3333333333333333,0,1,1,7,SUCCESS,13754,U2p96t3KTBCn0knLqtGLew
122,JOACA,1757939243526,3,13754,13462,41263,0.0,0,0,0,37,SUCCESS,13754,duKBGpLrTxmyDM7SH0F38A
123,QualifiedBottleneck#6261,1758181296186,3,13756,12998,41268,0.0,0,0,0,14,SUCCESS,13756,n3HPiEC9Qai3qISoA0Zcgw
124,JeongJeongHun,1757746991243,3,13775,13459,41325,0.0,0,0,0,1,SUCCESS,13775,guBNgWFzTRmu6XznujfRlQ
125,GammaAnalyst#1670,1745745902712,3,13776,13538,41329,0.0,0,0,0,9,SUCCESS,13776,8me6r0yxReKA4z5eCL4Gzg
126,ComplexUpdate#0367,1745066920715,3,13796,13399,41390,0.0,0,0,0,3,SUCCESS,13796,7eBUwwCzSd29AF7uOcQlMA
127,Group-3757281-3777280-3409306-v2,1745846963032,3,13797,13533,41392,0.0,0,0,0,3,SUCCESS,13797,EViSsNXcQqS5vzTaT1y_lw
128,BuggyButFast,1753236344586,3,13797,13063,41392,0.0,0,0,0,32,SUCCESS,13797,OZFEz3U-SlOVDwEvNJL96A
129,InfinityLoops-TJ,1757596135791,3,13798,13597,41394,0.0,0,0,0,5,SUCCESS,13798,4uUlyBN2Tx6CUaNK83SeIw
130,sea0350077,1751119387488,3,13818,13532,41455,0.0,0,0,0,16,SUCCESS,13818,p-m8M-I3SBm7Q_o0XisUUQ
131,YA#88,1759231989793,3,13841,13340,41523,0.0,0,0,0,12,SUCCESS,13841,KBCP86t4SpaGJhXNb26AcQ
132,CriticalSlice#6376,1747545653709,3,13842,13734,41527,0.0,0,0,0,4,SUCCESS,13842,99KW8Z4cQMO6v5yNK3oweQ
133,NicolasCosta-LucroNaCurva,1758563380896,3,13842,13529,41526,0.0,0,0,0,35,SUCCESS,13842,wQXTNz9LQlq38wOSI8XJ7w
134,Hahai,1744106881860,3,13864,13660,41592,0.0,0,0,0,15,SUCCESS,13864,wtCUfxEiTaCAFDXiEU_Mgw
135,ASCIIDigit#8310,1752331007824,3,13865,13665,41595,0.0,0,0,0,5,SUCCESS,13865,u3isLEgBR76csTUx2Rxobg
136,Zero-dayNotation#4343,1747713642032,3,13865,13599,41596,0.0,0,0,0,22,SUCCESS,13865,9d7F8stFSBuQcoE3dVp47A
137,Gunmo,1755883399921,3,13907,13732,41723,0.0,0,0,0,50,SUCCESS,13907,L8yp7XbbRySgr-GmYiJDDg
138,ComplicatedArgument#3141,1757367719855,3,13907,11797,41722,0.3333333333333333,0,1,1,4,SUCCESS,13907,9Hjz9TjJRt6oTbIEmM0xxw
139,IterableCoder#2924,1745528085464,3,13907,13740,41723,0.0,0,0,0,30,SUCCESS,13907,rXaIQenUT-6SceNwe3gGmQ
140,VirtualBraces#1266,1754183359532,3,13909,13662,41727,0.0,0,0,0,11,SUCCESS,13909,gOza6ngTTUaohxT06vaURg
141,VariableCoder#1654,1757530742956,3,13914,11798,41743,0.3333333333333333,0,1,1,7,SUCCESS,13914,GQLFu7o-RWGYVN92VNTdiQ
142,TSVSulzbach#2,1758011550113,3,13930,13671,41790,0.0,0,0,0,19,SUCCESS,13930,jgeP2b54SEiKwt3cgEfXoQ
143,PassingBraces#9742,1744097814884,3,13932,13337,41796,0.0,0,0,0,9,SUCCESS,13932,7NWmATXURS2Mc-ZSa6RrWg
144,lincrea-F1nTech,1757653651493,3,13972,13731,41918,0.0,0,0,0,110,SUCCESS,13972,XZUlgVWWS4atPo3M_rKOhA
145,ashah-chwy-2025,1754037725257,3,13974,13740,41923,0.0,0,0,0,32,SUCCESS,13974,3RY6hoRvRWCiGvRZ-HzoAw
146,AtomicSchematic#8943,1747853579632,3,13977,12141,41933,0.3333333333333333,0,1,1,10,SUCCESS,13977,fWucravQTbOgliaxiAHqsg
147,s3676330-DMTeam-PAR,1747641191536,3,13995,13735,41986,0.0,0,0,0,9,SUCCESS,13995,e2q_BUGwRrazHoAa3DbSQQ
148,X22Hadrian,1748627923486,3,13995,13599,41987,0.0,0,0,0,26,SUCCESS,13995,2nXDXbC2SFqoJvJHWXQNMQ
149,CptSlow,1750430264910,3,13996,13862,41990,0.0,0,0,0,12,SUCCESS,13996,x6-RWNfKQd2jMm-2sQOdaQ
150,FireboltKnight,1747214576439,3,13998,13668,41994,0.0,0,0,0,3,SUCCESS,13998,8ef9b917b08c415c8845cQ
151,Achala,1744047269351,3,13998,13931,41994,0.0,0,0,0,30,SUCCESS,13998,NAaZEawOSWGib5AOgGYdbQ
152,MechanicEngineer,1755982585615,3,14017,13465,42053,0.0,0,0,0,34,SUCCESS,14017,Hq3P6rUEQcaKbIrn8yjJ7g
153,AndyWilkie,1749503450813,3,14018,13394,42056,0.0,0,0,0,4,SUCCESS,14018,K1BkbRmyR0qWWO_C6-uJlA
154,coppermannzero,1746289880942,3,14019,13740,42058,0.0,0,0,0,2,SUCCESS,14019,LXqv_TvTTi6p7jCcGd4vtg
155,EXP-Racing#1,1759074718665,3,14020,13536,42061,0.0,0,0,0,3,SUCCESS,14020,tVRbvauISy6eaSUgsR5Jpg
156,MikelusPadawan,1738750698992,3,14041,13673,42125,0.0,0,0,0,16,SUCCESS,14041,qSkPX814SD-rzmeKk42lxA
157,ECTO1#2,1758190236901,3,14041,13737,42125,0.0,0,0,0,17,SUCCESS,14041,xZmNYR_hQAOLnyKWnd1E3Q
158,Pedromedario,1738057355499,3,14042,12800,42128,0.0,0,0,0,13,SUCCESS,14042,qLqrIuiARFGh9-uTgK7Hlg
159,JoaoCasella-Insper,1746681860676,3,14042,13804,42127,0.0,0,0,0,124,SUCCESS,14042,lpWrr-sKT42ouWjo9JyJlA
160,QualityClass#0234,1743417142994,3,14062,13930,42188,0.0,0,0,0,9,SUCCESS,14062,F2fnKvURQu-pzVUPbXhy-w
161,DasCar#1,1758046728634,3,14064,11865,42192,0.3333333333333333,0,1,1,5,SUCCESS,14064,NSOpRuRgScml7QqvV6OrIw
162,Quatelio#2,1758054691534,3,14065,13471,42197,0.0,0,0,0,7,SUCCESS,14065,-1sdS4JrR2SmGZvAgfKr1Q
163,TechnicalCharacter#3689,1747208363775,3,14065,13731,42195,0.0,0,0,0,6,SUCCESS,14065,clIDE5fhTx6d3LR-UH9Hvw
164,SavierJ,1748875326094,3,14065,13530,42195,0.0,0,0,0,13,SUCCESS,14065,2Yxr1X3MS1SYfA4cH2lXVw
165,team03-deepracer,1748415241780,3,14078,13932,42236,0.0,0,0,0,17,SUCCESS,14078,-537zLNZT9izxudISAAalA
166,901-KJY-01,1751798208575,3,14084,13792,42252,0.0,0,0,0,9,SUCCESS,14084,ycoDYlndQlG0L-rpVP-fyA
167,ImprobabilityDrive,1746621446146,3,14086,13933,42260,0.0,0,0,0,25,SUCCESS,14086,vU1cK5c8SrGlIZgp2zpQvQ
168,801-JYM-03,1752136211486,3,14086,13732,42259,0.0,0,0,0,17,SUCCESS,14086,20HRi7I0R5C1sU8ejRlxig
169,GabrielValentao-INSPER,1746799697181,3,14088,13926,42265,0.0,0,0,0,28,SUCCESS,14088,dLlzsYuRROqYQC_jCEopmA
170,Dmeh,1742905933842,3,14089,11742,42267,0.3333333333333333,0,1,1,16,SUCCESS,14089,R6ywy8FNQX-J31JEkdRTMQ
171,CS-Ed,1758112997722,3,14131,12131,42395,0.3333333333333333,0,1,1,3,SUCCESS,14131,J1UrD17xRVCaf2sGSpN61Q
172,DeepDrive2,1758047900525,3,14133,12064,42399,0.3333333333333333,0,1,1,3,SUCCESS,14133,KIHolVYtTCygWrkGvSvfJw
173,IronRacer,1743263309978,3,14151,13531,42454,0.0,0,0,0,15,SUCCESS,14151,sFZwfQW6TzWufe__OfzYkg
174,EsteemedArray#1747,1757425955741,3,14152,10728,42457,0.6666666666666666,0,2,2,8,SUCCESS,14152,NmmmLpwGT46NnYMBVyRwnw
175,DataVrum-RodrigoGarcia,1758649042489,3,14153,13733,42461,0.0,0,0,0,34,SUCCESS,14153,k3QmCPXVS0W5xfia_CFIwg
176,TIF-Runtime-Terror,1745745941793,3,14154,14000,42463,0.0,0,0,0,120,SUCCESS,14154,Vb_Y1j67Qs27FM0BP3PUyg
177,chihhao,1752379414498,3,14175,13998,42526,0.0,0,0,0,8,SUCCESS,14175,hjyD5mb1RmKAtwJcDSYnbQ
178,Dovydas-Remeikis,1757656784262,3,14176,13868,42528,0.0,0,0,0,25,SUCCESS,14176,SmCxkb4tSPmbID20UX7oEw
179,Az,1750882372547,3,14178,13806,42535,0.0,0,0,0,33,SUCCESS,14178,NDDw83VhSgyku5MoRa2PTA
180,GoDeepRaceGo#8843,1752737317418,3,14216,13400,42650,0.0,0,0,0,8,SUCCESS,14216,JwHjfvLWQy2mX26cx-yFOQ
181,CodeRacer#2,1758044082872,3,14219,14064,42659,0.0,0,0,0,7,SUCCESS,14219,N0nz_nq5Rw-wtymphqZ0xw
182,kekekekekekekekeruusperiruusperi,1744092731205,3,14219,12258,42658,0.3333333333333333,0,1,1,78,SUCCESS,14219,UU17zu4tQjOp_pzKrbPNjA
183,CriticalTag#8166,1743269227628,3,14220,13938,42661,0.0,0,0,0,12,SUCCESS,14220,NSyeIZm2R9uCkcHDGYVmJA
184,WebGrid#3144,1743375817035,3,14242,12402,42727,0.3333333333333333,0,1,1,13,SUCCESS,14242,igIHzhtHS8CUiH7E0i8p7Q
185,liweihang1234,1754540041370,3,14263,14000,42789,0.0,0,0,0,2,SUCCESS,14263,zCtqwuqjQAyoKdQ4HTwxjQ
186,matthewreeves,1750687745960,3,14264,13936,42792,0.0,0,0,0,6,SUCCESS,14264,Kg6yUarDSHWzaGap7ZCF_Q
187,SBB-DeepRacer-Team,1743359373811,3,14265,14134,42797,0.0,0,0,0,5,SUCCESS,14265,rxGW60PkQ1aDbktSY1sZSg
188,PawPatrol,1754313073093,3,14286,13669,42859,0.0,0,0,0,12,SUCCESS,14286,VnQHx0J1QRuCxu_zDV0b2Q
189,HNX#1,1757414429797,3,14308,12466,42926,0.3333333333333333,0,1,1,16,SUCCESS,14308,SQ0YaXMcTtiiVA8QqVxSbA
190,matsu-vanhukset,1744794223940,3,14310,13996,42930,0.0,0,0,0,4,SUCCESS,14310,cy-E_T9-T0OhlUkpFbp66g
191,RenatoCagnin-BugRunners,1758212751875,3,14328,14195,42984,0.0,0,0,0,35,SUCCESS,14328,PVIKm2O_QI-ubi-bvy6-iA
192,ImmutableToken#1351,1738544510228,3,14331,14128,42995,0.0,0,0,0,3,SUCCESS,14331,8xaBDG-iSEyET-n-TFEORg
193,PassingOrder#5586,1745263181913,3,14332,12135,42996,0.3333333333333333,0,1,1,7,SUCCESS,14332,YuU00-k5T4Ca3n1EGbPx0Q
194,CodeRacer#1,1757893482114,3,14352,13939,43058,0.0,0,0,0,14,SUCCESS,14352,nWdD9BZ5TEe7ujF_8zAsPQ
195,ParametricCharacter#5391,1746017824398,3,14353,11934,43061,0.3333333333333333,0,1,1,16,SUCCESS,14353,AxGlNQvtR7OxO_8OcA6Hdw
196,BigOrder#5692,1744495118919,3,14354,12265,43064,0.3333333333333333,0,1,1,7,SUCCESS,14354,krpDV3DrQv2lzNTuMJOqzw
197,trial,1738639482108,3,14374,14132,43122,0.0,0,0,0,2,SUCCESS,14374,FrYQX3_yRZOzM-BVTzWGiw
198,DRLOU,1749300803120,3,14375,13934,43126,0.0,0,0,0,15,SUCCESS,14375,ODv888gSTv2jD60fkSvjXA
199,901-LDY-02,1752053704540,3,14375,12605,43127,0.3333333333333333,0,1,1,13,SUCCESS,14375,clghGI5PRcCSxi2DHjdX0A
200,Li-Racer-ACP-Team11,1747419010433,3,14375,13868,43127,0.0,0,0,0,38,SUCCESS,14375,qqEUckTfRw2PTE3wtB7fBw
201,cc25-025,1757628926180,3,14376,13928,43129,0.0,0,0,0,11,SUCCESS,14376,0XQn0PxHTbKw1CvxC2jq8g
202,ApexGP,1756495629626,3,14376,13995,43130,0.0,0,0,0,24,SUCCESS,14376,AjGpnCeJRmKVZ3cTnuPrIA
203,MobilePresentation#3056,1737628242278,3,14377,13870,43132,0.0,0,0,0,1,SUCCESS,14377,BsBdhONuSY2J5fetQxp7Pg
204,ShahidA,1747754810356,3,14396,14261,43190,0.0,0,0,0,1,SUCCESS,14396,hKHR8ygmT3OSjLmBXkQL6g
205,aaaaaq,1752049042380,3,14396,12468,43190,0.3333333333333333,0,1,1,19,SUCCESS,14396,wBIUVzuXQHqJHXgdywObuw
206,NTI-G15,1738325541634,3,14397,14008,43193,0.0,0,0,0,47,SUCCESS,14397,g14iKRLUQLiCBhgK59Uy0g
207,ryu,1736577619972,3,14419,14388,43258,0.0,0,0,0,2,SUCCESS,14419,VJ3BbvBVTJul_5HJYllepg
208,newnetu,1758802228099,3,14419,14393,43259,0.0,0,0,0,7,SUCCESS,14419,-O8j5EhGSsaDRZo-diBwlg
209,BlockchainSchema#6875,1754368597517,3,14420,12599,43260,0.3333333333333333,0,1,1,57,SUCCESS,14420,i2lcTe2bQ9Oihrt2F3DjrQ
210,IsabellaMacedo-Ufam,1747186088163,3,14437,12533,43312,0.3333333333333333,0,1,1,11,SUCCESS,14437,rkE0edaYQyG5LLwc1P7Eow
211,Morn,1750857389784,3,14442,14201,43327,0.0,0,0,0,2,SUCCESS,14442,ogrfUqrtTuqdTovSwLqhSQ
212,KartikThakur00,1752815115676,3,14442,14131,43327,0.0,0,0,0,2,SUCCESS,14442,edBhfUwhRMuGHHJLRRxdrg
213,HameenHitain#42,1737536017014,3,14463,10661,43390,0.6666666666666666,0,2,2,1,SUCCESS,14463,44YjKeFtRFyv_g8ljvEg1w
214,QualityLambda#8559,1748539021834,3,14468,14334,43404,0.0,0,0,0,4,SUCCESS,14468,YL5hGI63RnO083cyIzGdwA
215,WhereAreTheHorses2025,1738592224833,3,14484,12260,43454,0.3333333333333333,0,1,1,37,SUCCESS,14484,sbTwxTU0QDW2K4kdYQWwgQ
216,CarlosEliasFialhoLima-IFPB,1746116391440,3,14486,14325,43459,0.0,0,0,0,13,SUCCESS,14486,jf4AOFR4RJyp8VjMEobuDg
217,sRICKMTW-CHANG,1751168434568,3,14486,12607,43460,0.3333333333333333,0,1,1,19,SUCCESS,14486,k0uwIqyDSZ6T66q-ZCZOzw
218,LeandroBueno-DataVrum,1758730944181,3,14508,14457,43526,0.0,0,0,0,14,SUCCESS,14508,DuO0iLGbQhWN9QB9Jg4gDw
219,GammaHacker#1738,1747863779703,3,14529,14200,43589,0.0,0,0,0,3,SUCCESS,14529,wS3DRVJATNO-uXUHaLqJkw
220,AtomicBreaker#6910,1744094655300,3,14573,14199,43721,0.0,0,0,0,32,SUCCESS,14573,kIeDWxTfQAiGgu9RoAi7Og
221,NULL,1744086101206,3,14575,14333,43727,0.0,0,0,0,29,SUCCESS,14575,Rxh1Z-2rRBaLFdySMaxdEA
222,BrunoTakeo-DeepCrashers,1758635596554,3,14575,14068,43725,0.0,0,0,0,11,SUCCESS,14575,pKerJ_CaQ4mvqTfAMrGWqg
223,joseph,1737592684523,3,14576,14202,43728,0.0,0,0,0,61,SUCCESS,14576,EYJDojYARbOlvYPB-FZvGg
224,CodeRacer,1736249183464,3,14576,12531,43730,0.3333333333333333,0,1,1,7,SUCCESS,14576,tnqWItYPQHSdeehLYjaXow
225,501-JDJ-01,1752206574560,3,14577,12800,43731,0.3333333333333333,0,1,1,17,SUCCESS,14577,oPeVUJg4Tp-2yy7AwVeCwA
226,RecursivePoint#0548,1737515004793,3,14577,12269,43731,0.3333333333333333,0,1,1,5,SUCCESS,14577,xICPeKK3QW6e_EM7jcUoqQ
227,SequentialFunction#8349,1752219319892,3,14595,14394,43787,0.0,0,0,0,19,SUCCESS,14595,L6kfEHk9SRCn2KDOJyTORg
228,NTI--G20,1738641628589,3,14597,14466,43791,0.0,0,0,0,44,SUCCESS,14597,o0s6fi6VRsi2PpkaG8WJMw
229,RiverRunnerTeam4-ModelX,1742000719135,3,14597,14002,43792,0.0,0,0,0,14,SUCCESS,14597,YkwnHnhtTjKAfqjBmkynbw
230,UsableTag#8941,1748673818523,3,14600,12466,43801,0.3333333333333333,0,1,1,5,SUCCESS,14600,AcwO5nPDQv-kxtNsS1xdAw
231,DEGI-G8,1738276331607,3,14620,14400,43862,0.0,0,0,0,6,SUCCESS,14620,-OagM5oITb6wmitKeJbB9Q
232,TIF-Algorithmic-Alchemists,1747105247368,3,14620,14393,43861,0.0,0,0,0,16,SUCCESS,14620,FJ2CDWDHTm27SCfHqEpdXQ
233,KGMGC,1749024480894,3,14640,14328,43921,0.0,0,0,0,20,SUCCESS,14640,7JynoXVQSXajcSXc5RZnzg
234,ProcessingAttention#4984,1737632898212,3,14640,14200,43920,0.0,0,0,0,3,SUCCESS,14640,WzWIHzkbTXOUtIqjRh2sug
235,harinezumi-DNPds,1737736412352,3,14641,10533,43924,0.6666666666666666,0,2,2,5,SUCCESS,14641,6hha6WtBQLCivJX9auQn6A
236,Hsieh0616,1751044095640,3,14641,14132,43925,0.0,0,0,0,22,SUCCESS,14641,KHlCwVJORQqrH5s9QxkmSg
237,AutomatedGlyph#8559,1742735891666,3,14642,14267,43926,0.0,0,0,0,9,SUCCESS,14642,ySZs7aa5TAmZkeWbBrG65w
238,Kimmmmmmmmmm#8526,1751944737198,3,14642,14532,43927,0.0,0,0,0,14,SUCCESS,14642,TQMLoitcQdOpHRq9nwOOEA
239,NTI-G14-x,1738421286273,3,14642,14473,43928,0.0,0,0,0,12,SUCCESS,14642,7TmJWUpWTbSJXEAhNcedcw
240,LiYutong,1754614987083,3,14662,12134,43988,0.3333333333333333,0,1,1,69,SUCCESS,14662,quzRTE-uTvSte9N5r23mEg
241,ARV3000,1758316530666,3,14663,12798,43990,0.3333333333333333,0,1,1,14,SUCCESS,14663,2uIN7O9oROedtuALnLRdHA
242,ReferenceToken#6517,1747751012094,3,14664,14263,43992,0.0,0,0,0,4,SUCCESS,14664,BwWbDH8tTD21Zb5GW6VJqQ
243,KI-Experience#1,1758023700486,3,14685,13999,44056,0.0,0,0,0,5,SUCCESS,14685,2JdqcSfIRwip3vyUQyJ_GQ
244,You-Too,1752007110565,3,14707,12808,44123,0.3333333333333333,0,1,1,13,SUCCESS,14707,wtmOSOr2TyO-YnLkPtAJEA
245,LeetShell#2517,1746998318071,3,14707,12667,44121,0.3333333333333333,0,1,1,18,SUCCESS,14707,7SjjX5r0RDm2fe8V44okAQ
246,NTI-G12,1738695003037,3,14707,14524,44123,0.0,0,0,0,19,SUCCESS,14707,dWs23nghQLSlIKKjiRDLYw
247,DJL-racer-3623,1746987261845,3,14708,12936,44124,0.3333333333333333,0,1,1,117,SUCCESS,14708,y3E3F_bgTE6RLYIFeYkxdw
248,BigTag#9125,1754268290382,3,14709,12805,44128,0.3333333333333333,0,1,1,91,SUCCESS,14709,IW6DuBzVSOeBdtd4Krvf5g
249,Reinforcement#2,1758044662030,3,14710,13937,44131,0.0,0,0,0,10,SUCCESS,14710,z87d0SGMRXafXdhy2nvuGg
250,VariableCommand#3614,1747831684442,3,14729,14531,44187,0.0,0,0,0,1,SUCCESS,14729,-jfwyXsGRjCvWpAI9g64_Q
251,J1960-Etype,1748541875970,3,14752,14253,44257,0.0,0,0,0,46,SUCCESS,14752,qnZJwtZgTJyMWF89VdtK2w
252,EDNAPAULA-FASTNIMBUS,1758134341630,3,14774,14398,44323,0.0,0,0,0,19,SUCCESS,14774,HOmgpMiOQNqU2y417zCKWQ
253,RuanMacedo-IFPI-Labiras#4,1745817107665,3,14775,12797,44325,0.3333333333333333,0,1,1,6,SUCCESS,14775,aBsOV_DGRQio7ZF9lyg5RA
254,BetaTable#8197,1736956574889,3,14777,14267,44332,0.0,0,0,0,8,SUCCESS,14777,KVbMHtWUR6iCkKh1smr9rA
255,IterativeNetwork#5864,1743089174702,3,14795,14465,44386,0.0,0,0,0,19,SUCCESS,14795,ozdCVQCyQlSN7s7q0kNvJg
256,TEboosted#1,1757993138210,3,14796,14138,44389,0.0,0,0,0,27,SUCCESS,14796,xTZ9vFG6SoK1Q2s7IwGe-A
257,TabletCharacter#8809,1755127060898,3,14796,14331,44390,0.0,0,0,0,2,SUCCESS,14796,cQl-40fTR-CEBMgyL8VKCg
258,HarrietKim,1749555251351,3,14799,12604,44398,0.3333333333333333,0,1,1,14,SUCCESS,14799,ivrVngvcR8--RKkwE6WK8w
259,Q-Laps#2,1757672923901,3,14819,14536,44458,0.0,0,0,0,19,SUCCESS,14819,GFtaE8vVQOK9-YtOSnj90g
260,VariableInterface#7029,1757771027792,3,14819,14463,44459,0.0,0,0,0,8,SUCCESS,14819,-lRShiWvSBaniSj-l03g6w
261,BigCallback#0903,1743767853880,3,14819,14469,44459,0.0,0,0,0,13,SUCCESS,14819,iO6ygMQ0Se-BbrD4K2XOGA
262,SequentialBuster#0301,1747194306834,3,14820,10933,44461,0.6666666666666666,0,2,2,1,SUCCESS,14820,P4Khfx2MQiirKkXcc4sEvQ
263,Tuliana,1746407641737,3,14820,12268,44460,0.3333333333333333,0,1,1,11,SUCCESS,14820,iUIc-bBmSYa_vqgFOnZBNg
264,DeepSequence#6524,1758678539057,3,14840,14725,44521,0.0,0,0,0,6,SUCCESS,14840,QdTYoIOfT6y5On1a4RlA5A
265,TKU-CSIE-598,1737269093489,3,14863,14409,44591,0.0,0,0,0,8,SUCCESS,14863,Sk1HgnwlTqGB7D95-Qoy3w
266,404-SpeedNotFound#1,1755631132393,3,14863,12804,44589,0.3333333333333333,0,1,1,21,SUCCESS,14863,HVaVgG_HTlS_8mTY4ZxRSg
267,BoxBox-VRobin,1747413672163,3,14866,14472,44600,0.0,0,0,0,8,SUCCESS,14866,Qk_OU_61QZ2R6SM8oOqRpg
268,901-JHM-02,1752049129314,3,14886,12931,44659,0.3333333333333333,0,1,1,3,SUCCESS,14886,P8FxDkR8RWavZgkjxxTBBA
269,ntsh#10114,1736700880274,3,14887,14595,44661,0.0,0,0,0,5,SUCCESS,14887,gHGsNXwLRLSZapyIhR5zGQ
270,CyberDrifters#2,1757965176357,3,14906,14658,44719,0.0,0,0,0,10,SUCCESS,14906,pwmjd7D8QACha0nsp-kblA
271,PrototypeMethod#6530,1748997072357,3,14907,14604,44721,0.0,0,0,0,6,SUCCESS,14907,7Z5dnC3GQ1mA0hATIfxXTg
272,ProcessingLoop#4068,1757669076491,3,14908,12733,44724,0.3333333333333333,0,1,1,9,SUCCESS,14908,io6r-Zf8S-it620WhoJELg
273,HNX#2,1757066708066,3,14908,14531,44724,0.0,0,0,0,9,SUCCESS,14908,oETorbHORA6NwVCP0bVsjw
274,DaveE,1748111759762,3,14909,14473,44728,0.0,0,0,0,4,SUCCESS,14909,kW1Wu7npSueFS-p5yDFVMg
275,GammaNode#8152,1738512132768,3,14909,14534,44727,0.0,0,0,0,2,SUCCESS,14909,BWCejbvxRFScorZUFzz2NA
276,Lightning-McQu33n,1744019870791,3,14932,12459,44798,0.3333333333333333,0,1,1,15,SUCCESS,14932,3w3W6rvCRR2ggiMva3YqGA
277,UnboundLine#1693,1738104026716,3,14951,14859,44855,0.0,0,0,0,3,SUCCESS,14951,YV-cDIPYQD-2s99FI8e1lg
278,KalvaSuneel,1744599652622,3,14952,14669,44858,0.0,0,0,0,7,SUCCESS,14952,9Kq5XllZTa6ay0A46R-u5g
279,ECRacers#0101,1755113475116,3,14953,12867,44859,0.3333333333333333,0,1,1,5,SUCCESS,14953,Z7P9KlgqSQ-3Cw7pbDkpIA
280,lajulajulajuabang,1738728467714,3,14953,14932,44860,0.0,0,0,0,7,SUCCESS,14953,mnWac3nCRXqJVDb74zuReQ
281,Rbrown030,1752796696568,3,14953,12869,44861,0.3333333333333333,0,1,1,10,SUCCESS,14953,M87CxVVbTSqesCuceb5A-w
282,Alailson-EquipeSmartRun,1757974365781,3,14954,13130,44863,0.3333333333333333,0,1,1,31,SUCCESS,14954,PfWsOb6FTHGIJIQ_MLfnrQ
283,FocusedCharacter#4201,1754489262417,3,14972,14665,44918,0.0,0,0,0,18,SUCCESS,14972,z_uSd2feQnCgPzHJU4D0gg
284,MobileCircuit#1851,1752209269472,3,14975,14794,44926,0.0,0,0,0,18,SUCCESS,14975,2TGpIl4LS4O_B3lrck-dRQ
285,EUIG-9,1738705551188,3,14975,14467,44926,0.0,0,0,0,13,SUCCESS,14975,t_FoaeL3Syi5qeUTjJkYyA
286,VNU#Brian,1736452110247,3,14975,13000,44926,0.3333333333333333,0,1,1,15,SUCCESS,14975,E0YFaeCuScykS1fW-fybUA
287,FungibleSpec#6708,1749303042670,3,14977,14601,44932,0.0,0,0,0,10,SUCCESS,14977,bHqi2d7xQHyIoqbLhOuNlg
288,901-PGC-02,1752115864653,3,14977,14197,44933,0.0,0,0,0,14,SUCCESS,14977,cAaFd4oYThCR6_6dND_kbg
289,LeetNetwork#2378,1743396314679,3,14977,14865,44933,0.0,0,0,0,30,SUCCESS,14977,P7DKmCttRKaL_UWdD0qIvg
290,NeuralDataset#1192,1738400073016,3,15000,14403,45000,0.0,0,0,0,9,SUCCESS,15000,-dzATecsQl64rHIz6Xe_Vw
291,Isaque-GarbageCollectors,1758036902649,3,15018,14787,45055,0.0,0,0,0,4,SUCCESS,15018,zzQRu3gvRUKWdS-cHH1u6g
292,BooleanPresentation#8697,1741712556198,3,15020,14928,45060,0.0,0,0,0,4,SUCCESS,15020,qeeZquJORhqk-tTgCvGe0A
293,CodeString#7591,1747617304570,3,15040,14469,45121,0.0,0,0,0,35,SUCCESS,15040,4OtRfxJ0QiOtAb1BkV-0GA
294,Creative486#1867,1750054702350,3,15041,14662,45124,0.0,0,0,0,21,SUCCESS,15041,onusSlRzSOOPHuUoWZp6ew
295,IAM33,1744047433368,3,15041,14800,45123,0.0,0,0,0,6,SUCCESS,15041,w5fVQiagTrmUsgpVrhWNBw
296,DarthMikelus,1738689394944,3,15042,14799,45126,0.0,0,0,0,10,SUCCESS,15042,qhvYSAhoQ1Cmci-6_ifXHw
297,NDix,1752729766148,3,15043,13329,45129,0.3333333333333333,0,1,1,12,SUCCESS,15043,qwiuRIHdTkCC3S3icxdtHw
298,WS-orion,1743056008568,3,15047,12866,45142,0.3333333333333333,0,1,1,69,SUCCESS,15047,7OjHMOG4QTS8QakX1r9xSw
299,TabletConsole#2585,1758223745786,3,15063,13065,45190,0.3333333333333333,0,1,1,5,SUCCESS,15063,fcAfoCFXSI-V2eOdcdjlJQ
300,DeepTester#0072,1737457307589,3,15063,14536,45191,0.0,0,0,0,9,SUCCESS,15063,fzF_so0oQ-qTZg3l0Atbig
301,ParametricGame#7473,1743681719849,3,15064,13064,45193,0.3333333333333333,0,1,1,6,SUCCESS,15064,_lG2UTciTb2O-Zx8SW0aJQ
302,LambdaRacers-Sergei,1747921415986,3,15064,12398,45194,0.3333333333333333,0,1,1,2,SUCCESS,15064,RxQ29WaaTLeZgLbOv2NvdQ
303,Marcos2#IABD,1737575914281,3,15086,14871,45260,0.0,0,0,0,4,SUCCESS,15086,Nzvoix05RKGU7HOrCAjeaw
304,AgileEngineer#8967,1738702942981,3,15087,14926,45262,0.0,0,0,0,15,SUCCESS,15087,KOxZHsmBR0KMM1d0VUvGzQ
305,MachineFix#5249,1746160188071,3,15107,14196,45322,0.0,0,0,0,9,SUCCESS,15107,_IdWTqcUTSubaiHQqQz-RQ
306,Not-very-fast-and-furious-racer,1743773069375,3,15109,14936,45329,0.0,0,0,0,35,SUCCESS,15109,J9N3WjLuTnqZqNmEheMqWQ
307,IfCrashDont-Pavlis,1747918064065,3,15109,12803,45328,0.3333333333333333,0,1,1,1,SUCCESS,15109,4M6wr5Q4RfW2piRQF9qEow
308,UnboundConsole#8106,1743140986901,3,15110,11734,45331,0.6666666666666666,0,2,2,1,SUCCESS,15110,LdeWqnCkQC2a8Fpoo5_2rg
309,CalebManicke-Team4,1745572703191,3,15115,12658,45345,0.3333333333333333,0,1,1,38,SUCCESS,15115,ILzbFWMORhSzooFnq9V8rg
310,cc25-099,1757579267689,3,15130,13532,45392,0.3333333333333333,0,1,1,20,SUCCESS,15130,l-POxczeQCqjo8NO1NGoew
311,AWRacing,1748624454638,3,15130,13069,45392,0.3333333333333333,0,1,1,4,SUCCESS,15130,8DYAt9IWQtOkZQJJic57jw
312,DesktopState#9617,1754550068292,3,15130,14800,45390,0.0,0,0,0,9,SUCCESS,15130,ejTKoV_dQmiXB6C4LfxQyw
313,CreativeDigit#6264,1736922815364,3,15131,14606,45393,0.0,0,0,0,1,SUCCESS,15131,0JLGnvdmQCmiFF-omUZ3Sw
314,bb0225238,1750056311885,3,15131,14669,45394,0.0,0,0,0,2,SUCCESS,15131,lHAQG52vSHyP0mflA1fTzw
315,ChihHao,1751702459559,3,15132,14670,45398,0.0,0,0,0,12,SUCCESS,15132,pr9lQTK1TXekb0Urx9MoKA
316,ProvisionalValue#7566,1746428480984,3,15132,13734,45396,0.0,0,0,0,16,SUCCESS,15132,-R99oHYtQuS7kpFo91je0Q
317,NTI-G4,1738227044595,3,15153,12870,45461,0.3333333333333333,0,1,1,11,SUCCESS,15153,yQ5LICADQAKGtYk1wlDNkQ
318,LucasMiguel-Audit-Racer,1758668234370,3,15175,13462,45526,0.3333333333333333,0,1,1,39,SUCCESS,15175,ojdjETS8TCeHBb2UUMB_ig
319,SquareSystem#3749,1743023165214,3,15175,14933,45527,0.0,0,0,0,11,SUCCESS,15175,LoR8dwwiQuqoVU0RK3bm0A
320,DigitalFactory-DS#01,1741753865954,3,15175,14270,45527,0.0,0,0,0,19,SUCCESS,15175,IjqpyEmOTb2dMWDsla4nrg
321,Ridvie1,1749478958362,3,15175,15066,45527,0.0,0,0,0,10,SUCCESS,15175,nmAl7pIJQgWqmI6bcj-E8Q
322,ComplicatedSwitch#8652,1748309212238,3,15176,14600,45528,0.0,0,0,0,10,SUCCESS,15176,9nPY_tNqQx-C5s9aL6S8LA
323,UrgentServer#4452,1752823043985,3,15177,13269,45531,0.3333333333333333,0,1,1,29,SUCCESS,15177,tFQYb5quTeesTnkFo8RmzQ
324,204-YSY-03,1752472218525,3,15197,14934,45591,0.0,0,0,0,5,SUCCESS,15197,6_lUhXtSRFG1fc-_d6kbKA
325,404DriverNotFound#2,1757973478562,3,15198,14656,45595,0.0,0,0,0,11,SUCCESS,15198,q39pnoaMQUWK0F5h_UDjOw
326,Dev4Wheels#AliceAlves,1758236103909,3,15201,14931,45603,0.0,0,0,0,32,SUCCESS,15201,-mr1VVZnRBSPBCqawHc6TQ
327,SequentialServer#2846,1752212600265,3,15219,15066,45658,0.0,0,0,0,30,SUCCESS,15219,0ufpWgVETfCi2RLLFhXmaw
328,SpeedSculptors2025,1738723787257,3,15220,15065,45660,0.0,0,0,0,5,SUCCESS,15220,on9E66rmRBanQdXFBa5FEQ
329,TulianaAndrade-IC-UFMT,1746748811862,3,15221,13200,45665,0.3333333333333333,0,1,1,9,SUCCESS,15221,IqdWU82BQbGHoN3K1BAf5w
330,LiviaBN,1758849502523,3,15221,12664,45665,0.3333333333333333,0,1,1,19,SUCCESS,15221,3UcFLCf3QAuPvwhs9k1bDA
331,KauanDalla#9620,1746388530072,3,15241,13332,45724,0.3333333333333333,0,1,1,6,SUCCESS,15241,2YgTcjgqSxi1XE6xcEyzWQ
332,rijok,1750804855058,3,15242,15200,45728,0.0,0,0,0,23,SUCCESS,15242,zyCQGglHQ-yMgC4pzWZU3A
333,beijing,1752535746462,3,15242,13136,45727,0.3333333333333333,0,1,1,16,SUCCESS,15242,7J7DkEoLQpWaSyQ8hbT9mA
334,FightingNerds-Moxxie,1758649675752,3,15263,15067,45790,0.0,0,0,0,19,SUCCESS,15263,fDow3sVITZCpph8iQpjiyg
335,ContinuousValue#9445,1749527341615,3,15264,11199,45792,0.6666666666666666,0,2,2,4,SUCCESS,15264,Rp4sHBCSTzeqtDNuT9DuMg
336,LambdaRacers-Kristian,1747916907889,3,15264,13132,45793,0.3333333333333333,0,1,1,3,SUCCESS,15264,V1pMhiRkTz2ZvEWeI1ah_Q
337,dnp-oono-t31-multi-user,1750728243585,3,15264,13000,45794,0.3333333333333333,0,1,1,9,SUCCESS,15264,Wwrxuuv7RxeUqNpG7QxWsA
338,VictorPrada,1758212522772,3,15286,15066,45860,0.0,0,0,0,40,SUCCESS,15286,X2K3IVT-Sq6KPTQHjGuRmQ
339,Mo1,1738416385314,3,15286,13399,45858,0.3333333333333333,0,1,1,6,SUCCESS,15286,6uQcxq7fQVyaY9RbjxRNrg
340,PL-ATU,1745426426651,3,15286,15064,45858,0.0,0,0,0,13,SUCCESS,15286,JbVKku7MRsmwVsVH35dFVw
341,team07-deepracer2,1748582692649,3,15286,15130,45858,0.0,0,0,0,18,SUCCESS,15286,o3u5k61KRtWINjz4jPIFeQ
342,NTI-G1,1738348548637,3,15287,14936,45861,0.0,0,0,0,5,SUCCESS,15287,OfJgjzMARle7CpnFCWxcSw
343,hkawakami,1747659236017,3,15306,14664,45920,0.0,0,0,0,12,SUCCESS,15306,tnh-shlTRxqIQjgBdW5zAA
344,JoaoVinicius-UFMT,1746392403315,3,15310,13458,45931,0.3333333333333333,0,1,1,19,SUCCESS,15310,NKttSwcCRFuDSM-Q5R1CXQ
345,SequentialSequence#7753,1747379253339,3,15328,15065,45986,0.0,0,0,0,15,SUCCESS,15328,ISQ_Wd2vSLCNcFvmbVvJeQ
346,RocketWorkaround#5209,1745884112588,3,15329,13199,45987,0.3333333333333333,0,1,1,23,SUCCESS,15329,8WIFDGT4SuSO8thoJ1c3uA
347,Smoothoperator,1755186895571,3,15329,15066,45987,0.0,0,0,0,24,SUCCESS,15329,TH3VYQ03TwC1tq5U5HnZTg
348,IterableCallback#1362,1748320781870,3,15331,12869,45993,0.3333333333333333,0,1,1,7,SUCCESS,15331,pjKnAHn-Qty6V74PIgck7Q
349,dnp-Hukasaku-z-multi-user,1750728577292,3,15331,14734,45993,0.0,0,0,0,2,SUCCESS,15331,V-7nZ10yTiy9dEdMUTUZiA
350,GlobalDelta#2392,1752784419542,3,15332,14867,45997,0.0,0,0,0,2,SUCCESS,15332,N3at4G2GTceDvvghph8u4w
351,Ayo,1750787028938,3,15354,14735,46062,0.0,0,0,0,12,SUCCESS,15354,veXZa1Z1SxmJ-W62Mk5B9g
352,BhaveshJain,1742278396766,3,15355,13332,46065,0.3333333333333333,0,1,1,21,SUCCESS,15355,S0ocrbnTTDme-s3y6omuJw
353,TestingFunction#9011,1748155900180,3,15374,14932,46122,0.0,0,0,0,18,SUCCESS,15374,psEdhH2WTSCU98Jhnsx5Og
354,BrainyRequirements#8725,1749921953225,3,15397,14600,46191,0.0,0,0,0,16,SUCCESS,15397,oeWa48jUTxKaTUIItSxe2Q
355,FM-IamMyao,1756969847488,3,15398,14672,46194,0.0,0,0,0,3,SUCCESS,15398,UEIEIaK-T8KtXjwp01JjOA
356,Biberachos#2,1757919844405,3,15398,13405,46194,0.3333333333333333,0,1,1,20,SUCCESS,15398,hreVuITmSjWpVZwbid5i-Q
357,RacerWyld,1744048782656,3,15399,13326,46198,0.3333333333333333,0,1,1,31,SUCCESS,15399,Fyzod0UZSqeoOGc-xwlO1g
358,GlobalVariable#9031,1747823894323,3,15420,13595,46262,0.3333333333333333,0,1,1,6,SUCCESS,15420,5pTNFNtQQGOH6k9xdTk85Q
359,202102552,1750039540546,3,15420,14803,46260,0.0,0,0,0,2,SUCCESS,15420,pvLAWJH2TH-UI4AJLhcNQw
360,CompleteContext#2555,1738800849734,3,15441,13922,46323,0.3333333333333333,0,1,1,20,SUCCESS,15441,aObeyd1kTyS70-eDEnjHRg
361,JustJamesRoss,1743204030848,3,15441,15265,46323,0.0,0,0,0,7,SUCCESS,15441,74Ky--soQZGDeZuPA_7Z-g
362,FocusedBraces#1248,1740676701554,3,15443,15136,46329,0.0,0,0,0,1,SUCCESS,15443,-uRAxzQUTHWeKDbYpwc_fA
363,FightingNerds-Paul,1758048957696,3,15463,14671,46389,0.0,0,0,0,4,SUCCESS,15463,TnLi75KbQpGwXwp4THJekA
364,GammaSwitch#2821,1746178986549,3,15465,13604,46395,0.3333333333333333,0,1,1,24,SUCCESS,15465,8P6KzebwQ0Wp-9O2UNsyNQ
365,NTI-DEGI-G7,1738284767009,3,15466,13137,46398,0.3333333333333333,0,1,1,9,SUCCESS,15466,OyMWC3M4RmWX7doIe_vb6Q
366,GlobalTag#4346,1752696070259,3,15485,15391,46456,0.0,0,0,0,1,SUCCESS,15485,dBuUN8yfQUupB3ABXi0AXw
367,Bee-clt1chewy-2025,1752182136649,3,15485,14927,46457,0.0,0,0,0,20,SUCCESS,15485,RJgcFYNqT6ifjGE0nYNHLA
368,Prasad-Rudrawadi-19,1737971490664,3,15485,15130,46457,0.0,0,0,0,11,SUCCESS,15485,_2O8rCn7TIai4y-Pg77Mfg
369,GABC,1758179955884,3,15485,15338,46457,0.0,0,0,0,19,SUCCESS,15485,EfbuPsceQu-5ij_7wJPPAw
370,NTI,1738606504932,3,15485,15271,46457,0.0,0,0,0,11,SUCCESS,15485,AOKXjnCoRT2L6Lx3RtZ2vQ
371,AccessibleInterface#4244,1746076735352,3,15486,13666,46460,0.3333333333333333,0,1,1,12,SUCCESS,15486,9hnL9LtPTzys-22pMN-Tkw
372,GXR-Pedro-Dias,1758247677259,3,15487,15128,46463,0.0,0,0,0,2,SUCCESS,15487,kFBBWtd1StyXFXv18mMCOg
373,Wesley-DataVrum,1758742699437,3,15488,14863,46464,0.0,0,0,0,4,SUCCESS,15488,MqFbYemJSA2e_TyzjR6iiQ
374,JavaGrid#5812,1747533958262,3,15490,13403,46472,0.3333333333333333,0,1,1,4,SUCCESS,15490,lVuHVc2_SYOhw--vl6YPSA
375,AutomatedEvaluation#0857,1736807010783,3,15503,15396,46510,0.0,0,0,0,6,SUCCESS,15503,aeUPwoHETf2I89fK76PDsg
376,PrimeUpdate#2425,1742437639132,3,15506,14864,46520,0.0,0,0,0,11,SUCCESS,15506,etJ2qE02TMubTW3wFNaJiQ
377,GammaLoop#6626,1755034099285,3,15506,15264,46519,0.0,0,0,0,5,SUCCESS,15506,-FQL8t6ZRLiMa_bjk48puQ
378,UnicodeFix#3389,1747138842373,3,15507,15063,46521,0.0,0,0,0,4,SUCCESS,15507,GohVYVd2Q2O6IqA0Qm1tIQ
379,PAIR,1757780054021,3,15508,14930,46524,0.0,0,0,0,11,SUCCESS,15508,kw5LqJHNTpKor7kAK9HBWA
380,FlyingHamster077,1758702946557,3,15530,15264,46590,0.0,0,0,0,2,SUCCESS,15530,dbwhK4HAQG6IdNd-aHoDiQ
381,202102545,1750125052214,3,15530,14928,46592,0.0,0,0,0,8,SUCCESS,15530,u7xM0rDOQbG8ixZkPzj8Ow
382,MobileHacker#9751,1743084500275,3,15530,14467,46590,0.0,0,0,0,25,SUCCESS,15530,lReBbrKJThesCI42roBbzQ
383,FiniteDebugger#3121,1752634218299,3,15552,12262,46658,0.6666666666666666,0,2,2,23,SUCCESS,15552,QjeXQSbTTRC3LYelZ27oAw
384,Shanek,1745940419833,3,15553,15528,46661,0.0,0,0,0,21,SUCCESS,15553,7ecjuqVSRW67xByjI3BuYw
385,ASCIIBrackets#0825,1745993799953,3,15553,15401,46659,0.0,0,0,0,13,SUCCESS,15553,eNJ4fUkqQOSmb1vF8_-PNA
386,LukaszJ,1748593947704,3,15554,15267,46662,0.0,0,0,0,54,SUCCESS,15554,wNNVEdn9RrSr-5b24Ga1QA
387,901-KJY-02,1752194027078,3,15554,13794,46664,0.3333333333333333,0,1,1,1,SUCCESS,15554,DrxfosZQQTSOvWSl3bz4Mg
388,Team3-cheng,1745691812216,3,15574,15403,46724,0.0,0,0,0,25,SUCCESS,15574,Hwl6JX3HR3y02Ujg-3ZdSw
389,TestableFix#7397,1755396354571,3,15575,13590,46727,0.3333333333333333,0,1,1,26,SUCCESS,15575,pYgV3v8hRYOBgrDk_nEmrg
390,ITI-G10,1738415369808,3,15575,11665,46725,0.6666666666666666,0,2,2,26,SUCCESS,15575,9TzXTId2QrW9f7feA69bXQ
391,Sebitxes,1737981119140,3,15576,15070,46729,0.0,0,0,0,17,SUCCESS,15576,Ks2PKzpwRZGDYY4tdunn3Q
392,ProgrammingBraces#4500,1746281917253,3,15596,13857,46790,0.3333333333333333,0,1,1,3,SUCCESS,15596,H0hzIxLUQsKrUgOptEq95w
393,GenerativeFormula#2120,1743657604524,3,15596,15404,46790,0.0,0,0,0,7,SUCCESS,15596,icEJFgrTSO2691LXeHPFGw
394,wwwwwww#wwwwww,1755133201477,3,15597,15329,46792,0.0,0,0,0,6,SUCCESS,15597,xwfIWuKrSh6BZwS_ICcQRQ
395,Sebas,1738834446275,3,15597,15467,46792,0.0,0,0,0,16,SUCCESS,15597,PWTBBfBfSuq6HoR3jS6mLQ
396,CrypticScope#1625,1756789906264,3,15598,15202,46795,0.0,0,0,0,1,SUCCESS,15598,W0ypfcWMToOXaYLnaS3FIA
397,CompleteNamespace#2262,1745712265086,3,15618,15338,46856,0.0,0,0,0,4,SUCCESS,15618,Zn_EDKE9RNeEiJNVXZ2LzQ
398,Mick-B,1748058613722,3,15619,13332,46859,0.3333333333333333,0,1,1,23,SUCCESS,15619,sK39cqWNQoqjHQdL5gNiCg
399,HashableArchitect#4751,1757624393696,3,15620,15334,46861,0.0,0,0,0,6,SUCCESS,15620,6IyvvuDwQ8iIi9WQEzkHSQ
400,UpdatedClass#2175,1752358589433,3,15641,15400,46925,0.0,0,0,0,4,SUCCESS,15641,GOfzjWjbRoOn8SHcTjC5fg
401,UsableNetwork#9341,1743978591500,3,15641,13665,46925,0.3333333333333333,0,1,1,17,SUCCESS,15641,eM77LlOuTYibL71EWbGDXw
402,GlobalBooster#8564,1745420622722,3,15641,15603,46924,0.0,0,0,0,1,SUCCESS,15641,GO73eFLZRqinmy8S4N32HQ
403,RecursiveWorkaround#0406,1747908217404,3,15644,15471,46932,0.0,0,0,0,4,SUCCESS,15644,wCGbOOf9SX6eT3yZ0RGB6w
404,UnboundMethod#9643,1748057154904,3,15663,13062,46990,0.3333333333333333,0,1,1,5,SUCCESS,15663,Vv6YuqxtSlKDYofAsNq5AA
405,Vitalijus,1758189776893,3,15666,15533,46999,0.0,0,0,0,6,SUCCESS,15666,exAU6r44TqyR0DzAE3BwHg
406,IterableZone#3360,1737086776870,3,15670,14869,47011,0.3333333333333333,0,1,1,5,SUCCESS,15670,GCNAasmBRaWw64rL0dFerA
407,ShadeXJade,1743946190162,3,15685,15062,47056,0.0,0,0,0,7,SUCCESS,15685,qPIRgeZGRUCPur7hFCF7Jg
408,ComplexBraces#4227,1753073344858,3,15686,13473,47060,0.3333333333333333,0,1,1,7,SUCCESS,15686,ZyLznB4eT4uG_JoBbhOuOQ
409,DeepDriveRacing#2,1756466470200,3,15686,15195,47059,0.0,0,0,0,19,SUCCESS,15686,A-BTCXvuTQa2bl42RoV-Fg
410,ImmutableBraces#4223,1747819058882,3,15694,13728,47082,0.3333333333333333,0,1,1,10,SUCCESS,15694,TxqoZguRQAqT3nyBpI1ijw
411,beuuuuuuum,1752555741566,3,15704,14932,47114,0.0,0,0,0,6,SUCCESS,15704,UGDsY3V-QwWO_1lArcN1sw
412,Vercrashen,1748971726462,3,15707,13601,47123,0.3333333333333333,0,1,1,6,SUCCESS,15707,pezJ6zx0T1iNv4-wP7W0hQ
413,EUI-G3,1738603748409,3,15708,13601,47126,0.3333333333333333,0,1,1,24,SUCCESS,15708,Hpcd143tSDCZ_7GLaV_XBA
414,Tiburones,1741774506620,3,15710,11805,47131,0.6666666666666666,0,2,2,21,SUCCESS,15710,qS2tFAacTWaYD7ypmDgZyw
415,MemoryBuster#7587,1738458507335,3,15728,15653,47185,0.0,0,0,0,12,SUCCESS,15728,aJr1nC8hRnGBUwezq7dSYg
416,Khavar#2,1757958980600,3,15728,15261,47185,0.0,0,0,0,8,SUCCESS,15728,J70TiHCpSrOk8MwrKb0bNw
417,MachinePresentation#7736,1746626417257,3,15732,15326,47198,0.0,0,0,0,10,SUCCESS,15732,FDnFjcbSSpujFw_XkZDU8g
418,PassingTheory#0154,1753192165317,3,15774,15401,47324,0.0,0,0,0,2,SUCCESS,15774,oMRpb_v7T3OK9H7O8_qUrQ
419,BellAir,1743745878943,3,15775,13935,47326,0.3333333333333333,0,1,1,15,SUCCESS,15775,TnXvfClfSMGPSKZtyaO2_A
420,WebZone#6224,1742237842097,3,15775,15327,47325,0.0,0,0,0,20,SUCCESS,15775,jRUAcPDoR8ubauZieM65EQ
421,Grupo1-Axel-Carolay,1758237413057,3,15776,14937,47328,0.0,0,0,0,9,SUCCESS,15776,mljSOMAmSviJPQxV34F2xg
422,ProvisionalShell#0277,1746277258290,3,15776,15264,47328,0.0,0,0,0,8,SUCCESS,15776,VWSGd0_OT3mjmqXknWoDDA
423,902-LJH-01,1752405237404,3,15777,14801,47331,0.0,0,0,0,13,SUCCESS,15777,MQRF-3LXT7K8VDK074NDoQ
424,Snehangshu,1755412993282,3,15780,14126,47340,0.3333333333333333,0,1,1,6,SUCCESS,15780,HpWVnr7xTU2-TPnHyZ4OEw
425,EncryptedDescriptor#9837,1737716312244,3,15795,15532,47387,0.0,0,0,0,1,SUCCESS,15795,0VgyJDQPSC23JXbQhPZdgg
426,ComplexOrder#8326,1752137893465,3,15798,14199,47394,0.3333333333333333,0,1,1,6,SUCCESS,15798,8h9E2x7yR-29ctURexchGA
427,LambdaRacers-vieropoulos,1747864606085,3,15818,15399,47456,0.0,0,0,0,6,SUCCESS,15818,txz8fpYvS2uH2iXY0Mzsfg
428,cauanyRodrigues-UNIFACISA,1746571414602,3,15819,15598,47459,0.0,0,0,0,15,SUCCESS,15819,QOl4-G0FTpKuE8l_wJZTlA
429,Velocity-Vanguard-Jor,1746765212125,3,15819,13533,47459,0.3333333333333333,0,1,1,3,SUCCESS,15819,WQ1HkS8tQSiHMLUE2ELZ_Q
430,ITI-G6,1738394466094,3,15819,15599,47457,0.0,0,0,0,6,SUCCESS,15819,xFuKQOZRQUKXsi6cnoKX7A
431,LuizReis,1745594029615,3,15820,13801,47460,0.3333333333333333,0,1,1,10,SUCCESS,15820,PTQUiSSZSPKcK4sav0MwZA
432,CurlyParameter#7750,1746480127651,3,15820,15130,47462,0.0,0,0,0,5,SUCCESS,15820,44-28UERR42-oQwSU39sFw
433,ConnectedWorkaround#3421,1757662215148,3,15821,13406,47463,0.3333333333333333,0,1,1,2,SUCCESS,15821,EjTmQTuxRTOUGWb1NM2rOQ
434,Smile8715,1751567717961,3,15821,14202,47465,0.3333333333333333,0,1,1,5,SUCCESS,15821,lPxtLlwBR2mZqexUAZxMGw
435,Borek#1,1757928584344,3,15840,13863,47521,0.3333333333333333,0,1,1,9,SUCCESS,15840,hOd6qHR5ToGAUj76V-c8kg
436,Utah-Saint,1749071112019,3,15841,13998,47524,0.3333333333333333,0,1,1,29,SUCCESS,15841,iXrbHwyjTvi60NxpOplW4A
437,UrgentBuster#3694,1738454762076,3,15842,15070,47527,0.0,0,0,0,11,SUCCESS,15842,jBRvNjZeQsilrRRVGd4uCA
438,Quality486#2694,1747576582407,3,15863,15661,47591,0.0,0,0,0,29,SUCCESS,15863,db-fIx6YTiGkv4QEuK6vXw
439,Victor-Briske,1746407057660,3,15863,15399,47591,0.0,0,0,0,3,SUCCESS,15863,m26EEkGnQaWBvasQGYwlCw
440,LeetCoder#5891,1747838475523,3,15864,15334,47594,0.0,0,0,0,9,SUCCESS,15864,ovxhmJSkTjSX5UZ9xLsIAA
441,Team15-Devin,1758771480645,3,15866,15539,47600,0.0,0,0,0,18,SUCCESS,15866,FACnIF6bRLC0sc3tHsv5mg
442,EsteemedLine#9273,1738198503108,3,15887,13994,47661,0.3333333333333333,0,1,1,14,SUCCESS,15887,Zc6xUQwmSC2xRYxsIcSKzA
443,AlphaCoder#3790,1746011029329,3,15907,15728,47723,0.0,0,0,0,13,SUCCESS,15907,XbfJ5jjuQ0Czad_PHE_x2Q
444,bsmith82-chwy,1753373696728,3,15908,15535,47726,0.0,0,0,0,3,SUCCESS,15908,Z_FLHgW6T2CUBYKoBoZ4mg
445,ASCII486#7390,1740659893082,3,15908,15331,47724,0.0,0,0,0,1,SUCCESS,15908,KOowOx_7SLi03IFlnbbMzg
446,Himeth,1743608691245,3,15910,13603,47731,0.3333333333333333,0,1,1,34,SUCCESS,15910,TpSLI0oHQ7avUET-KAQu5A
447,Summer2025-TurboOps,1753268669450,3,15928,15467,47786,0.0,0,0,0,21,SUCCESS,15928,IKedeMwVRpW4__yQ1AcXRg
448,MachineEnvironment#3235,1747930678265,3,15929,15668,47788,0.0,0,0,0,5,SUCCESS,15929,vuKJlNc6RkihhJlEreEBdg
449,InnoRacer#1,1757928299777,3,15930,15587,47790,0.0,0,0,0,24,SUCCESS,15930,HhcdsLeqSHG7p9-SUSa-bQ
450,BigEngineer#7554,1737715766225,3,15930,15734,47792,0.0,0,0,0,1,SUCCESS,15930,HWUmSU7xT4KpJ61Mxtuolg
451,dnp-yoshida-d6-multi-user,1750732455857,3,15950,13534,47852,0.3333333333333333,0,1,1,4,SUCCESS,15950,ZlTgVMBETMOMmtqmtT313A
452,PolyAce#1,1757990722331,3,15952,15730,47856,0.0,0,0,0,3,SUCCESS,15952,GYr-BIxtRUy22p2CrxJuRA
453,UpgradedDigit#2468,1736887523493,3,15952,15342,47857,0.0,0,0,0,4,SUCCESS,15952,F8BxAbpIRUaTOtOwsRnNdA
454,NumericLanguage#7214,1743978829156,3,15953,15595,47860,0.0,0,0,0,3,SUCCESS,15953,JDPQlQJfSzWrQ3FrbgrW3A
455,GDR-Jessica,1757954382880,3,15973,13799,47921,0.3333333333333333,0,1,1,11,SUCCESS,15973,K7eg8cKRQs6TE43hbeD_tg
456,SquareDescriptor#6828,1744089001471,3,15974,12056,47922,0.6666666666666666,0,2,2,10,SUCCESS,15974,JpODST_WSiGAcGr-rK6hXQ
457,Neil-Vehicle-Jurny,1758030142778,3,15975,14535,47927,0.3333333333333333,0,1,1,5,SUCCESS,15975,bV-lS1JyQEu5YfwcLcYUAg
458,TSVSulzbach#1,1757961693601,3,15977,15936,47931,0.0,0,0,0,13,SUCCESS,15977,GGyk3fhaR2KKZoOytKZTJg
459,LeoMtz,1753489467133,3,15977,13602,47931,0.3333333333333333,0,1,1,1,SUCCESS,15977,bAuh9G8eSlaPuXBlDHo6mQ
460,JordanLSage,1749559916170,3,15979,13927,47937,0.3333333333333333,0,1,1,10,SUCCESS,15979,QWbFOoU9SmGDfWwvAUxkZg
461,Jkye,1744249112423,3,15995,15730,47986,0.0,0,0,0,28,SUCCESS,15995,ot27pXRyTWCrY2lBmeX6dA
462,BigDigit#6722,1758799785568,3,15996,15798,47989,0.0,0,0,0,14,SUCCESS,15996,mdf666NkTvmvND_lvYUF4A
463,SolvableContext#2307,1752207119272,3,15997,13864,47993,0.3333333333333333,0,1,1,7,SUCCESS,15997,bnWYosWETYqKtKcDJYLOtA
464,BlockchainFunction#1471,1746612296093,3,15997,15729,47992,0.0,0,0,0,6,SUCCESS,15997,DBSFbHJrQm660uxUhCTRvg
465,PingMyRide,1755107654681,3,16018,15792,48054,0.0,0,0,0,3,SUCCESS,16018,BCWBYn6dTHSKz0q9FsiAnA
466,IterativeCircuit#2318,1746533822385,3,16019,15400,48057,0.0,0,0,0,12,SUCCESS,16019,HdrXZbfMRZyKhfTgKlHHeA
467,404-SpeedNotFound#2,1756383257550,3,16019,15402,48059,0.0,0,0,0,15,SUCCESS,16019,r9dV0FDCTmuTIOpFMBMHdA
468,RedBullRacers2025,1738447791730,3,16021,15262,48063,0.0,0,0,0,36,SUCCESS,16021,67HGWn8kSVu97WcugZ6zwg
469,RocketExpression#7016,1745750136661,3,16021,15734,48063,0.0,0,0,0,1,SUCCESS,16021,Ucv5z6sOTGamn1uitqPUFw
470,NTI-G3,1738284578587,3,16023,13865,48069,0.3333333333333333,0,1,1,8,SUCCESS,16023,wR5O-JX2RWGgzVs3CPWeIw
471,TIF-Speed-Queens,1747346009909,3,16041,15399,48125,0.0,0,0,0,20,SUCCESS,16041,WVS-SlLYQWG-Kg_DRMFBdQ
472,ntxracer,1746727783022,3,16041,15718,48123,0.0,0,0,0,3,SUCCESS,16041,f-E0BiKNRrCumpV8ivZjXQ
473,ContinuousTech#8225,1755086366936,3,16042,15668,48127,0.0,0,0,0,38,SUCCESS,16042,vkkopSLTTkeiNAPBCyOR6g
474,Mit-Teilnehmer#1,1758018274831,3,16042,14262,48126,0.3333333333333333,0,1,1,5,SUCCESS,16042,LrB4m_EvSU2O8kAv49A_cQ
475,InfinitePresentation#7714,1736806384086,3,16063,15537,48191,0.0,0,0,0,7,SUCCESS,16063,JycgsrVLQHmVmPAichWdrQ
476,WillIAm,1748965690144,3,16063,15864,48190,0.0,0,0,0,10,SUCCESS,16063,G7S_EllRQtqR9ZtEJrpUhw
477,WEAsleysnipes,1744023076971,3,16064,14127,48192,0.3333333333333333,0,1,1,23,SUCCESS,16064,CumPfQ2ORPK1-YnWjuftJg
478,501-LYS-02,1752672568368,3,16064,15399,48193,0.0,0,0,0,8,SUCCESS,16064,_mKh7xqZSS2s9lHgODK9cg
479,QualitySchematic#4040,1755619253992,3,16064,15994,48192,0.0,0,0,0,17,SUCCESS,16064,Wx6zYTqRQuCKuMmfq3kkKw
480,QualifiedInterface#0306,1745740574772,3,16064,15929,48194,0.0,0,0,0,28,SUCCESS,16064,ArRO23VBRba-RoxnUQgkkA
481,Tiger-Steven,1746767890664,3,16065,14066,48195,0.3333333333333333,0,1,1,3,SUCCESS,16065,hK7K_b6kRpubOA77rvyzRQ
482,LeetArchitect#2671,1752828801241,3,16065,13675,48196,0.3333333333333333,0,1,1,5,SUCCESS,16065,vp9BpxjQRD2mQbGLa-ZtMA
483,SigKoch#1,1756917397713,3,16084,16004,48252,0.0,0,0,0,11,SUCCESS,16084,1DA_3BWbQ3mp1Nprn9NhBA
484,team12-deepracer,1748364262479,3,16085,15863,48255,0.0,0,0,0,10,SUCCESS,16085,u89uRxF0RCel4v5Ppq0IDw
485,krand-chwy-2025,1738096705750,3,16086,15401,48258,0.0,0,0,0,7,SUCCESS,16086,YzZYwDoUQMui2GXH5vE41A
486,MobilePatch#4074,1745423165381,3,16086,16058,48259,0.0,0,0,0,12,SUCCESS,16086,llX7nlUxT4OLcG3GpGVUnQ
487,QualityArray#0370,1754484717828,3,16088,14264,48265,0.3333333333333333,0,1,1,20,SUCCESS,16088,6hDUw4S-RLigL1xHov5j3A
488,Mikelus,1737837063591,3,16088,14202,48264,0.3333333333333333,0,1,1,20,SUCCESS,16088,SL47FQyORae51BNEC5bitA
489,ScuderiaIntelligente#1,1757940344991,3,16107,15932,48323,0.0,0,0,0,5,SUCCESS,16107,RgGrmHRoSHujfrWpyL4JMg
490,EDIVAR-UFC#6681,1745626082384,3,16114,15996,48342,1.0,0,3,3,16,SUCCESS,16114,FJJQTRGNSt63Snlfj67j8Q
491,seo,1745784655721,3,16130,15192,48391,0.0,0,0,0,22,SUCCESS,16130,MsOqsM0JTli3TsJPf3HyVg
492,DayanFreitasAlvesUFAC,1746740269075,3,16130,15735,48391,0.0,0,0,0,8,SUCCESS,16130,_ORik8YuQVKEJxz6bWjLRA
493,ForestFlyerTeam1,1741747100003,3,16130,15470,48391,0.0,0,0,0,33,SUCCESS,16130,g8Qv82-xQqqUlyWSPFr6WQ
494,SolvableOrder#4047,1752194502100,3,16130,15864,48391,0.0,0,0,0,10,SUCCESS,16130,m2gTfDAHToCMOzGu4NwYvQ
495,Kurio-Mifune,1744740789429,3,16134,15804,48402,0.0,0,0,0,1,SUCCESS,16134,I0V-6hA3QROI0EVVdGU_rQ
496,InteractiveSemicolon#0326,1737641344113,3,16153,14005,48459,0.3333333333333333,0,1,1,11,SUCCESS,16153,2s7hQN1tT0-D9xM4ZMEJpg
497,PrimeShell#1874,1750356694104,3,16154,14268,48464,0.3333333333333333,0,1,1,16,SUCCESS,16154,3pN814KsQcWUhdsDxfae7g
498,JavaScope#7185,1744993904908,3,16155,13062,48466,0.6666666666666666,0,2,2,9,SUCCESS,16155,IrbuhmXFRqG1viqWR3_b_w
499,Livvv,1748951902518,3,16174,15399,48524,0.0,0,0,0,11,SUCCESS,16174,Neqc98AxRiW2-6-RobXx7w
500,HelioSlow,1746391071281,3,16175,12336,48527,0.6666666666666666,0,2,2,7,SUCCESS,16175,7Cyw2Vc6R-qdxfy-FNKs8w
501,EsteemedNetwork#7361,1737969171323,3,16175,11806,48526,0.6666666666666666,0,2,2,1,SUCCESS,16175,ItUKGyAfT2CxGKcrBn2Ldw
502,Melnislav,1747909839410,3,16176,14332,48528,0.3333333333333333,0,1,1,9,SUCCESS,16176,6Y7QcRHUQbecu7f9nUQG6g
503,DeepDriveRacing#1,1757523756444,3,16196,15001,48590,0.0,0,0,0,26,SUCCESS,16196,akZX1WesT0Wd_NYsvpRzAg
504,EC2Fast2Furious,1755103479210,3,16198,16131,48594,0.0,0,0,0,13,SUCCESS,16198,pdTjv0S2QRuOigZu316Kfg
505,mateeb-hussain,1750907756478,3,16200,13538,48600,0.3333333333333333,0,1,1,14,SUCCESS,16200,pnmuCOKVRgOip_7c1rJ37g
506,GenerativeMetaclass#5920,1741647389215,3,16217,14330,48653,0.3333333333333333,0,1,1,4,SUCCESS,16217,ceBNebP0R1it44LhpKcFDg
507,Neutrino,1745539397294,3,16219,15926,48659,0.0,0,0,0,7,SUCCESS,16219,YVySxmn_SCSrEFOO-lLdIg
508,NTI-G20,1738211524709,3,16220,14338,48661,0.3333333333333333,0,1,1,2,SUCCESS,16220,6RKS28m8TAS1sGWH-PeYow
509,UpdatedNotation#5189,1749311045669,3,16221,16060,48665,0.0,0,0,0,13,SUCCESS,16221,g5U0TbIQTE2XFB8NLPPtsA
510,AleksandrKoliada,1747910668225,3,16240,14202,48720,0.3333333333333333,0,1,1,3,SUCCESS,16240,b1zEoKV5QJ-K7PNCNu56PQ
511,KV-Racer,1750771910887,3,16241,16196,48724,0.0,0,0,0,14,SUCCESS,16241,0HCLGhB7SjKWoQid7oU4mA
512,TestableLambda#2426,1737749687068,3,16241,16003,48725,0.0,0,0,0,21,SUCCESS,16241,RjF4Po2mTXGbT7hd4mIzGQ
513,MGC,1745220345503,3,16242,14266,48726,0.3333333333333333,0,1,1,16,SUCCESS,16242,Jl27X87JTrO6CNOeJt4ZBA
514,cNguyenSUD,1742198253693,3,16243,15808,48729,0.0,0,0,0,26,SUCCESS,16243,lrbQedXRT-6oCUyZUMfxgA
515,42Horsepower#2,1758011031399,3,16243,12467,48731,0.6666666666666666,0,2,2,26,SUCCESS,16243,Eszn-dP9RGaRPGW4700HOA
516,AsynchronousExpert#3796,1742949808107,3,16264,16137,48794,0.0,0,0,0,3,SUCCESS,16264,0QvepmdvTh2DMfCzdV1OSA
517,MemoryValue#4120,1745098820912,3,16265,13803,48795,0.3333333333333333,0,1,1,2,SUCCESS,16265,kSaLIo7sRaK0A6Z_VRtMwg
518,IceMan#7,1743690085695,3,16284,16000,48854,0.0,0,0,0,19,SUCCESS,16284,OR97HU39RKqDNnGJlqYfyw
519,TabletObject#8771,1738843317675,3,16286,13862,48859,0.3333333333333333,0,1,1,3,SUCCESS,16286,xEdK_gxWR4-7uOvfKEDgAQ
520,Lenilson-AWS-teste,1740417212123,3,16286,15931,48859,0.0,0,0,0,8,SUCCESS,16286,A-M6QeHpQmaw7rITMl7AYA
521,Group999999999,1754547192631,3,16286,14260,48859,0.3333333333333333,0,1,1,10,SUCCESS,16286,LtY3ZL1pQ7GmoOflH7CIiw
522,WebEngineer#9357,1759264331040,3,16288,16135,48864,0.0,0,0,0,8,SUCCESS,16288,jxgrV7frQbGRJug36GcQyg
523,DeepBooster#9370,1754553429465,3,16288,16056,48865,0.0,0,0,0,65,SUCCESS,16288,emCCAr6oTDeN2vUQG9HraQ
524,Eagle-NumericTheory#2766,1754126716702,3,16288,15935,48864,0.0,0,0,0,3,SUCCESS,16288,mC_trIhLRuO9PUPeYlwGIw
525,DesertDaredevilsTeam2,1742130805074,3,16289,15802,48868,0.0,0,0,0,15,SUCCESS,16289,v4Z8NsNTR7uaobjs11qfsA
526,AtomicRequirements#3948,1755276775165,3,16309,14666,48928,0.3333333333333333,0,1,1,15,SUCCESS,16309,aZ8jSAVITzuaBNTx5eeQqQ
527,GabrielGarcia#3911,1736957853884,3,16309,15867,48928,0.0,0,0,0,1,SUCCESS,16309,iN2h4ISnQDijxGLuOcWkMA
528,AlexAlbon23,1742655235708,3,16330,16199,48992,0.0,0,0,0,12,SUCCESS,16330,KUKb6_lESGSSA_HbMxaMCQ
529,CompleteArchitect#8000,1746605189170,3,16332,15799,48998,0.0,0,0,0,18,SUCCESS,16332,yD6AE4pgSXyk1Dc3fjlyww
530,UsableLog#5725,1744630137408,3,16332,16269,48996,0.0,0,0,0,12,SUCCESS,16332,UzmdPu7oSyGg5wNguH-KRw
531,TestableAttention#4317,1758055449246,3,16333,14005,49001,0.3333333333333333,0,1,1,5,SUCCESS,16333,AIyNHxHpTKK7IUKToI3e8g
532,FuturisticParameter#1606,1743321849221,3,16352,16321,49056,0.0,0,0,0,3,SUCCESS,16352,ToboScltSnuzRUmq7tk99w
533,chaudhry,1750768109704,3,16353,14135,49059,0.3333333333333333,0,1,1,10,SUCCESS,16353,JtnlQv-JR9Kg9x3Qi4TrwQ
534,raj-1205,1746909462399,3,16353,15800,49061,0.0,0,0,0,17,SUCCESS,16353,558a49745f8843aea7db6w
535,InnoRacer#2,1757939964751,3,16353,16060,49061,0.0,0,0,0,19,SUCCESS,16353,juKIam71TZyHAcXqw7mJHQ
536,LoopingSlice#2858,1754614508455,3,16357,14063,49071,0.3333333333333333,0,1,1,12,SUCCESS,16357,JLQRvLxgR36yncRd32BX9Q
537,UpgradedNotation#4099,1736681535611,3,16360,14532,49081,0.3333333333333333,0,1,1,7,SUCCESS,16360,3hZs7_U_Q5Sj5Oj_PqyG3Q
538,dipdap23,1744103880708,3,16374,16131,49123,0.0,0,0,0,1,SUCCESS,16374,yDrugnxoQ-OLvyiUpxHDHQ
539,RacingQueens#DurvasulaMrudula,1755688137137,3,16374,14459,49123,0.3333333333333333,0,1,1,6,SUCCESS,16374,Hghy1uZ0SLi9dVAjZX_cJA
540,AccessibleOrder#6200,1752652274796,3,16375,15259,49126,0.0,0,0,0,16,SUCCESS,16375,4hV37xI0TPOw0cm3_4Zpug
541,CreativeSandbox#4841,1736857344328,3,16375,15999,49127,0.0,0,0,0,6,SUCCESS,16375,4QAf8pi1QDqgv0v3wk3vWw
542,YA88#2,1757802972328,3,16375,10597,49126,1.0,0,3,3,1,SUCCESS,16375,EzBk9ecJSQizCKud0Qw5YQ
543,RaulMyron-UnB,1746748387384,3,16379,13464,49139,0.3333333333333333,0,1,1,9,SUCCESS,16379,a2SOXNCuR2e6rY2pdGX-Ww
544,TulianaAndrade-UFMT,1752664396475,3,16396,14071,49189,0.3333333333333333,0,1,1,6,SUCCESS,16396,2r_il7L6SKqH7mFAEs0w9Q
545,AsynchronousSequence#1861,1750066656088,3,16396,14328,49190,0.0,0,0,0,7,SUCCESS,16396,RyfcP0b-Th6y3IuSsJxVFg
546,AccessibleGrid#1496,1749575576037,3,16397,16069,49191,0.0,0,0,0,13,SUCCESS,16397,ZAuVdjXYQvO7zDjUk2SU9A
547,StephenD,1752778986775,3,16398,14463,49196,0.3333333333333333,0,1,1,6,SUCCESS,16398,8ahhDM4uRUW8Y27kdjn41w
548,Nick-goCarter,1749642112866,3,16398,15939,49195,0.0,0,0,0,12,SUCCESS,16398,koDyKVj2QBqTUmSaFJTrNg
549,Sug4r,1741300419146,3,16398,16132,49196,0.0,0,0,0,7,SUCCESS,16398,Mwa2dJneTpyH88Kwx3hneA
550,dnp-handa-s5-multi-user,1750735915439,3,16399,14000,49197,0.3333333333333333,0,1,1,3,SUCCESS,16399,yvmQ3W_1TVSJPZWzY2TZUQ
551,IterableEnvironment#3760,1747536657056,3,16403,14266,49211,0.3333333333333333,0,1,1,38,SUCCESS,16403,7s159880R1mzONfvQpRvYQ
552,HelpfulLog#8877,1757623166949,3,16405,12469,49216,0.6666666666666666,0,2,2,4,SUCCESS,16405,-NvgPm_OSiuCb_u-vKsDxg
553,IntelligentEvaluation#4421,1746864342854,3,16418,15799,49256,0.0,0,0,0,33,SUCCESS,16418,bit6eGdURTu3Rhe1LllQmg
554,EncryptedDescriptor#1530,1736402980598,3,16419,16263,49258,0.0,0,0,0,1,SUCCESS,16419,JGBQMfvUSEqhs1WPAlqiGg
555,VerstappenDoIC,1746397536809,3,16420,15862,49260,0.0,0,0,0,4,SUCCESS,16420,3hOFwl-AR8a_O7JJyJMOFA
556,QuickTester#5131,1742493165591,3,16440,16000,49322,0.0,0,0,0,3,SUCCESS,16440,8awYxjT4T0q7mQW3STCqCw
557,DigitalInterface#2720,1743860245880,3,16441,16260,49323,0.0,0,0,0,17,SUCCESS,16441,Yqbl85j8SCS02tHfxxzp1g
558,Chillguy,1742682835183,3,16441,15924,49324,0.0,0,0,0,15,SUCCESS,16441,pU-DXFUKS4uUlY8vqz7JnQ
559,TheAntHillMob,1749462817289,3,16442,15860,49327,0.0,0,0,0,9,SUCCESS,16442,_vQmRpeMRP2MaBuFcNK3hQ
560,RobotZone#1200,1740523423749,3,16463,16126,49391,0.0,0,0,0,5,SUCCESS,16463,0fKaqtjXTH-x1TZuM256ig
561,PedroWilsonSilva-UFCG,1746558207932,3,16463,14134,49391,0.3333333333333333,0,1,1,2,SUCCESS,16463,_VSmA-vkSsmgHcYO9N6GZg
562,Steffi-Pothole-Buddies,1743687087641,3,16464,16333,49392,0.0,0,0,0,12,SUCCESS,16464,ZTD1iZ-XTNqR1bPkzinHkw
563,leftside45,1737793202934,3,16464,14794,49393,0.3333333333333333,0,1,1,3,SUCCESS,16464,01c9d15b4ccb4f6ea0a29w
564,GMessias-BlueCow,1757093568573,3,16472,12394,49417,0.6666666666666666,0,2,2,16,SUCCESS,16472,sK9FezCYTJehOF-0PedIEw
565,wuhengqian,1754707746493,3,16485,14401,49457,0.3333333333333333,0,1,1,6,SUCCESS,16485,WgT-a5SvQISoiQdQRiYDJA
566,StarsStripesSangria-MaximEfremov,1747776379775,3,16486,16328,49459,0.0,0,0,0,6,SUCCESS,16486,dTKG3GG9T1GLUiEKSNZtRQ
567,PolyAce#2,1757519241442,3,16486,15868,49460,0.0,0,0,0,5,SUCCESS,16486,o_FhcM42S26eQgvhRw29Ew
568,CodeCarrera#1,1757680969059,3,16487,16333,49462,0.0,0,0,0,5,SUCCESS,16487,f5S6wZbRScKUpSydXy6hfA
569,Tsunami,1744682324372,3,16487,16269,49463,0.0,0,0,0,7,SUCCESS,16487,uA0f_cDASkifFmiEI_KXnQ
570,PythonModel#3337,1745280689055,3,16488,14263,49464,0.3333333333333333,0,1,1,6,SUCCESS,16488,I217DJ_SR6qCiQBtF6nQFw
571,DEGI-G9,1738399429320,3,16488,16065,49466,0.0,0,0,0,14,SUCCESS,16488,K0_li1mXQVe1d69PlG9JPA
572,Lion-Kart-Caroline,1757968025884,3,16489,15677,49469,0.0,0,0,0,7,SUCCESS,16489,4dun8FcrRpK5A7jPeNrsBQ
573,HelpfulCharacter#0344,1738050504694,3,16489,12273,49469,0.6666666666666666,0,2,2,16,SUCCESS,16489,MKRRVyx0QoKF8SbqcBCUIA
574,C05Racing2025,1738723169097,3,16507,16195,49523,0.0,0,0,0,9,SUCCESS,16507,cdQsn215SiWIm20ZMLwOVg
575,ArtificialCoder#9878,1750263066843,3,16508,13999,49526,0.3333333333333333,0,1,1,13,SUCCESS,16508,d3l43VjyTRWbcKtPQik0nQ
576,VariableEnvironment#7742,1743385745512,3,16509,16267,49528,0.0,0,0,0,1,SUCCESS,16509,wIbZE4FoRyKWvNRbrk2ZVg
577,QualityEvaluation#2191,1744208038542,3,16509,12930,49528,0.6666666666666666,0,2,2,10,SUCCESS,16509,L3MR5caXRAKphPSyj_DvAA
578,CompleteNumber#9158,1738684765711,3,16509,13472,49527,0.6666666666666666,0,2,2,4,SUCCESS,16509,DYRJWkXfRn-PvPQVtW9KnQ
579,Juki#19,1743871746433,3,16510,14538,49531,0.3333333333333333,0,1,1,26,SUCCESS,16510,znPQTGj5SlWT5OiIrbdZrA
580,Nikolai-Nikolai,1747859619140,3,16530,14596,49591,0.3333333333333333,0,1,1,16,SUCCESS,16530,-GKyb8xeRvaK4i1MnHyQxg
581,ProjectV#2,1758046608905,3,16531,15869,49595,0.0,0,0,0,15,SUCCESS,16531,vpho50YRR-GmMiRGVUbPJw
582,laxman,1744264802290,3,16532,16271,49597,0.0,0,0,0,11,SUCCESS,16532,_rJNIjWHQQqAqhYWQuSK0g
583,UnicodeAnalysis#6134,1743419746638,3,16552,15732,49657,0.0,0,0,0,10,SUCCESS,16552,NCz91O9iSbys_5vsYBM5JA
584,dsc241220-7-KimHyunJoong,1757175125195,3,16552,15800,49657,0.0,0,0,0,1,SUCCESS,16552,uDj5CCoSS2qBLHlE4A80xA
585,ArtificialNotation#9971,1740785451838,3,16554,13597,49663,0.3333333333333333,0,1,1,8,SUCCESS,16554,ONnqinPUT-egoJJ2uuVayg
586,DEGI-G2-,1738619783118,3,16574,16334,49724,0.0,0,0,0,20,SUCCESS,16574,nztTHdiAQm-XX9zFw2qfEw
587,HelpfulTech#1751,1753947855824,3,16574,14462,49724,0.3333333333333333,0,1,1,22,SUCCESS,16574,rBVuJ7CHRu2aiJFmbTftmQ
588,HL-Model,1744383840715,3,16576,14131,49730,0.3333333333333333,0,1,1,16,SUCCESS,16576,pCm3mIkKTASD812grFuaTQ
589,AF1-Alexander,1746764620492,3,16577,16004,49732,0.0,0,0,0,5,SUCCESS,16577,aPJzZNJ1TjGKn8odcAVnzg
590,Team-Ahnungslos-durch-die-Nacht#1,1757410861405,3,16596,16332,49790,0.0,0,0,0,2,SUCCESS,16596,_2lGn0B6QDeQ-Wr-CJJNfA
591,Nicholas-Team-2#7982,1745424867228,3,16597,16326,49792,0.0,0,0,0,6,SUCCESS,16597,Kigtmxd4QVCztO8eMXwy0g
592,EcJedi,1737341530812,3,16598,12934,49796,0.6666666666666666,0,2,2,6,SUCCESS,16598,ymsmu71lS16JqbbKJyY-kg
593,ITAMorousBeastie,1757428901793,3,16598,15799,49794,0.0,0,0,0,7,SUCCESS,16598,YZEaEWB0S2mzlaeeNIJBHg
594,AGZ#1,1756310262318,3,16599,16464,49799,0.0,0,0,0,3,SUCCESS,16599,7hcfxmE6T5KJcp40Oi5Nyw
595,SkynetRacing#2,1757786087086,3,16620,16462,49860,0.0,0,0,0,15,SUCCESS,16620,xFSooA--Rc2R7HLYf_b_WQ
596,HashableScript#6276,1737286356294,3,16620,14530,49862,0.3333333333333333,0,1,1,1,SUCCESS,16620,AgWabEXTQkuGXLw2YkospA
597,ice1111,1751968045514,3,16620,16540,49862,0.0,0,0,0,43,SUCCESS,16620,m2aSdhcLTIqt53spM0LYJQ
598,ArthurCardoso-UnB,1746710677781,3,16641,12799,49923,0.6666666666666666,0,2,2,4,SUCCESS,16641,JVxcx6pcTSSPbiAxEeNaLQ
599,SpeedyRozanski,1748079801658,3,16641,14665,49923,0.3333333333333333,0,1,1,4,SUCCESS,16641,DU-om4wxQmCg03QpdF8RVA
600,RocketOrder#4481,1757438663685,3,16641,13001,49925,0.6666666666666666,0,2,2,7,SUCCESS,16641,aoGYMToxSi-EvU762Gi9yw
601,Edivar-UFC#4120,1746022281937,3,16642,16537,49927,1.0,0,3,3,14,SUCCESS,16642,IT0S4ISjRHCetUjIPn0HWg
602,JS#0001,1755226284247,3,16642,16402,49927,0.0,0,0,0,6,SUCCESS,16642,QWxxE-RbSbG9lxNMmYqKvg
603,PythonLog#1081,1747073112662,3,16643,16130,49929,0.0,0,0,0,12,SUCCESS,16643,_q4hw94xSyeXc-yLMt-LHA
604,Zero-dayGlyph#0841,1747936690865,3,16663,16468,49990,0.0,0,0,0,13,SUCCESS,16663,HqJBwU5URWSJM5F3_Vd3oA
605,Q-Laps#1,1757943752442,3,16664,16469,49993,0.0,0,0,0,14,SUCCESS,16664,44zZGbLDT5y2KwUnQeTI2Q
606,10xDelta#1905,1747994866175,3,16664,16460,49993,0.0,0,0,0,2,SUCCESS,16664,Rh12WANXTVWRBe_jsH5E6w
607,SanduRacing#1,1754678110214,3,16664,13001,49994,0.6666666666666666,0,2,2,8,SUCCESS,16664,xzhN6wIURISQ6CQPcsolAw
608,BlitzRaga#2,1757880336089,3,16665,14068,49995,0.3333333333333333,0,1,1,5,SUCCESS,16665,kF1xmJXxQ1WADCYkSfDSjg
609,Maru,1752030542885,3,16665,16529,49995,0.0,0,0,0,18,SUCCESS,16665,4fbbwRBMR8qdoFvOx_wAoA
610,FiniteDiff#1758,1747819068048,3,16673,14544,50020,0.3333333333333333,0,1,1,5,SUCCESS,16673,oN-hNeFmSxacImGqgf8aEA
611,LucroNaCurva-Geser,1758127080129,3,16685,14800,50057,0.3333333333333333,0,1,1,22,SUCCESS,16685,3tE-aYoGR_-p8fjf17MHgQ
612,SuperString,1747528869181,3,16685,16528,50057,0.0,0,0,0,22,SUCCESS,16685,JngWChjXRAC4e-WIHDGYgw
613,QualifiedDigit#6321,1747086656022,3,16686,12801,50058,0.6666666666666666,0,2,2,5,SUCCESS,16686,x0N2vdufR92xBemI_hIiXw
614,itsamemario,1748015845193,3,16687,16465,50061,0.0,0,0,0,3,SUCCESS,16687,wwLh1gzdQdyqlJ_HUUfeLg
615,Brenda-Lima,1759423473079,3,16687,16599,50063,0.0,0,0,0,2,SUCCESS,16687,FkF6UJnoTAqbrqNQwm_Ixg
616,DEGI-G1,1738287681212,3,16688,14738,50064,0.3333333333333333,0,1,1,2,SUCCESS,16688,F-eqDdaxSvW7VXkeLQ1buQ
617,Jiyunneko,1751880259290,3,16688,16467,50064,0.0,0,0,0,19,SUCCESS,16688,t02TNY0xQymWFnHHqECwGQ
618,ArtificialTag#9557,1745436056513,3,16707,16597,50123,0.0,0,0,0,6,SUCCESS,16707,6s5SAEqURwesS_NFfWXOSg
619,Blexy#2,1757500450082,3,16707,14265,50123,0.3333333333333333,0,1,1,9,SUCCESS,16707,NK2J_SGfSqmMDRCOUoCUsA
620,NTI-G1-member1,1738580160685,3,16707,14800,50123,0.3333333333333333,0,1,1,2,SUCCESS,16707,6CrzBh6aSf-HPl5Sq979Ng
621,BlitzRaga#1,1758028394510,3,16709,15870,50127,0.0,0,0,0,8,SUCCESS,16709,h_jvb_2vSZWgxdiHq94Uew
622,JavaTable#6606,1757124972421,3,16709,16535,50127,0.0,0,0,0,31,SUCCESS,16709,zT3BlV-zSE6vt9IhiQmuQw
623,ArchsDrawPictures,1750755339732,3,16728,14666,50185,0.3333333333333333,0,1,1,5,SUCCESS,16728,pwyR8u5CTsuYJSXz9Z4FrQ
624,Jas,1750784336433,3,16730,13196,50192,0.6666666666666666,0,2,2,14,SUCCESS,16730,_HeK0fCcQyuBTGynIOlkUg
625,ImportantClass#9077,1756937538516,3,16730,16132,50192,0.0,0,0,0,12,SUCCESS,16730,eij9xLSDSDeDq3F2nMlLHA
626,TabletPatch#7764,1749267992118,3,16731,16527,50195,0.0,0,0,0,3,SUCCESS,16731,jlWmGpElQQu_2GB9miS7RA
627,m-sh-67-stg,1739824748199,3,16753,16726,50261,1.0,0,3,3,15,SUCCESS,16753,463XfO0-QVeF44zmYW0bdQ
628,MachineParameter#6943,1739292411029,3,16755,12269,50265,0.6666666666666666,0,2,2,13,SUCCESS,16755,ilQk02NNTpaLaylF4pAXOw
629,ItaloDeFariasCostaUNIFACISA,1746360458924,3,16773,14801,50320,0.3333333333333333,0,1,1,6,SUCCESS,16773,AoiDl6h1Q8qjlDfEmglThQ
630,ProcessingTech#7512,1748708840844,3,16774,13657,50324,0.6666666666666666,0,2,2,5,SUCCESS,16774,rlpRs6_gRCiNyZ4EWxVTFw
631,grupo-12-Manuel-wilian,1758320562464,3,16775,15741,50326,0.0,0,0,0,13,SUCCESS,16775,D55fs1F0S--tzgH2Bs4RfQ
632,CarlosAriasLK#3902,1743552859744,3,16777,15865,50332,0.0,0,0,0,3,SUCCESS,16777,_nTiy6boR2KfEhHFuQFvbA
633,gcjordi,1743278496388,3,16778,14603,50335,0.3333333333333333,0,1,1,13,SUCCESS,16778,4n-0HYIyQ2241dJ4tZirRg
634,VgolRacer,1758107455225,3,16795,16268,50385,0.0,0,0,0,12,SUCCESS,16795,JRhSj3icSCi7kxv_Z9QpYQ
635,zbu,1758297286441,3,16796,16469,50390,0.0,0,0,0,4,SUCCESS,16796,vdXfe1_zQ1apoAi0pLNR0Q
636,DBunn,1748966137523,3,16797,14732,50392,0.3333333333333333,0,1,1,3,SUCCESS,16797,ubQZdFq2R_Cb8VAwq_oUag
637,WebPointer#2637,1736804318481,3,16798,16599,50394,0.0,0,0,0,5,SUCCESS,16798,3epKtiQpQKSn5gLsgeRzBA
638,EsteemedObject#1187,1753826147190,3,16819,16596,50458,0.0,0,0,0,5,SUCCESS,16819,-tgs1m2ESMiNEeO7OVz0Gg
639,Vi,1746789128240,3,16819,12991,50459,0.6666666666666666,0,2,2,2,SUCCESS,16819,4vjatXibSse9XdGWwPwBxg
640,AIcont,1755128361441,3,16819,12997,50459,0.6666666666666666,0,2,2,18,SUCCESS,16819,VeCgpyq9Q9yAehYPfHl9Ag
641,Phoenix2025,1745145367788,3,16820,11801,50462,0.6666666666666666,0,2,2,4,SUCCESS,16820,JGuamb3STOuxxuMEjD9fJQ
642,FuturisticObject#3903,1747405881017,3,16826,13602,50478,0.6666666666666666,0,2,2,3,SUCCESS,16826,pFNY2eLrQGmTVTVWCzwwXg
643,kevinP-antonyR-grup10,1758166036979,3,16841,16137,50524,0.0,0,0,0,8,SUCCESS,16841,sX8-TGcFSKy33CVC4JWUMA
644,VilleFromKeilaniemi,1743586999891,3,16841,14932,50525,0.3333333333333333,0,1,1,12,SUCCESS,16841,rjSBDAkcToq9vQfhE1CMag
645,PedalToTheMetal#5484,1743061913250,3,16843,16669,50530,0.0,0,0,0,2,SUCCESS,16843,nkMXYez0Tn62rN1s3EctJg
646,aliM#1,1757653722853,3,16852,16533,50557,0.0,0,0,0,7,SUCCESS,16852,eJXDhJ_rQ12dxL3Ua4Hzxg
647,AutomatedDataset#0642,1737616044927,3,16863,16201,50591,0.0,0,0,0,2,SUCCESS,16863,3Ov6CcohQbuCpczJQ_z_uA
648,LietuvosSkalikas,1758523974875,3,16863,16267,50590,0.0,0,0,0,12,SUCCESS,16863,OVVjgZurTxGNGrwlMWBeIg
649,Team2-Hu,1745911721960,3,16863,16666,50590,0.0,0,0,0,6,SUCCESS,16863,53xKy-JnQbynsfgs-zPmWQ
650,aa22028#9750,1742792322131,3,16865,16595,50597,0.0,0,0,0,18,SUCCESS,16865,lxVxltfNQsqQAxUjKUNrpQ
651,Guilherme-CtrlPlusDrift,1757524245323,3,16865,16730,50597,0.0,0,0,0,4,SUCCESS,16865,Tv8jcg6tQPKSJo-kV7u_-Q
652,HashableBuster#4080,1754969350493,3,16865,16729,50596,0.0,0,0,0,4,SUCCESS,16865,VQTFJk2FTiC48waGWeeE2Q
653,DEGI-g12,1738574084426,3,16865,16663,50597,0.0,0,0,0,3,SUCCESS,16865,9tflh4YwRm6TrmLfK0lgjg
654,InfiniteAnalyst#1584,1738742365379,3,16885,16600,50655,0.0,0,0,0,8,SUCCESS,16885,BHJPZKToTsOM7i-ieHlAfg
655,IterativeEnvironment#0804,1744162458551,3,16887,12732,50662,0.6666666666666666,0,1,2,23,SUCCESS,16887,_ff5qx30SACR2QSTxIZNXQ
656,IntelligentBreaker#7619,1755114404969,3,16906,13332,50718,0.6666666666666666,0,2,2,7,SUCCESS,16906,2B7h92uET--WXgdgc7NPGg
657,FormulaicGame#8205,1752817524773,3,16908,14399,50725,0.3333333333333333,0,1,1,5,SUCCESS,16908,bpmfxCrySNmYmFHKgT8Y8A
658,Nicolas-Kormann,1758035886663,3,16909,13328,50728,0.6666666666666666,0,2,2,4,SUCCESS,16909,uYFY9KUbQF6IZ9xX4KauJQ
659,CloudPilots-ShivamYadav,1747919996551,3,16910,16804,50732,0.0,0,0,0,6,SUCCESS,16910,ybWe6FofQXy_SW3evbpWSw
660,CurlyBooster#0996,1744684428560,3,16918,11932,50754,1.0,0,3,3,5,SUCCESS,16918,Pt_LTcn4RbqNugLZ0t1Spg
661,RocketContext#7053,1747595213171,3,16931,15328,50795,0.3333333333333333,0,1,1,10,SUCCESS,16931,QSOn1sm5S8qj8o0iQO-aoQ
662,Hsieh,1750503275541,3,16932,16668,50796,0.0,0,0,0,5,SUCCESS,16932,Fs4ejZKGTuKCRbiAf4WRMA
663,HugoCosta-UNIFACISA,1746566948380,3,16933,13664,50799,0.6666666666666666,0,2,2,9,SUCCESS,16933,FExcfw30QkmwZVF-r1Hu8w
664,InteractiveNode#8484,1744939944896,3,16952,14464,50856,0.3333333333333333,0,1,1,7,SUCCESS,16952,jntIObO4QViAAti6CAOBSA
665,BrainyClass#1376,1746655915545,3,16953,14868,50859,0.3333333333333333,0,1,1,11,SUCCESS,16953,N75BznPMSvyzcRPPzaw_KA
666,ProcessingNumber#2327,1745043240494,3,16954,11133,50863,1.0,0,3,3,3,SUCCESS,16954,VTN4UmO4QcOentgWTaI0gg
667,903-cjy-01,1752424532808,3,16956,13665,50868,0.6666666666666666,0,2,2,17,SUCCESS,16956,EygkgIRQRR2FHo1dlv_uPw
668,HelpfulValue#1242,1744322951223,3,16974,16733,50922,0.0,0,0,0,4,SUCCESS,16974,gF-pR113Roq436h4Zwv2LQ
669,technopro#hanaoka-teruaki,1739581697792,3,16975,15798,50925,0.0,0,0,0,4,SUCCESS,16975,BY2nJZGyTdWr_u0dSOdojg
670,04-666,1754495454339,3,16976,16671,50928,0.0,0,0,0,12,SUCCESS,16976,VdsdS5YtSwOKNf9706hkkg
671,SandeepPalreddy,1747230958373,3,16977,15003,50932,0.3333333333333333,0,1,1,1,SUCCESS,16977,jLnpux9bSMOlpFV_0e_QYA
672,UnboundSwitch#1386,1748183373434,3,16996,15189,50990,0.3333333333333333,0,1,1,8,SUCCESS,16996,zCupp3mRRuGIdMkQklfHdA
673,ComplexFormula#1102,1752232121137,3,16997,13337,50992,0.6666666666666666,0,2,2,20,SUCCESS,16997,H4eYzMq0SY-VmMM9t5KzSQ
674,ProvisionalLambda#1061,1737732787247,3,16997,16600,50991,0.0,0,0,0,2,SUCCESS,16997,n-PXsk5rRECoL7tmvoCjCg
675,SolvableContext#7882,1747182245644,3,16997,16538,50991,0.0,0,0,0,7,SUCCESS,16997,kjRtD475Q-qHkOSqo-4gmg
676,Eunurang,1752107244097,3,16997,14532,50992,0.3333333333333333,0,1,1,10,SUCCESS,16997,DKhTLWOBTdu4hqvJQ-ZeYA
677,AlefAdonis-UFCG,1746054698031,3,17017,12872,51051,0.6666666666666666,0,2,2,11,SUCCESS,17017,yLPXKVMrQhqCLKpgRN9SzQ
678,Throttle-Thrill,1748609415685,3,17019,14667,51059,0.3333333333333333,0,1,1,9,SUCCESS,17019,DjCKlvYJRyaM_Bbi-zaplg
679,WebTag#4852,1745591694128,3,17019,16669,51058,0.0,0,0,0,1,SUCCESS,17019,wr8pcB_XTcWXvYCsvOb_og
680,ASCIISystem#9928,1746234802520,3,17040,16665,51122,0.0,0,0,0,3,SUCCESS,17040,6DJh3PwlT2-EW0NyCMHNMA
681,Teleportation,1744127980346,3,17042,12802,51127,0.6666666666666666,0,2,2,12,SUCCESS,17042,UGVyP5-0Q1OC_3gmtFHaEQ
682,MaximumVerstoppen,1758144756806,3,17042,15137,51126,0.3333333333333333,0,1,1,1,SUCCESS,17042,OoavJfDYQD2SkTxG93neeA
683,ElorrietaJulen,1747301693302,3,17042,16996,51126,0.0,0,0,0,6,SUCCESS,17042,tHVVF-dESIabQ4DEQWWFXg
684,Lion-Kart-Lucas,1757990958776,3,17043,16404,51129,0.0,0,0,0,2,SUCCESS,17043,u-KrSUAdQqWwC5UxAyz1Xw
685,AtomicEvaluation#2812,1741102710631,3,17064,16592,51194,0.0,0,0,0,32,SUCCESS,17064,urw_RuszTFa0nQH29LzIAQ
686,MeepMeep,1755117620626,3,17065,16260,51196,0.0,0,0,0,8,SUCCESS,17065,Ej8vGG3HQx6hQon0zCaBNA
687,Rage-Agaisnt-The-Machine-Learning-Chris,1757687272612,3,17065,16932,51196,0.0,0,0,0,5,SUCCESS,17065,sA6w1a7PTSKFfc9rdWgZTg
688,LeetValue#4728,1752750804346,3,17069,13463,51207,0.6666666666666666,0,2,2,19,SUCCESS,17069,E5TCkxEpQxyW9p7OnYPGEw
689,VariableMetaclass#7286,1748541783379,3,17084,16406,51254,0.0,0,0,0,11,SUCCESS,17084,K3JEzwcrRVezfT0woymHOA
690,akander,1755789859498,3,17085,13342,51256,0.6666666666666666,0,2,2,7,SUCCESS,17085,j6Y72BIgQACcTsnBSRjmTQ
691,AtomicBraces#0636,1757353936050,3,17086,16461,51258,0.0,0,0,0,16,SUCCESS,17086,x-Md1CtRRA-HQbbplrhw0Q
692,MiguelRocafull#8743,1743610765218,3,17086,16804,51258,0.0,0,0,0,6,SUCCESS,17086,nGoQZ6VkS0WUlTTt6ob_zw
693,BigSystem#4563,1757277957265,3,17086,15002,51260,0.3333333333333333,0,1,1,2,SUCCESS,17086,Ym64m3PrRSCMWxsewthzxw
694,ImmutableDescriptor#9589,1758277382278,3,17087,15133,51262,0.3333333333333333,0,1,1,16,SUCCESS,17087,wiStbRhxQYKHLcim2-JpFQ
695,Abra66,1757831754160,3,17108,14467,51325,0.3333333333333333,0,1,1,18,SUCCESS,17108,R1XRaKLxTniZTGCv4l8ojQ
696,PrimeSchema#2398,1754009276115,3,17109,16998,51327,0.0,0,0,0,17,SUCCESS,17109,ujmzxcX6TbGCcf-d9SPO7A
697,BooleanNotation#0417,1738254716138,3,17112,13602,51336,0.6666666666666666,0,2,2,15,SUCCESS,17112,tlguBQIeQ62ocTKv5NLDmA
698,DLR#1,1758046878878,3,17129,16799,51389,0.0,0,0,0,18,SUCCESS,17129,Rhcl3oltTiyJUWPi0faGmQ
699,reDrift#313,1743086969872,3,17130,16334,51392,0.0,0,0,0,11,SUCCESS,17130,t1etthHUStGinHB8SSu_Sw
700,ParametricGlyph#3894,1739787157505,3,17131,17060,51395,0.0,0,0,0,48,SUCCESS,17131,VMmM7adZT9KsB8VqpgWh0w
701,cc25-033,1757588328035,3,17132,15328,51398,0.3333333333333333,0,1,1,1,SUCCESS,17132,tYbfVGReSWOYcuzSyxoOhw
702,UsableCallback#5036,1752830448970,3,17153,16937,51461,0.0,0,0,0,4,SUCCESS,17153,D-9gwdHuRNSEydu9p0VCPw
703,ProcessingCallback#4058,1746554052727,3,17153,15196,51461,0.3333333333333333,0,1,1,16,SUCCESS,17153,ktmeDZeFT6GHGVCqrLF_dg
704,RecursiveLog#6821,1746195316891,3,17173,16800,51520,0.0,0,0,0,2,SUCCESS,17173,3yQ-xnd4TuSqepoJ0CXh9w
705,QualityObject#7334,1752736664208,3,17173,14531,51521,0.3333333333333333,0,1,1,9,SUCCESS,17173,CN8YSX9ERLa9juHXEmFM-A
706,MobileCircuit#6041,1738686151179,3,17174,13193,51523,0.6666666666666666,0,2,2,2,SUCCESS,17174,YmJXw8SxRaKPksQw1-Sq7g
707,aawari-chwy-2025,1738161998989,3,17175,16733,51527,0.0,0,0,0,6,SUCCESS,17175,7tt4U-DIRRuELwckAGRhpw
708,DigitalLine#9291,1744190124614,3,17175,13792,51527,0.6666666666666666,0,2,2,6,SUCCESS,17175,TWqHmw6lRxmRJG0vAOfs5w
709,NeedForSpeed-Nicholas,1746773612666,3,17175,16795,51525,0.0,0,0,0,4,SUCCESS,17175,THVDO59OSzeCH3qWWa2qPg
710,ProvisionalInterface#9862,1736381812457,3,17194,15400,51583,0.3333333333333333,0,1,1,1,SUCCESS,17194,pRlbmM0USQGGlTimA79TyA
711,JoaoVictorPinheiroRodrigues-IFPB,1746223137335,3,17197,16996,51591,0.0,0,0,0,2,SUCCESS,17197,4oPHeR6NQaictIzcTTXu8w
712,Unicorn-p,1742906478649,3,17200,15071,51601,0.3333333333333333,0,1,1,24,SUCCESS,17200,YsiogCJbSC6dGf7dRHta9Q
713,EUI-G15,1738457378868,3,17219,14924,51658,0.3333333333333333,0,1,1,2,SUCCESS,17219,i34lTK-ERmWyy_8smyIIOQ
714,404SpeedNotFound2#1,1758048838667,3,17220,14801,51660,0.3333333333333333,0,1,1,12,SUCCESS,17220,CjmLawkeRwGUkcALruSq4g
715,DorkBatophobe,1753676410707,3,17220,13537,51660,0.6666666666666666,0,2,2,36,SUCCESS,17220,86CkaAJrRrudwcGs-IZfhA
716,UpdatedTheory#9168,1757565984753,3,17238,16664,51716,0.0,0,0,0,12,SUCCESS,17238,lhd3NpohQdyN81QMvP3uHQ
717,TestableBooster#2051,1754902166720,3,17242,16863,51726,0.0,0,0,0,6,SUCCESS,17242,nvdOC22-Srik0RmvaicczQ
718,ProvisionalLoop#9876,1737001845880,3,17242,14867,51726,0.3333333333333333,0,1,1,3,SUCCESS,17242,CE7Evhg8Q8mvjFzX3eY-HA
719,RecursiveNotation#5809,1746755927265,3,17242,14931,51726,0.3333333333333333,0,1,1,15,SUCCESS,17242,pr_o8ACTRsihVUQaENxxYA
720,LuisFelipe-UFAM,1747336549944,3,17243,16863,51729,0.0,0,0,0,62,SUCCESS,17243,JHfEZQnxTKS3-XKzM8CJZA
721,DEGI-G4,1740189179834,3,17243,12195,51729,1.0,0,3,3,5,SUCCESS,17243,3_6MAF1-QY6roVilPRu9MQ
722,204-YSY-01,1752442960999,3,17263,13733,51791,0.6666666666666666,0,2,2,4,SUCCESS,17263,azqQ7rwESyCGNdbLxG5A9g
723,cc25-056,1757599149930,3,17264,16523,51792,0.0,0,0,0,4,SUCCESS,17264,lEibSlJaRn-imQo9p9vl9w
724,StructuredTheory#8193,1747561000111,3,17280,13397,51841,0.6666666666666666,0,2,2,3,SUCCESS,17280,AxGHObowT4G40rmNVdFTCA
725,MinhDQ#1752,1745653491339,3,17287,13464,51862,0.6666666666666666,0,2,2,2,SUCCESS,17287,yLPOnaw_QtuKxVI2tYnCIQ
726,HashableRequirements#5234,1748672657374,3,17289,16794,51869,0.0,0,0,0,3,SUCCESS,17289,QmO1WVhNR4edG9TY1wxhMg
727,AbstractArray#4314,1745171189815,3,17307,16332,51922,0.0,0,0,0,3,SUCCESS,17307,L6pFnJ1HRISV8_rWYh7w7Q
728,QuattroIntelligence#2,1757845698617,3,17308,16934,51926,0.0,0,0,0,11,SUCCESS,17308,CRvJZbXoT26Beq1xdJGHxw
729,mrunalMehta,1750868979957,3,17308,14600,51925,0.3333333333333333,0,1,1,4,SUCCESS,17308,yH7oAiSlRSWZNX2ThXW64g
730,MachineCharacter#4361,1738823470704,3,17309,11791,51928,1.0,0,3,3,8,SUCCESS,17309,mKQ0koATRuy6smIr8hdnUw
731,CompleteBrackets#4628,1746728035961,3,17331,13800,51993,0.6666666666666666,0,2,2,9,SUCCESS,17331,24HuVrOITRuDgEPnMi5BwQ
732,StigAlwaysWins,1750438681179,3,17331,15604,51995,0.3333333333333333,0,1,1,9,SUCCESS,17331,yuQ5zxKcQpiTk8hODA5Gsw
733,CleanNode#7259,1741313118941,3,17331,17065,51993,0.0,0,0,0,1,SUCCESS,17331,x-erjo3BTPmm8MPES4I-UQ
734,ComplexSpec#4912,1746117824910,3,17333,15069,51999,0.3333333333333333,0,1,1,3,SUCCESS,17333,Fp38vxqQQUy_v-KbH2SC6w
735,CyberneticDigit#8846,1743258355093,3,17351,17206,52055,0.0,0,0,0,10,SUCCESS,17351,IoEaE5mcTqm_RN_JvGSxTw
736,MikyTrankas,1745238448653,3,17352,13534,52057,0.6666666666666666,0,2,2,6,SUCCESS,17352,2fsH37a4TciQQspeglR_aQ
737,bw812,1750503275863,3,17353,14862,52059,0.3333333333333333,0,1,1,10,SUCCESS,17353,sKoRIPjhQgOQ_IBlDuTeOw
738,ForchtenbergRacer#1,1757940759554,3,17353,15928,52061,0.3333333333333333,0,1,1,3,SUCCESS,17353,-qPJjmLMSh6oDdF5tNUEBA
739,testman,1751597641747,3,17354,17201,52063,0.0,0,0,0,10,SUCCESS,17354,u_iNGYEjQXeESI_Git1QrQ
740,AlexElorrieta#53,1747303346403,3,17358,13859,52076,0.6666666666666666,0,2,2,5,SUCCESS,17358,Prd88RpaSwm6hZhmZBEtNw
741,QuattroIntelligence#1,1757454313429,3,17373,13455,52121,0.6666666666666666,0,2,2,35,SUCCESS,17373,N0yH_BzgSke8LqF0XbiwGw
742,SaarRacer#1,1757966336062,3,17374,17139,52122,0.0,0,0,0,14,SUCCESS,17374,NwmviVSTS_iHV3XkwicrLg
743,404SpeedNotFound#2,1757851428940,3,17375,16800,52127,0.0,0,0,0,12,SUCCESS,17375,QsWymM7eR9Knf6PmD-0w6A
744,SolvableWorkaround#7643,1746532980677,3,17375,15197,52125,0.3333333333333333,0,1,1,19,SUCCESS,17375,LVulLdEWSkmuhSKu1x8gHQ
745,BigTemple-DNP,1738124669608,3,17377,16867,52131,1.0,0,3,3,3,SUCCESS,17377,8pzUWjVURl6SuLC_OCUuAA
746,SolvableSchema#7419,1737658692524,3,17377,16933,52131,0.0,0,0,0,3,SUCCESS,17377,KIhT9ID8SOywgSzwzB88tA
747,aws105,1751130734268,3,17382,15190,52146,0.3333333333333333,0,1,1,24,SUCCESS,17382,64H-uyR4RTeaMawHCR98DA
748,BrainySlice#3857,1748271721893,3,17385,13727,52155,0.6666666666666666,0,2,2,2,SUCCESS,17385,tz3bSKGHRLiVKNl28KKrZA
749,InteractivePackage#3609,1747284770348,3,17387,14328,52161,0.6666666666666666,0,2,2,7,SUCCESS,17387,frU0lOvEQiOmG6EknIxuVg
750,ASCIIToken#8290,1737533035527,3,17391,15135,52175,0.3333333333333333,0,1,1,2,SUCCESS,17391,1HhTtE6zT2uEjlhFC4CfIg
751,901-JHM-1,1752560260404,3,17396,15337,52189,0.3333333333333333,0,1,1,11,SUCCESS,17396,ixKxt0rSRceqHcgzYFuVdg
752,CreativeTheory#7912,1742063660227,3,17396,16928,52189,0.0,0,0,0,11,SUCCESS,17396,iruwMywKRHKPy8Lck7kFKw
753,IntelligentComment#5484,1736698146378,3,17396,16866,52190,0.0,0,0,0,3,SUCCESS,17396,onIgm0RmQEakAN_pRYaKXw
754,AgileUpdate#5171,1745348268508,3,17396,17061,52188,0.0,0,0,0,12,SUCCESS,17396,97IIGQdOTUi1tgSCt3_zig
755,yuu526,1751106907000,3,17397,11666,52191,1.0,0,3,3,14,SUCCESS,17397,cQhriMqVQ9y2zInXGals1g
756,AtomicUpdate#5308,1746547258451,3,17398,13858,52194,0.6666666666666666,0,2,2,17,SUCCESS,17398,mJccVS04Sd2S0hGlfXOJdA
757,SatoM,1747880232264,3,17398,15533,52194,0.3333333333333333,0,1,1,24,SUCCESS,17398,b8a32913822b4993ad9bbw
758,Parametric486#4828,1758451469886,3,17418,15655,52254,0.3333333333333333,0,1,1,26,SUCCESS,17418,RidjwKLDQXeT8Lns32mv4g
759,BlockchainArithmetic#0171,1743501658218,3,17419,17327,52258,0.0,0,0,0,4,SUCCESS,17419,OddsvqZVS9yqogGJb-in5w
760,QuirkyTech-IsaiahGoh,1758522505064,3,17420,17265,52262,0.0,0,0,0,6,SUCCESS,17420,SvvoeT6xQ3WZgKR14S_xLw
761,TabletAttention#1162,1752860637488,3,17420,14392,52261,0.6666666666666666,0,2,2,1,SUCCESS,17420,NtknVcbXSui3Ig6sEzWMyQ
762,DavidCuba,1750669864526,3,17423,15539,52270,0.3333333333333333,0,1,1,21,SUCCESS,17423,vPTsffJiQvmbDWwrK6K3LA
763,EUI-G5,1738697775993,3,17439,16997,52318,1.0,0,3,3,29,SUCCESS,17439,cGqwnT0aTte8JwZWq4sJWw
764,FungibleGrid#2278,1741795043424,3,17440,17000,52322,0.0,0,0,0,16,SUCCESS,17440,7xlJKkDyRxKRK8uq6w7mgw
765,PedroHenriqueLimaSimoes-UFCG,1746207731128,3,17443,17003,52329,0.0,0,0,0,7,SUCCESS,17443,gvED_Zl9QqSLIhVmmTnVRA
766,ITI--G4,1738703670719,3,17443,17332,52329,1.0,0,3,3,4,SUCCESS,17443,CxnPgvD5TK6xjlEweoki4Q
767,CyberneticDocumentation#0169,1754606361644,3,17443,17137,52331,0.0,0,0,0,26,SUCCESS,17443,xZ-lYuXTTNCTDN2ytXdL7Q
768,donuts,1754526848571,3,17443,13933,52330,0.6666666666666666,0,2,2,15,SUCCESS,17443,YgfZZ7koShWZFFr_IGe1cg
769,902-JHN-01,1752797158140,3,17463,16468,52389,0.0,0,0,0,21,SUCCESS,17463,yKUOY4QvTZu4pIh6ecRT5A
770,TEboosted#2,1757974012573,3,17464,16997,52392,0.0,0,0,0,26,SUCCESS,17464,91pxe35jTwCYCSPgNhGMXg
771,MandeokBRAIN,1755094473803,3,17464,14327,52392,0.6666666666666666,0,2,2,30,SUCCESS,17464,dYwyK4CjRdSQUONMnPv39A
772,mia,1751609372386,3,17465,16595,52396,0.0,0,0,0,13,SUCCESS,17465,NzYmWx4-StGuRlJ4HcGpfA
773,Seyoung,1752194520591,3,17466,13534,52398,0.6666666666666666,0,2,2,12,SUCCESS,17466,1RiVMslwRIyICz_yldbalQ
774,Forestflyer4,1742129511992,3,17486,13538,52458,0.6666666666666666,0,2,2,19,SUCCESS,17486,NQ-8L7miToyVVBOifdd85A
775,TrainingSeason,1738790128089,3,17486,16931,52459,1.0,0,3,3,7,SUCCESS,17486,2ZrGrnCTTLac0_y0h4IxEQ
776,CodeCarrera#2,1757921688004,3,17506,17260,52518,0.0,0,0,0,15,SUCCESS,17506,2IUqU_-bSHy-UIKHpcKNUQ
777,ScuderriaIntelligente#2,1757862768832,3,17509,17262,52529,0.0,0,0,0,9,SUCCESS,17509,wzyEuo6YQ4S-ESIgMGcmCQ
778,AbstractSystem#9257,1749122071287,3,17510,15203,52531,0.3333333333333333,0,1,1,33,SUCCESS,17510,oi-ztbFET6GjdBcuwMgpqg
779,NXT-AI#1,1756890392969,3,17529,15534,52589,0.3333333333333333,0,1,1,7,SUCCESS,17529,FCkyI_ZgTxGLyLA-wvhZeA
780,PassingTest#4627,1737627043555,3,17530,15201,52590,0.3333333333333333,0,1,1,1,SUCCESS,17530,a7v0BvqSSx2frZEOpCAu1Q
781,ReferenceNotation#6729,1750043923970,3,17530,15400,52592,0.3333333333333333,0,1,1,2,SUCCESS,17530,ljgPlDWJQaKTJmOvlsxaTQ
782,HelpfulBrackets#5846,1748380559889,3,17532,14065,52596,0.6666666666666666,0,2,2,25,SUCCESS,17532,jBUf4U1-Tfyal94KbNTpbw
783,Serag-mohemma,1745221887717,3,17533,17272,52599,0.0,0,0,0,18,SUCCESS,17533,XGSvElLQQHiOalt8XiuSgA
784,QualityPoint#7505,1738683269590,3,17553,17197,52661,0.0,0,0,0,4,SUCCESS,17553,D99qF_xFQiCZDk8huHbXEg
785,NestedCharacter#7218,1738086320761,3,17555,17331,52666,0.0,0,0,0,25,SUCCESS,17555,ygRb3tSxTHudKSXma8KeAQ
786,NeuralShell#6413,1758286946389,3,17575,15069,52727,0.3333333333333333,0,1,1,1,SUCCESS,17575,MkeobdbxQ-qF95zrwRNXaA
787,CGRacer,1738178466247,3,17575,15868,52726,0.3333333333333333,0,1,1,18,SUCCESS,17575,27hKvOuPSnmvdipQQdPcrw
788,MachineHypothesis#1602,1747291420574,3,17575,16867,52727,0.0,0,0,0,8,SUCCESS,17575,LAzXtVAxRrS2Nojr13v-ig
789,AutomatedNode#3938,1741823629046,3,17575,16795,52727,0.0,0,0,0,8,SUCCESS,17575,r1UPxYmzSr2HfvTEKznOFQ
790,MobileMachine#8359,1747831250730,3,17575,16799,52727,0.0,0,0,0,20,SUCCESS,17575,4hhceQqORHGmJ4spU-Anjw
791,TW-KevinKuo,1750503315727,3,17597,17398,52792,0.0,0,0,0,1,SUCCESS,17597,cW-XpwN4TLqIv9qXoxHcOA
792,ComplicatedNode#4313,1743428119508,3,17597,15400,52793,0.3333333333333333,0,1,1,9,SUCCESS,17597,4wAwK8mYQE6Gp0XH-jbgGg
793,CreativeDocumentation#8601,1747519865266,3,17599,14800,52797,0.3333333333333333,0,1,1,21,SUCCESS,17599,RLITZYibRgKMJ-XY0rCtjw
794,UpgradedDelta#2336,1748333420436,3,17599,15604,52798,0.3333333333333333,0,1,1,2,SUCCESS,17599,y2Ofw-mXQHCWs20M0dv_Fg
795,3D-Ayr-Toon-Cena,1757529244706,3,17601,13673,52805,0.6666666666666666,0,2,2,15,SUCCESS,17601,ICCooIreQaWWDAKj9dUtCA
796,AndreaKolo,1744510517573,3,17618,17595,52855,0.0,0,0,0,10,SUCCESS,17618,ztseWY3DTxe46sCRAujDbA
797,NestedDigit#5080,1747011539561,3,17620,15471,52862,0.3333333333333333,0,1,1,20,SUCCESS,17620,A8_Iz5GBT3-EmAJj2XQ11g
798,TabletExpression#0306,1745007499691,3,17621,16934,52863,1.0,0,3,3,5,SUCCESS,17621,0DYp3VJZSQaQ2rQIpOBKUQ
799,PedroFirmino,1758168837592,3,17621,17332,52865,0.0,0,0,0,24,SUCCESS,17621,b8fqia5GS961S7dsmaiqRw
800,LoopingLambda#4618,1744446083993,3,17621,17395,52863,0.0,0,0,0,17,SUCCESS,17621,URSPvPMGQDuWfxgqHARMog
801,DEGI--G10,1738427936460,3,17627,15808,52883,0.3333333333333333,0,1,1,10,SUCCESS,17627,7v8A3qNoRMWa5W1tkx0Vog
802,FocusedExpert#7259,1745326560920,3,17641,14389,52923,0.6666666666666666,0,2,2,8,SUCCESS,17641,3MZZuFygRjm1Za-OUz0ufg
803,LeetGame#6831,1758512895573,3,17641,16934,52925,0.0,0,0,0,15,SUCCESS,17641,pEn8QGUXQ5a--LU8nsILOQ
804,CalvinO,1749491026791,3,17642,13930,52926,0.6666666666666666,0,2,2,4,SUCCESS,17642,8cXZo6QwTLK6tDzyurZrMg
805,AndersonLucasCordeiroBraz-IFPB,1746022651384,3,17642,15795,52926,0.3333333333333333,0,1,1,9,SUCCESS,17642,2C7u4B6NRLutqAz9SB8ysg
806,NeuralRings#2,1758058629522,3,17643,15333,52929,0.3333333333333333,0,1,1,3,SUCCESS,17643,XBdX33efRDGeR22yflvBOg
807,GenerativeRequirements#1619,1757580616446,3,17644,17135,52932,0.0,0,0,0,11,SUCCESS,17644,DGXy5DcsS5KB5Zi5utwHTQ
808,BrainyBooster#9593,1748848089897,3,17644,15877,52932,0.3333333333333333,0,1,1,9,SUCCESS,17644,YcUPC_cCR9SIwezI39R3fA
809,VroomVroom#1,1757068568294,3,17664,17004,52994,0.0,0,0,0,8,SUCCESS,17664,Sz_3fMJ7QqeMG-m_yGiegA
810,NeuralShell#5351,1746032035125,3,17664,17335,52994,0.0,0,0,0,17,SUCCESS,17664,aTov6yyiTJmAP2dPzcO4xQ
811,ThisString#4248,1747923455843,3,17664,15471,52994,0.3333333333333333,0,1,1,13,SUCCESS,17664,KrtpDalMSl6z7_91mEl-DQ
812,IntelligentZone#4377,1738058937414,3,17665,14334,52996,0.6666666666666666,0,2,2,17,SUCCESS,17665,g79s9ftiSqafcuTzFYC3lw
813,cauany-rodrigues-UNIFACISA,1746713827732,3,17686,16805,53060,0.0,0,0,0,7,SUCCESS,17686,sxFEIP_lRvGSHr3cJK665w
814,Team3-Azizi,1745726406797,3,17686,17460,53060,0.0,0,0,0,12,SUCCESS,17686,zN_FtJwxTHa3cu2KbLWl5A
815,Infinity-Loop-8,1754557213248,3,17687,15989,53063,0.3333333333333333,0,1,1,15,SUCCESS,17687,8nYjeX1qTFSF0bec5JUwog
816,QAX-Racer-3,1750760289452,3,17708,17670,53125,0.0,0,0,0,13,SUCCESS,17708,C8wfvRalQmGN2sW5tYqhlg
817,FormulaicEnvironment#1048,1737525831212,3,17710,15986,53130,0.3333333333333333,0,1,1,39,SUCCESS,17710,f_b_4uVURcWQIKhIeqpfvg
818,IterableSpec#6343,1749347000943,3,17730,17195,53191,0.0,0,0,0,11,SUCCESS,17730,Ave4vzywRMOUk0x2iRSYig
819,ArnieKish-Eviden,1747693897163,3,17730,17339,53192,0.0,0,0,0,6,SUCCESS,17730,KWOCuwKjSIe2Q8ElPtgqEA
820,X1-Saika,1759458103920,3,17730,17209,53192,0.0,0,0,0,31,SUCCESS,17730,fGRsK6jaQVqVNFnIgo6aBA
821,TheDataWolvesHighlySecured#2,1758023642117,3,17730,15732,53192,0.3333333333333333,0,1,1,1,SUCCESS,17730,l_34iFm0Q7uP_m_SDP-WVA
822,K-ChenZecan,1750729700998,3,17730,17530,53191,0.0,0,0,0,13,SUCCESS,17730,yd2wQ-ycTV6qos32173umw
823,NestedInterface#5705,1746360903850,3,17730,16466,53190,0.3333333333333333,0,1,1,3,SUCCESS,17730,FJasvq3fS_afCcZwykd20Q
824,JDa1,1747586643343,3,17730,17597,53191,0.0,0,0,0,25,SUCCESS,17730,X9QijGXbTqqBFqgO3dPzAg
825,UrgentSemicolon#9142,1756298436341,3,17731,17599,53194,0.0,0,0,0,7,SUCCESS,17731,pUD7I4FETw6IxhzAEsgTiA
826,FuturisticAnalyst#0733,1743666912702,3,17731,17532,53193,0.0,0,0,0,19,SUCCESS,17731,tsscUEEWR_qAuU2dt6w-OA
827,BlockchainArchitect#7010,1744581859001,3,17752,15064,53258,0.3333333333333333,0,1,1,8,SUCCESS,17752,SYIZjBAgRT-ZQXRkwiKlIw
828,Gunny,1740024575092,3,17754,16668,53262,0.0,0,0,0,24,SUCCESS,17754,m5-I630sTqyWjEYTg5eO9Q
829,761242500723-SG23-prakashph,1736838119771,3,17773,13935,53321,0.6666666666666666,0,2,2,1,SUCCESS,17773,z3Dr5_R7TpSBzhiXoJKspw
830,Accessible486#7162,1741800816149,3,17773,13928,53321,0.6666666666666666,0,2,2,3,SUCCESS,17773,pdrR63NkRtCQfL19ziHwlg
831,sdonahue1-chwy-2025,1752696743814,3,17774,17669,53322,0.0,0,0,0,5,SUCCESS,17774,DNsuU7HKRjmYipeCWkB_IQ
832,NullCircuit#6468,1747887530612,3,17774,15738,53323,0.3333333333333333,0,1,1,6,SUCCESS,17774,1B2jlpKUTzC1-x5w_bglbw
833,CriticalFix#3237,1749088489840,3,17774,17463,53323,0.0,0,0,0,13,SUCCESS,17774,aH96qSyOTRe2meWrt7OI1w
834,Kariantti,1743407963564,3,17774,17072,53324,0.0,0,0,0,1,SUCCESS,17774,6ZPe8CTTRb6R-pfH4z5iHg
835,WebSlice#1552,1743996163172,3,17775,13936,53326,0.6666666666666666,0,2,2,3,SUCCESS,17775,HGyCUzLuRfKcjNkhZ9DLIw
836,AbstractTheory#8026,1745272862664,3,17777,11731,53333,1.0,0,3,3,3,SUCCESS,17777,0RjLuXaqQ4yZg63u714cVg
837,FuturisticAttention#0016,1755787154459,3,17795,17390,53387,0.0,0,0,0,4,SUCCESS,17795,5gWGqkihTdieVehtwFwYSA
838,Pacholu,1736443611722,3,17796,14066,53390,0.6666666666666666,0,2,2,7,SUCCESS,17796,eoQsP5ZCS9ukoMb46I6ACA
839,GenerativeAbstraction#6755,1736392384984,3,17796,14863,53388,0.3333333333333333,0,1,1,1,SUCCESS,17796,McNlTzqcQOqEVep8Jeg72A
840,DFW-DeepRacer-04,1756595202998,3,17799,15866,53399,0.3333333333333333,0,1,1,15,SUCCESS,17799,_GK0Ve_QTYazWBo_7MxktA
841,Ken-Miles#3214,1744001183609,3,17818,15869,53456,0.3333333333333333,0,1,1,2,SUCCESS,17818,sUPUlRBDT4evZjs98UaAMA
842,CriticalServer#8774,1738374669716,3,17819,17267,53457,0.0,0,0,0,3,SUCCESS,17819,5wsrAADYRveXx5fPgp8tAg
843,DigitalVariable#9015,1743685542111,3,17819,17460,53459,0.0,0,0,0,9,SUCCESS,17819,9WfnBOYBSj2FbVaN2PcXNg
844,3D-ColdStartKimi,1758295248385,3,17819,15938,53457,0.3333333333333333,0,1,1,2,SUCCESS,17819,91HogVUoSi65E0kKOyLp_Q
845,ThisCharacter#9994,1745128916835,3,17819,11797,53458,1.0,0,3,3,3,SUCCESS,17819,fJT04RNvS-6fwq0UqiJ81Q
846,sfjte,1756297889319,3,17820,16266,53461,0.0,0,0,0,10,SUCCESS,17820,X5-Vi8BwS0aD4RLsJVrOUw
847,LoopingMethod#7240,1759486702873,3,17821,15865,53464,0.3333333333333333,0,1,1,6,SUCCESS,17821,8LBt4NjhSyOW3aZLyV4y5A
848,YIZHEN#03,1745912192903,3,17841,17070,53525,0.0,0,0,0,1,SUCCESS,17841,2BjO3-xsQbikqk_P24AM5w
849,InfiniteLanguage#2365,1753179906721,3,17842,17601,53528,0.0,0,0,0,5,SUCCESS,17842,q4Mhaw2_RjCE6WKBPPAeiw
850,DeepDrive-MatheusPereira,1758271963112,3,17842,15469,53526,0.3333333333333333,0,1,1,21,SUCCESS,17842,kT7m82wdSw6ZKMLTIhH_FA
851,GenerativeArithmetic#9285,1748169016476,3,17843,17794,53529,0.0,0,0,0,26,SUCCESS,17843,BpzuqtIjQBSimvr2kXxcSA
852,JochenRindt,1748948644837,3,17844,15927,53533,0.3333333333333333,0,1,1,9,SUCCESS,17844,LgasNrMsQHOa9_TkNt_W-A
853,DEGI-G12,1738670314554,3,17844,12145,53533,1.0,0,3,3,18,SUCCESS,17844,-GXbQuIeTRazxXaOqTvy4A
854,divByZer0,1750377275041,3,17862,14065,53586,0.6666666666666666,0,2,2,13,SUCCESS,17862,bdGki3foRkqwmFuNLmBSyQ
855,SeeYouLaterAgain,1758276313561,3,17862,15331,53587,0.3333333333333333,0,1,1,1,SUCCESS,17862,S2U-UDyFQti5uw47QXAamQ
856,IcaroEmanueldeQueirozUchoa-IFPB,1745780480999,3,17862,17395,53586,1.0,0,3,3,19,SUCCESS,17862,VL6Jsr1_Rzqegb6HwvDA5w
857,PenelopeCharmosa#42,1746392969492,3,17862,13598,53588,0.6666666666666666,0,2,2,6,SUCCESS,17862,xMBO2KZ6TD6diju7J8-GfQ
858,HillingtonHotRodOne,1758297941541,3,17862,17739,53588,0.0,0,0,0,9,SUCCESS,17862,nYF7LaxoQeGpol3oPeYMeA
859,PythonArchitect#5347,1742493135565,3,17863,17599,53591,0.0,0,0,0,8,SUCCESS,17863,bkFlD0FcTeiLCaqvT0d8xg
860,Papu,1751960826643,3,17863,13670,53590,0.6666666666666666,0,2,2,10,SUCCESS,17863,yH-hhXBXTIKIsjo0FL68fw
861,dsc250820-2-ParkSeongmin,1755686911121,3,17864,15734,53593,0.3333333333333333,0,1,1,17,SUCCESS,17864,VuPOZSwKTYywLgkMZwqC9A
862,XCAT-sandonomeshiyoriririgasuki,1757324071334,3,17864,17538,53593,0.0,0,0,0,37,SUCCESS,17864,YIyouIYHQJCIB_X-Lg94cA
863,Team33-Sukarno,1758772244033,3,17864,17599,53594,0.0,0,0,0,5,SUCCESS,17864,NKAmvUhUT7eUD2Xd-kiJZA
864,AbstractNetwork#0412,1755806467141,3,17864,17668,53593,0.0,0,0,0,5,SUCCESS,17864,fg6Q1KbnTcmI81GQvB5-GA
865,Mel,1754459540731,3,17865,15064,53595,0.3333333333333333,0,1,1,56,SUCCESS,17865,oga76o6HQoyaltR98r0EVg
866,EPAMTA-Ivan,1747831779351,3,17866,14667,53600,0.6666666666666666,0,2,2,11,SUCCESS,17866,vZAM_mJNRqOQ8_OPyOGlgA
867,Minionics#PavanSai,1755253380095,3,17869,15325,53609,0.3333333333333333,0,1,1,9,SUCCESS,17869,3DctYhYLTD6KY0I_RiH3zw
868,Racerrrr,1745873717192,3,17886,16995,53658,0.0,0,0,0,15,SUCCESS,17886,diwMcT5nT1e2eUFsN5Xeag
869,Ugno,1757511905369,3,17887,15929,53663,0.3333333333333333,0,1,1,8,SUCCESS,17887,cB0RPgWpQY-RSmzK3QWCYw
870,FastAndCurious#HammadMudasr,1755274844154,3,17888,17259,53664,0.0,0,0,0,3,SUCCESS,17888,vHd0yJxqRXuXptplkIDRhg
871,501-JHW-05,1752051702510,3,17889,15324,53667,0.3333333333333333,0,1,1,11,SUCCESS,17889,IZjMY1G-SBKTn2pT2ruifg
872,team01-deepracer,1748557407158,3,17897,16692,53691,0.0,0,0,0,31,SUCCESS,17897,dGq5tcChSzu3C3Q_OQsz0A
873,LoopingTest#6439,1749303969331,3,17908,17733,53726,0.0,0,0,0,15,SUCCESS,17908,n2rOF_vTScqJyJDOJXqEow
874,WebFix#0201,1749045788101,3,17910,14066,53730,0.6666666666666666,0,2,2,4,SUCCESS,17910,rN8UPFRxR6K59uJpFzNTCw
875,agen-gas-tuban,1738810641320,3,17912,14404,53737,0.6666666666666666,0,2,2,10,SUCCESS,17912,feDpBnDHSUmp_uiAUWKGMQ
876,BlackJo,1755122851347,3,17927,17662,53782,0.0,0,0,0,27,SUCCESS,17927,xHFgfBEVSIq1zawfZ7AAHg
877,GabrielLohanQueirozSatiro-IFPB,1746542203745,3,17932,15272,53796,0.6666666666666666,0,2,2,3,SUCCESS,17932,-qe7KoSWQY2oUcGjWlZ_jA
878,KoustavBarik,1749724927144,3,17932,15997,53796,0.3333333333333333,0,1,1,1,SUCCESS,17932,WTgnVAzYS4q8rfIqvb190g
879,TestDriverProV,1757449969513,3,17933,17402,53799,0.0,0,0,0,4,SUCCESS,17933,snMpmFJ6SNKoRdLXdXin0w
880,KittEd#077,1738728517989,3,17951,14191,53855,0.6666666666666666,0,2,2,1,SUCCESS,17951,e6D_5BLJT7yLx-9o2LzBtw
881,VirtualGlyph#0416,1743038057369,3,17952,12919,53858,1.0,0,3,3,15,SUCCESS,17952,bZdFyNlLRU6b5UpeDb9bSA
882,AsynchronousCoder#5223,1747881997847,3,17952,15669,53857,0.3333333333333333,0,1,1,13,SUCCESS,17952,lVlbtUg4TDOK9Kqry08b2Q
883,Contsmortzche3574,1756331957795,3,17953,17536,53859,0.0,0,0,0,2,SUCCESS,17953,213h_Xq9TUOqg65jk0bGvQ
884,HashableUpgrade#4947,1752746709600,3,17956,15726,53869,0.3333333333333333,0,1,1,6,SUCCESS,17956,PCadO_CsStel7ETY0wXwhw
885,ViniciusLedesma-FastNimbus,1758724256737,3,17975,17601,53927,0.0,0,0,0,4,SUCCESS,17975,j6iSiTSuTf2KPJ7uIpKhog
886,hirosys,1748114434516,3,17975,17530,53926,0.0,0,0,0,8,SUCCESS,17975,DhYHXwMpSFuKMR0_Hv3Ndg
887,AFICCO-2025,1753234304086,3,17975,15599,53927,0.3333333333333333,0,1,1,12,SUCCESS,17975,8xhdj4YFRSmLPIvK3lFwbg
888,Elias-ShaolinMatadorDePorco,1746463705834,3,17976,17659,53929,0.0,0,0,0,12,SUCCESS,17976,r7Hwbt3PRuOw-g-m4gvpag
889,16Foreigners,1754533950934,3,17976,15935,53929,0.3333333333333333,0,1,1,18,SUCCESS,17976,jTSrmRY0SnW61Lpqmve6MA
890,cc25-088,1757639680151,3,17994,15993,53982,0.3333333333333333,0,1,1,1,SUCCESS,17994,Ge1I34tKQnyh3BMrBEG0rg
891,Vatanen,1744095516095,3,17995,15936,53986,0.3333333333333333,0,1,1,22,SUCCESS,17995,zHBix7fvReajKBG_1trjQg
892,GlobalAttention#0244,1747072362782,3,17997,17533,53992,0.0,0,0,0,6,SUCCESS,17997,_Y4ict7RRwihsVOwycC1YQ
893,DigitalMethod#2913,1752809807847,3,17997,12862,53992,1.0,0,3,3,8,SUCCESS,17997,FhAWLvHYQz2GaDeLSS044w
894,LucasFelex-CtrlPlusDrift,1757697670951,3,17997,14066,53993,0.6666666666666666,0,2,2,7,SUCCESS,17997,_1lMLhMHSlWtXUEkjNoaAg
895,BlockchainLanguage#1774,1741874305379,3,17998,13999,53994,0.6666666666666666,0,2,2,3,SUCCESS,17998,1-QBq7fXTpaYU_s42S4yxA
896,ThondepuManikantaPraveen,1745205607480,3,17998,17736,53996,0.0,0,0,0,4,SUCCESS,17998,MsQZ5IkTQpGdT5Wdv_E3Xw
897,Kachy,1743148223410,3,17998,15932,53994,0.3333333333333333,0,1,1,10,SUCCESS,17998,pqlNGoJ9Snien6sIZY4oeQ
898,RobotFormula#9870,1739320990013,3,17999,17731,53998,0.0,0,0,0,7,SUCCESS,17999,EL7QBN-6QDGsX_U4AW247A
899,team05-deepracer,1748236067965,3,18000,15992,54002,0.3333333333333333,0,1,1,12,SUCCESS,18000,bLl5pC9VRdCmkYn6JYI2qg
900,LEONARDOSRAMALHO-CONTADESATIVADA,1746530386304,3,18018,17671,54055,1.0,0,3,3,41,SUCCESS,18018,zbgt7QJtSeGYQCeJYR9L5Q
901,ZoroDoAsfalto,1746320068630,3,18018,13864,54055,0.6666666666666666,0,2,2,12,SUCCESS,18018,VfLQdr2GRI2IGDzwkPJUzw
902,StructuredNotation#3478,1743994890442,3,18019,17534,54059,0.0,0,0,0,4,SUCCESS,18019,UHEuFfPsSU25SLcJGop6jw
903,CleanCommand#1779,1754099884755,3,18026,15929,54078,1.3333333333333333,0,4,4,4,SUCCESS,18026,poRrX55tTMm01xlVq4lQ8Q
904,Loreneck#1,1757367540881,3,18041,15799,54125,0.3333333333333333,0,1,1,5,SUCCESS,18041,954o4FqNRb-9kEcFYMTlDA
905,Oxente-IFPB,1746014876441,3,18041,17464,54123,1.0,0,3,3,5,SUCCESS,18041,BsmRmV0NTZKkA_T1yOFiUw
906,PedroWerlang#0034,1745443740877,3,18042,16200,54126,0.3333333333333333,0,1,1,4,SUCCESS,18042,GK53pW1vR-q5IGNH8oTa0Q
907,devvfCruises#1,1757867298652,3,18042,17467,54126,0.0,0,0,0,16,SUCCESS,18042,vsFP5Rc3SluElN7mogOAgQ
908,Needforspeed-MichaelYang,1746766853263,3,18043,17736,54131,0.0,0,0,0,4,SUCCESS,18043,hCmKgLIVRxmfBO4S2yuAug
909,DraftSandbox#1244,1737167471908,3,18046,14801,54139,0.6666666666666666,0,2,2,8,SUCCESS,18046,LpNGcrCdR1mhApEXSEIKxw
910,NeedForSpeed-Chris,1746768334954,3,18062,17796,54188,0.0,0,0,0,2,SUCCESS,18062,9iCuQe4eRJegM4iXAq2l-w
911,HashableSystem#9917,1744028986839,3,18062,17470,54186,0.0,0,0,0,20,SUCCESS,18062,0zqoF9F9TlefqOVdsNTDUQ
912,UsableDiff#1239,1746229479948,3,18064,15868,54194,0.3333333333333333,0,1,1,2,SUCCESS,18064,0bgkS0hHTwSag6GjQikHGQ
913,CrypticNotation#0922,1752822249695,3,18064,16004,54193,0.3333333333333333,0,1,1,17,SUCCESS,18064,_Wp9roWARnCZy5VMW6J2lg
914,Julio-Audit-Racer,1757970162603,3,18064,17937,54192,0.0,0,0,0,6,SUCCESS,18064,NCpk3E9VQSqCSVpnuT0KhA
915,jameswarin,1737168974483,3,18065,18000,54197,0.0,0,0,0,16,SUCCESS,18065,TZro07vnRlKfao6_8ESSsA
916,EncryptedArithmetic#2852,1752198458217,3,18065,14259,54197,0.6666666666666666,0,2,2,2,SUCCESS,18065,w0kbCaz7R1edAtnGy_8klw
917,EUI-G8,1738322941544,3,18086,16135,54260,0.3333333333333333,0,1,1,23,SUCCESS,18086,VdZiGOrwQca1w_PaniVxzA
918,MemoryLambda#3728,1759568474641,3,18087,17604,54263,0.0,0,0,0,8,SUCCESS,18087,9mHr8RXPS0-4aWji95r4Mg
919,Team16-HuiJing,1758646244203,3,18107,17268,54323,0.0,0,0,0,8,SUCCESS,18107,lNb69NeTS-a2bv0co1s0mg
920,J-shihararyusei,1750660721776,3,18107,17460,54322,0.0,0,0,0,7,SUCCESS,18107,ZC9FesWoR5WSaD8eB972Tw
921,ReferencePackage#5598,1747297996152,3,18108,15333,54324,0.3333333333333333,0,1,1,44,SUCCESS,18108,FrQ3ex84S7WT97pKaKxMVA
922,ProcessingBottleneck#7877,1747601194849,3,18108,14539,54326,0.6666666666666666,0,2,2,5,SUCCESS,18108,1Y7OxGNMQ2Od_WIfiJj-eg
923,Gabo#1995,1736530543714,3,18109,12204,54327,1.0,0,3,3,15,SUCCESS,18109,jwjbMURBSZuDUfaJQN34-Q
924,SequentialByte#4937,1738377555378,3,18109,15536,54328,0.3333333333333333,0,1,1,5,SUCCESS,18109,9lP3JcGLTPqG3aC-YTEuFw
925,HNGU,1758200463869,3,18109,14864,54328,0.3333333333333333,0,1,1,13,SUCCESS,18109,SFuoMdy3QeaKELnJ6svMxg
926,ASCIIRequirements#8859,1744900621006,3,18110,17335,54332,0.0,0,0,0,12,SUCCESS,18110,2HHJuFN_Q9uRKG890SbvAQ
927,JKDeepRacer,1743147432085,3,18131,17261,54393,0.0,0,0,0,8,SUCCESS,18131,nSxqYTA6SSWczpJ_g5aD8A
928,Zippitydo-data,1758087792266,3,18131,16262,54395,0.3333333333333333,0,1,1,8,SUCCESS,18131,gSgHFy9WRhCfES9TO3-A6Q
929,IsadoraIto,1746149445515,3,18131,14466,54395,0.6666666666666666,0,2,2,4,SUCCESS,18131,mg_a9irxRsqCnVJztRDDHQ
930,TechnicalUpgrade#5601,1751908497184,3,18133,14667,54401,0.6666666666666666,0,2,2,8,SUCCESS,18133,aXl7e5hgSymsJaOXCj_e6g
931,Ersath,1749589323917,3,18153,17527,54460,0.0,0,0,0,1,SUCCESS,18153,-wrd4HqqSrqmujV2KQBqRw
932,cc25-053,1757642123192,3,18154,17529,54462,0.0,0,0,0,2,SUCCESS,18154,BHlYMxhZQau3J3ujB6c_mQ
933,isshoni1,1754483054088,3,18156,15932,54468,0.3333333333333333,0,1,1,19,SUCCESS,18156,Hc2We5nMThCRutJ8iNajtw
934,Kuako,1737144483956,3,18160,15998,54480,0.3333333333333333,0,1,1,1,SUCCESS,18160,g3jpBKVBQrSJ7YjOu4pYhw
935,CyberneticArray#7230,1737514934062,3,18174,17926,54523,1.0,0,3,3,5,SUCCESS,18174,PyX-RmdsQ72Y9RpRiNaTJQ
936,dnp-inoue-h35-multi-user,1750663297260,3,18175,17338,54526,0.0,0,0,0,2,SUCCESS,18175,L2DkhInDRJyb-9y1v6sb5Q
937,WebAttention#7081,1756191882049,3,18175,18061,54525,0.0,0,0,0,7,SUCCESS,18175,aSu-aaf3RLmdUjBI1z5CGQ
938,DEGI-G2,1738707222580,3,18176,17998,54528,0.0,0,0,0,14,SUCCESS,18176,MgftXKRPSGqIlG3XQnQSHw
939,SquareHacker#0563,1747383071798,3,18176,16530,54529,0.3333333333333333,0,1,1,19,SUCCESS,18176,poI4_rqcSSWQ7CN8OOpZ3g
940,UnicodeScope#0531,1746230571764,3,18177,17804,54531,0.0,0,0,0,10,SUCCESS,18177,xsm6-FLeSAWnSA7UWjSNHg
941,ITI-G11-,1738405441596,3,18177,16265,54532,0.3333333333333333,0,1,1,13,SUCCESS,18177,JZeMLNxOQZ-OYIU13tyG_Q
942,Wacka,1758122939898,3,18195,17596,54585,0.0,0,0,0,2,SUCCESS,18195,TtuhIAf2SMKTbN81aahgLg
943,506-KTW-01,1752393041067,3,18196,16258,54590,0.3333333333333333,0,1,1,35,SUCCESS,18196,Ac3SWPldTxilPrmP9kXVaA
944,NullScope#6514,1741983522938,3,18197,18066,54593,0.0,0,0,0,14,SUCCESS,18197,yX5sa5a0Q1C_p0uRNOG14g
945,ReferenceCircuit#5819,1743603810318,3,18197,14268,54593,0.6666666666666666,0,2,2,4,SUCCESS,18197,iwgC0o-zSKaHbdeWmXu36w
946,MichaelKnight,1744037254645,3,18197,16398,54591,0.0,0,0,0,36,SUCCESS,18197,GkZ14CcBRfKyTqPAEKjBiw
947,RuiduanNie,1754529768679,3,18198,18197,54595,0.0,0,0,0,2,SUCCESS,18198,6EqKW3ggQy23kbiJmiKxGA
948,PathingSlice#3924,1738669542155,3,18200,14598,54602,0.6666666666666666,0,2,2,2,SUCCESS,18200,utczDmAoSbylbN9idwu6gQ
949,PassingSlice#9066,1749133182751,3,18219,17990,54659,0.0,0,0,0,5,SUCCESS,18219,0xyPFlEgRXO0rPc87TwxzA
950,NestedAnalyst#1065,1753416273250,3,18220,16188,54661,0.3333333333333333,0,1,1,4,SUCCESS,18220,oeBuTVcWReaffm0Uzk2lkA
951,AlphaCallback#2968,1745427496570,3,18221,17870,54663,0.0,0,0,0,3,SUCCESS,18221,-jZxVtT7SVSRawSKHO5jUA
952,OverfitandFurious#1,1758018289946,3,18221,17671,54665,0.0,0,0,0,18,SUCCESS,18221,9tInUm87R2SdhuCbvHimwg
953,AkhilT96,1748023676630,3,18223,16196,54670,0.3333333333333333,0,1,1,11,SUCCESS,18223,JdxuYEq4RNWJQynuI1gT0w
954,JIT,1738319164812,3,18226,16458,54679,0.3333333333333333,0,1,1,35,SUCCESS,18226,UutVFGRCRJakJaqvn4db2w
955,Brian#VNU,1736491563425,3,18241,15801,54723,0.3333333333333333,0,1,1,7,SUCCESS,18241,VI5RzvvvTGCkB-gJh98FkA
956,VirtualHypothesis#7886,1759260388927,3,18242,15399,54728,0.6666666666666666,0,2,2,28,SUCCESS,18242,yG8pzuxeQXKy1LpOUvDbig
957,dsc250820-2-sungminyu,1755690520805,3,18242,18003,54727,0.0,0,0,0,13,SUCCESS,18242,6dkF8PYZSDyP1Br2HPY3IA
958,Dev4Wheels-Herbert,1758030772118,3,18243,17660,54730,0.0,0,0,0,31,SUCCESS,18243,ekQv1GomREWp4-gx_uHgvA
959,GammaAnalyst#2418,1740972318528,3,18264,14133,54793,0.6666666666666666,0,2,2,2,SUCCESS,18264,5hsLDx0sS5KRpEUcIvf94g
960,501-JHW-02,1752540283672,3,18264,16200,54793,0.3333333333333333,0,1,1,3,SUCCESS,18264,nXDbciArSpG6eKVDW93jZQ
961,bw812-1,1750776077450,3,18265,14796,54797,0.6666666666666666,0,2,2,7,SUCCESS,18265,RykwzLxTSSeIc5YtyQ57eg
962,QuickDeadline#3683,1741294309964,3,18265,16138,54797,0.3333333333333333,0,1,1,3,SUCCESS,18265,3Wl5CfhBQ-eDY_fTjADuow
963,NumericByte#7429,1750767052827,3,18265,16334,54795,0.3333333333333333,0,1,1,6,SUCCESS,18265,mot_YmVjSgatH4Chw5WTWw
964,BaldAndBeatiful,1744707639597,3,18285,17927,54856,0.0,0,0,0,5,SUCCESS,18285,hSVDjPS9RaW0SRWsbf-rEg
965,ZUZULIN,1751105782607,3,18288,17868,54864,0.0,0,0,0,3,SUCCESS,18288,9-b5y9i3Ql2I63mXlTfIOQ
966,XINJINTONI,1738061572307,3,18308,18131,54924,0.0,0,0,0,15,SUCCESS,18308,2mMc823OShitbJc5rM-XkA
967,ThisTable#6074,1753785577793,3,18309,14398,54929,0.6666666666666666,0,2,2,2,SUCCESS,18309,uCYUfuuAScm_iQbdVFj78A
968,MachineDigit#0530,1746522937697,3,18311,16071,54935,0.3333333333333333,0,1,1,11,SUCCESS,18311,6WE7YOvcRsKmiL47fHUajQ
969,EsteemedTech#7603,1746576395563,3,18311,16266,54933,0.3333333333333333,0,1,1,8,SUCCESS,18311,iw7QOEkQS7SaKxzVXA4WEA
970,HNZDYMZGJZXDWDZ,1742038308995,3,18329,16722,54989,0.3333333333333333,0,1,1,17,SUCCESS,18329,iyyTuh2mRjCqXhc860fG_A
971,ImportantCharacter#2776,1746456114438,3,18329,18202,54989,0.0,0,0,0,1,SUCCESS,18329,nhgKc9xKTCe-J_9ctpypiA
972,NTI-G14,1738698412426,3,18330,18188,54992,1.0,0,3,3,8,SUCCESS,18330,ovtduAMPShGD0E4wTGkZVQ
973,NeuralScope#1733,1746240275691,3,18330,15054,54990,0.6666666666666666,0,2,2,8,SUCCESS,18330,r3sXFQMFRO60EJYFRF2mkg
974,10xPackage#4919,1744917352614,3,18351,16523,55053,1.3333333333333333,0,4,4,10,SUCCESS,18351,osMMOAqeTMS2cv-NFXZ7jQ
975,ChiTran,1743718536993,3,18352,12866,55057,1.0,0,3,3,23,SUCCESS,18352,S_W3TlFfTP6k_UxFj4a1gQ
976,JAM#0655,1756942326057,3,18352,17928,55058,0.0,0,0,0,3,SUCCESS,18352,HF4bnxBiT5GdB2rM0H7Hnw
977,CyberneticDelta#7542,1746762905859,3,18352,15999,55058,0.3333333333333333,0,1,1,4,SUCCESS,18352,I66JMS9ETsWgN5ts_1XR6Q
978,aFicco-2025,1753136456505,3,18353,17857,55059,0.0,0,0,0,5,SUCCESS,18353,lSYVAo5IT0ePY-Xu1S-l5A
979,AnthonyDeives#9096,1746319524550,3,18374,18257,55124,0.0,0,0,0,6,SUCCESS,18374,W14FqUxsTtqNmxSYQgbtmQ
980,mtsage,1753887475228,3,18374,14927,55124,0.6666666666666666,0,2,2,34,SUCCESS,18374,912dqrn5QR6MnVMiTSDxqA
981,IntelligentDelta#9456,1749210210493,3,18375,17326,55127,0.3333333333333333,0,1,1,12,SUCCESS,18375,I-LkWJ5_RMaTJ6IiUxndiw
982,cc25-018,1757557504727,3,18377,17668,55132,0.0,0,0,0,5,SUCCESS,18377,ILJGJQJ0TECcnwNNtvGcpw
983,TIF-AI-Autobots,1747285986171,3,18378,12865,55134,1.0,0,3,3,9,SUCCESS,18378,0JDzHwCqQmSsvqJk2kp9Ow
984,CamelsSuperAwesomeRacer,1758112077316,3,18379,15468,55138,0.6666666666666666,0,2,2,1,SUCCESS,18379,bdIR8KCbRPWDQetsFoJypA
985,QualifiedNode#3608,1738103962098,3,18379,14666,55137,0.6666666666666666,0,2,2,3,SUCCESS,18379,ZShC5Gk9R7W9Rjztn1CdKw
986,RuanMacedo-IFPI-LABIRAS,1745946311895,3,18395,13129,55186,1.0,0,3,3,3,SUCCESS,18395,JaXqWEA-SmCbM3TfD-ovYA
987,Grupo14UMG,1758340638187,3,18395,17940,55185,0.0,0,0,0,42,SUCCESS,18395,mz4rq3fASwmOw1XNWe-6oA
988,CriticalMethod#0261,1747621709345,3,18396,18054,55189,0.0,0,0,0,10,SUCCESS,18396,JOZCoWK3RQSNd_zEye9eRg
989,ProcessingFunction#6469,1736887329531,3,18397,16263,55193,0.3333333333333333,0,1,1,1,SUCCESS,18397,5nLRZZktRw-XuSonVsZ7zw
990,JavaZone#9611,1747559831556,3,18397,12334,55192,1.0,0,3,3,5,SUCCESS,18397,SdgEZrWjS4ab4H2i76cLZg
991,ConnectedOrder#9641,1755118998169,3,18397,17661,55193,0.0,0,0,0,6,SUCCESS,18397,WqI3EaRqRbC_z-IjnpwUrQ
992,ion,1751321326404,3,18398,16258,55195,0.3333333333333333,0,1,1,6,SUCCESS,18398,kPRmzqu5QOS-xZ7tJQi9LA
993,GammaValue#0465,1748602347120,3,18414,18065,55243,0.0,0,0,0,8,SUCCESS,18414,2FsVUTCVQp6ArK45Xa5XJg
994,FungibleVariable#8760,1748401698879,3,18416,18397,55250,0.0,0,0,0,11,SUCCESS,18416,w59wOUVDSWW5q_KGStHo9Q
995,DesktopFunction#0664,1744318780045,3,18418,16737,55256,0.3333333333333333,0,1,1,1,SUCCESS,18418,-yKautT7TGOnLr6w3sRaRQ
996,FiniteDigit#5016,1749199112367,3,18418,14071,55255,0.6666666666666666,0,2,2,6,SUCCESS,18418,4Jdth_ZTTw-F1bfaxLvv0g
997,Oscar,1737375269476,3,18418,18069,55256,0.0,0,0,0,24,SUCCESS,18418,44MZEXzVTOaTFVz-BMlx9w
998,NullScope#8122,1738505297168,3,18419,14057,55259,0.6666666666666666,0,2,2,5,SUCCESS,18419,nxmfTnG5RBmHAy61nVlpkA
999,dsc-250820-2-LimDongyoung,1755713022908,3,18420,15060,55262,0.6666666666666666,0,2,2,8,SUCCESS,18420,BNkFdG6bSS-LKzOaIruPOA
1000,Unicorn-k,1743792200892,3,18420,18203,55261,1.0,0,3,3,1,SUCCESS,18420,FRvzyZ9TRXOch3tqhjHxjg
1001,PLUS-ULTRA,1737997441401,3,18421,17999,55263,0.0,0,0,0,6,SUCCESS,18421,VRFkRNgMTpOxvbAVdDNNJA
1002,cc25-007,1757604640925,3,18439,16200,55319,0.3333333333333333,0,1,1,3,SUCCESS,18439,NGDeTNbxRkiG9A_Ivvvbyg
1003,AccessibleServer#9463,1741943068394,3,18441,14662,55323,0.6666666666666666,0,2,2,3,SUCCESS,18441,TMwA_YsRTHGPt9t1yUL7HQ
1004,StructuredAbstraction#0612,1748312586906,3,18442,18261,55327,0.0,0,0,0,11,SUCCESS,18442,ZVjDcoDWSaCOVapFq8XsVA
1005,EncryptedRequirements#6432,1757763858751,3,18443,15399,55331,0.6666666666666666,0,2,2,3,SUCCESS,18443,zA_JD3Q7QkutlScOBby4BA
1006,XMDS-Englezos,1747917928264,3,18443,14870,55330,0.6666666666666666,0,2,2,11,SUCCESS,18443,y7H7VGX0QNm9_k1vgilygA
1007,AsynchronousToken#8263,1746559552818,3,18447,14725,55342,0.6666666666666666,0,2,2,1,SUCCESS,18447,YiRk-dlhSFafyTFtSecO1w
1008,NullPatch#0480,1743666064786,3,18463,17869,55391,0.0,0,0,0,18,SUCCESS,18463,J_BcUkW3TaG1031iaAdxyQ
1009,PassingUpgrade#6265,1741189437043,3,18463,15855,55391,0.6666666666666666,0,2,2,11,SUCCESS,18463,9mk_SXMtTSSRX2gPabtAmQ
1010,ImmutableEngineer#0103,1755186225832,3,18465,18328,55396,0.0,0,0,0,3,SUCCESS,18465,VZ4eUjr0ReyA3ZI-n-r-sA
1011,BackloggedModel#6460,1747377580294,3,18465,14674,55395,0.6666666666666666,0,2,2,9,SUCCESS,18465,7_qYT28PRdSTj3r8jMAQ4g
1012,JPMC-London-Adam,1743527129734,3,18465,13125,55396,1.0,0,3,3,1,SUCCESS,18465,MKyQktY7RcKa36uMHbmmJQ
1013,BrainyBottleneck#2305,1747805585895,3,18466,16403,55398,0.3333333333333333,0,1,1,5,SUCCESS,18466,WdqfphKYQ7ipShVqS2CrVQ
1014,NTI-G,1738346510465,3,18468,18260,55405,0.0,0,0,0,4,SUCCESS,18468,-PxmP-SvQ3WrTfkLkqLYJQ
1015,JOSEJAILTONDOSSANTOSMNETO-UNIFACISA,1745987671242,3,18468,13460,55405,1.0,0,3,3,5,SUCCESS,18468,3f9zlvIYSN6b2CdcOekasw
1016,BlockchainComment#5403,1743674667863,3,18486,18271,55460,0.0,0,0,0,8,SUCCESS,18486,_KrgtCWySYSH0yi3AtzTAQ
1017,AlphaBeta,1750870402211,3,18486,18201,55460,0.0,0,0,0,11,SUCCESS,18486,4-2chjNCRliXk1huagQcDw
1018,MartinN,1748950204053,3,18487,15262,55462,0.6666666666666666,0,2,2,6,SUCCESS,18487,SAOslO2LQ6Sw9s-FGbLnIg
1019,cloudwatchwarrior#1,1755198021409,3,18487,17724,55461,0.0,0,0,0,5,SUCCESS,18487,LKBcEqkyQU6d2dMv6gBa6Q
1020,PrototypeUpgrade#8166,1748426636322,3,18488,18195,55464,0.0,0,0,0,5,SUCCESS,18488,y7PC6OE_T_yiqaDfj1NCsA
1021,LeetTag#1114,1736887783892,3,18493,16655,55479,0.3333333333333333,0,1,1,4,SUCCESS,18493,juSRUUiwQjWDAyCfzk6XyA
1022,DEGI-11,1738693793049,3,18507,14811,55523,0.6666666666666666,0,2,2,4,SUCCESS,18507,B0RCnM55RzGQl7xq4esM0g
1023,Quatelio#1,1758058481977,3,18508,16065,55524,0.3333333333333333,0,1,1,10,SUCCESS,18508,pQ3loDVISdatXShuPxLhkQ
1024,WebInterface#7466,1753632737473,3,18508,14861,55525,0.6666666666666666,0,2,2,9,SUCCESS,18508,xn_QU60sRt6y15ntAMzljg
1025,10xDelta#8138,1745283295150,3,18530,16597,55592,0.3333333333333333,0,1,1,4,SUCCESS,18530,tFIyIk-6QsG94oHucRPdUw
1026,JMWMotorsports#2,1757534710233,3,18530,14734,55591,0.6666666666666666,0,2,2,1,SUCCESS,18530,skB-_IlpRaO_bvdcPnTOXg
1027,Eduardo-Barros,1758936674900,3,18532,16805,55597,0.3333333333333333,0,1,1,10,SUCCESS,18532,_VEHNF1YTbmkwTnAWiufPA
1028,FormulaicDataset#6960,1747297760197,3,18533,14134,55600,0.6666666666666666,0,2,2,6,SUCCESS,18533,HO-bpEtNTgmOqQX_WD-8og
1029,ContinuousDocumentation#9327,1741719745214,3,18553,14669,55660,0.6666666666666666,0,2,2,8,SUCCESS,18553,QeKWL1-cTz24fGeXj8rFwA
1030,PITS-fuji,1737428971968,3,18553,13130,55659,1.0,0,3,3,1,SUCCESS,18553,4EUY_lqeRwWurkDRKtpL8w
1031,IterativeTest#2040,1745181485910,3,18553,12724,55660,1.0,0,3,3,2,SUCCESS,18553,2c7LluIUR3ah4tMH7AiEFQ
1032,It-s-a-me-StefanoD,1751409576413,3,18554,13387,55662,1.0,0,3,3,17,SUCCESS,18554,8OykMpaqRViyN1nwoDZRSQ
1033,DigitalAnalysis#0744,1741920948734,3,18554,18264,55663,0.0,0,0,0,4,SUCCESS,18554,xWQu1e-zRsmsm7VWm9M87Q
1034,ComplexDigit#0027,1748074976518,3,18556,16539,55668,0.3333333333333333,0,1,1,3,SUCCESS,18556,rlL2Y2FoRl-Rxp7A2mfjDA
1035,ThisSchema#8592,1737469990582,3,18573,18195,55721,0.0,0,0,0,6,SUCCESS,18573,7JO6OJSCQV2Hml74g4imgA
1036,CriticalScript#1045,1743663403361,3,18574,13203,55724,1.0,0,3,3,2,SUCCESS,18574,zN2XLZnXSNWKWopMYyIRbQ
1037,Team#404,1758127116859,3,18575,12864,55726,1.0,0,3,3,2,SUCCESS,18575,U4cL5UcIR6WkwvVYDaIPiQ
1038,JohnP96,1749219958941,3,18579,16334,55739,0.3333333333333333,0,1,1,1,SUCCESS,18579,aF10JbO7RBKT0iDLJs3qAg
1039,JonasWu,1742524107918,3,18580,16465,55741,0.3333333333333333,0,1,1,35,SUCCESS,18580,8tfz6p2ZQFm-O-loycbhFw
1040,CriticalLine#8274,1736237355421,3,18598,17594,55795,0.0,0,0,0,28,SUCCESS,18598,Nc-YFZzSRp6HgkYkTWg0uQ
1041,204-YSY-06,1752483254052,3,18600,14403,55801,0.6666666666666666,0,2,2,2,SUCCESS,18600,1SEQpvueTq6lVSg7CPEkeQ
1042,BroJammerJosh,1745426629722,3,18619,16800,55859,0.3333333333333333,0,1,1,9,SUCCESS,18619,Pd_OYMnoR-2g9cttjpSmMw
1043,134#1004,1759556221071,3,18621,18467,55864,0.0,0,0,0,5,SUCCESS,18621,5znw-3XaRGepNFiJ7ud_mQ
1044,FranciscoMourao,1754620221520,3,18621,16266,55865,0.3333333333333333,0,1,1,10,SUCCESS,18621,ddcQ8DdRSY22nhanLPu74w
1045,CloudWatchWarrior#2,1755155086273,3,18642,17005,55927,0.3333333333333333,0,1,1,3,SUCCESS,18642,MNh7mguSSf-YpJV7JwCimg
1046,BetaMetaclass#7687,1759645803810,3,18642,12867,55927,1.0,0,3,3,6,SUCCESS,18642,PUqDiPM8RBaZN8kfJqeOwg
1047,Aaron-DeepCrashers,1758315869426,3,18643,18205,55931,0.0,0,0,0,17,SUCCESS,18643,JY6iv-4ARpCl7TbhDK5QuQ
1048,ASCIIDigit#9622,1749235895931,3,18663,13728,55990,1.0,0,3,3,2,SUCCESS,18663,JZGb-0rqROWOU23Wr6Hptw
1049,TabletState#0680,1750015369362,3,18664,15325,55992,0.6666666666666666,0,2,2,2,SUCCESS,18664,jxc8KdqdQIet2BW_squMzQ
1050,PythonAbstraction#6240,1752421853339,3,18665,18128,55995,0.0,0,0,0,5,SUCCESS,18665,h4SQSVW-S2WPSkHbzrX4xg
1051,FocusedNumber#3238,1757623738044,3,18665,15998,55995,0.6666666666666666,0,2,2,22,SUCCESS,18665,aCjZR82_QB6tyTR0tdOowQ
1052,NTI-G6,1738699528247,3,18666,14538,55998,0.6666666666666666,0,2,2,5,SUCCESS,18666,kV68WG4aT-a73Kc60ZUOmA
1053,ContinuousUpgrade#1170,1747023829964,3,18666,18538,55998,0.0,0,0,0,8,SUCCESS,18666,7L3ZXI4USquwzOHE_CQPjw
1054,RobotCoder#3693,1753431090267,3,18685,16535,56056,0.3333333333333333,0,1,1,5,SUCCESS,18685,yq9OFC7XRwCCnskBClAfFA
1055,DigitalGlyph#3659,1738690656281,3,18687,12866,56061,1.0,0,3,3,4,SUCCESS,18687,cxb_EKluTHuUsgJJfBoTEw
1056,TechnicalUpgrade#6350,1755542813104,3,18688,16798,56065,0.3333333333333333,0,1,1,2,SUCCESS,18688,FO5fakfYQu-EtAGCIxDmYg
1057,Carrasquero#RacingTeam,1742657901120,3,18707,16795,56121,0.3333333333333333,0,1,1,18,SUCCESS,18707,s7xkpHoFQpewFB3l5E39SQ
1058,SandraShao,1750503291514,3,18707,16406,56122,0.3333333333333333,0,1,1,1,SUCCESS,18707,oizgqAPrTDi27GCU3OGYjQ
1059,chrijuTech#2,1758056894028,3,18707,17861,56123,0.0,0,0,0,5,SUCCESS,18707,xZ6gDTcUQbSA31foiJbdmQ
1060,Tomukas,1740220145675,3,18708,14933,56124,0.6666666666666666,0,2,2,1,SUCCESS,18708,q9Gjt2eMQBGRZk0j1R4E7Q
1061,deepdriver,1758799956029,3,18709,17196,56128,0.0,0,0,0,10,SUCCESS,18709,qws24sH2Rj-xRkrDuvNXKQ
1062,LucasNascimento-UFAM,1747332823945,3,18709,12997,56128,1.0,0,3,3,16,SUCCESS,18709,SVz-8aCaRlelNOReOKxwKw
1063,NDix-2025,1752816012073,3,18710,15536,56131,0.6666666666666666,0,2,2,6,SUCCESS,18710,G5jpFvXhTeiPc0_X_bBdiw
1064,NumericArchitect#1335,1758089874570,3,18730,17995,56192,0.0,0,0,0,19,SUCCESS,18730,yiA3m5csT1WRBz9Pec3CpQ
1065,DF-Tech-Acc#3213,1741358705307,3,18730,18268,56192,0.0,0,0,0,19,SUCCESS,18730,Pp028cUYRU-v6aqFZdh-Kw
1066,NullSchema#6263,1749028482956,3,18733,16468,56199,0.3333333333333333,0,1,1,40,SUCCESS,18733,8yzcSt9YT1yXVdfFlYAqgw
1067,ITI-G-TEST,1738345188718,3,18738,16535,56214,0.3333333333333333,0,1,1,5,SUCCESS,18738,BApVlUyrSJmoZR-VfAuS6g
1068,AntonioJose,1745700188541,3,18752,13387,56256,1.0,0,3,3,11,SUCCESS,18752,O6ars-QtS9-Pfuu3sDTgHA
1069,ShinHeeWoo,1752121511530,3,18752,18331,56257,0.0,0,0,0,11,SUCCESS,18752,vu9_69O_RmWK7yUA9brkcg
1070,Abner-Sanlai-Devagar-e-Sempre,1758203911334,3,18753,18466,56259,0.0,0,0,0,5,SUCCESS,18753,2423AFCnSsmpxojTiOToIg
1071,TabletDebugger#2648,1751884873334,3,18753,18402,56261,1.0,0,3,3,3,SUCCESS,18753,4S6EgHZlRFyfMjcD8qoskg
1072,Wshihan,1754550770188,3,18753,14800,56259,0.6666666666666666,0,2,2,5,SUCCESS,18753,br2tmO9aRlirVMzV-tp3wQ
1073,GenerativeArchitect#3451,1753070662482,3,18754,18468,56263,0.0,0,0,0,12,SUCCESS,18754,RNOfA7tOQACELvm0U9yyOw
1074,QuickNotation#5773,1752820470253,3,18754,18127,56262,1.0,0,3,3,4,SUCCESS,18754,Jg8y9bSPSS2kqvpA-hFhKA
1075,team08-deepracer,1748672047999,3,18764,17806,56294,0.0,0,0,0,5,SUCCESS,18764,smis7TMNSdWB4-5zLhHEYA
1076,Mariooooo,1752381777132,3,18773,16471,56321,0.3333333333333333,0,1,1,5,SUCCESS,18773,34_a7N5hSyyu--0YCqO2zQ
1077,StructuredLoop#2758,1749350682213,3,18774,16268,56324,0.3333333333333333,0,1,1,5,SUCCESS,18774,mbgWQJD3R6SL4N9JBsDlzw
1078,nti-G14,1738693032369,3,18774,12667,56322,1.0,0,3,3,3,SUCCESS,18774,CTtNVJhpTOKnq8MeXrnEjQ
1079,StructuredNamespace#8914,1744198508984,3,18775,17801,56325,0.0,0,0,0,8,SUCCESS,18775,a0kPYRlJQRGEKyINvZBLsg
1080,Seninha-Cuiabano,1746038559375,3,18775,14994,56327,0.6666666666666666,0,2,2,22,SUCCESS,18775,ZflU0HefQqOsB8jAsuRaDA
1081,MechanicalUpgrade#9475,1743265220352,3,18775,18536,56325,1.0,0,3,3,9,SUCCESS,18775,d4C4cd26Qpqq5e7DniJ93g
1082,FinitePackage#3973,1745427469953,3,18776,16661,56329,0.3333333333333333,0,1,1,5,SUCCESS,18776,N_gvUL_kTYKT_FVvVQq18w
1083,Mit-Teilnehmer#2,1757927840676,3,18777,14607,56331,0.6666666666666666,0,2,2,3,SUCCESS,18777,ZQzj0h9cQRaijswGWi5R4A
1084,PassingUpdate#0247,1756199409301,3,18796,18731,56390,0.0,0,0,0,4,SUCCESS,18796,mzCrO7q9SKeooOCr38q9BQ
1085,LucroNaCurva-Gabrielle,1758148291753,3,18797,16058,56393,0.6666666666666666,0,2,2,21,SUCCESS,18797,07-qJ5BIQeyQpZhcjAiV6g
1086,ProcessingLanguage#1410,1753308532480,3,18797,18199,56392,0.0,0,0,0,2,SUCCESS,18797,2RYnjwKaRKSOXCO8SOJ5Mg
1087,IterableLambda#9385,1742766529847,3,18797,18264,56393,1.0,0,3,3,16,SUCCESS,18797,Ne2B0LybQ6-b9yQ4FPNb6w
1088,Davi-UFC,1746212997285,3,18797,15668,56393,0.6666666666666666,0,2,2,19,SUCCESS,18797,kZo1EjX4SDOzMvj0lqo3yg
1089,ProjectV#1,1757950211187,3,18797,18597,56391,0.0,0,0,0,25,SUCCESS,18797,7BrrHdCQQ3mWJ7swHYbH4Q
1090,Fiki,1744038557711,3,18799,16801,56398,0.3333333333333333,0,1,1,2,SUCCESS,18799,MVMEAuOWQvavqp6wSj3iAA
1091,OhMyHub-AleksandrIzhemtsev,1747923848953,3,18804,17211,56413,0.3333333333333333,0,1,1,3,SUCCESS,18804,mD0JgxcZRAOLdwM1q_vIFQ
1092,AlphaAnalyst#0431,1753095363015,3,18820,18200,56462,0.0,0,0,0,3,SUCCESS,18820,JB8BFKm0RqiwRIwgaXIwJg
1093,ITOC-TURBO-OPS,1737960469130,3,18823,16199,56470,0.3333333333333333,0,1,1,9,SUCCESS,18823,1-aSH18DSZuD0CfFZDS8uA
1094,Sebiceps,1738239479432,3,18823,14671,56469,0.6666666666666666,0,2,2,18,SUCCESS,18823,o21Vbw98REq_GmTn1aboLQ
1095,DesktopPointer#7720,1748313959486,3,18840,18597,56521,0.0,0,0,0,6,SUCCESS,18840,6YciAJMhRGCfbtKjOlneJg
1096,AtomicAbstraction#1881,1755706284853,3,18841,15068,56525,0.6666666666666666,0,2,2,1,SUCCESS,18841,RM1nnt9pREyrRw49SC8tTw
1097,SaiSriSruthiVoruganti,1744545714106,3,18842,18067,56528,0.0,0,0,0,6,SUCCESS,18842,eC0JZH3ZRvWkA7mUlYlglw
1098,HeavyRacer,1743424388827,3,18842,18600,56526,0.0,0,0,0,9,SUCCESS,18842,wVgTSkTrTQyGC52_udPoeA
1099,jackson-chwy-2025,1738353787096,3,18842,13731,56528,1.0,0,3,3,14,SUCCESS,18842,LXxSvLEcRFi1jZgA36JFMA
1100,Toaster,1751570908179,3,18866,18596,56598,0.0,0,0,0,2,SUCCESS,18866,sMX7M-YUQf-QuV2yGt-BIg
1101,CrypticNamespace#0004,1745279737036,3,18884,13804,56654,1.0,0,3,3,5,SUCCESS,18884,tp4ukf2bT02fRWRgH6s01w
1102,ChaoYuan#10,1745475953554,3,18885,18533,56657,0.0,0,0,0,5,SUCCESS,18885,99ADCN6oR22QHDgaZ3HuKg
1103,MattBar,1749551896666,3,18887,13129,56663,1.0,0,3,3,6,SUCCESS,18887,QcYHJH3mTIyaOWmXuxbepw
1104,Zero-dayNamespace#1432,1753102950597,3,18887,12863,56662,1.0,0,3,3,18,SUCCESS,18887,W-CZUWIBRCKPwgd5kCvOuA
1105,Dianathb5329,1752080710440,3,18889,15458,56667,0.6666666666666666,0,2,2,3,SUCCESS,18889,21KeLP2bQzGvFt9k4tnJNQ
1106,gogogogogo,1750503286099,3,18908,16530,56724,0.3333333333333333,0,1,1,1,SUCCESS,18908,k8rq9_DsQ5GA-EJIKBh1nA
1107,Latency-Killers#3145,1755115908124,3,18908,15592,56726,0.6666666666666666,0,2,2,1,SUCCESS,18908,4gQWwxMxQd6SlTATsVdbBw
1108,NestedComment#8575,1755795754990,3,18909,17459,56727,0.0,0,0,0,1,SUCCESS,18909,qWnsCqdBS9qqMUzfIjPfQA
1109,ProgrammingSwitch#0529,1747427120507,3,18912,16997,56737,1.3333333333333333,0,4,4,4,SUCCESS,18912,_jNr7UzFR--7ElITX3mf4A
1110,202102547,1749863494843,3,18913,16942,56739,0.3333333333333333,0,1,1,1,SUCCESS,18913,jj5vPYQOTsqClysNvX6r-g
1111,AF1-ChrisLiang,1746771645882,3,18916,16734,56749,0.3333333333333333,0,1,1,5,SUCCESS,18916,nQ6FkmGZTwqWRdEXoRj5NQ
1112,NeuralClass#4091,1739286771238,3,18929,18732,56789,0.0,0,0,0,1,SUCCESS,18929,CAduIQA8Qhm2kp-YQqbZRA
1113,RecursiveBrackets#3417,1737532309037,3,18929,15984,56787,0.6666666666666666,0,2,2,16,SUCCESS,18929,PI7APpbMRPGCcsALwovgHA
1114,StructuredBreaker#4468,1743672065548,3,18930,18337,56792,0.0,0,0,0,17,SUCCESS,18930,4ehyRD3MTiu6UklZnzW2bA
1115,2Guys-1Cup#1,1757957776808,3,18931,16806,56795,0.3333333333333333,0,1,1,9,SUCCESS,18931,0abpuEi2SByvSPfz3zvNhA
1116,fcu-enzhi#11,1745307780378,3,18934,15064,56802,0.6666666666666666,0,2,2,1,SUCCESS,18934,sSoud2K8SOaXt3F1yw6t3w
1117,DOSSAD0968,1748446148599,3,18952,13866,56857,0.6666666666666666,0,2,2,7,SUCCESS,18952,EhvIPYMhSB6hOJ9gUtL5VQ
1118,TeamZ,1755107845114,3,18953,18128,56860,0.0,0,0,0,6,SUCCESS,18953,FX5uJTBjRLionDT-ONSkmg
1119,NTI-G16-,1738507237935,3,18954,17202,56863,0.3333333333333333,0,1,1,14,SUCCESS,18954,BAjA32FNSTu6Wkn5-9f_Aw
1120,NeedForSpeeDR-DimosKompitselidis,1747918068006,3,18955,16276,56865,0.6666666666666666,0,2,2,6,SUCCESS,18955,82ZcAIwvTBGtMW5mxNMzTw
1121,rafaelraimundo-devagar-e-sempre,1757678485421,3,18973,18864,56920,0.0,0,0,0,11,SUCCESS,18973,E7paHu3WRMmfnG-VUJGXRg
1122,AndyN-RaceCondition,1757506465293,3,18975,16000,56927,0.3333333333333333,0,1,1,2,SUCCESS,18975,csrFeuNiSJeRnA3BExg3cA
1123,VirtualNode#1094,1755531021250,3,18975,18188,56926,0.0,0,0,0,10,SUCCESS,18975,2z9D1XT6T_aTbtmxRR6S_Q
1124,ArtificialNotation#3757,1744716333923,3,18979,17002,56937,0.3333333333333333,0,1,1,2,SUCCESS,18979,FiHwZYRXTzeELH_uqzO9rQ
1125,BooleanInterface#6870,1758276592859,3,18995,16601,56987,0.3333333333333333,0,1,1,3,SUCCESS,18995,ToRB7bNRS-ewyFkVIyJ7iA
1126,EUI-G13,1738191036554,3,18997,13404,56991,1.0,0,3,3,3,SUCCESS,18997,-6CTzvkhR7ueNEKyHD1JdQ
1127,902-SSY-1,1752168241831,3,18997,12188,56993,1.3333333333333333,0,4,4,23,SUCCESS,18997,9bIo7XpsRn6ctBh1N7lE1Q
1128,cc25-008,1757463239064,3,18998,18799,56995,0.0,0,0,0,6,SUCCESS,18998,SYaNMuJ_SJeS3NS4K3aJUA
1129,TIF-PowerRacer,1746883896843,3,18998,18805,56994,0.0,0,0,0,22,SUCCESS,18998,cnYJe6_GRP-rBSCWbla55A
1130,ghzx-wcl,1741777509796,3,18999,18267,56999,0.0,0,0,0,7,SUCCESS,18999,no8Ix96MQDKlJL1oCc4X2w
1131,AsynchronousSandbox#6264,1749069247237,3,19018,13333,57055,1.0,0,3,3,2,SUCCESS,19018,AOfIAJwlRW-UM_Qe6GKmKA
1132,Mind4Racing,1741858935338,3,19019,18055,57058,0.0,0,0,0,1,SUCCESS,19019,734z8tyTRnuGWyIkQFKxWg
1133,PathingWorkaround#0499,1743617134673,3,19019,17135,57059,0.3333333333333333,0,1,1,5,SUCCESS,19019,HPFKx4BRT8OvvBuBbHa7iQ
1134,AndyTechDad,1750448726020,3,19019,16335,57057,0.3333333333333333,0,1,1,11,SUCCESS,19019,m8OgejW0SQG_4nUL_1_E2Q
1135,666whale,1746766965391,3,19039,16669,57117,0.3333333333333333,0,1,1,1,SUCCESS,19039,sQHXhl7-QWiCQ5ehme79BA
1136,SaarRacer#2,1758047102982,3,19041,16605,57125,0.3333333333333333,0,1,1,8,SUCCESS,19041,MrdR2KKBSWC2gYzYGsH3sw
1137,UnicodeComment#0162,1741892596600,3,19041,16797,57123,0.3333333333333333,0,1,1,5,SUCCESS,19041,GwEzuBBzRU2hLfEx9Gzxjg
1138,CakLegend,1738809706170,3,19041,18865,57124,1.0,0,3,3,1,SUCCESS,19041,M0MwyOvlQn20iWThQ3MVNg
1139,GIST-DeepRacer08,1752904771912,3,19042,18859,57127,0.0,0,0,0,4,SUCCESS,19042,djIVBiH3Sl-iOQpAhfy6bg
1140,Alec-Korla,1739845064330,3,19042,15267,57128,0.6666666666666666,0,2,2,2,SUCCESS,19042,-Eih2FHaRsenMYb8I6gE-Q
1141,group12,1754549876483,3,19043,18936,57129,1.0,0,3,3,25,SUCCESS,19043,GqEXUS1sQaiW-jaVwFXeZw
1142,SolvablePoint#3965,1755538371561,3,19065,14870,57195,0.6666666666666666,0,2,2,6,SUCCESS,19065,VvK3tkT7SOCmWv-dv2fECg
1143,TeamK1000-JuanBustamante1,1747881325249,3,19086,18668,57259,0.0,0,0,0,3,SUCCESS,19086,4h5JC1MWQkiqpAqv-morSw
1144,TIF-Windy-City-Racers,1747157986068,3,19086,15993,57260,0.6666666666666666,0,2,2,20,SUCCESS,19086,200cb7db61e44fa299f73Q
1145,GammaLanguage#1495,1741788964776,3,19087,14789,57263,0.6666666666666666,0,2,2,2,SUCCESS,19087,OSifjBq6TZKnSeLEwA1QYA
1146,ssorensen-chwy-2025,1738261782430,3,19088,15668,57264,0.6666666666666666,0,2,2,5,SUCCESS,19088,Nuq6TcT1RKuTI88Hw-1YfQ
1147,RonnyRacing#2,1757259431262,3,19108,18792,57324,0.0,0,0,0,1,SUCCESS,19108,7bBor3mXRvOwms2Jilf67Q
1148,SquareRequirements#2915,1747206912939,3,19109,16924,57328,0.3333333333333333,0,1,1,5,SUCCESS,19109,bPEjV9RRToSigD4X5d0Jng
1149,theruan,1745429098642,3,19110,18935,57331,1.0,0,3,3,6,SUCCESS,19110,lzpj9yz5T7uGHqTEZ2WFUw
1150,CrypticSchema#5051,1746277067083,3,19130,13065,57392,1.0,0,3,3,4,SUCCESS,19130,I_sbZywvRpex2AyzJb5crw
1151,RodrigoMarques-UnB,1746793087816,3,19131,18865,57393,1.0,0,3,3,2,SUCCESS,19131,sEpgXW9USqukkcyvsDKWbw
1152,Teste-120486,1746279281837,3,19131,17133,57394,0.3333333333333333,0,1,1,1,SUCCESS,19131,3jyQn0W6SnKa5ZSgRyRnaA
1153,113#1004,1759556170071,3,19131,18865,57395,0.0,0,0,0,3,SUCCESS,19131,6ZIdlkwkTTmxY1hu1fzX1Q
1154,GenerativeNotation#1260,1742403367704,3,19131,17205,57395,0.3333333333333333,0,1,1,15,SUCCESS,19131,qc3frsawSYiRf9-vWsmVqw
1155,VirtualState#4269,1737622721320,3,19131,15596,57395,0.6666666666666666,0,2,2,1,SUCCESS,19131,7N4yQoVERo2joTZL44pJyA
1156,dmcf,1758294393028,3,19149,18995,57449,0.0,0,0,0,3,SUCCESS,19149,7yxnX4EHRLSk75pxxf784Q
1157,IntelligentEngineer#6788,1737626503470,3,19152,15334,57456,0.6666666666666666,0,2,2,1,SUCCESS,19152,hLFUsWYTSC-8XmVrh1YOJg
1158,Alioth1,1739392923695,3,19152,12869,57458,1.0,0,3,3,6,SUCCESS,19152,4fNQy8XDScOT7zwdfEG3hw
1159,901-PGC-01,1752827612515,3,19152,15597,57458,0.6666666666666666,0,2,2,5,SUCCESS,19152,bSVvjrzvQXW_jOeCIWFLgg
1160,ImmutableBreaker#8738,1753676802354,3,19153,17461,57461,0.3333333333333333,0,1,1,9,SUCCESS,19153,GM6e-TelQam-XCjEkel0Kw
1161,LuisitoAdelanta,1738091846476,3,19154,13401,57464,1.0,0,3,3,6,SUCCESS,19154,S9rz_Qx7TKqOQ71pqbIJrQ
1162,Team3-Morty,1745461565388,3,19157,14868,57471,0.6666666666666666,0,2,2,15,SUCCESS,19157,iFQlMH4vQ3ea5B6lHWFtfg
1163,VadzimM,1737727004953,3,19174,15467,57523,0.6666666666666666,0,2,2,11,SUCCESS,19174,rv9LlynnSNOUeUw-zceJDA
1164,666Emma,1746766765349,3,19174,17399,57523,0.3333333333333333,0,1,1,1,SUCCESS,19174,5-_-jKveTFSI8AR2_1VBcg
1165,VariableDocumentation#5620,1737995940067,3,19176,16272,57529,0.3333333333333333,0,1,1,2,SUCCESS,19176,tPt9FjgMRW-kBraGYv3GiA
1166,FungibleConsole#0382,1738697516105,3,19198,18998,57594,0.0,0,0,0,20,SUCCESS,19198,nt2yLmJSTLueOohfSC9oAQ
1167,404SpeedNotFound,1750940174219,3,19198,16939,57595,0.3333333333333333,0,1,1,18,SUCCESS,19198,xsrSGc3WTsmP1g4L_reloQ
1168,Vibrants#KL,1755695751481,3,19199,15538,57597,0.6666666666666666,0,2,2,2,SUCCESS,19199,-OUQAqxmTmG9x_jAY2B3rg
1169,Griff,1748956473675,3,19218,16661,57655,0.3333333333333333,0,1,1,2,SUCCESS,19218,xkbE64j-TfGUpG6uzj337Q
1170,GammaUpgrade#9217,1736241815227,3,19220,15803,57662,0.6666666666666666,0,2,2,10,SUCCESS,19220,5GAlg5Y8QleLQis75XcjIA
1171,don-chan-DNP,1737978936775,3,19220,13268,57661,1.0,0,3,3,1,SUCCESS,19220,0ziK21IUS3uClDGVSKbhIA
1172,jaeyeon02,1757747062116,3,19224,14593,57674,0.6666666666666666,0,2,2,2,SUCCESS,19224,sMktxAFhRPikbVoG6H3oJA
1173,AndersonLucasCordeiroBraz2-IFPB,1746456836389,3,19240,19065,57720,1.0,0,3,3,1,SUCCESS,19240,BXcrWQhxQlm1j54T2OzcRw
1174,SamuelBrandaoAndrade-UFCG,1746473443438,3,19241,16738,57725,0.3333333333333333,0,1,1,11,SUCCESS,19241,hKXu-AkyTx6oI-5Zs4kDDw
1175,#vicky,1751099494818,3,19242,16600,57728,1.3333333333333333,0,4,4,5,SUCCESS,19242,Ek8oH6exTEi-o4uTyyJGSg
1176,TIF-Rapid-Racer,1747064992551,3,19244,17129,57732,0.3333333333333333,0,1,1,14,SUCCESS,19244,sGrJzwIVRZ6-HawSmV1Tyg
1177,StructuredEvaluation#4410,1738852568951,3,19246,16941,57739,0.3333333333333333,0,1,1,7,SUCCESS,19246,tN-NDmmfQICKpG2J6mcygQ
1178,IterableSpec#4567,1749195965027,3,19263,18528,57790,0.0,0,0,0,2,SUCCESS,19263,p6KL_7HBTvK3itfVkTDNcQ
1179,ComplexState#0871,1756189823684,3,19265,19065,57796,0.0,0,0,0,4,SUCCESS,19265,SbbYGRYHQfGtwrKfoLy8ow
1180,BlinkhornRacerCDL,1750718753888,3,19265,17401,57797,1.3333333333333333,0,4,4,27,SUCCESS,19265,bte9s-ZoR5mDwWLCb9BVgQ
1181,wclark2-chwy-2025,1738352741465,3,19285,15065,57857,0.6666666666666666,0,2,2,13,SUCCESS,19285,umycWj6HQNqDAsFNzSYysA
1182,DeepBooster#9245,1745848833485,3,19285,13987,57856,1.0,0,3,3,17,SUCCESS,19285,YX0i6YlKSYKiukFLwpTVvQ
1183,TestingTheory#5452,1748525290084,3,19285,17139,57857,0.3333333333333333,0,1,1,5,SUCCESS,19285,4eZW-Jd2QUKRs2zRhB7fkQ
1184,Pelli#Racing#Team,1739988197602,3,19286,17397,57860,0.0,0,0,0,3,SUCCESS,19286,OKFsWii9QDe8S2DwNV3fYw
1185,gabrielkoo#HongKong,1742875378285,3,19286,19059,57859,0.0,0,0,0,3,SUCCESS,19286,ydUnMZutQDmeS4U2pIDYLg
1186,lueating,1751105221489,3,19289,13802,57868,1.0,0,3,3,4,SUCCESS,19289,Nl7ktxmLSv6JhBsGxLMQlA
1187,AccessibleBuster#4512,1746352492943,3,19290,16332,57871,0.3333333333333333,0,1,1,3,SUCCESS,19290,nul0wr0oTuGPYwe8-SIMyA
1188,RecursiveZone#5995,1755547693528,3,19308,17335,57925,0.3333333333333333,0,1,1,2,SUCCESS,19308,KPXmRUCTSFO8-hfVkSK-7A
1189,BigPatch#7949,1747431291283,3,19309,16794,57927,0.6666666666666666,0,2,2,4,SUCCESS,19309,_z2pHuX3RG-K4B5A_DbLyg
1190,JAM#1509,1757026381900,3,19309,18260,57927,0.0,0,0,0,2,SUCCESS,19309,AWMeD4JWQIGDzDX5VOfo2A
1191,dnp-nakamura-s68-multi-user,1750737466905,3,19328,19123,57986,0.0,0,0,0,10,SUCCESS,19328,uRRGh3BNTF-ov5IdV4an9Q
1192,UnicodeMachine#3652,1745607099019,3,19329,19129,57988,0.0,0,0,0,3,SUCCESS,19329,qqqEPjL-TgGL_pCw0vZ3rA
1193,Sung-Jinwoo,1738732137000,3,19331,19128,57993,0.0,0,0,0,2,SUCCESS,19331,Z7AGMugmSC61_wJLrwrSUg
1194,cocodrilos,1741968805368,3,19349,19117,58049,0.0,0,0,0,2,SUCCESS,19349,npxNk1irRLiD2FrABhFtKA
1195,Rocket486#0044,1744726160232,3,19353,12458,58059,1.3333333333333333,0,4,4,5,SUCCESS,19353,m3gsYB4sR6SdML7fd6lyVw
1196,SolvableNumber#7656,1751918836451,3,19353,17198,58060,0.3333333333333333,0,1,1,7,SUCCESS,19353,y33H_fXYQNKqT7ZsmxhtIQ
1197,StarsStripesSangria-AleksandrMordanov,1747891817136,3,19354,16668,58062,0.3333333333333333,0,1,1,9,SUCCESS,19354,5OUvbVmPTUiFOvm13cDekQ
1198,Jimultura,1741520244037,3,19354,19260,58063,1.0,0,3,3,6,SUCCESS,19354,J0LRBMHSRAaVv7YmKrYV3w
1199,DaviHenriqueSilvaGuimaraesUFCG,1746297176034,3,19355,14328,58067,1.0,0,3,3,2,SUCCESS,19355,o-zrbkUoQgiYmJBobRcSbw
1200,Lorrana,1746579637425,3,19373,19328,58120,0.0,0,0,0,4,SUCCESS,19373,spnQ4lyBQO6AQ5_ssqm9Pg
1201,GenerativeSwitch#0828,1744890289532,3,19374,17725,58122,0.3333333333333333,0,1,1,9,SUCCESS,19374,kqJDqHNhQXe0U7Ee6D7BpQ
1202,HashableBraces#1347,1755077899138,3,19375,17527,58126,1.3333333333333333,0,4,4,10,SUCCESS,19375,ye_wrTBNTgW77R7-nlZibw
1203,404SpeedNotFound#1,1757757783273,3,19376,18204,58128,0.3333333333333333,0,1,1,10,SUCCESS,19376,4AcgMTQkQbC4-M5-nr8o-A
1204,JayJ,1744748836132,3,19376,17068,58128,0.3333333333333333,0,1,1,8,SUCCESS,19376,bWbbdgo7RqefBN_wrkw81w
1205,AbstractCircuit#6346,1744703871092,3,19397,19191,58192,0.0,0,0,0,18,SUCCESS,19397,6EAQsJYnTWazojqjsviW-Q
1206,Domino262,1742040985155,3,19397,18532,58191,0.0,0,0,0,3,SUCCESS,19397,_rW_yG1XQqyUCn2-xOWAcQ
1207,IgorSilvaDeMorais-UFCG,1746225031508,3,19398,12471,58195,1.3333333333333333,0,4,4,1,SUCCESS,19398,zooZVlH8REieBCjeh5am6g
1208,CurlyArithmetic#8450,1741935064865,3,19398,18598,58195,0.0,0,0,0,6,SUCCESS,19398,6HxB1R1rS6qnB-YqkacOXA
1209,Team-Ahnungslos-durch-die-Nacht#2,1757427710801,3,19418,17328,58256,0.3333333333333333,0,1,1,3,SUCCESS,19418,tQKZ5ZUDSxeoshRp_NwGOQ
1210,CarAi-DavidHildebrandt,1758239957677,3,19418,19197,58256,0.0,0,0,0,3,SUCCESS,19418,fBlT-8bCTla-i8khkGJisw
1211,AgileDebugger#3750,1746922379426,3,19421,18528,58263,0.0,0,0,0,1,SUCCESS,19421,c3J0xL9tRaq0Dbxy1lyW5A
1212,Gatos,1742323405214,3,19424,17532,58274,0.3333333333333333,0,1,1,2,SUCCESS,19424,bDx5_0waR0CjrO_Wfgv1rg
1213,GRUPO3-GC-Racing,1757864312127,3,19442,15193,58328,0.6666666666666666,0,2,2,4,SUCCESS,19442,3nZ8j8ZfQTqZKE8RJNXqkg
1214,LoopingLambda#6275,1740570830001,3,19442,13458,58326,1.0,0,3,3,2,SUCCESS,19442,47yJhpkGT9SVsOmN1M12hw
1215,JohnMcC#4405,1757946065793,3,19463,15454,58389,0.6666666666666666,0,2,2,1,SUCCESS,19463,-9b1jitTSleUXcekoC9xdw
1216,Kevin-Dulcegrupo8,1758338533087,3,19464,18730,58394,0.0,0,0,0,17,SUCCESS,19464,_6I3cV6FS6GMcf4MskZsOA
1217,CiderSecurity-Donald,1757929119240,3,19464,11667,58393,1.3333333333333333,0,4,4,2,SUCCESS,19464,E7--FWp4RZK43IEdqTa3OA
1218,CodeContext#7589,1748443886469,3,19465,17405,58396,0.3333333333333333,0,1,1,10,SUCCESS,19465,FRBC4v78RbmfOMotM6CTyQ
1219,AbstractScope#1326,1736864103824,3,19466,13931,58399,1.0,0,3,3,6,SUCCESS,19466,iuqJ37QJQn20NcgIFeqjpw
1220,GlobalDescriptor#5637,1741501144094,3,19466,17740,58399,0.3333333333333333,0,1,1,4,SUCCESS,19466,4PKDGqr5RcaVkhXbl8PZeA
1221,RecursiveEngineer#8098,1745821723864,3,19468,19205,58406,1.0,0,3,3,1,SUCCESS,19468,10Dvnuc5SbuAaThMvi3s5A
1222,YuSanogawa,1740731631223,3,19470,15800,58410,0.6666666666666666,0,2,2,56,SUCCESS,19470,51TLcZhYT_6oiXpXmpPhjA
1223,NicolasRodriguesBrandao-UFCG,1746553440347,3,19472,18942,58418,1.0,0,3,3,2,SUCCESS,19472,MXsuJjtJQzq_i33Qe-p3-A
1224,bald-boy,1751958015959,3,19485,19323,58456,0.0,0,0,0,4,SUCCESS,19485,J7Ji_rOFQtKyilwRFb2ncw
1225,BrainyNode#7440,1755793598112,3,19486,18933,58460,0.0,0,0,0,3,SUCCESS,19486,dL6ma2ucQCW1ASIzw9PR2A
1226,HigherPointer#0080,1737714717994,3,19486,16125,58458,0.6666666666666666,0,2,2,1,SUCCESS,19486,vBM1-YZ0SMK-VD09LUTXbg
1227,RedCaraxes#7411,1742660189286,3,19491,13993,58475,1.0,0,3,3,16,SUCCESS,19491,viXnGT89RiGvRg3rua94Dg
1228,404KernelPanic,1744056686374,3,19507,19322,58521,0.0,0,0,0,21,SUCCESS,19507,L3MrCcNrS6CaSSqv5PoLKQ
1229,NestedBreaker#4996,1753894265430,3,19511,16135,58534,0.6666666666666666,0,2,2,3,SUCCESS,19511,KPWzHp92QyW4yqkBn0PG9A
1230,TIF-Segfault-Racer,1747420730037,3,19530,14392,58591,1.0,0,3,3,2,SUCCESS,19530,c134eede4abe4ba2bec68w
1231,DesertDaredevilsTeam5,1741768576509,3,19533,15738,58600,0.6666666666666666,0,2,2,9,SUCCESS,19533,fLJw22CSTgScimhlgrGnmw
1232,AtomicDigit#3062,1742093861777,3,19551,12459,58654,1.3333333333333333,0,4,4,3,SUCCESS,19551,TfbvfgawSfuwTR74RIiQiQ
1233,JavaClass#1537,1749459254621,3,19551,17799,58655,0.3333333333333333,0,1,1,5,SUCCESS,19551,sGRUnFhKTKivcnL_Sr92xA
1234,LoopingContext#7771,1737699269035,3,19551,15788,58655,0.6666666666666666,0,2,2,1,SUCCESS,19551,MoJ4smLrTbm7FDWh--PBDQ
1235,WebSpec#6260,1747570464123,3,19553,13203,58660,1.0,0,3,3,9,SUCCESS,19553,BH0QOkXOTO-0dI7c3HYZBA
1236,IntelligentVariable#3641,1755111302178,3,19553,15532,58660,0.6666666666666666,0,2,2,11,SUCCESS,19553,hlfiWY5VS0ypv4qyWYTIKw
1237,dockerdocker,1751730793814,3,19553,17665,58659,0.3333333333333333,0,1,1,9,SUCCESS,19553,VoJOwWVtQPGU6bZH5rjJig
1238,VirtualBottleneck#4612,1745656544938,3,19574,13463,58722,1.0,0,3,3,6,SUCCESS,19574,zzQKurXmQ2KU4xu8odn6Lw
1239,ConnectedNotation#9090,1755804087890,3,19574,17658,58723,0.3333333333333333,0,1,1,6,SUCCESS,19574,TkAwFuYrSZy68TC7WZ_dkg
1240,EsteemedArithmetic#9829,1746584196707,3,19575,18939,58727,0.0,0,0,0,7,SUCCESS,19575,Tyn_PJu5R1ik_mhbCN-xIg
1241,CurlyDataset#9821,1743784878013,3,19575,18596,58726,0.0,0,0,0,3,SUCCESS,19575,hUJRVsyAS6qhGVhpUPn3IQ
1242,TeamVaayu,1745366697289,3,19575,19467,58727,0.0,0,0,0,12,SUCCESS,19575,2UlTLNlmSOylrWCf3IcFhA
1243,VirtualMethod#0895,1744792216458,3,19576,19404,58729,0.0,0,0,0,1,SUCCESS,19576,OwwRwFyJR_mzpf5fssRtoQ
1244,AsynchronousAnalysis#1718,1737398165861,3,19577,17323,58733,0.6666666666666666,0,2,2,3,SUCCESS,19577,Oad431ZkS32K7Yj_mskE-g
1245,SecureDocumentation#5112,1749444540921,3,19580,15734,58742,0.6666666666666666,0,2,2,4,SUCCESS,19580,YprOvQbHTDCZPdHAPoR2VA
1246,ConnectedComment#2608,1758557470741,3,19597,15800,58793,0.6666666666666666,0,2,2,5,SUCCESS,19597,YjPz8GwGRnCZKGkd4Uq9fA
1247,HJSri#1719,1747902027858,3,19597,19261,58791,0.0,0,0,0,8,SUCCESS,19597,tB2iz6oVR1iQifFmmMmCgg
1248,patrick,1738784657588,3,19597,14124,58793,1.0,0,3,3,3,SUCCESS,19597,4a443eafcfbc46eea4a11w
1249,UpgradedBuster#5789,1755791735745,3,19598,12132,58795,1.3333333333333333,0,4,4,6,SUCCESS,19598,sLb3jrFYQpSUswa6Mo1S1g
1250,lsp,1748660707335,3,19599,16010,58797,0.6666666666666666,0,2,2,2,SUCCESS,19599,Ei3eHOCHTtaWQrOiHiIRGA
1251,DFW-Deepracer-05,1757718184579,3,19600,15604,58800,0.6666666666666666,0,2,2,2,SUCCESS,19600,1jpe2hQ1TziH_tdBwajgXA
1252,AF1-BillyTang,1746765667651,3,19617,15528,58853,0.6666666666666666,0,2,2,4,SUCCESS,19617,uVoW8ZWhRdWBwRTsUDfgbg
1253,WebParameter#9312,1747615222015,3,19618,18407,58855,0.0,0,0,0,19,SUCCESS,19618,P8e9MVFWTRmFYioJ5gdW_w
1254,CNZX-HFYa,1743501655440,3,19620,17530,58860,0.3333333333333333,0,1,1,4,SUCCESS,19620,bGfx0Ft0TI-5J1I6Q7VmqA
1255,Felipe-Lima-UFC,1745090217273,3,19623,14067,58869,1.0,0,3,3,5,SUCCESS,19623,P-g59HGXRPKATpL8ZKgP2w
1256,NullSystem#4341,1740535769895,3,19623,18803,58870,1.0,0,3,3,2,SUCCESS,19623,6qxwMFtLQqCkGLAN5yb6Ow
1257,ShanthanReddyKatukuri,1745007093590,3,19641,17736,58923,0.3333333333333333,0,1,1,8,SUCCESS,19641,siLeDDLlQ--691xUJMP46w
1258,AccessiblePoint#9542,1745945258197,3,19641,18732,58924,0.0,0,0,0,11,SUCCESS,19641,rpmFtZzjSti0WBzj-kBA1A
1259,BigPatch#5461,1744020245573,3,19642,17865,58928,1.3333333333333333,0,4,4,10,SUCCESS,19642,C4jP-GYGTPG--QHgHo0dsQ
1260,NullPresentation#4291,1748998724570,3,19643,18936,58930,0.0,0,0,0,4,SUCCESS,19643,yM4Kt3QzR_2uME_0ATt6sg
1261,gaowenyi,1754378308215,3,19643,19533,58931,1.0,0,3,3,8,SUCCESS,19643,72o7vHRgQ6WXk6JRa-EvVA
1262,Matas7575,1758090080748,3,19663,19400,58991,0.0,0,0,0,2,SUCCESS,19663,jvZB4Fw6QWiqUVXncbUVvQ
1263,IkerTrUN,1736491629772,3,19663,19000,58991,1.0,0,3,3,4,SUCCESS,19663,5em2wQLgSUiMpqjuCLqjyA
1264,ArtificialSlice#8965,1747148584896,3,19664,17994,58994,0.3333333333333333,0,1,1,8,SUCCESS,19664,4h4MUtTIRZ2vGmBajjsi2w
1265,GenerativeExpression#9213,1747637751596,3,19664,13600,58992,1.0,0,3,3,9,SUCCESS,19664,R4xoUmUAQLWeB6O4M2Zqzg
1266,QuickResource#5552,1748868513639,3,19664,17600,58992,0.3333333333333333,0,1,1,4,SUCCESS,19664,-vpXOse9QPacFaF8OeT0UA
1267,MiguelRyanDantasFreitas-IFPB#1128,1746240269588,3,19665,13740,58995,1.0,0,3,3,6,SUCCESS,19665,LrdDZ_MiSyW6SHfQkEhDnQ
1268,JoaoPedroBorges-CIMATEC,1746681774510,3,19665,14206,58996,1.0,0,3,3,12,SUCCESS,19665,5XStLRqUTgy7gScFo2c5Ww
1269,ASCIIVariable#8145,1749004906359,3,19666,17868,58998,0.3333333333333333,0,1,1,5,SUCCESS,19666,tc-kXGAfQuykpkw-egI28w
1270,ch1nkers#1,1757942195076,3,19668,17473,59004,0.3333333333333333,0,1,1,2,SUCCESS,19668,03faxMH4RS-KOXKoweYBwQ
1271,THEGE,1758200274328,3,19685,16997,59056,0.3333333333333333,0,1,1,14,SUCCESS,19685,HMh_vx6CQm-wRGSWEU4fuQ
1272,AsynchronousEnvironment#1696,1748204534830,3,19686,15335,59060,0.6666666666666666,0,2,2,7,SUCCESS,19686,QGGMpvN4SDaXYGUkjLLuLg
1273,dnp-yamada-M73-multi-user,1750726054211,3,19686,19399,59059,1.0,0,3,3,8,SUCCESS,19686,WDinCvDdRPmhIBI7xyc5fw
1274,IcaroEmanueldeQUchoa-IFPB,1746311081185,3,19705,17261,59117,1.3333333333333333,0,4,4,8,SUCCESS,19705,3s5k8aF-RyOA0dh4GmCILA
1275,LoopingDelta#1404,1752484004236,3,19707,12535,59122,1.3333333333333333,0,4,4,6,SUCCESS,19707,mWItvFXOTsSefPgVti8zKQ
1276,Lecatilloman,1737576348033,3,19708,14535,59124,1.0,0,3,3,7,SUCCESS,19708,bK0yIgr8RgGSJp0fjqhhvw
1277,QuickDuck#,1758287783734,3,19708,19201,59124,0.0,0,0,0,1,SUCCESS,19708,fK5-SRM0SquabsMBo0CVlg
1278,RecursiveDiff#1726,1752134846598,3,19710,16200,59132,0.6666666666666666,0,2,2,4,SUCCESS,19710,N5QUtTjkSIqTgrQbt-aJCA
1279,TabletScope#6709,1755544164625,3,19716,17596,59149,0.3333333333333333,0,1,1,4,SUCCESS,19716,byVkr-KGSy6FIwVgbvn-Xw
1280,CompleteNumber#6592,1742031919797,3,19730,19533,59190,0.0,0,0,0,2,SUCCESS,19730,0Kz62QPXTj2-dOcdlOieNQ
1281,EkyamAI-Abhisek,1747837545271,3,19730,15672,59192,0.6666666666666666,0,2,2,5,SUCCESS,19730,fcqShMLWSJStVkd-ULJSuQ
1282,DavidPeterson#7,1754489632232,3,19731,19468,59194,1.0,0,3,3,20,SUCCESS,19731,e-Wkhal7QgyGioCwnQ0RNg
1283,FormulaicCommand#0791,1746015084673,3,19731,19400,59195,0.0,0,0,0,14,SUCCESS,19731,5svtGJauTWaHc02u9NfJ-g
1284,510-YJY-01,1752207910377,3,19732,14665,59197,1.0,0,3,3,16,SUCCESS,19732,0Z8w-lEkR8eRxD2NX04oUA
1285,RobotCommand#1697,1747917498090,3,19732,18057,59198,0.3333333333333333,0,1,1,3,SUCCESS,19732,jMvWz-3KREmAPFSjZUrfNg
1286,Frenchie,1753480827870,3,19733,15397,59200,0.6666666666666666,0,2,2,1,SUCCESS,19733,auJZ3eXKTZKoYYMjPaQEdg
1287,NullDebugger#0507,1747178151231,3,19751,14664,59255,1.0,0,3,3,11,SUCCESS,19751,juV3M0_8QXulhmP-1kWAAQ
1288,NullTag#6956,1743670842518,3,19753,17604,59260,1.3333333333333333,0,4,4,19,SUCCESS,19753,la5Qco4VQ06WEu7O0RYByw
1289,ComplicatedConsole#0719,1755543315560,3,19760,17866,59281,0.3333333333333333,0,1,1,2,SUCCESS,19760,aKgCULi5Qoqvd832M7QmLw
1290,AccessibleEnvironment#9578,1747212433944,3,19774,19469,59322,0.0,0,0,0,2,SUCCESS,19774,69tcUfiJRB6I-K-A9_e0Ag
1291,DeepModel#6023,1759329759237,3,19776,19399,59329,0.0,0,0,0,4,SUCCESS,19776,hLSOBsbvS6-cD4e5y4LNVA
1292,WebLanguage#8193,1744035042288,3,19777,16466,59332,0.6666666666666666,0,2,2,2,SUCCESS,19777,kysYERMUQaK8j6qI6_QVLg
1293,BreakingPROD#6397,1757420157109,3,19779,16933,59338,0.3333333333333333,0,1,1,14,SUCCESS,19779,xk735tmnS5y8WxHR9hmkig
1294,Tiger-Neil,1746773587901,3,19780,17996,59340,0.3333333333333333,0,1,1,2,SUCCESS,19780,TfU0vNZCTI63top1GU3SEg
1295,121#1004,1759553838689,3,19797,19530,59391,0.0,0,0,0,11,SUCCESS,19797,ge0pqKTvRIqG8r4Od8hNkg
1296,RocketHypothesis#7736,1746048990636,3,19801,19004,59404,1.0,0,3,3,21,SUCCESS,19801,GNeQuhF_Qeiu6lFI-7NX1g
1297,J-Team#1,1758055270322,3,19819,19736,59457,0.0,0,0,0,3,SUCCESS,19819,ahv5NOYsSGuM26t23EIgEw
1298,NeedForSpeed-ElinorLiu-V1,1746764742302,3,19820,18129,59462,0.3333333333333333,0,1,1,9,SUCCESS,19820,-DrAShUsSFqlUaOFHSXggg
1299,Victor-Garcia-DataVrum,1758031370726,3,19820,16454,59460,0.6666666666666666,0,2,2,3,SUCCESS,19820,BwpQQXVUS7mf6Y_LOhI9vw
1300,Ruan-Andrew,1750460334943,3,19820,19330,59462,0.0,0,0,0,9,SUCCESS,19820,c4MeBT-5RzimaQrYZdz6Kw
1301,PrototypeCircuit#4301,1738507839219,3,19824,13996,59473,1.0,0,3,3,2,SUCCESS,19824,YzgGBVGdQpeAcGkZNovGYw
1302,GlobalArray#8210,1738807755539,3,19841,15664,59523,0.6666666666666666,0,2,2,7,SUCCESS,19841,Q0NodqM-SRak5YEmnCGUZQ
1303,Hitchhikers#1,1758051704032,3,19841,12800,59524,1.3333333333333333,0,4,4,2,SUCCESS,19841,wR1bSFDuQRO1SW8KIOtsjg
1304,RYANKU,1751102502123,3,19846,17738,59540,0.3333333333333333,0,1,1,4,SUCCESS,19846,fBH_qBW9Ql-s8OleyC8FXg
1305,AccessibleAbstraction#5389,1753811568986,3,19846,14800,59538,1.0,0,3,3,16,SUCCESS,19846,_FjhK9g7Tkaei3Flo755Sg
1306,KWON,1745299047119,3,19856,15004,59569,0.6666666666666666,0,2,2,10,SUCCESS,19856,DplPbQepT5iDPJ0_iSmzHg
1307,Mr-M,1736778649709,3,19863,16989,59589,1.6666666666666667,0,5,5,1,SUCCESS,19863,2ECHiXhgSUCFlZ8R-iSI9Q
1308,DraftPatch#7689,1736423484797,3,19887,18864,59662,0.0,0,0,0,2,SUCCESS,19887,JGbUZ83NSu2Dv0eoOsi7sw
1309,InteractiveTable#1826,1748246663380,3,19887,16072,59663,0.6666666666666666,0,2,2,4,SUCCESS,19887,3hT1ipxzS2CVjfLncXltCg
1310,CodePackage#9093,1746851374990,3,19908,14202,59725,1.0,0,3,3,14,SUCCESS,19908,9NWEjW_aTeS-phfSxIudrg
1311,CodeBooster#1594,1745685825486,3,19909,19328,59729,0.0,0,0,0,16,SUCCESS,19909,VbNNI0LGRrqjZn53pu4mCg
1312,brendan-team4,1745590301852,3,19929,18198,59787,0.3333333333333333,0,1,1,17,SUCCESS,19929,c-oy99sURaCT8GqJa_G7Yg
1313,RuanM-IFPI-LABIRAS#18,1746815740625,3,19930,12931,59790,1.3333333333333333,0,4,4,1,SUCCESS,19930,lW8G6LqtQrqe2Nm95HFhcg
1314,UpdatedTester#7795,1741666922319,3,19930,19603,59791,1.0,0,3,3,5,SUCCESS,19930,yyvfk0WjQU2tkj83ZRsMww
1315,ComplicatedBraces#9151,1753119167044,3,19931,12132,59794,1.3333333333333333,0,4,4,1,SUCCESS,19931,EMdqvFlMRXawQmsce_6_-w
1316,ArtificialMethod#7298,1748239181968,3,19943,19498,59829,0.0,0,0,0,8,SUCCESS,19943,gWN6ShJyQyutCUXCb09aqw
1317,ThisByte#8926,1741966676592,3,19951,19595,59855,0.0,0,0,0,3,SUCCESS,19951,-HMWQVlJQ_CqhmhJWMTEkw
1318,MachineBooster#5868,1738672035129,3,19953,19666,59861,1.0,0,3,3,3,SUCCESS,19953,J-f_w1kCSgOjRY-3zbfidw
1319,HigherHypothesis#7906,1737514113314,3,19954,13671,59862,1.0,0,3,3,1,SUCCESS,19954,2zDjRBpISGCWu2AflhOMgQ
1320,EUI-G9,1738443652776,3,19957,14934,59873,0.6666666666666666,0,2,2,33,SUCCESS,19957,x--C3zYnTES8arzgPhsPuA
1321,Team24-Sim,1758703787240,3,19973,16330,59919,0.6666666666666666,0,2,2,15,SUCCESS,19973,bg9lFhpQR1CatV0MtezhhA
1322,ImmutableAttention#7932PMA,1741768542719,3,19974,18198,59924,0.3333333333333333,0,1,1,9,SUCCESS,19974,U1wDlZKoQtyuWaNhHsVrdg
1323,RecursiveState#2234,1737621707225,3,19975,19731,59927,1.0,0,3,3,1,SUCCESS,19975,2iRKeAMMRhyy_oqSYBQvdw
1324,ContinuousLambda#6221,1755548875215,3,19981,17006,59945,0.6666666666666666,0,2,2,6,SUCCESS,19981,AOGMiSCoS9eZezg_8gnmzQ
1325,leafing2019#2019,1750503291909,3,19997,16060,59993,0.6666666666666666,0,2,2,1,SUCCESS,19997,YAHJfT0yQMGvOUbgiav__Q
1326,ShinChangSeob#9238,1752470066634,3,19998,14133,59995,1.0,0,3,3,11,SUCCESS,19998,jCg6TQYQTh2Jhb9moRnEYw
1327,heavensky,1748932962423,3,19999,19595,59998,0.0,0,0,0,3,SUCCESS,19999,60128e14ae744f97add87w
1328,STALIN#02,1745513255450,3,20005,18281,60016,0.3333333333333333,0,1,1,12,SUCCESS,20005,l20mU0KdT5WiFzw6dEIggw
1329,IterableFunction#7929,1737538288297,3,20018,17050,60056,0.6666666666666666,0,2,2,2,SUCCESS,20018,2NXMBaezRmmIU8qQqP0_EQ
1330,Tomas-INSPER,1746336382274,3,20018,16797,60056,1.3333333333333333,0,3,4,11,SUCCESS,20018,jXpNuokDTeW0c8LPbZf9rQ
1331,GlobalInterface#2052,1745074139549,3,20018,19534,60054,0.0,0,0,0,7,SUCCESS,20018,vj4sg8TdQq6OBeFBtXBWjQ
1332,BlockchainLoop#3479,1737715463122,3,20019,16520,60057,0.6666666666666666,0,2,2,1,SUCCESS,20019,uA4zSiWER4GpKJmm3DWW0A
1333,NeuralString#7192,1743572231722,3,20019,18132,60057,1.3333333333333333,0,4,4,9,SUCCESS,20019,Dvx_SLL3S8qzr26qiB5tCw
1334,Helpful486#1459,1752228445179,3,20020,14397,60060,1.0,0,3,3,4,SUCCESS,20020,vk3_7W6LStqfVh5GKE9nSw
1335,DAVI-FACUNDO-UFC#8159,1751833898014,3,20021,16402,60063,1.6666666666666667,0,5,5,6,SUCCESS,20021,55b4--qvQ9-LLp8UxyrARA
1336,CompleteTest#3899,1740937550537,3,20041,19464,60123,0.0,0,0,0,1,SUCCESS,20041,iIeUgdKCRiakldQW1hJjYw
1337,FunctionalHypothesis#5561,1752223182605,3,20042,19732,60126,1.0,0,3,3,12,SUCCESS,20042,gGAJrxO6RiySDIeFOjJHew
1338,FabioNhoncanse,1752170958020,3,20042,15465,60127,1.0,0,3,3,1,SUCCESS,20042,SSzuFmtVS82_WBRzdt_6pg
1339,cc25-022,1757560065579,3,20044,19735,60132,1.0,0,3,3,5,SUCCESS,20044,pBuMe4qTTh2D0WLY87QEig
1340,CompileDrive,1753769225589,3,20047,18660,60143,0.3333333333333333,0,1,1,16,SUCCESS,20047,lk9EEiyfRC-esoRLql9_8Q
1341,BrainyEvaluation#8535,1747641233264,3,20062,13998,60188,1.0,0,3,3,16,SUCCESS,20062,jW32LKDKQlu235iCToZneg
1342,ProgrammingGlyph#1588,1757884062188,3,20063,15663,60191,0.6666666666666666,0,2,2,4,SUCCESS,20063,R1bJWltsT9igaEYooorKLw
1343,Natalia17,1752967288762,3,20065,17661,60195,0.3333333333333333,0,1,1,4,SUCCESS,20065,sU1DuMW2Q2qp87Ol40qBgQ
1344,UrgentModel#9532,1740158729968,3,20081,18462,60245,0.3333333333333333,0,1,1,1,SUCCESS,20081,dNAu7qxaQduZA7VS6wgSXg
1345,ContinuousAbstraction#1086,1736979086069,3,20085,17733,60257,0.6666666666666666,0,2,2,6,SUCCESS,20085,MalYDhzKTV-ySSrEXH4UaQ
1346,DigitalFunction#1724,1738669390644,3,20085,19730,60257,1.0,0,3,3,3,SUCCESS,20085,CAkL6JdNShqqJLjqiBOkFQ
1347,HigherDiff#2681,1751267756353,3,20085,19871,60257,0.0,0,0,0,11,SUCCESS,20085,386xFJIASQ6FtGijcS4A2Q
1348,Zym,1753138326166,3,20086,14257,60259,1.3333333333333333,0,4,4,9,SUCCESS,20086,gKKY-jfvTwyhjBC3mXclWQ
1349,cc25-031,1758227487478,3,20086,16720,60259,1.6666666666666667,0,5,5,2,SUCCESS,20086,gB-q1q4gSU26k7w_NfSs-w
1350,Tobs,1758265023657,3,20086,19991,60258,0.0,0,0,0,9,SUCCESS,20086,7lS-qzzLTcek8Z37x2yIZw
1351,bb0227013,1750062103949,3,20107,19861,60323,1.0,0,3,3,1,SUCCESS,20107,tjoE78n8TlmHuNbAP7CXLg
1352,GuilhermeToledoUFCG,1745464678166,3,20107,17542,60323,0.3333333333333333,0,1,1,1,SUCCESS,20107,If__abwxSB6Mzy8C4DAtsA
1353,cc25-085,1757529353860,3,20108,17803,60326,1.3333333333333333,0,4,4,4,SUCCESS,20108,mQZfb9XSR7-kb3SXMtMctA
1354,bwon-chwy-2025,1738165539239,3,20108,18059,60325,0.3333333333333333,0,1,1,7,SUCCESS,20108,2I1soObeQWaFHKjRTTcx-A
1355,UsableSpec#3038,1753841518965,3,20109,17466,60328,0.3333333333333333,0,1,1,8,SUCCESS,20109,HvmEH5umSpO4ggET9dTq4w
1356,MemoryArray#3964,1755548568719,3,20110,18671,60332,0.0,0,0,0,5,SUCCESS,20110,7h4nwviqSYa31CkSLqDHeA
1357,teamTiger,1744321179024,3,20111,16531,60334,0.6666666666666666,0,2,2,11,SUCCESS,20111,iY9FXG-2Ri2xY65t9mUK9A
1358,Zero-dayEnvironment#6876,1745917834874,3,20118,18078,60355,0.3333333333333333,0,1,1,4,SUCCESS,20118,yugT3BPmS6iOY9F_hT4wSA
1359,Abhilavu,1759348771985,3,20125,16310,60376,0.6666666666666666,0,2,2,4,SUCCESS,20125,kvYVHTYFSh2WPIXiXrNtTA
1360,CrypticRequirements#2161,1738154306001,3,20129,13130,60388,1.3333333333333333,0,4,4,4,SUCCESS,20129,wDjW-qBuSVeEADTo0S9blQ
1361,ky02,1756968669304,3,20136,19864,60410,1.0,0,3,3,20,SUCCESS,20136,uwsOZO2pTu63hh2SOOzutg
1362,VariableSequence#8380,1749217652272,3,20154,16465,60462,0.6666666666666666,0,2,2,2,SUCCESS,20154,PRP5L2eTQ8mcFQa62xQ2bw
1363,ProgrammingError#9418,1745491086348,3,20154,14859,60463,1.0,0,3,3,3,SUCCESS,20154,_eH7OPKOS2C2ohlUhJHljw
1364,cc25-029,1757613636354,3,20176,18260,60530,1.3333333333333333,0,4,4,3,SUCCESS,20176,XOS2xTMYQt6F_ZPfQFRPUg
1365,FiniteRequirements#2598,1752395572541,3,20197,15192,60593,1.0,0,3,3,14,SUCCESS,20197,fAaLK4ZXRY-XgPD6qT5dOA
1366,GenerativeArchitect#5449,1738277749069,3,20198,13472,60596,1.3333333333333333,0,4,4,1,SUCCESS,20198,UsCp97HcQ4WWxM-Ufwc-Ag
1367,IntelligentDelta#4901,1757509160554,3,20199,18192,60599,0.3333333333333333,0,1,1,11,SUCCESS,20199,q5J06KlnSiS7i5UIpMi33Q
1368,AnuPriya,1757921864849,3,20199,18527,60598,0.3333333333333333,0,1,1,6,SUCCESS,20199,CgpGJufiRruzJ6Xpwfrqbg
1369,DesertDareDevilsTeam4,1741747301220,3,20219,18396,60658,0.3333333333333333,0,1,1,13,SUCCESS,20219,YfWavB61RGG76RaBtpmrqA
1370,dnp-satou-k178-multi-user,1750664601106,3,20220,17926,60661,0.3333333333333333,0,1,1,9,SUCCESS,20220,7Kvb1Ls3Sl-XiKlgGN3LUw
1371,AbbeyAbiodun,1755527755695,3,20220,19997,60662,0.0,0,0,0,7,SUCCESS,20220,rz2BbeuSQzmlO8FihCNvJw
1372,Eduardo-Schneider-Monteiro-de-Barros,1757899454700,3,20222,19396,60667,1.0,0,3,3,12,SUCCESS,20222,_osJeqCITCehgfhF_Er7-g
1373,SquareString#2692,1753190831892,3,20224,17662,60672,1.3333333333333333,0,3,4,4,SUCCESS,20224,l8YNK-Q9SJqfJZRlgAWC5Q
1374,ComplexEvaluation#2397,1743998119428,3,20241,18201,60724,0.3333333333333333,0,1,1,5,SUCCESS,20241,TQ6Y44wXRjyoXCy8J--Nfw
1375,FerozAlly,1748868058066,3,20241,17934,60725,0.3333333333333333,0,1,1,4,SUCCESS,20241,R1wPiARRT2iz9743UkIj9g
1376,gclements-chwy,1752090285765,3,20242,16858,60727,0.6666666666666666,0,2,2,1,SUCCESS,20242,li_4G4sLTDytt2OSyUg25g
1377,HashableGrid#3296,1747585289137,3,20242,17597,60727,1.3333333333333333,0,4,4,4,SUCCESS,20242,2eMn8ke-QZmfvN-AoNteZg
1378,cc25-039,1757301412383,3,20263,18673,60789,0.3333333333333333,0,1,1,3,SUCCESS,20263,pc-1wN0bRN-Zry6JVAV5Xw
1379,SolvableBreaker#2725,1737495353617,3,20264,17391,60793,0.6666666666666666,0,2,2,3,SUCCESS,20264,CwDwx9LcQPi8WCIKtr-hqA
1380,ASCIIArray#9950,1742098961794,3,20265,16404,60797,0.6666666666666666,0,2,2,3,SUCCESS,20265,Cx11dvynS2Ggotg4-kEfOg
1381,InteractiveScope#4728,1755404287529,3,20266,17536,60798,1.3333333333333333,0,4,4,8,SUCCESS,20266,IAEMyjeuTd2ajEjdEoMyEA
1382,BetaSemicolon#9595,1755110418142,3,20286,18333,60859,0.3333333333333333,0,1,1,10,SUCCESS,20286,8HAkjV5TRvKouSPHzlSOww
1383,QualifiedCommand#2169,1745096350088,3,20287,16664,60862,1.6666666666666667,0,5,5,7,SUCCESS,20287,8occCns0TWi2h16nJjzlRA
1384,KwidGTR-Vinicios,1758195133308,3,20287,18796,60862,0.0,0,0,0,7,SUCCESS,20287,2C_g7lABRTetr3vH7L2zFw
1385,H-Kataoka,1750730661191,3,20308,20068,60926,0.0,0,0,0,11,SUCCESS,20308,5p83vKNTSt2Tnr1HupIXaQ
1386,TIF-NYC-Racers,1751409747418,3,20308,19729,60924,0.0,0,0,0,6,SUCCESS,20308,61QqpgA2Q5u9aH4wE3B4TA
1387,PrimeTag#4798,1738850172785,3,20308,18526,60926,0.3333333333333333,0,1,1,14,SUCCESS,20308,X3rx8wVoSPi4wnXIQ7hsug
1388,Rafael-Cezimbra-CIMATEC,1744161248143,3,20309,18197,60927,0.3333333333333333,0,1,1,11,SUCCESS,20309,byTMemU7RS-809tbb235Og
1389,NumericBreaker#9766,1741360209063,3,20309,16661,60927,0.6666666666666666,0,2,2,4,SUCCESS,20309,aYnZYednSZCj3sc52xgoog
1390,ComplicatedLog#0094,1743783831583,3,20329,20203,60987,0.0,0,0,0,2,SUCCESS,20329,yxNaeeFBRr-6S69dmKpOSw
1391,ProcessingGame#6870,1746237203624,3,20331,20261,60993,1.0,0,3,3,2,SUCCESS,20331,Yc_z4wRIQLibPthIhqy3zw
1392,ComplicatedCoder#3760,1747936057444,3,20334,16266,61003,0.6666666666666666,0,2,2,3,SUCCESS,20334,3bbK7_-wTie7ls3xBO2YaQ
1393,CreativeLog#7518,1745172124749,3,20334,11004,61002,1.6666666666666667,0,5,5,5,SUCCESS,20334,BL6rUyzwRTyRZIIWozNdiA
1394,TaikaRacer007,1743398627990,3,20352,19399,61058,0.0,0,0,0,5,SUCCESS,20352,DVgA5klTRzqUX1Nlms71Kg
1395,Marcos-UFC,1745123792304,3,20352,19925,61058,1.0,0,3,3,13,SUCCESS,20352,G5xfdEfbSq-MlcEeBxz9MQ
1396,Dave14,1757930743521,3,20353,18598,61061,1.3333333333333333,0,4,4,1,SUCCESS,20353,STufdo0CTNarVkvliuwaxg
1397,loros-2,1741381003382,3,20353,19000,61060,0.0,0,0,0,11,SUCCESS,20353,6s6QBhPXTaGNOWCFIGwzMQ
1398,CurlyTester#9895,1744788513794,3,20354,20335,61063,0.0,0,0,0,1,SUCCESS,20354,hJJS7axvSvORn0f_w_tNpw
1399,BooleanScript#6693,1742792122675,3,20376,17930,61130,1.3333333333333333,0,4,4,20,SUCCESS,20376,XT5cpjcmQxaREVbjUzjCLQ
1400,qian#04,1745928314613,3,20377,18270,61131,0.3333333333333333,0,1,1,5,SUCCESS,20377,qKTZRCi5RLaODYRqet_jhw
1401,AutomatedExpert#3750,1742303254398,3,20377,18270,61132,0.3333333333333333,0,1,1,3,SUCCESS,20377,FrWBh6MBT6KErpJL03A8fA
1402,Team2TzeWeng,1757469367439,3,20395,20140,61185,1.0,0,3,3,21,SUCCESS,20395,TIETRzfdR2CzcFRDh-Up_w
1403,ArtificialSchema#6928,1758063637657,3,20395,20071,61187,0.0,0,0,0,2,SUCCESS,20395,VQzjsYCyRimyhWduGrkEng
1404,DraftArithmetic#3208,1743750398064,3,20396,19065,61190,0.0,0,0,0,3,SUCCESS,20396,lasdcN7dRbeepMug-N1c2A
1405,ConnectedBraces#0925,1754937824780,3,20396,12932,61190,1.3333333333333333,0,4,4,10,SUCCESS,20396,zBHPT4S9S1al5is8A4TXkw
1406,JoaoPedroDeLimaESilva2IFPB,1746443420021,3,20397,13202,61192,1.3333333333333333,0,4,4,2,SUCCESS,20397,9RIYTbGwQ-6l3mxLihpfbA
1407,EUI-G12,1738595533531,3,20406,19529,61219,0.0,0,0,0,20,SUCCESS,20406,8gjLcRX_R9uXRlT0K6Kcwg
1408,SOCKS,1752107636234,3,20408,18602,61224,0.3333333333333333,0,1,1,22,SUCCESS,20408,Ioy4yE8kQQS1FwhULKEBLw
1409,Team16-WaiKeat-One,1758621745900,3,20411,18671,61235,0.3333333333333333,0,1,1,2,SUCCESS,20411,wbuI5IE6Suqlc7BP0WqCWg
1410,Provisional486#9279,1747433227599,3,20420,20004,61262,0.0,0,0,0,7,SUCCESS,20420,TCowgyVrQOCgGVjFr2H3Pw
1411,ReferencePoint#4303,1747335130304,3,20420,19597,61260,0.0,0,0,0,3,SUCCESS,20420,rAd1FhVVT2mkmduv-EfzSw
1412,PathFinder#1,1738246203120,3,20421,20139,61265,0.0,0,0,0,6,SUCCESS,20421,AJtfdb6DQc2AQkSYqIs52g
1413,IApertados-IFPB,1746209030880,3,20440,16669,61322,0.6666666666666666,0,2,2,4,SUCCESS,20440,djhJXjtXTN6RTCZkJJw_dg
1414,ComplexFix#9500,1746437281116,3,20441,20322,61325,0.0,0,0,0,2,SUCCESS,20441,FWbph_61RbSNDURgVVS8pA
1415,LeetRequirements#6886,1743808411969,3,20442,16137,61328,0.6666666666666666,0,2,2,6,SUCCESS,20442,I55A-FLHSa-CA5orc9P5gQ
1416,EUI--G3,1738374626254,3,20442,16269,61326,0.6666666666666666,0,2,2,22,SUCCESS,20442,VQs72sBrRVeo1Ww4cTV8nw
1417,NTI-G14-my,1738706708834,3,20442,17868,61326,1.3333333333333333,0,4,4,3,SUCCESS,20442,7q34b1PuTxiU7jymR1kwDQ
1418,HelpfulModel#6741,1745546333904,3,20442,14326,61328,1.0,0,2,3,14,SUCCESS,20442,mn-nqJ4tRBOZ1l560fYDEA
1419,Aimar-ZubiriManteo#0001,1747301708249,3,20443,14136,61330,1.0,0,3,3,7,SUCCESS,20443,iNaBR8cpSo60POpACGOYtg
1420,gigi-DNPds,1738049609982,3,20444,14459,61332,1.0,0,3,3,1,SUCCESS,20444,nkTUmamiSOWmb8YpN0p7aw
1421,GFTL,1744351179827,3,20449,18132,61347,1.3333333333333333,0,4,4,3,SUCCESS,20449,UlsaMwMpTcW97XCuQjyZcw
1422,G13-Mynor-William,1757874815246,3,20462,20201,61388,1.0,0,3,3,5,SUCCESS,20462,uXEdZSwuRc6R7LfwX54YHA
1423,EncryptedArchitect#6042,1749210777753,3,20463,18540,61389,0.3333333333333333,0,1,1,2,SUCCESS,20463,4QmUtQLmSvGHKFeAuOSMNw
1424,Caihao,1744605972193,3,20464,18466,61394,1.3333333333333333,0,4,4,12,SUCCESS,20464,JuzIqE8KSSikF2gAwQNkJg
1425,SequentialLoop#3554,1738575003916,3,20464,15398,61394,1.0,0,3,3,7,SUCCESS,20464,91J9AvN8TDGg4lxjn0Q_yQ
1426,Hypnozze,1736471821018,3,20466,16466,61400,0.6666666666666666,0,2,2,1,SUCCESS,20466,aloyCgU-Rg-7P8wYuHlPDg
1427,ASCIIZone#0720,1741345491107,3,20467,16594,61403,0.6666666666666666,0,2,2,8,SUCCESS,20467,2MQIXDx1TzqD0IkH2Jf09A
1428,Team2Randy,1744919468452,3,20472,13653,61417,1.3333333333333333,0,4,4,4,SUCCESS,20472,42TtSgerQJuW_W4aALXBRQ
1429,WebRequirements#9363,1749354058111,3,20485,19601,61455,0.0,0,0,0,2,SUCCESS,20485,61BgIYhSRsGXyHVx5337YQ
1430,PassingBuster#0064,1736339541448,3,20486,19672,61459,0.0,0,0,0,7,SUCCESS,20486,4A5G-7pjR2K85IaK0mMiPg
1431,BrunaXavier-FastNimbus,1758056633690,3,20486,14805,61459,1.0,0,3,3,4,SUCCESS,20486,_OMUTwSiT7mt9px2P6oavQ
1432,AndrewDev,1758276958331,3,20486,18401,61460,0.3333333333333333,0,1,1,2,SUCCESS,20486,tsvf78zsSiGFno067gQseQ
1433,NoHuddle,1758194528170,3,20487,17867,61461,0.3333333333333333,0,1,1,16,SUCCESS,20487,VnqNtVzPRweJZrYSon-G5w
1434,JTR,1752472432694,3,20490,14929,61470,1.0,0,3,3,2,SUCCESS,20490,bv7mcmBERvC70um9eQn9Qw
1435,Anaobombado,1754228815753,3,20507,12994,61521,1.3333333333333333,0,4,4,32,SUCCESS,20507,xzXJrK-IRsSOEykdlCLiiA
1436,NeedForSpeeDR-ChrysostomosKoumides,1747908161963,3,20507,13522,61523,1.3333333333333333,0,4,4,6,SUCCESS,20507,7h_hL-jST2q41cZcN_Eg4A
1437,Cheyne,1749048256564,3,20507,17653,61521,0.6666666666666666,0,2,2,4,SUCCESS,20507,Vflemai-QDqx9KNd8ZRVjw
1438,TestingSandbox#9025,1739760482236,3,20507,16989,61523,0.6666666666666666,0,2,2,1,SUCCESS,20507,EyH3KRsWQ6qLJNeW-swZgg
1439,CurlyNumber#2137,1737759115988,3,20508,18267,61524,1.3333333333333333,0,4,4,4,SUCCESS,20508,BpRW3ZlJSAeTWkhPZ-dz5w
1440,RuanMacedo-IFPI-Labiras#2,1745842923782,3,20510,11595,61530,1.6666666666666667,0,5,5,4,SUCCESS,20510,vRz9-BU0TTqWFuKjIxTOkg
1441,NumericObject#2984,1745920886906,3,20530,16405,61591,0.6666666666666666,0,2,2,19,SUCCESS,20530,LpBwjJUiRXOtVmiJ7u4zcw
1442,GlobalTable#4860,1745320737600,3,20531,19601,61594,0.0,0,0,0,3,SUCCESS,20531,vQvuoXMxTPikFdsrDaA1mg
1443,DiegoBorba,1745463884252,3,20535,12798,61605,1.3333333333333333,0,4,4,5,SUCCESS,20535,plzaDZYbTVWtkHzhSEIpvQ
1444,ForestFlyerTeamTwo,1741745218166,3,20538,16802,61616,0.6666666666666666,0,2,2,5,SUCCESS,20538,1_95DMIzQjWv0cfX7Pt1Lw
1445,kyletsai#475721339532,1756773860233,3,20549,20397,61649,0.0,0,0,0,3,SUCCESS,20549,WExtnF2rRQeoCSkNSSS0Bw
1446,TestingError#4623,1756915195682,3,20551,20398,61653,0.0,0,0,0,16,SUCCESS,20551,APa_-T9hR5OwzE_aK5cjvA
1447,MK-Schumacher,1758481356743,3,20552,19994,61657,0.0,0,0,0,4,SUCCESS,20552,eeHRiWvxS0KyLPpwPbw9bw
1448,PathingArray#0351,1742652631983,3,20552,20331,61658,0.0,0,0,0,3,SUCCESS,20552,3qb-A0-WQXyowdSJ0CMxbA
1449,Team1-Liao,1745935094702,3,20554,20465,61663,0.0,0,0,0,8,SUCCESS,20554,Q5ILCVWbQSexNpmy3LEfww
1450,MartinNanchev,1740155786362,3,20574,13063,61722,1.3333333333333333,0,4,4,1,SUCCESS,20574,dUcMJCRDRymEXu5vVXaqPw
1451,CompleteSystem#3497,1740515830597,3,20575,18796,61726,0.3333333333333333,0,1,1,9,SUCCESS,20575,g63A3NkZTdqdOhC9HRbVhA
1452,QualifiedBottleneck#9547,1750001480835,3,20597,17788,61792,0.6666666666666666,0,2,2,11,SUCCESS,20597,AHjk5EY3SDuI4tDsoqmc6A
1453,kingBatJoo,1753679671642,3,20599,20463,61798,0.0,0,0,0,6,SUCCESS,20599,b2Zm8oXPReuBYP6vxcdNJg
1454,ProgrammingPoint#5666,1756189777722,3,20601,18533,61805,0.3333333333333333,0,1,1,2,SUCCESS,20601,gVaAWvibSZarFOp-ZXq68w
1455,TechnicalDataset#7475,1744789416858,3,20619,19671,61859,0.0,0,0,0,1,SUCCESS,20619,BqXdcWTFQKaqRbNLc1iZVQ
1456,NitroX#1,1756810206200,3,20619,15067,61857,1.0,0,3,3,4,SUCCESS,20619,kO64VeLWTOOcqJGRKTCnjw
1457,IterableTester#5704,1755006626203,3,20620,20339,61860,0.0,0,0,0,1,SUCCESS,20620,HvcLLBEhTaGJAIkCvnfyeg
1458,lucas-gabryel,1744659893936,3,20621,20004,61863,1.0,0,3,3,6,SUCCESS,20621,SLkPERs-TIeDHzTZpqnxxw
1459,EsteemedFix#2057,1744602814779,3,20641,17649,61924,0.6666666666666666,0,2,2,2,SUCCESS,20641,Ye5UP6vMQd6AfvOIv_7vVw
1460,CreativeTheory#5138,1738845761708,3,20641,20265,61925,0.0,0,0,0,4,SUCCESS,20641,t9PiBOzUTQe1HQKGCz-mfQ
1461,AutomatedLambda#7759,1753084862849,3,20642,20395,61927,1.0,0,3,3,3,SUCCESS,20642,6nGtShuFTcapXStrbNWq2A
1462,ContinuousModel#3748,1747045058620,3,20643,20269,61930,0.0,0,0,0,3,SUCCESS,20643,Kc0LpxOTQQabeUxyj9ayKA
1463,petertrn#8399,1756948592315,3,20644,13536,61932,1.3333333333333333,0,4,4,5,SUCCESS,20644,ax8DGXQfQD-5SH1HEIHjHQ
1464,IterativeToken#9842,1751984786917,3,20647,11599,61941,1.6666666666666667,0,5,5,12,SUCCESS,20647,5g4AFYHsQZWw7LpNtFMcsQ
1465,Lee#1104,1752243113003,3,20664,15324,61992,1.0,0,3,3,15,SUCCESS,20664,T53cxysdRpe4pKQTzJBXog
1466,BrunaNeves-UNIFACISA,1746483328475,3,20664,20060,61992,0.0,0,0,0,9,SUCCESS,20664,dG_w99EESluBoL8aY5w2EA
1467,NuclearBlast,1744037663425,3,20665,17269,61996,0.3333333333333333,0,1,1,5,SUCCESS,20665,J74YgsPUQ6mnPNyVuUuBeA
1468,TabletNamespace#8473,1736507430408,3,20665,20197,61995,0.0,0,0,0,2,SUCCESS,20665,lFVE6ZhzS3C87ntREqFGMQ
1469,HashableEvaluation#2114,1752523143542,3,20667,18404,62002,0.3333333333333333,0,1,1,3,SUCCESS,20667,oQ0QZhL9QlC7SJHTLkD1XA
1470,elyssajkim,1738044929222,3,20685,18801,62057,0.3333333333333333,0,1,1,1,SUCCESS,20685,DcaljxMzTrmTkYH0_hNRyw
1471,Boolean486#3719,1758499905074,3,20685,19997,62055,0.0,0,0,0,1,SUCCESS,20685,V3sV9pkESRuZye0njizniA
1472,JavaInterface#6392,1741279931122,3,20685,18870,62056,1.3333333333333333,0,4,4,10,SUCCESS,20685,7VMdTW-UQrmoKM3a4lPKXg
1473,TechnicalDigit#6049,1753600071851,3,20686,14866,62059,1.0,0,3,3,12,SUCCESS,20686,fBIB7MieSS-TcR38gHHMlA
1474,FunctionalUpdate#6714,1755784190821,3,20686,17002,62058,0.6666666666666666,0,2,2,6,SUCCESS,20686,cPnAwt1OS46z_vGKu3tTTA
1475,Mario-GTR,1758557207863,3,20686,13271,62059,1.3333333333333333,0,4,4,23,SUCCESS,20686,L020s6ewRaCUCgKOI7QBvw
1476,SecureVariable#5481,1759331269868,3,20687,20530,62061,0.0,0,0,0,1,SUCCESS,20687,Xw3WRskmQemGnCY1Wrws7g
1477,CodeConsole#7990,1745385855331,3,20688,18402,62064,0.3333333333333333,0,1,1,4,SUCCESS,20688,i9NLTD_QRv2IdxK02ovfmg
1478,akshat,1747747156117,3,20707,19064,62122,0.3333333333333333,0,1,1,6,SUCCESS,20707,piT7HQsESbqYD1Hgn8J2Sw
1479,Parag-the-Speedster,1748422494717,3,20708,20072,62126,0.0,0,0,0,18,SUCCESS,20708,kVdbJIyzQjW6UAri747GhA
1480,Wheres-My-Library,1737265787266,3,20708,20266,62124,0.0,0,0,0,9,SUCCESS,20708,FhHU1C_oTZKEJquZRb0UsQ
1481,AlphaBottleneck#9539,1752219194580,3,20730,18664,62191,1.3333333333333333,0,4,4,8,SUCCESS,20730,GuqtP2YMT2qmfPBH84ISWQ
1482,EdivarFilho-UFC#5921,1753227923530,3,20731,16731,62195,1.6666666666666667,0,5,5,10,SUCCESS,20731,v6LoIggyS5WXH-Gg6lx15A
1483,25Pquanlina,1752662786593,3,20733,18867,62201,0.3333333333333333,0,1,1,1,SUCCESS,20733,ubtk7-4bTdajEOsYFLB6RQ
1484,MechanicalShell#3029,1737739197522,3,20733,15611,62201,1.0,0,3,3,4,SUCCESS,20733,XEi8fvMkTeuxiEzeVEOd4g
1485,InteractiveSwitch#7686,1751500724722,3,20739,20349,62218,0.0,0,0,0,4,SUCCESS,20739,j5CORRmRTLaL82Xd76QwSw
1486,UpgradedValue#0954,1754251408575,3,20752,11728,62256,1.6666666666666667,0,5,5,1,SUCCESS,20752,oSlqy_T1RRaKRW1rBQ2Mng
1487,EncryptedOrder#6593,1748871892487,3,20753,12936,62261,1.3333333333333333,0,4,4,5,SUCCESS,20753,WMeUQMM4SX6xmp58-dLNHw
1488,NeedForSpeed-Joanna,1746768021850,3,20753,17066,62259,0.6666666666666666,0,2,2,3,SUCCESS,20753,4UbQ7KyXRZym0wj6mtaNNg
1489,AgileCoder#5563,1758644713802,3,20754,20405,62262,2.0,0,6,6,4,SUCCESS,20754,QlGqlSJ2TWW-OD3v5b_dtg
1490,RiverRunnersTeam3,1741854785826,3,20754,18727,62262,0.3333333333333333,0,1,1,10,SUCCESS,20754,hnp9CPFGSgqYh25QpURcoQ
1491,ImportantCharacter#9566,1743141816668,3,20775,18000,62325,1.3333333333333333,0,4,4,12,SUCCESS,20775,N6AVf8vzQ0291np5t6P8LQ
1492,FunctionalEnvironment#3339,1740571212691,3,20775,20336,62326,1.0,0,3,3,3,SUCCESS,20775,9_KCIn3kRj6oV7Rx1gMR-g
1493,Cicero-UFC,1745252276545,3,20775,16665,62327,1.0,0,3,3,20,SUCCESS,20775,zmXV6bSHTSidxROv7RuLtQ
1494,Atos-Sudhir-Jethwa,1747416568605,3,20775,18065,62327,0.6666666666666666,0,2,2,1,SUCCESS,20775,RIgvxjtNQeaDVfiaz01Pug
1495,Lento,1744097785486,3,20776,19996,62328,0.0,0,0,0,1,SUCCESS,20776,bJQ9CwdiQTK5TnMS6fYw4w
1496,EssentialTAM,1751917172738,3,20795,19932,62385,0.0,0,0,0,1,SUCCESS,20795,QFab4oleRgyWxSK0PG3E1g
1497,ViniciusCarvalhoPimpim-UNICAMP,1746679855577,3,20799,14862,62397,1.0,0,3,3,6,SUCCESS,20799,-lkT81zdTVmh4MhFoYgkdw
1498,TeamUmbraGuards-AntonManyakin,1747914675571,3,20799,18204,62398,1.3333333333333333,0,4,4,8,SUCCESS,20799,vMn-JhyvRh-ERJxkNGsStQ
1499,CloudPilots-sravan,1747898060718,3,20801,11463,62404,1.6666666666666667,0,5,5,5,SUCCESS,20801,PwOwcot_Sl2hMUrTlS7_hA
1500,SquareTech#8933,1747434062492,3,20810,20662,62432,0.0,0,0,0,2,SUCCESS,20810,q1AcSyLHQkG4iaKkVDWAsw
1501,VariableSpec#8704,1755544296740,3,20819,20655,62457,1.0,0,3,3,1,SUCCESS,20819,EhGT4VBjTUWMycXJGRPqFg
1502,CleanValue#3860,1758561647748,3,20820,18929,62461,1.3333333333333333,0,4,4,3,SUCCESS,20820,6kzyaCiqRr-MJkTatkjNiA
1503,NeuralNitros-team,1745348860481,3,20820,19865,62460,0.0,0,0,0,3,SUCCESS,20820,Yhi9CCX2TtqqCJOqXAsytw
1504,M4R,1758252142641,3,20825,18734,62476,0.3333333333333333,0,1,1,6,SUCCESS,20825,t5OmFNyOR8qs7_96kzQ4uQ
1505,CreativeNetwork#3831,1752880071535,3,20841,14936,62525,1.0,0,3,3,2,SUCCESS,20841,aDl6Vj0QSxWg9O1MLLaERg
1506,ProvisionalTester#6302,1742963974446,3,20843,19464,62529,0.0,0,0,0,9,SUCCESS,20843,CbeWTVFVQbKS8ekOybYFww
1507,AtomicNode#5800,1748077362544,3,20846,20337,62539,0.0,0,0,0,6,SUCCESS,20846,Db_SS5WRTHq_Eeuph5MUZA
1508,EUI-G14,1738632344842,3,20861,15460,62584,1.0,0,3,3,28,SUCCESS,20861,u7rjmoQsRVu_U6PWmSvnUg
1509,dnp-akiba-t4-multi-user,1750660065579,3,20864,17400,62592,0.6666666666666666,0,2,2,1,SUCCESS,20864,FrcDyUz-QhW508ck0k_q3g
1510,901-jsm-01,1752653989793,3,20864,16598,62592,1.6666666666666667,0,5,5,3,SUCCESS,20864,Nw_ua0QlRQuJ6NLf35vY0Q
1511,IcemanTaylor,1738831818809,3,20864,16864,62592,0.6666666666666666,0,2,2,7,SUCCESS,20864,snHaoM1HQ26NW1rMO2MRFQ
1512,Team28-DowHong,1758409353266,3,20867,17861,62601,0.6666666666666666,0,2,2,6,SUCCESS,20867,qnj7yOuKSk6Q0vIY0XwhDQ
1513,Sonza,1746661270073,3,20887,17063,62662,1.6666666666666667,0,5,5,4,SUCCESS,20887,hnRZuA4ZTRqNPJlCTPVrSg
1514,InteractiveString#7532,1737619132491,3,20907,18058,62722,0.6666666666666666,0,2,2,1,SUCCESS,20907,DYTOarjzQH6WC8M4HvBlAA
1515,WssiheliodeMedeirosVasconcelos-IFPB,1746576268164,3,20909,17065,62728,1.6666666666666667,0,5,5,4,SUCCESS,20909,po_BPFlMRAiVJq1LMoTN8Q
1516,NotSoSly,1740646643796,3,20914,18531,62742,0.3333333333333333,0,1,1,7,SUCCESS,20914,W8IG9IAXTBK3aRXZhvZSBw
1517,CreativeOrder#0008,1746618118170,3,20931,20529,62795,0.0,0,0,0,3,SUCCESS,20931,kxG_0ndPQfGbbvCrY-e1gw
1518,Python486#8598,1750012523336,3,20931,16997,62794,0.6666666666666666,0,2,2,2,SUCCESS,20931,zRA4psY_Rc-MlxePrImJog
1519,mf,1744101768151,3,20932,20268,62796,1.0,0,3,3,11,SUCCESS,20932,VlowjBSgSYaXZaLFMa6i2Q
1520,mclATgene,1752260418767,3,20951,18662,62854,0.6666666666666666,0,2,2,3,SUCCESS,20951,LLeDp3JmSCOM_SI7RcWhSw
1521,LoopingScope#3324,1738771291115,3,20952,20724,62856,0.0,0,0,0,9,SUCCESS,20952,edWjxd_lRJaiub_9cWzq3Q
1522,NeuralObject#3093,1756194090242,3,20975,20865,62925,0.0,0,0,0,6,SUCCESS,20975,D9wzfLhJQU-HdeOLZw_sKw
1523,VinnTeam-OleksandrReshetnik,1747843718783,3,20975,20071,62927,0.0,0,0,0,8,SUCCESS,20975,cenHRZMWSYSdAvRk64YH8w
1524,UpgradedTable#8694,1739304326913,3,20977,20668,62931,0.0,0,0,0,1,SUCCESS,20977,zh_qKbidSv2EWbjNjz-3IQ
1525,FormulaicDocumentation#7589,1738678113748,3,20994,15667,62983,1.0,0,3,3,3,SUCCESS,20994,JTYnNoZOQN2G352t24MUcA
1526,UrgentTester#9548,1746543908756,3,20997,18268,62993,0.6666666666666666,0,2,2,3,SUCCESS,20997,omuTi3vzSIK_32wg6YW9_g
1527,AccessibleTech#9339,1745689881030,3,20997,20598,62991,0.0,0,0,0,20,SUCCESS,20997,mxhsJCKZQfWuwOnD-Pc3Xg
1528,GlobalConsole#3263,1752807401107,3,20998,15460,62995,1.0,0,3,3,3,SUCCESS,20998,g0ZAgHgtR76lRQDU1WpD7Q
1529,nicole-sugarrush,1758241894787,3,20999,13460,62997,1.3333333333333333,0,4,4,1,SUCCESS,20999,og-xtxynRLeHE7VQJI5RIg
1530,GammaString#8356,1755019281629,3,20999,18931,62997,0.3333333333333333,0,1,1,2,SUCCESS,20999,D9Eo2-bbSciLYtGADBgMIw
1531,CybertruckRacer,1746846652708,3,20999,19274,62999,1.3333333333333333,0,4,4,7,SUCCESS,20999,MwdyC79XQIeoCtmreXKPSg
1532,DesertDaredevilsTeam3,1741719032359,3,21018,15599,63055,1.0,0,3,3,22,SUCCESS,21018,kn7XnEszQMufpyXvCiQmJA
1533,UnicodeString#7525,1749051190894,3,21020,19797,63060,0.0,0,0,0,3,SUCCESS,21020,lnTz7Zy4SHCVuo6-sxXFzg
1534,SaiDeepakGurrala,1745017572104,3,21020,17595,63061,1.6666666666666667,0,5,5,5,SUCCESS,21020,mCsGtEm4RLGW5h3r2QHyDA
1535,EmilioF1,1748938385305,3,21021,17599,63064,0.6666666666666666,0,2,2,8,SUCCESS,21021,NyHOShlFSr2vGJ7-YcitNA
1536,ASCIIClass#7768,1747733905578,3,21040,18788,63122,1.3333333333333333,0,4,4,7,SUCCESS,21040,CTTdzbTZTGG24x58iTrkCw
1537,CompleteEvaluation#1176,1741578214103,3,21040,18999,63120,1.3333333333333333,0,4,4,4,SUCCESS,21040,7jvH0V6GQDKjjrr0sHM3pw
1538,sujane,1751110395628,3,21043,18667,63130,1.3333333333333333,0,4,4,5,SUCCESS,21043,PqfcNZ4WQAmc7uG0MrsgnQ
1539,UpgradedLambda#5806,1741287023294,3,21060,17264,63182,0.3333333333333333,0,1,1,4,SUCCESS,21060,3wCZzjsFTsq0W_A5z7lNFQ
1540,RaulAmorimUnB,1746836202684,3,21063,16797,63189,1.6666666666666667,0,5,5,4,SUCCESS,21063,iolmM1c1SuCjOF_A-qKWug
1541,AWSKINGS#AchyutaRamayya,1755071657289,3,21063,20790,63191,0.0,0,0,0,1,SUCCESS,21063,auZ60kpGTwKJXa7MqJCVbQ
1542,PrimeExpert#7320,1743686671345,3,21064,15261,63194,1.0,0,3,3,8,SUCCESS,21064,_4dOBqpkRpuyylqJBm5XYA
1543,MobileSystem#4778,1755459091424,3,21064,17398,63194,1.6666666666666667,0,5,5,6,SUCCESS,21064,D-2okqtzTCKiBDGRq6AlTQ
1544,MiguelRocafull#0130,1743597659321,3,21064,20523,63192,0.0,0,0,0,4,SUCCESS,21064,ii_J-duHQUizlQNigP8jFg
1545,zw,1747522633436,3,21064,18524,63193,0.3333333333333333,0,1,1,8,SUCCESS,21064,uUbaTpwOT0eHv_MtAU-yWw
1546,GO,1752320172526,3,21064,16603,63193,0.6666666666666666,0,2,2,10,SUCCESS,21064,ZOGF8EEyRtCOebs39SQHLA
1547,NeuralRings#1,1757941802374,3,21065,19195,63195,0.3333333333333333,0,1,1,4,SUCCESS,21065,LAhjxqUpTNCOcIGIY-YkGA
1548,AF1-Calvin,1746765503415,3,21066,16800,63199,0.6666666666666666,0,2,2,5,SUCCESS,21066,pSVT4dNsSW6pIrfVf5HA-g
1549,EPAMGachiMuchi-Pavel-,1747917077499,3,21067,19068,63202,1.3333333333333333,0,4,4,14,SUCCESS,21067,bFZWBgfQQIWNxrligWwESQ
1550,FiniteNumber#0024,1744467346927,3,21068,17795,63205,0.6666666666666666,0,2,2,15,SUCCESS,21068,ojVfr6KsRlyp_xhFt0uRIA
1551,Aficco-2025,1752616303810,3,21087,20929,63262,1.0,0,3,3,18,SUCCESS,21087,q9g8pz-xTAyElpU4LQRoMQ
1552,SecureMethod#9149,1745902912370,3,21087,20870,63263,1.0,0,3,3,8,SUCCESS,21087,8rZ2qylURuWYpJwQi6hL3Q
1553,O-takahashi,1750665263839,3,21107,21071,63322,0.0,0,0,0,5,SUCCESS,21107,emlCcBMHRFyeeO8-Pr2KLg
1554,AIFINAL#0536,1753072621910,3,21108,21001,63326,0.0,0,0,0,2,SUCCESS,21108,W8vvEOwTQh2tsO_RIPxOmw
1555,LeetModel#5916,1758260551897,3,21109,20865,63327,1.0,0,3,3,2,SUCCESS,21109,XCQCyvVVQ62Wi3JOXxeniQ
1556,RecursiveDiff#0988,1753073984879,3,21109,11739,63329,1.6666666666666667,0,5,5,5,SUCCESS,21109,lp3hxHsMQsOuWhbVz5uF-w
1557,MarkC,1750840410646,3,21129,18119,63389,0.3333333333333333,0,1,1,3,SUCCESS,21129,O8nyze2-TmmiFEVO65Z8OA
1558,CrypticCharacter#0381,1750503286170,3,21130,17522,63390,0.6666666666666666,0,2,2,3,SUCCESS,21130,YCB52VEPQsqFhFxsjYupZQ
1559,LiYikuan,1754607201131,3,21131,19061,63394,1.3333333333333333,0,4,4,15,SUCCESS,21131,qPjO-t7ARS-cgx9EqlNrhQ
1560,UpgradedAnalyst#6558,1746568733332,3,21132,16936,63398,0.6666666666666666,0,2,2,6,SUCCESS,21132,8uOTAFFkRUmp68K4w-Nn6g
1561,McQueenEngineers-VitorDutra,1757941057653,3,21132,18871,63398,1.3333333333333333,0,4,4,4,SUCCESS,21132,rMyKxcZMSb-PvsSz1WjwSA
1562,ROSV,1758013269490,3,21133,20405,63399,0.0,0,0,0,2,SUCCESS,21133,fk_KPqCfQqmu0bLzwHbd0A
1563,CLT1Beavers,1753835682527,3,21152,20132,63458,0.0,0,0,0,18,SUCCESS,21152,QZqzJnm9Sc20suv8dTOQzA
1564,ImmutablePoint#6536,1759509897031,3,21153,20870,63460,0.0,0,0,0,24,SUCCESS,21153,DwqQYAkIQzWG0eEMh0dZzg
1565,DeepDrive-Sarah,1758044924764,3,21153,21127,63460,1.0,0,3,3,4,SUCCESS,21153,oKTroWiGSI-6pWKAxt6q5g
1566,FormulaicEngineer#7621,1755635669409,3,21154,17600,63463,1.6666666666666667,0,5,5,5,SUCCESS,21154,wLwqSulRTGmHRgcrUFLMXQ
1567,CriticalSchematic#9855,1736979282882,3,21174,19800,63524,0.0,0,0,0,2,SUCCESS,21174,fjbTbN8cTPyG_tpUvOtFJw
1568,42Horsepower#1,1757729412711,3,21175,15471,63526,1.0,0,3,3,12,SUCCESS,21175,LTISzpBtQw-9lYkNb6nHyw
1569,Franchii,1738092856102,3,21176,12005,63528,1.6666666666666667,0,5,5,8,SUCCESS,21176,95Vm6XAGSqG2LcCnNayfyw
1570,AxlLindao,1745552168152,3,21176,17323,63530,0.6666666666666666,0,2,2,1,SUCCESS,21176,CeQju08YTAGaCA-LOqU5IQ
1571,TomicaKaniski,1747409428236,3,21176,20866,63530,0.0,0,0,0,1,SUCCESS,21176,UyVmcUmrQRi1XYaAlnajQA
1572,GlobalModel#9063,1737700379098,3,21196,16266,63590,1.0,0,3,3,1,SUCCESS,21196,t93xZKu_TeS_KjpZQyV6BQ
1573,JavaAnalysis#2601,1747052654322,3,21197,20600,63592,0.0,0,0,0,7,SUCCESS,21197,NKRVvWQMRGCXOAB9a3v3hg
1574,PathingHypothesis#0854,1747723896591,3,21219,19195,63657,1.3333333333333333,0,4,4,5,SUCCESS,21219,UgdwVI5PQWiaucvBPtARlw
1575,FastAndCurious#2025,1743171478205,3,21220,21068,63661,0.0,0,0,0,4,SUCCESS,21220,SGi0Qj8SQt2m9MhzzlhnLw
1576,BOOLEAN69,1758061329457,3,21221,19728,63663,0.3333333333333333,0,1,1,4,SUCCESS,21221,Z_xNaEX2ToGErhodfdAyuA
1577,HelpfulSpec#0469,1751625468962,3,21240,21001,63721,0.0,0,0,0,1,SUCCESS,21240,6Lhi4O2aQ--1Ud7L4mLv1A
1578,Mykolas#4451,1758194528929,3,21243,20466,63729,0.0,0,0,0,1,SUCCESS,21243,yFgwXpVWQQO9lhfyH6j7ug
1579,CatRacer,1743197705662,3,21244,21069,63733,0.0,0,0,0,12,SUCCESS,21244,2zJ5YW51QNq0Te66PkQaVw
1580,TechnicalComment#8828,1756475067462,3,21247,17204,63743,0.6666666666666666,0,2,2,1,SUCCESS,21247,ed5EY2whQZywcuN0HtFtXw
1581,TestingVariable#4817,1749647010530,3,21264,19206,63794,1.3333333333333333,0,4,4,6,SUCCESS,21264,C8mZJah2TUq2FAT1wLRFpA
1582,kkhk#,1755062746369,3,21266,19470,63799,1.3333333333333333,0,4,4,2,SUCCESS,21266,OywrwyT0T-yBBCa1iToxaQ
1583,EncryptedBooster#4400,1751639330354,3,21266,21075,63798,1.0,0,3,3,2,SUCCESS,21266,64gWP0EHQNefrDFA5UvQBw
1584,VelozesESeniors-Rafael,1758215129099,3,21270,18865,63810,0.3333333333333333,0,1,1,8,SUCCESS,21270,7ddFDx12RZCTBpOMF8KH2Q
1585,FiniteAnalysis#4609,1745643582957,3,21285,15332,63857,1.0,0,3,3,11,SUCCESS,21285,jfTRPmiTT3OtmSLPVgbvSQ
1586,CyberneticInterface#2064,1742846308339,3,21286,18998,63859,0.3333333333333333,0,1,1,4,SUCCESS,21286,_zmT4QvNRY6LIZu3CKDaTQ
1587,CyberneticCallback#6105,1736537548172,3,21287,21063,63862,1.0,0,3,3,4,SUCCESS,21287,dIgZR7EaSP-Naam4bEIFGw
1588,JavaCallback#3679,1745287234153,3,21292,13535,63877,1.3333333333333333,0,4,4,7,SUCCESS,21292,cfjne9bkReycjR2cNxYuBA
1589,team09-deepracer,1748658141688,3,21297,19400,63892,1.3333333333333333,0,4,4,6,SUCCESS,21297,fXUq4zdLTWWDGe5vmGX_Rg
1590,Victor-Barreto-Andrade-CIMATEC,1744679291828,3,21305,14198,63917,1.3333333333333333,0,4,4,12,SUCCESS,21305,O9sidre4R6-ge8QTDwSc6g
1591,TechnicalConsole#1918,1738776746615,3,21309,17935,63927,1.6666666666666667,0,5,5,3,SUCCESS,21309,V4mNjoCzRYSnqDIaa5GRBg
1592,Aitana#7779,1743585681821,3,21309,21072,63929,0.0,0,0,0,1,SUCCESS,21309,5HHpve3QSJ-6Crt5xUUlUA
1593,RideMyRide,1746765922982,3,21309,18072,63929,0.6666666666666666,0,2,2,7,SUCCESS,21309,Q9jFuLCXQJqXzYu7drfF5g
1594,AgileTable#6473,1747934322268,3,21311,18540,63933,0.3333333333333333,0,1,1,2,SUCCESS,21311,r-ImMBmnQMmATQz8CGvuSw
1595,ProcessingCircuit#6469,1747631790843,3,21312,17803,63937,1.6666666666666667,0,5,5,6,SUCCESS,21312,xm0jOzGMSOOOtifAfqFErA
1596,ImportantHacker#0159,1754469661849,3,21318,17799,63956,1.6666666666666667,0,5,5,7,SUCCESS,21318,iSG1tTppSfOzjOG0z8Y8AQ
1597,hudson-monteiro-insper,1746645341699,3,21329,18593,63989,0.3333333333333333,0,1,1,7,SUCCESS,21329,IedrICR_TqGKo_j_8HztiA
1598,ITI-G8-racer1,1738705506146,3,21330,17191,63991,1.0,0,3,3,1,SUCCESS,21330,vtPljta2TYyDkiw5-PUqlQ
1599,loruan,1745698894196,3,21330,17921,63992,1.6666666666666667,0,5,5,4,SUCCESS,21330,eDBr9EjZTIelNBU9nodi3w
1600,UrgentBooster#6490,1736890703467,3,21331,16072,63995,1.0,0,3,3,1,SUCCESS,21331,qs_XpJqUTaKD0HewtNHU1w
1601,ProcessingDocumentation#3437,1746203291370,3,21332,21192,63998,0.0,0,0,0,1,SUCCESS,21332,BdYHGmpKTIWabZjIM-jSwg
1602,GoodmanKR,1738720469404,3,21353,17735,64059,1.6666666666666667,0,5,5,6,SUCCESS,21353,f905b742ca594aadb529eQ
1603,DEPI-G3,1738626628402,3,21353,19134,64059,1.3333333333333333,0,4,4,4,SUCCESS,21353,SnGzJ4jmSxafG6Y6yEUWwg
1604,ImportantGrid#3943,1744475654148,3,21356,17532,64068,1.6666666666666667,0,5,5,7,SUCCESS,21356,wzOkTiJqSxmhFC5-dzGEow
1605,RenRen-BIP,1748692427110,3,21358,18401,64076,0.3333333333333333,0,1,1,2,SUCCESS,21358,DWYRI3PyRVmisaCjvnQIpg
1606,LeetBottleneck#0297,1753169545328,3,21372,16400,64117,1.0,0,3,3,3,SUCCESS,21372,QxEP4jtbSAWf_-oyDdT10g
1607,SequentialAnalysis#5787,1752245704277,3,21374,15936,64123,1.0,0,3,3,12,SUCCESS,21374,Us-1o49UQcC4RdAsgKa3Aw
1608,FiniteAttention#1893,1755536075156,3,21374,19058,64122,0.3333333333333333,0,1,1,5,SUCCESS,21374,2gX5NaDTRyy7I94lKnxuqg
1609,Zero-dayCircuit#1492,1736302232297,3,21376,17930,64129,0.6666666666666666,0,2,2,5,SUCCESS,21376,KGhQ4gxPSp2nzAOJcI7MTw
1610,ProgrammingFormula#7221,1737527198750,3,21376,15865,64128,1.0,0,3,3,1,SUCCESS,21376,1vjAHiZhSxivzwg7G8nCFA
1611,IntelligentEngineer#4743,1745166932005,3,21380,17671,64140,0.6666666666666666,0,2,2,12,SUCCESS,21380,BR7vv19sROm4gMVTU1xmRA
1612,TechnicalValue#1764,1746407888512,3,21396,17597,64188,1.6666666666666667,0,5,5,12,SUCCESS,21396,_FcvdX9uRR6DyhyN3lvDsw
1613,RB-G7-JoseAndBryan,1758300541700,3,21399,20200,64198,1.0,0,3,3,3,SUCCESS,21399,0VmJ6U1DS5mucPIax6bYfQ
1614,cc25-057,1757159698862,3,21401,17865,64205,1.6666666666666667,0,5,5,1,SUCCESS,21401,A2H3iD_iQdyUYAhbca6uNg
1615,tgbergendahl-Team4,1745936147875,3,21409,17299,64227,0.6666666666666666,0,2,2,11,SUCCESS,21409,njtCl--_RFm0adPOGfFSqw
1616,DraftGlyph#4792,1746813064818,3,21419,21329,64259,0.0,0,0,0,6,SUCCESS,21419,fSvWRjCZQbKY0a7Fj-Llnw
1617,GlobalBuster#9152,1758130437939,3,21420,21196,64260,2.0,0,6,6,6,SUCCESS,21420,Yto24cRfSliqirmWDygK8w
1618,EREDES-DMR,1741882424395,3,21441,16460,64324,1.0,0,3,3,7,SUCCESS,21441,TmN4Cr4eSSm-_u6LO6trbg
1619,MechanicalPackage#9411,1747304878754,3,21441,13737,64325,1.3333333333333333,0,4,4,15,SUCCESS,21441,mDgc8Ye6R2GN7tCEqa_wKQ
1620,QualifiedVariable#1091,1746783496755,3,21443,20993,64329,0.0,0,0,0,3,SUCCESS,21443,VFyYKryqT_qF0zqwCYzAFA
1621,KKHK-KDH,1755127007530,3,21463,17859,64389,0.6666666666666666,0,2,2,3,SUCCESS,21463,ROIUtIUhSByRI2ezDm6ZTg
1622,SecureSequence#7759,1739115615368,3,21466,21068,64399,0.0,0,0,0,3,SUCCESS,21466,JtlrReoETbGtAJcR7LB19A
1623,wan,1751093434400,3,21486,21000,64459,0.0,0,0,0,3,SUCCESS,21486,Q5qzmD9RQL29BG7AE1JaFA
1624,ConnectedScript#0300,1752727964872,3,21486,19803,64459,0.3333333333333333,0,1,1,8,SUCCESS,21486,jnmCY8siSLe-nhm5QTTr9w
1625,BillH,1752171441813,3,21487,15934,64462,1.0,0,3,3,10,SUCCESS,21487,P7f53gnLR6aCyNsyWKhdsw
1626,FuturisticPointer#6059,1746729381297,3,21487,16927,64463,1.0,0,3,3,3,SUCCESS,21487,zwy6ddCdRVC7UtFkiyfw2Q
1627,KIMCHIMANDU,1753408361056,3,21490,14006,64472,1.3333333333333333,0,4,4,10,SUCCESS,21490,fPFGFL1gSU-pJVkiEEIFeQ
1628,TwoGuys-OneCup#2,1758032822035,3,21507,19733,64523,0.3333333333333333,0,1,1,6,SUCCESS,21507,a_bfzESwTmeGfQQZ6yIp_g
1629,LeonardoLacerda-GarbageCollectors,1757975760784,3,21510,16602,64532,1.0,0,3,3,5,SUCCESS,21510,9kpI1j_nQlCYMysIWa7uaQ
1630,SquareUpgrade#9992,1751957979677,3,21529,19866,64587,1.3333333333333333,0,4,4,10,SUCCESS,21529,Z18piGXiTnOaI-Tb8VExQg
1631,StructuredTech#3896,1737712353579,3,21530,17599,64590,0.6666666666666666,0,2,2,1,SUCCESS,21530,QQpf69LhQGKwTbrfKKitlg
1632,cc25-20,1755041659889,3,21531,21063,64594,0.0,0,0,0,13,SUCCESS,21531,uBaunbuAS56hX3aIjuGEwA
1633,Victor-Barreto-Andrade-Goncalves-CIMATEC,1746846052516,3,21533,18063,64600,1.6666666666666667,0,5,5,1,SUCCESS,21533,7YM1O0kIRtGUYNGO2ySdmQ
1634,ThisEvaluation#6306,1748325710944,3,21533,19536,64599,0.3333333333333333,0,1,1,14,SUCCESS,21533,i9aIp-FKQzugI_Xf-TLuWw
1635,ImmutableUpdate#4501,1757902180693,3,21535,21467,64605,1.0,0,3,3,6,SUCCESS,21535,30B3FCSQTQKOzuIQCZL5TA
1636,ThisBrackets#0779,1755798222148,3,21551,15795,64654,1.0,0,3,3,1,SUCCESS,21551,u86jaQZ3QYaeSaUWsvwVxg
1637,BooleanFix#7145,1745995423641,3,21553,21065,64661,0.0,0,0,0,5,SUCCESS,21553,CG1gY3pmS2uocK6c9cTROA
1638,CriticalPackage#2520,1755387962267,3,21553,21065,64659,2.0,0,6,6,5,SUCCESS,21553,ReC0dyfORBWQRB_jmcDn0w
1639,McQueen-Engineers-CamilaMeurer,1757452343218,3,21553,19526,64661,1.3333333333333333,0,4,4,1,SUCCESS,21553,RmUrI5xjSBaI_7vKGGqTcg
1640,IterableTable#5477,1746913136763,3,21553,20800,64661,0.0,0,0,0,3,SUCCESS,21553,6CjjGIA3S2G3m6YbYRc5Gg
1641,Maria-Luiza,1754964446113,3,21554,17794,64664,1.6666666666666667,0,5,5,8,SUCCESS,21554,NZmu0Vf-RAqloLu2uafP8w
1642,MountainMavericksTeam1,1741948910127,3,21554,20933,64662,1.0,0,3,3,8,SUCCESS,21554,MS7qrMqWTTqHWYKDJhRg6w
1643,QualityArray#9850,1743298847117,3,21556,19731,64669,0.3333333333333333,0,1,1,3,SUCCESS,21556,zkg4DOHaSCW8mZ7881Kwdw
1644,TH3-MAK3R,1739041905450,3,21559,19874,64677,0.0,0,0,0,1,SUCCESS,21559,XOD7PcQ7Q6y3wnxkMoJrJg
1645,MobileScope#3648,1749730753094,3,21574,19664,64724,1.3333333333333333,0,4,4,4,SUCCESS,21574,n2YD4ta0TVS80PnBZU_Ezg
1646,TheTrackBoss,1736338990951,3,21575,18127,64727,1.6666666666666667,0,5,5,1,SUCCESS,21575,8kmOVCCjRP2GsRSHapuQXw
1647,TestableNode#0513,1742290423937,3,21575,14929,64727,1.3333333333333333,0,4,4,5,SUCCESS,21575,eq2FogD7TpKaDd5fKBkXVw
1648,ThisCharacter#1989,1738151393355,3,21575,19274,64727,1.3333333333333333,0,4,4,5,SUCCESS,21575,z1QljyMfQfOLIBlCSAaD7A
1649,ProvisionalAttention#3332,1752987245440,3,21575,21132,64727,1.0,0,3,3,5,SUCCESS,21575,U7NHPQElS7CRMDPQD7OXhA
1650,PathingSystem#5551,1752967583761,3,21576,18193,64728,0.6666666666666666,0,2,2,15,SUCCESS,21576,YF8YAsVIRhCCCBwcvF-8Qg
1651,BetaByte#7507,1755093655561,3,21577,16003,64732,1.0,0,3,3,4,SUCCESS,21577,YxDLgC8fTpWf-1yrKRxbIA
1652,GenerativeToken#5590,1753375173207,3,21598,13932,64794,1.3333333333333333,0,4,4,12,SUCCESS,21598,5wvt2kg6S92fzgAuNaJVbQ
1653,km04,1758021364921,3,21621,18130,64863,1.6666666666666667,0,5,5,6,SUCCESS,21621,2AxYSmZeRne49qla-Y8wMQ
1654,Rayavarapu-Lokesh,1752162665465,3,21622,18001,64866,0.6666666666666666,0,2,2,1,SUCCESS,21622,EKLK_GNdSume4K7xMRIdQg
1655,MarcosAlves-UFC,1745363908487,3,21640,19930,64920,0.3333333333333333,0,1,1,1,SUCCESS,21640,d5naLEIfS7qXJ3g4hEoVpg
1656,WendellTomeMarinhoOliveiraUFCG,1745930346015,3,21641,19069,64924,0.3333333333333333,0,1,1,2,SUCCESS,21641,NCYloV0MRumUfcPsfqWIZw
1657,ChanChan,1752301595375,3,21664,21401,64992,0.0,0,0,0,22,SUCCESS,21664,EG5QWhT-RZWdGYsXqhVN2g
1658,NumericAnalysis#4250,1747287493867,3,21685,17664,65056,0.6666666666666666,0,2,2,12,SUCCESS,21685,V_WERVoCTz-73pSdCkyW2Q
1659,Yoshikev68#2742,1738679961755,3,21686,20735,65058,0.0,0,0,0,22,SUCCESS,21686,jaiuHtN-RxKReI06uCP1PQ
1660,dsc250820-1-KIMGAGYEONG,1755714467653,3,21686,19796,65058,1.3333333333333333,0,4,4,18,SUCCESS,21686,xPJmQl8GS-iIk7BaWHMHrQ
1661,TestableSemicolon#7314,1737017427475,3,21708,16741,65124,1.0,0,3,3,5,SUCCESS,21708,-UkO0j2mSsK1Tmb2sH25sQ
1662,SquareZone#1638,1736349391592,3,21709,15868,65129,1.0,0,3,3,8,SUCCESS,21709,CEdJ1jJhT6WZc4cygTYQew
1663,TomasAlessi-INSPER,1746584472211,3,21730,16603,65190,1.0,0,3,3,5,SUCCESS,21730,4lDwQhD1Q9-9OaEfOhKiQQ
1664,Tebot,1738727971105,3,21730,16467,65191,1.0,0,3,3,7,SUCCESS,21730,MuQGfFX9S3uMkM5VfMu1xA
1665,BetaDescriptor#3751,1736436584207,3,21737,15005,65213,1.0,0,2,3,2,SUCCESS,21737,R5VQz_AfR7u8metJXG7JOQ
1666,NTI-G5,1738366729376,3,21748,19196,65246,1.3333333333333333,0,4,4,34,SUCCESS,21748,QJxo5vr9RjmCCA9b9QTamA
1667,QuickTag#3400,1746097148495,3,21752,21531,65257,0.0,0,0,0,7,SUCCESS,21752,EavDSGYTRcWTFt5_apiE-A
1668,dnp-saitou-k107-multi-user,1750729669513,3,21752,19538,65256,0.3333333333333333,0,1,1,2,SUCCESS,21752,Lj5MJKVYQ-2rUW-RMvabBQ
1669,RocketAnalysis#6608,1745407305155,3,21752,21064,65256,0.0,0,0,0,1,SUCCESS,21752,Pmg1HNHYRg-vemyCrfGhwA
1670,TIF-AI-on-Wheels,1746348758669,3,21753,21204,65259,2.0,0,6,6,10,SUCCESS,21753,Igj2rvcYQPiqLSD6Zzkhhw
1671,AIOverdrive,1757076678025,3,21753,16801,65260,0.6666666666666666,0,1,2,2,SUCCESS,21753,OdK4acsyQ1WbPrzf3zVkAg
1672,ImportantTester#5096,1744788665411,3,21753,20796,65261,0.0,0,0,0,1,SUCCESS,21753,8bzvkq-hQcmS6nT6YPSqUg
1673,NTI-DEGI-G2,1738757339258,3,21754,21205,65262,0.0,0,0,0,7,SUCCESS,21754,TNy6kYlWQCSBrwn6kNs5GA
1674,FocusedDescriptor#2552,1736954625442,3,21754,19870,65262,0.3333333333333333,0,1,1,14,SUCCESS,21754,5mtCmL9oR0qFm8IvBpTqWA
1675,VerySauliusRacer,1758098191076,3,21756,19537,65269,1.3333333333333333,0,4,4,3,SUCCESS,21756,9nrA3KpDT2WzYYXj3maQ3Q
1676,onlythree,1742789342492,3,21773,21469,65320,2.0,0,6,6,4,SUCCESS,21773,23e254b25ea0443389ed6w
1677,Spinkelben,1756305660604,3,21773,21334,65319,0.0,0,0,0,15,SUCCESS,21773,JWz2uf0FSMK2L4YUM7Cj5Q
1678,UnboundDebugger#4134,1743497866361,3,21775,19803,65326,0.3333333333333333,0,1,1,16,SUCCESS,21775,jJS6J6aJRf2ajaI1KKG2dg
1679,Seattleite#833,1756921837219,3,21777,18067,65331,1.6666666666666667,0,5,5,3,SUCCESS,21777,QnaCY90kQFOCp7jVb5ao3Q
1680,VariableEnvironment#3373,1746612114189,3,21781,19796,65344,1.3333333333333333,0,4,4,3,SUCCESS,21781,uOCP2DcoTq-pwetAlU2BJA
1681,BlockchainError#6671,1755728927443,3,21797,14398,65393,1.3333333333333333,0,4,4,4,SUCCESS,21797,XZPL9KB2RsOmySDMLGu05A
1682,ITI-G7,1738278064286,3,21798,21531,65395,1.0,0,3,3,7,SUCCESS,21798,Xo9czxQWQgmbSKvmzelRzg
1683,901-KJY-03#4310,1752076604985,3,21807,18288,65422,1.6666666666666667,0,5,5,16,SUCCESS,21807,cDm0AZJqRAq0XPtwxCkA6g
1684,Team11-ZiPeng,1758726497313,3,21819,16990,65458,1.0,0,3,3,3,SUCCESS,21819,Ab5hyOxRRx6e8mzkfOxQ1A
1685,ComplicatedBreaker#6233,1744025235523,3,21821,19930,65463,0.3333333333333333,0,1,1,7,SUCCESS,21821,e1jDSQ-xQVK6rmJgQlI66Q
1686,XMDS-Konstantinos,1747920940604,3,21841,17932,65523,1.6666666666666667,0,5,5,3,SUCCESS,21841,z0nwZTbOQPOknsJKD_Py0Q
1687,ProcessingLambda#7928,1743578245787,3,21863,20195,65591,0.3333333333333333,0,1,1,3,SUCCESS,21863,1RddtibeQaiHM8i1NxBuLw
1688,BigCallback#1099,1745927091089,3,21863,18061,65591,0.3333333333333333,0,1,1,2,SUCCESS,21863,v5pRwzU4Tr-OuFm5Vza29g
1689,HeltonHarada-DynaRacers,1758036058453,3,21864,20601,65592,0.0,0,0,0,5,SUCCESS,21864,gJrxiP5cTxuKxza5XuPOgw
1690,DylandoNorris,1757465557712,3,21885,12599,65657,1.6666666666666667,0,5,5,2,SUCCESS,21885,lGtWTfjlREGshaswZBauUA
1691,FocusedBuster#3002,1744412812595,3,21886,16737,65660,2.0,0,6,6,6,SUCCESS,21886,9Jz7tYM3QwWY_a80Sj_ikw
1692,LeetSystem#8780,1742762416523,3,21887,21734,65662,0.0,0,0,0,6,SUCCESS,21887,zHWimyGBR_yjpCkqG26i9w
1693,HK-2F2C,1749728377125,3,21887,19331,65661,0.3333333333333333,0,1,1,4,SUCCESS,21887,lEDT_TJjSDWGzXQBqjqXXg
1694,Edivar-UFC,1744776171251,3,21908,21732,65725,2.0,0,6,6,10,SUCCESS,21908,608q0ZzPTliC6krv1paYPg
1695,CleanAnalysis#5390,1752218743314,3,21908,13202,65725,1.6666666666666667,0,5,5,9,SUCCESS,21908,TfSVSPRwQ6W-xUQYa3BAPA
1696,UnboundDigit#2780,1757014634862,3,21909,20000,65727,1.3333333333333333,0,4,4,2,SUCCESS,21909,kNXrQCk-Q4yDP2v81AYMug
1697,UnboundSlice#1563,1737110648016,3,21909,21802,65727,1.0,0,3,3,1,SUCCESS,21909,nl3rlYe9TJqNQYkou8J3cw
1698,PrototypeDelta#1218,1747619152245,3,21913,14253,65740,1.3333333333333333,0,4,4,9,SUCCESS,21913,VO8uBzKaQ_u5u5CU_xiqRQ
1699,TsRacer,1755111865593,3,21919,16554,65757,1.0,0,3,3,2,SUCCESS,21919,fNmbkMJKSBiYTHPnPGAGLg
1700,MechanicalSystem#1407,1755267183649,3,21930,18067,65790,1.6666666666666667,0,5,5,5,SUCCESS,21930,59xGdC52RP6v4NLxYqbGbA
1701,PhilS,1750691434686,3,21931,19936,65795,1.3333333333333333,0,4,4,2,SUCCESS,21931,XO6w1tjfR1uuvLBbKQsfog
1702,Lurian-UnB,1746728809086,3,21931,19869,65795,1.3333333333333333,0,4,4,1,SUCCESS,21931,rVEInx1PQwKw48QqWdzeUQ
1703,ContinuousArray#1957,1744787655940,3,21932,20933,65796,0.0,0,0,0,1,SUCCESS,21932,0kDlnJi9QMi-CrInaEgbEg
1704,VIN#3258,1743702173091,3,21932,19867,65797,1.3333333333333333,0,4,4,8,SUCCESS,21932,zTncnp06TL-bTizy6iUB3w
1705,Daniel-Monteiro-UnB,1745899346543,3,21933,18068,65801,0.6666666666666666,0,2,2,3,SUCCESS,21933,GRlEpxIkSVyBL1XfoGRbKw
1706,ComplexTest#3821,1736648748191,3,21952,14661,65858,1.3333333333333333,0,4,4,8,SUCCESS,21952,DwBQzhRMQD2PDeT1nRdX6A
1707,BackloggedLog#7805,1751105434095,3,21953,18072,65861,0.6666666666666666,0,2,2,7,SUCCESS,21953,KBljskJLTA64uHxtY2o4Fg
1708,team07,1753788335853,3,21954,20406,65864,0.3333333333333333,0,1,1,4,SUCCESS,21954,dmpLtYViRfiWkg15yGJZzg
1709,MemoryTech#6947,1753888830839,3,21973,16330,65920,2.0,0,6,6,15,SUCCESS,21973,9WeGnMs6ScqLMOIYLJc-cw
1710,SANDY,1751094441970,3,21974,19871,65924,1.3333333333333333,0,4,4,12,SUCCESS,21974,zqKbMvbSQwmP3utNdjQG-w
1711,GabrielNazarioUFCG,1746155430457,3,21974,20064,65924,1.3333333333333333,0,4,4,4,SUCCESS,21974,payRodGBTuyDv74WlUZlAA
1712,ProvisionalScript#6357,1748324416578,3,21976,18266,65929,1.6666666666666667,0,5,5,5,SUCCESS,21976,vfAdXzV5S4ezGIjuv3836A
1713,Sol1-Racer-SOL,1751621858739,3,21976,18469,65928,0.6666666666666666,0,2,2,3,SUCCESS,21976,lgTAG3LrSFeDuIaw3IRUAw
1714,S-hikita,1750726109938,3,21977,20002,65931,0.3333333333333333,0,1,1,3,SUCCESS,21977,Gk_8PogfR9al0Rx9VOsrEA
1715,CreativeServer#1272,1747538685211,3,21998,19600,65996,1.3333333333333333,0,4,4,7,SUCCESS,21998,kycRo8_UTtmATVpjiDpMCw
1716,CodeEvaluation#7752,1745832660281,3,21998,21468,65994,0.0,0,0,0,8,SUCCESS,21998,7TducPIAQHCwuBrac3LR4A
1717,GIST-DeepRacer11,1754286948399,3,22000,20470,66000,0.0,0,0,0,2,SUCCESS,22000,lLAVFlVoRs-vBNDis3ReLw
1718,CrypticPoint#9651,1747823780790,3,22018,16400,66056,1.0,0,3,3,1,SUCCESS,22018,Yc2buHTyQpCW0p9dSyoVmg
1719,EncryptedAnalyst#4547,1756193696510,3,22019,21867,66057,0.0,0,0,0,5,SUCCESS,22019,qazeaVLkSDq0Gwj6NqUhTA
1720,GeorgiMarinov,1741790961804,3,22021,21599,66063,0.0,0,0,0,5,SUCCESS,22021,qoTzWpNxS4Gxae5cCuThZw
1721,3D-Sir-Lewis-Blantyre,1757398728595,3,22042,18333,66127,1.6666666666666667,0,5,5,6,SUCCESS,22042,pUitPN-yQoiklC9sHpZ5lQ
1722,PassingValue#1287,1755018722706,3,22042,17657,66128,0.6666666666666666,0,2,2,2,SUCCESS,22042,YEnkTFvGSRqyy1xQdwKtgQ
1723,UpgradedMachine#5431,1747822341532,3,22043,21933,66130,0.0,0,0,0,1,SUCCESS,22043,MjYQXbi3RBq5GTMDa3foSw
1724,ArtificialScript#5365,1740677495520,3,22048,14474,66145,1.3333333333333333,0,4,4,5,SUCCESS,22048,0MgT9a56SEWJo-r8trELaA
1725,Salvare,1748441796840,3,22063,19460,66190,0.3333333333333333,0,1,1,5,SUCCESS,22063,w5n24VrgSL6pBUmTgu8ugw
1726,PrimeSchema#3307,1758474705395,3,22064,20058,66192,1.3333333333333333,0,4,4,6,SUCCESS,22064,su2vLJ0mSyea7wlhQbHjUg
1727,StructuredParameter#5035,1742171281260,3,22064,19935,66193,0.0,0,0,0,9,SUCCESS,22064,O5d80SnESaO4o6-7ct7r9Q
1728,Solvable486#8463,1757430175275,3,22065,19999,66195,1.3333333333333333,0,4,4,3,SUCCESS,22065,TeKbWBuiSnCRswcEqdsHug
1729,q-tron#1,1757993129168,3,22065,20068,66197,1.3333333333333333,0,4,4,1,SUCCESS,22065,oyY0QcvnSE6DoA9wjEN_kA
1730,DraftBooster#1288,1752976704302,3,22083,20873,66250,1.0,0,3,3,3,SUCCESS,22083,nyU8A22USTi0dleC8Mf4-Q
1731,ProgrammingBottleneck#2074,1738691222029,3,22084,19934,66253,1.3333333333333333,0,4,4,6,SUCCESS,22084,RbxHdXerRcmDdAxFU8sWBw
1732,LordOfTheRims-JackC,1748010799853,3,22086,16331,66260,1.0,0,3,3,4,SUCCESS,22086,h5PY7dsKQJWCmIRSZ11BbA
1733,Jussi-Ryhmapelaaja,1744798529696,3,22106,19940,66319,0.3333333333333333,0,1,1,3,SUCCESS,22106,Pwl4ugvYR1CGqQk3Bwn6gg
1734,GammaSwitch#5205,1750341331953,3,22107,21335,66323,0.0,0,0,0,3,SUCCESS,22107,eY4ozJGETrCuC8M6o21tKw
1735,RecursiveCircuit#8366,1736870219004,3,22108,21269,66325,0.0,0,0,0,24,SUCCESS,22108,KJN-UkdhT-GdkUeqVluxjg
1736,IntelligentNode#4690,1749305280201,3,22108,21998,66325,0.0,0,0,0,7,SUCCESS,22108,gW1Q4A6tQSOBtnrf1tLd2A
1737,ConnectedTable#8996,1747502287669,3,22108,13129,66325,1.6666666666666667,0,5,5,3,SUCCESS,22108,unUUgqoIQjuSwjrGQakJNQ
1738,dsc250820-2-Kimsangyoung,1755724768611,3,22130,21667,66392,1.0,0,3,3,11,SUCCESS,22130,50HEiPyWSO6SCO2t-L5j-A
1739,ThisNetwork#8097,1744788908153,3,22130,20133,66390,0.3333333333333333,0,1,1,1,SUCCESS,22130,ZidWakvzReSsyaZQe0zWOw
1740,UDH#BD8844,1758255294445,3,22130,22061,66392,0.0,0,0,0,17,SUCCESS,22130,r73aD0MQTviNEYGPNkkVPA
1741,FungibleParameter#2296,1745053777370,3,22135,18467,66407,1.6666666666666667,0,5,5,2,SUCCESS,22135,9qBwktEtTbmlryPIdrXwOQ
1742,CNZXzdq01,1745316692657,3,22150,21729,66450,1.0,0,3,3,4,SUCCESS,22150,grxUBCEdQS2xhVNaVZ7tIA
1743,AtomicSandbox#9166,1747731346373,3,22152,19997,66458,1.3333333333333333,0,4,4,4,SUCCESS,22152,xtJA1lfgTHGA4Ar--IltLw
1744,FungibleExpert#7902,1750789176715,3,22153,16926,66459,1.0,0,3,3,10,SUCCESS,22153,x41BEds7ShWm4E561ha1qw
1745,Bobello-KwidGTR,1758210386048,3,22153,20068,66460,1.3333333333333333,0,4,4,7,SUCCESS,22153,xkJkYvYcSm2G8FEnpDD_UA
1746,HigherDescriptor#2381,1747838781005,3,22155,21604,66465,0.0,0,0,0,2,SUCCESS,22155,JgGs6HxITAu2t5rn0G-pjA
1747,CodeShell#2673,1741039859767,3,22175,21794,66525,0.0,0,0,0,1,SUCCESS,22175,IFHnqx7PS-i-SJ1oPWDZYQ
1748,NumericSemicolon#5928,1747243199370,3,22175,21995,66526,1.0,0,3,3,3,SUCCESS,22175,rDEaOjEYRnmuQLbkqrJH_A
1749,ReinoldesJr#UNINA-SSAU,1741238156035,3,22176,22132,66529,0.0,0,0,0,3,SUCCESS,22176,eZm_7tGpS969Wez2uHUC-A
1750,MasterLin-SH,1745480712249,3,22182,20351,66547,0.3333333333333333,0,1,1,2,SUCCESS,22182,0wk9SfpWSaik4ASZr2B2wQ
1751,TIF-False-Positives,1745998842742,3,22196,20130,66588,1.3333333333333333,0,4,4,23,SUCCESS,22196,a7S2V2QUTU6tPOYpA8RePQ
1752,ArtificialDataset#7440,1753180442852,3,22196,21737,66590,2.0,0,6,6,4,SUCCESS,22196,ZvV9Lf1CTgunsS9RJe3wDQ
1753,FungibleTable#0001,1740676873575,3,22219,21804,66657,1.0,0,3,3,1,SUCCESS,22219,3YdwQaMtTRuqEy3Ejx9nbw
1754,AF1-Linda,1746768046050,3,22242,16132,66727,1.0,0,3,3,3,SUCCESS,22242,jmceIgqkTIa6_JqUIIHJ0w
1755,ImportantCoder#0563,1742222811559,3,22248,17664,66746,1.0,0,3,3,13,SUCCESS,22248,tHhnMRGYRY62SKyqUlewOg
1756,Jlamb,1743999132046,3,22264,21603,66792,0.0,0,0,0,7,SUCCESS,22264,PnamIueaQ1el3dX1OsJ73g
1757,PrimeRequirements#5774,1737715092470,3,22264,16675,66792,1.0,0,3,3,1,SUCCESS,22264,XE7Vt9ZaRUCsqRxx3EoStg
1758,mrussob2v,1747924184292,3,22264,22134,66792,0.0,0,0,0,10,SUCCESS,22264,fYFZC8WYRX6yc6bdCyokgg
1759,InteractiveAnalyst#7631,1747315505848,3,22285,16396,66855,1.0,0,3,3,12,SUCCESS,22285,xeCyriIiT-WZSzGV9N_B5g
1760,FrankiesHuman,1752169007202,3,22285,22133,66857,0.0,0,0,0,1,SUCCESS,22285,_ctDcI4EQiKvKKKZZOG6dw
1761,Doraa,1738742425947,3,22285,19060,66857,1.6666666666666667,0,5,5,2,SUCCESS,22285,aMJUzUMlTNOZh19VN-gY7g
1762,ThisSpec#2028,1759664031386,3,22287,21602,66861,0.0,0,0,0,3,SUCCESS,22287,nbWd3sHDTGykiLbHnZ-wHA
1763,FocusedShell#5748,1758288331548,3,22288,22263,66865,0.0,0,0,0,6,SUCCESS,22288,fssYpsYbS8qUIdoQcJISlA
1764,BlockchainSemicolon#6859,1748682130420,3,22306,16387,66920,1.0,0,3,3,5,SUCCESS,22306,FSUZNEH5QDiMPZlpmBay6A
1765,DesktopInterface#1464,1746560318205,3,22308,17932,66925,0.6666666666666666,0,2,2,4,SUCCESS,22308,nGGtAbMjScKw_74LErNw9g
1766,ITI-G1,1738104285824,3,22308,18801,66924,0.6666666666666666,0,2,2,1,SUCCESS,22308,sOesLbArSMSXaWL2XwcNsA
1767,UberGPTEverton,1758225020938,3,22308,20338,66924,1.3333333333333333,0,4,4,1,SUCCESS,22308,vNAyqI2FSOCsQZ1JaWyccQ
1768,rcornish-chwy-2025,1753699993125,3,22310,21469,66930,0.0,0,0,0,7,SUCCESS,22310,51KagFRnTiunSJedR0SPMA
1769,MariaLuiza#0159,1755215027259,3,22311,17331,66934,2.0,0,6,6,7,SUCCESS,22311,XCTqCGGZRayhZ-HslDTfDg
1770,NTI-G13,1738615797830,3,22313,16864,66941,1.0,0,3,3,3,SUCCESS,22313,pBnEV8jLRSeNSUKiLyis-A
1771,PedroFernandezLab3,1743586053057,3,22328,18466,66986,0.6666666666666666,0,2,2,3,SUCCESS,22328,EhSQh3A_SBKtv30syrLjAA
1772,RobotModel#6957,1742770162833,3,22329,21879,66988,0.0,0,0,0,1,SUCCESS,22329,53c0sZMkSsKtLDH-GNMxuw
1773,NOT-AN-EXPERT,1747919056586,3,22329,20069,66989,0.0,0,0,0,12,SUCCESS,22329,gVgvCHQQR1mmThIgFKXqGw
1774,TUMinators#1,1755953227891,3,22330,14132,66990,1.3333333333333333,0,4,4,9,SUCCESS,22330,oxFWE4gDT3Wh9oGjg5n3vQ
1775,whtmddn,1753942588691,3,22330,20337,66992,0.3333333333333333,0,1,1,4,SUCCESS,22330,3T1S_MxyROGa-c68JTmwKg
1776,RafaelT,1738802127900,3,22352,18592,67058,1.6666666666666667,0,5,5,3,SUCCESS,22352,nh20eR6wSW2uOCJ_nRnUvg
1777,ParametricPresentation#8231,1747222902583,3,22354,21204,67063,0.0,0,0,0,11,SUCCESS,22354,9j9RMJd2RimMWGE8iAdA5w
1778,BrainyContext#1852,1737327280282,3,22355,17591,67065,1.0,0,3,3,1,SUCCESS,22355,EqwhBjSMQ9ajjWUrMEpAzA
1779,MechanicalCommand#4218,1746740564471,3,22355,22269,67066,0.0,0,0,0,1,SUCCESS,22355,37P89uIGT4K1Hgow1J_I8Q
1780,tengyuantianhifcu#10,1745909810453,3,22356,18595,67068,0.6666666666666666,0,2,2,6,SUCCESS,22356,ulo0clNCTDa25IGFGRFjdQ
1781,FiniteGlyph#4594,1757620264171,3,22375,18396,67125,1.6666666666666667,0,5,5,3,SUCCESS,22375,c9HDWurtS5Svi3yjwRgkcA
1782,Innovators#PraveenMiskin,1755761563426,3,22397,18599,67192,1.6666666666666667,0,5,5,2,SUCCESS,22397,WDcYSjfLR9yMY1L0RJU02Q
1783,CurlyUpdate#8719,1749216650139,3,22397,16860,67192,1.0,0,3,3,1,SUCCESS,22397,MCLeIyExTbykGPnxuy8C1w
1784,TestableTag#1503,1743955452512,3,22398,20200,67194,1.3333333333333333,0,4,4,4,SUCCESS,22398,T3WAY1NyQ0qHhvURZHGFfQ
1785,BetaComment#1623,1745415807194,3,22401,19138,67203,1.6666666666666667,0,5,5,1,SUCCESS,22401,aZADrBN1Q3OE_AsmQUei6w
1786,IterableCharacter#7018,1748298611682,3,22413,18274,67239,1.6666666666666667,0,5,5,3,SUCCESS,22413,PW0Z0XPbQxyZdOKkpwVIxA
1787,CM#2025,1748868804289,3,22419,22063,67259,0.0,0,0,0,2,SUCCESS,22419,qEcXy0DGSl6njRpi1NW41A
1788,YUNFANreturn,1745330353738,3,22421,20334,67263,1.3333333333333333,0,4,4,2,SUCCESS,22421,4ha-6JEfTj69oFUWcOJsOQ
1789,BackloggedTheory#8269,1748258543631,3,22441,20855,67325,0.3333333333333333,0,1,1,7,SUCCESS,22441,jyIjiXzsTMKeAM0mExawew
1790,TestableZone#7190,1743099466384,3,22485,18867,67455,0.6666666666666666,0,2,2,17,SUCCESS,22485,jarPLaDkSnGzF8G6Xgwdqw
1791,FungibleObject#0322,1739248924509,3,22485,18536,67455,0.6666666666666666,0,2,2,1,SUCCESS,22485,69y1RnPYRp-Ajz6tWO1umA
1792,VariableFormula#6980,1736988126352,3,22486,20793,67459,1.3333333333333333,0,4,4,19,SUCCESS,22486,CeLjtmpBSrqSaSi9_g8_4Q
1793,dnp-yoshizaki-h-multi-user,1750728986869,3,22486,16468,67460,1.0,0,3,3,3,SUCCESS,22486,hHxYBjMERga3CqmYyMDPCw
1794,QualifiedFunction#5854,1747622685330,3,22487,18604,67462,1.6666666666666667,0,5,5,5,SUCCESS,22487,MXXuUnrLT5G7wIPfmI1K_g
1795,ReferenceGame#1132,1743374299678,3,22490,21334,67472,1.0,0,3,3,1,SUCCESS,22490,mJFJvbq0Q_e602p7nQF6oQ
1796,CompleteLog#3268,1736945100455,3,22509,22400,67529,0.0,0,0,0,2,SUCCESS,22509,pdOBbnLlSlGmr3TdmCNrdg
1797,CreativeFormula#4784,1736944345850,3,22509,14872,67528,1.3333333333333333,0,4,4,2,SUCCESS,22509,WPfQu__PTge-IoodibKStg
1798,GenerativeAnalyst#3828,1740573966412,3,22509,16668,67528,1.0,0,3,3,2,SUCCESS,22509,tbtsM3rsQxG69T-GdDUFqg
1799,DarkShadow,1746939956416,3,22511,20467,67535,1.3333333333333333,0,4,4,8,SUCCESS,22511,23fo9K8iRU2LsYiTDwIN9w
1800,TechnicalHacker#7493,1746555069182,3,22528,22192,67584,0.0,0,0,0,5,SUCCESS,22528,xZP4h5XlQm2PW3uQMOBkiA
1801,ASCIIBuster#0240,1740677197165,3,22528,17666,67585,0.6666666666666666,0,2,2,1,SUCCESS,22528,9_YRqb-KQFilMx1_mXbVrQ
1802,dsc250820-4-ChoiHyungDae,1755688443192,3,22529,18800,67587,0.6666666666666666,0,2,2,5,SUCCESS,22529,Hs6rlPG7T-2asGyR75kWPQ
1803,SunTiankai,1754547635595,3,22529,20536,67589,1.3333333333333333,0,4,4,9,SUCCESS,22529,9oXqxuiQRMWGiAxbCHE7UQ
1804,Aitana#5936,1743585692114,3,22529,20535,67589,1.3333333333333333,0,4,4,1,SUCCESS,22529,A5hfUG1ZRdy_D0nVKoHdJg
1805,ITI-G9,1738405510877,3,22530,19458,67590,1.6666666666666667,0,5,5,3,SUCCESS,22530,eJX0YHGyTzaBPPJ-HrXcow
1806,CNZX-LHB,1743501793628,3,22531,22060,67594,1.0,0,3,3,2,SUCCESS,22531,L_IWbpTvSpu3XwWvGo0fEw
1807,TIF-Fast-#-Curious-London,1744530223362,3,22532,18874,67597,1.6666666666666667,0,5,5,65,SUCCESS,22532,TSoego0RTCazPagbkqTnlw
1808,MechanicalPackage#2026,1737771157307,3,22551,21060,67653,0.0,0,0,0,10,SUCCESS,22551,ncgc3465Q_qbIlHckFDqRg
1809,rwolin,1752471040097,3,22553,16537,67659,2.0,0,6,6,3,SUCCESS,22553,5WbiZsMpTz-N16C9SEZw6w
1810,ConnectedDelta#8061,1744370467740,3,22554,20197,67663,1.3333333333333333,0,4,4,3,SUCCESS,22554,mHTHHm38S0qU8A9wIt6F9A
1811,EncryptedCommand#8754,1741975083651,3,22574,17456,67724,1.0,0,3,3,5,SUCCESS,22574,DWAsSZCFT-2dFbvvKD8HrA
1812,Livia-BN,1759285990059,3,22575,14060,67726,1.6666666666666667,0,5,5,7,SUCCESS,22575,eiAQKAbYRJuzAuVJmTw-BQ
1813,GlobalByte#3149,1752395439656,3,22576,20058,67729,1.3333333333333333,0,4,4,6,SUCCESS,22576,LO6iR7b5SyGaRa5oU0zJZg
1814,IterableSequence#6851,1745236521661,3,22599,21202,67799,0.3333333333333333,0,1,1,32,SUCCESS,22599,drx85vCTSA-sg0vmpA1H3g
1815,TestingAnalyst#1327,1759040056027,3,22617,21335,67852,0.0,0,0,0,1,SUCCESS,22617,Xj0wkwxfSjKem0KEP8kD0A
1816,ProcessingSpec#3864,1757516703128,3,22618,14339,67856,1.3333333333333333,0,4,4,17,SUCCESS,22618,4uVVKLdRTaapqmUUQMigmw
1817,TestableSandbox#3558,1747582896111,3,22618,20999,67856,1.3333333333333333,0,4,4,5,SUCCESS,22618,7NwbDbZCS7-3Vd6ywEH-zg
1818,ITI-G2-member2,1738430790782,3,22619,15989,67857,1.3333333333333333,0,4,4,10,SUCCESS,22619,RrqcpO7NQBeki5TF1zC6XQ
1819,NeuralBrackets#3009,1744361103183,3,22620,18867,67862,1.6666666666666667,0,5,5,2,SUCCESS,22620,wiZ_KhemRA-QU6JsykxsCA
1820,SquareGame#7735,1738016464610,3,22641,18736,67925,0.6666666666666666,0,2,2,1,SUCCESS,22641,xKqIDz_8T-mnZlIKpYi6gw
1821,FunctionalEngineer#5398,1741779789063,3,22642,20470,67928,1.3333333333333333,0,4,4,5,SUCCESS,22642,hTMJN2CUTZesrN_Wadz0nA
1822,Sharan-Jeevangi,1748406297209,3,22645,19654,67936,0.3333333333333333,0,1,1,32,SUCCESS,22645,LU5n5akATzS7TNaIdDKPAA
1823,TestableNumber#3090,1743108568887,3,22663,17074,67991,2.0,0,6,6,14,SUCCESS,22663,38UmwQXbTJyJ51ItN5U_Sg
1824,Team10-Arul,1758694391203,3,22663,16468,67990,1.0,0,3,3,6,SUCCESS,22663,QA42gAKNQBiuvBbd7MsByw
1825,ChildsPlay#3968,1755113860628,3,22663,22462,67991,0.0,0,0,0,2,SUCCESS,22663,IjeKQR0-SS6hHf5jyNUuVg
1826,TechnicalSequence#3402,1744857058696,3,22664,15072,67992,1.3333333333333333,0,4,4,4,SUCCESS,22664,WFCMpaoKTha0tT5yHouRyQ
1827,LoopingValue#4736,1737147547411,3,22665,20531,67996,1.3333333333333333,0,4,4,4,SUCCESS,22665,PjrQ7cSZTSqsR25_g7clWw
1828,GenerativeByte#0359,1737756753583,3,22683,16396,68051,1.3333333333333333,0,4,4,1,SUCCESS,22683,07DA58JgTMmPUa7stsekQQ
1829,Latency-Killers#8256,1755110488671,3,22687,22332,68061,0.0,0,0,0,10,SUCCESS,22687,eONoD2F2TUWiJ90KTP-bSA
1830,Velocity-Lillian,1746764816308,3,22687,22473,68061,2.0,0,6,6,4,SUCCESS,22687,BTriBjYUQAyYcPsWCl-X9Q
1831,JoaoPedroBorges-SenaiCimatec,1746546943186,3,22688,18730,68066,1.6666666666666667,0,5,5,20,SUCCESS,22688,1hRs777fQtW1r9krFnlg_w
1832,DesktopSemicolon#3184,1747750634424,3,22688,21929,68065,0.0,0,0,0,14,SUCCESS,22688,WFrHWRA-R7q1Lh6FfVU--A
1833,SequentialLambda#2482,1744788308188,3,22707,22400,68123,0.0,0,0,0,1,SUCCESS,22707,K1D5UKe7R0OnaM7qjzSUzw
1834,Bren1Racer,1738218299698,3,22708,19809,68125,0.3333333333333333,0,1,1,11,SUCCESS,22708,1TbNPTmBSB2mWbhzK8FwRw
1835,dnp-suzuki-t191-multi-user,1750660181777,3,22729,18799,68189,1.6666666666666667,0,5,5,6,SUCCESS,22729,KM-3I8yKQmyZAxL-OnAkuQ
1836,VegetaBlue-Daniel,1747912595490,3,22729,17587,68188,1.0,0,3,3,1,SUCCESS,22729,d5nsoVMiQ42z-G3kHGIl9A
1837,ProgrammingGame#3404,1743558010442,3,22730,18797,68192,1.6666666666666667,0,5,5,5,SUCCESS,22730,omLh0yIaQ8Gv9jlOgOx2Zw
1838,TestingLog#2999,1744724442616,3,22733,22596,68200,2.0,0,6,6,7,SUCCESS,22733,r3C07BLDSZO-rQkBRBwPVA
1839,UpdatedGlyph#3310,1751417190999,3,22751,22535,68255,0.0,0,0,0,20,SUCCESS,22751,a-ndwVkTSnyY9JSdrweG6A
1840,RajnikantG,1747904596157,3,22751,17533,68254,1.6666666666666667,0,5,5,1,SUCCESS,22751,LhHNCmcTRVSFVGk1Iy49eQ
1841,CurlyDebugger#7823,1738613997210,3,22752,18935,68256,1.6666666666666667,0,5,5,12,SUCCESS,22752,SaqDRDdhRi6_35JHTq1WTw
1842,BlockchainAnalysis#8810,1747155619292,3,22754,20536,68262,0.3333333333333333,0,1,1,4,SUCCESS,22754,ifPFaA92RsCqbM7ln8ICYg
1843,beuuuuuum,1752030737872,3,22757,18800,68273,1.6666666666666667,0,5,5,8,SUCCESS,22757,qVo1QG4nSBm1RkpB0Q5v8A
1844,Dots,1737184886858,3,22775,17591,68327,2.0,0,6,6,2,SUCCESS,22775,eFanxdl4R22QTt5v53RaGQ
1845,BetaTester#6875,1741857823800,3,22776,17798,68329,1.0,0,3,3,3,SUCCESS,22776,VAHI_XY4SOa7yepR2c9UVQ
1846,BetaCommand#1318,1747830045506,3,22778,22601,68336,0.0,0,0,0,1,SUCCESS,22778,XLq5x9PqRJOJczDEaYlGmg
1847,EUI-G7,1738175491938,3,22797,19923,68393,1.6666666666666667,0,5,5,3,SUCCESS,22797,dd01QOAeQyCuj2ZQf_OHIw
1848,TheOptimizers#SrichandanChinnam,1755083415254,3,22798,13137,68396,1.6666666666666667,0,5,5,1,SUCCESS,22798,iLpdS8LrTYCKweYJ6n2qLA
1849,JavaByte#8534,1747823685006,3,22799,22737,68397,0.0,0,0,0,2,SUCCESS,22799,zxoQ6-wCSt6n4ib_3riA6Q
1850,DriftRacer#2000,1746713078742,3,22802,21002,68408,1.3333333333333333,0,4,4,2,SUCCESS,22802,PfQEPtTDREePlcJ0I_S05g
1851,AtomicVariable#2533,1748001001633,3,22808,22334,68426,0.0,0,0,0,8,SUCCESS,22808,hV007KY1QyeMEUz-MiWtmg
1852,FuturisticFormula#9653,1759465861866,3,22818,22466,68455,0.0,0,0,0,2,SUCCESS,22818,OTtKD6WNQKChCkkW-pD3vA
1853,AlAidas,1758377063270,3,22819,17595,68459,1.0,0,3,3,2,SUCCESS,22819,icHdCau1St2o0aKoyxz5-g
1854,dnp-wakamiya-y-multi-user,1750659159445,3,22819,22528,68459,1.0,0,3,3,3,SUCCESS,22819,yyuKYqgaQ9aE1Kj3vw3X1A
1855,RobotDeadline#4775,1756195272359,3,22821,22799,68465,0.0,0,0,0,3,SUCCESS,22821,IOMIQUoCTA6EtIWAMrdgGg
1856,Jieyu,1741024154279,3,22822,16256,68467,1.0,0,3,3,8,SUCCESS,22822,SGCCt-cETzaBXOLWZd1mLg
1857,Arthur#1111,1738728406985,3,22841,20999,68525,1.3333333333333333,0,4,4,1,SUCCESS,22841,wKSwSOQXSqy4GlkLgahNMQ
1858,IntelligentMethod#9834,1755529063449,3,22841,16729,68523,1.0,0,3,3,4,SUCCESS,22841,SnWZnHwcTgiFQFZkvayR4w
1859,AccessibleGame#0194,1746494225852,3,22842,20799,68528,1.3333333333333333,0,4,4,5,SUCCESS,22842,nOF7dU2cQoeGutb-gC0OZg
1860,NTI-G8,1738567451907,3,22865,18598,68597,1.6666666666666667,0,5,5,4,SUCCESS,22865,z5qCSf7LSZaRsr9h20L5aQ
1861,DKUTeam6,1754478423306,3,22867,17137,68601,1.0,0,3,3,5,SUCCESS,22867,OtF3DzhhT9Cp_PUqVjzEmw
1862,FormulaicDocumentation#7150,1740322046302,3,22886,19329,68659,0.3333333333333333,0,1,1,3,SUCCESS,22886,SkwzrZ-yQw2_kx2GuA9jog
1863,HashableTheory#9521,1740571204312,3,22888,13658,68665,1.6666666666666667,0,5,5,2,SUCCESS,22888,XBM3RA0LTMO0CO8wnJyWeQ
1864,Vishwajit,1758524725174,3,22889,15601,68669,1.3333333333333333,0,4,4,6,SUCCESS,22889,Xxn-nZAEQYyRA28-K2KMfg
1865,PIEM,1758276547817,3,22908,14469,68726,1.6666666666666667,0,5,5,1,SUCCESS,22908,lOBI2t_HTYikhVB38gDGhw
1866,ViniciusPadilhaVieira,1746125248555,3,22908,18334,68724,0.6666666666666666,0,2,2,8,SUCCESS,22908,IKzvFYIcSIm4LGLyGKej_w
1867,CrypticComment#5489,1744788233427,3,22909,21795,68729,0.0,0,0,0,1,SUCCESS,22909,Et3keeLcRp23ag5Dt_j5qw
1868,Fabin,1745882585781,3,22910,21003,68730,0.3333333333333333,0,1,1,4,SUCCESS,22910,fSEuqUWnRuWf7VI-fTPt9Q
1869,GlobalPackage#4156,1746396776893,3,22910,17729,68732,2.0,0,6,6,7,SUCCESS,22910,NMjLWVa9S56A5mEnDZdHWw
1870,muhammedbalogun,1738299080119,3,22929,18931,68787,1.6666666666666667,0,5,5,1,SUCCESS,22929,yhh9yWAJS7Wd_EuT0dHK7w
1871,10xDelta#8985,1742083123045,3,22932,20930,68798,0.3333333333333333,0,1,1,24,SUCCESS,22932,vd6F3UXyQc-6b2nSp84Qzg
1872,NullSchema#9236,1747182780900,3,22932,21202,68796,0.3333333333333333,0,1,1,6,SUCCESS,22932,o0wd717kRTScbKgEVnFgqA
1873,PathingDescriptor#5933,1750323862987,3,22951,17001,68855,1.0,0,3,3,22,SUCCESS,22951,r29-SnYEQ9iN4OAz3uVBFw
1874,IntelligentSchematic#4759,1738754320846,3,22952,22064,68856,0.0,0,0,0,4,SUCCESS,22952,FRC5jBkJSeuz9xXZS-02CQ
1875,AtomicBuster#9950,1759329764170,3,22952,19132,68858,0.6666666666666666,0,2,2,1,SUCCESS,22952,yRXQjvEpSBOi9V5G7ZT5CA
1876,Student-ASE#5,1743849263191,3,22975,20658,68926,0.3333333333333333,0,1,1,1,SUCCESS,22975,TSYL2x_qS2uKscwdI7pOXw
1877,SquareNamespace#0687,1743264138897,3,22975,19260,68927,1.6666666666666667,0,5,5,8,SUCCESS,22975,RWReR1qyQamUuZ2mVLxFfw
1878,QuickNotation#3059,1748400960231,3,22976,22470,68930,0.0,0,0,0,22,SUCCESS,22976,ZQxstbp0R7uKnL4FcXqZBg
1879,DeepError#3420,1755542703338,3,22976,17665,68930,1.0,0,3,3,5,SUCCESS,22976,CccCOJCKTHmOxD2gnuGNAw
1880,CyberneticArray#0735,1746004844167,3,22977,14457,68933,1.6666666666666667,0,5,5,8,SUCCESS,22977,XpRZpfp0TZyDSueDACtz-w
1881,TestableTable#4351,1743947844153,3,22978,16005,68935,1.3333333333333333,0,4,4,6,SUCCESS,22978,xKVPILeNQwWcIwlxzF1sQA
1882,JanireZubiriManteo#2293,1747302952248,3,22996,21203,68990,1.3333333333333333,0,4,4,4,SUCCESS,22996,SIM8XThWS1ifkKkiS6yElw
1883,ThisSchema#4196,1736790616663,3,22997,20269,68991,0.3333333333333333,0,1,1,6,SUCCESS,22997,t9aBx9MxTombu2hQ09dwNQ
1884,TabletMethod#1281,1736489992044,3,22997,22066,68991,0.0,0,0,0,9,SUCCESS,22997,POD7D1O3RiGyg9f76iB1EA
1885,LIMA,1757797726558,3,22997,22869,68992,0.0,0,0,0,5,SUCCESS,22997,mBFeWONZTOKvbpCRQ2VJTA
1886,ProgrammingArray#5567,1745946441858,3,22998,15794,68994,1.3333333333333333,0,4,4,10,SUCCESS,22998,mba0hgG0Tqyx_mFb3MhbDw
1887,Team13-SitiNurijan,1758597729181,3,22999,21125,68997,0.3333333333333333,0,1,1,10,SUCCESS,22999,tpP3KATCQPSeGRXEkyoUtg
1888,AleCi,1738964526181,3,23000,21058,69000,1.3333333333333333,0,4,4,4,SUCCESS,23000,R3HcTqybRx26I4O6xo9Qcg
1889,AmazingWizardsOfSolutions#8909,1755185321293,3,23019,22068,69057,2.0,0,6,6,1,SUCCESS,23019,bn4GlMdcSkSzYQnAkl776w
1890,IAMSpeed,1755104511778,3,23019,22536,69058,0.0,0,0,0,1,SUCCESS,23019,wgqlmlaaTfCAYYQleD7laQ
1891,DataPao#007,1743773180622,3,23021,18603,69064,0.6666666666666666,0,2,2,2,SUCCESS,23021,E7RcdiFbRKG1oNlnBhBSAg
1892,CreativeBrackets#0001,1747194953448,3,23023,22659,69071,2.0,0,6,6,6,SUCCESS,23023,knMzQBImQGmSx49iTXikug
1893,ComplexSpec#8881,1752170460907,3,23040,22205,69120,0.0,0,0,0,1,SUCCESS,23040,hCtDht5_S2yPD0l_C3Jo7Q
1894,PrimeNumber#6865,1741317268037,3,23043,22534,69130,0.0,0,0,0,2,SUCCESS,23043,nkD5pojYQeuiIJN4_miTaw
1895,CodeAnalysis#0352,1741633530906,3,23067,16401,69202,1.0,0,3,3,3,SUCCESS,23067,sU5rEsz6SAmgz_V9KtHYaQ
1896,MechanicalFix#8381,1758217580864,3,23087,22661,69262,1.0,0,3,3,6,SUCCESS,23087,JS_2AA-4S4KEuIPcig2C1A
1897,Didis-Sliekas-Drakonas,1758488322885,3,23088,17340,69266,1.0,0,3,3,1,SUCCESS,23088,eT4PnmybSiGZX0_8WeP-Hw
1898,Nikolas#3381,1736856129182,3,23089,19337,69268,1.6666666666666667,0,5,5,2,SUCCESS,23089,7oxOxxn0QKGM-cA8Mne0jw
1899,FiniteTable#1002,1742296115602,3,23107,14066,69323,1.6666666666666667,0,5,5,2,SUCCESS,23107,QUcfXfkESpGfnH-0G-5DPg
1900,VariablePointer#3859,1752030393649,3,23107,17328,69321,1.0,0,3,3,7,SUCCESS,23107,EqRWy46sSiaJ_mOVcL3GoQ
1901,Seab,1754041561589,3,23108,21067,69325,1.3333333333333333,0,4,4,2,SUCCESS,23108,mjD1OGTXQfKTXMPWVq29rg
1902,ProvisionalTester#3730,1738768892110,3,23109,22933,69329,2.0,0,6,6,4,SUCCESS,23109,OldbwGM-RTmOaM08-NzhPA
1903,ParametricArithmetic#7783,1746767895595,3,23129,20127,69388,0.6666666666666666,0,2,2,2,SUCCESS,23129,-L7q94pvQSilYNZOTrDilA
1904,QualifiedGrid#9506,1747174279731,3,23130,22864,69391,2.0,0,6,6,2,SUCCESS,23130,RrwOBIsRRouRlVL5SPNCxw
1905,CyberneticSchematic#4114,1758901267790,3,23133,19268,69399,1.6666666666666667,0,5,5,1,SUCCESS,23133,VudRbmZUQf-mLTJilVvRyQ
1906,CodeNode#9888,1737529699710,3,23152,15659,69457,1.3333333333333333,0,4,4,2,SUCCESS,23152,zaYPn3sKTlmeOzV_BqnqSw
1907,TestableMethod#3249,1741925408137,3,23156,21066,69468,1.3333333333333333,0,4,4,6,SUCCESS,23156,UXtUztEwSWOyG7cs9tI4nQ
1908,QueryRacers2025,1738550224377,3,23156,13469,69468,1.6666666666666667,0,5,5,6,SUCCESS,23156,n8pPrHzgQ_2c2H1ZycrCFA
1909,TestingGrid#5700,1747023441287,3,23159,19547,69477,1.6666666666666667,0,5,5,2,SUCCESS,23159,IdT_fzvrSo6Pckv8yGxDIg
1910,LeetBuster#2577,1756920476392,3,23162,17953,69487,2.0,0,6,6,6,SUCCESS,23162,E8KMKhNtTtqdrZ5g-lWVfQ
1911,NeuralSequence#6495,1737699866633,3,23174,22867,69524,1.0,0,3,3,1,SUCCESS,23174,n5tr3eoAQsuwTqj8XgsWGw
1912,JavaState#7755,1746855388698,3,23174,16468,69524,1.0,0,3,3,6,SUCCESS,23174,kY_3ZGKdTvWGiocNH83gcQ
1913,QuickRequirements#8653,1737621370521,3,23175,21135,69527,1.3333333333333333,0,4,4,1,SUCCESS,23175,CHiwJs2dSvKXXx7BjRjj0A
1914,DeepsterAWS,1740270105478,3,23175,19402,69527,0.3333333333333333,0,1,1,2,SUCCESS,23175,rVFtI_iJToucrOj-pkXy_A
1915,MariaLuiza,1754443794958,3,23176,21137,69528,2.3333333333333335,0,7,7,13,SUCCESS,23176,IDhHIK5XRi-zJV1eMDzcrA
1916,AsynchronousMachine#7414,1759493516631,3,23177,19337,69532,1.6666666666666667,0,5,5,6,SUCCESS,23177,-JEJZdZ9RFSxeBnFmmyCEQ
1917,StructuredPackage#7561,1736693088242,3,23197,16590,69593,1.3333333333333333,0,4,4,1,SUCCESS,23197,vY33GrHeSuCixV25i780KA
1918,SolvableModel#5851,1741983706285,3,23197,21464,69593,1.3333333333333333,0,4,4,12,SUCCESS,23197,uw3G37XFTfuJCYKjN1gIww
1919,MoiTuMparlesPasDHamilton,1739282807399,3,23198,19522,69594,1.6666666666666667,0,5,5,9,SUCCESS,23198,iZUurNs6S4GzgB0DMNHmxw
1920,FormulaicFormula#2977,1738487491400,3,23198,18068,69596,1.0,0,3,3,4,SUCCESS,23198,yPDzKRRaSpKhreJPq5YvXw
1921,ThisPackage#7740,1753416046452,3,23198,19205,69594,1.6666666666666667,0,5,5,2,SUCCESS,23198,JkY0tc7ySN-rnj-kcoWv2A
1922,CyberneticByte#7636,1736256697995,3,23218,19261,69654,0.6666666666666666,0,2,2,1,SUCCESS,23218,WsjTvS48Tj6SKYukZKKL4w
1923,StructuredArray#4691,1738609522799,3,23219,22324,69657,0.0,0,0,0,11,SUCCESS,23219,i7iFFVPlRWy9zHsCU-1kFQ
1924,ProvisionalMachine#6943,1749401955812,3,23221,22876,69664,0.0,0,0,0,1,SUCCESS,23221,xsCzpy6zSeGk4gbMdTGVrQ
1925,BackloggedState#0230,1749651947524,3,23242,19465,69726,0.6666666666666666,0,2,2,5,SUCCESS,23242,BWusMW0MSqmyMapSTmfdfA
1926,AlphaBottleneck#6191,1755621383328,3,23242,23069,69728,1.0,0,3,3,4,SUCCESS,23242,s56b7TdKRQ21g8dssHyb0g
1927,IbrahimAlmafraji,1747919123023,3,23264,19265,69793,1.6666666666666667,0,5,5,4,SUCCESS,23264,JFWBeP1kStikfvXlrpfjNw
1928,WebSlice#4449,1742315857160,3,23264,17999,69792,1.0,0,3,3,8,SUCCESS,23264,DK2VVAjYThuPAnlnQ0KcGg
1929,SneedRacer,1737734118729,3,23265,23065,69795,2.0,0,6,6,2,SUCCESS,23265,EprA2JZ7SsihMmzbw-RxpQ
1930,TIF-Bitty-Bots,1747393923038,3,23287,16593,69861,2.3333333333333335,0,7,7,4,SUCCESS,23287,kgey93DNSD25qbJ67RZ-wQ
1931,dnp-imamura-m11-multi-user,1750659786551,3,23287,15660,69862,1.3333333333333333,0,4,4,3,SUCCESS,23287,r70ggfPFRaq9_3wHCSc3Dw
1932,ghzx-jbw,1736652183297,3,23287,17868,69861,1.0,0,3,3,4,SUCCESS,23287,Hom65uotTbWtb6oBVUgIww
1933,dr-teacher-26,1738559717564,3,23289,22672,69869,1.0,0,3,3,1,SUCCESS,23289,H6JX7WaGTe6pA2axMABFUA
1934,abalt-chwy-2025,1753374114160,3,23307,22860,69923,0.0,0,0,0,1,SUCCESS,23307,-n6SSv0hTYqpav7vpmcYKw
1935,FuturisticString#9116,1745276404254,3,23310,21398,69931,1.3333333333333333,0,4,4,4,SUCCESS,23310,7iFvTykFQ-eKVcNMDxH-SQ
1936,LoopyLisa88,1757595439341,3,23310,17992,69932,1.0,0,3,3,2,SUCCESS,23310,cBMUED_6QcyVYbS4rPjVGA
1937,ProcessingGrid#4451,1736415354040,3,23330,21137,69990,1.3333333333333333,0,4,4,6,SUCCESS,23330,00u8-p59Tv2NyhHkpyWddA
1938,TechnicalDataset#6342,1751570961478,3,23331,22936,69993,0.0,0,0,0,12,SUCCESS,23331,lbV9bdcWQjSBXRpsEIxA3Q
1939,CyberneticValue#7227,1746575124770,3,23331,18323,69993,2.0,0,6,6,4,SUCCESS,23331,WUERPRfgT_SgJq4QiTDsNw
1940,TabletLanguage#9960,1739558897552,3,23331,21000,69995,0.3333333333333333,0,1,1,4,SUCCESS,23331,xS5-lHaGRmancEt-TLLmqw
1941,TestingTest#5563,1744788388209,3,23331,22068,69994,0.0,0,0,0,1,SUCCESS,23331,Gcv6OAA8T5Ky-g3B5bcT8Q
1942,SulaimanL,1738842470505,3,23333,21462,70001,1.3333333333333333,0,4,4,1,SUCCESS,23333,uAHDbip4R1qtp5IJ1uaeJw
1943,ASCIIWorkaround#5567,1755540544637,3,23352,19597,70056,1.6666666666666667,0,5,5,5,SUCCESS,23352,nLjCzdPvSyitr_tcwtv6lQ
1944,JavaNotation#6380,1740402466097,3,23353,20394,70059,0.6666666666666666,0,2,2,6,SUCCESS,23353,9ZG_5le_Q7OmaW0vh9HHvw
1945,RadRacerV,1745431202574,3,23353,17864,70061,1.0,0,3,3,16,SUCCESS,23353,Nvq6s8paTnKjVoMP51vNWg
1946,MakkeP,1743755217716,3,23354,19804,70062,1.6666666666666667,0,5,5,11,SUCCESS,23354,4A-9Ah1TR-yFbaB0MhuxWQ
1947,QualifiedGlyph#7330,1740007957323,3,23373,19334,70121,0.6666666666666666,0,2,2,1,SUCCESS,23373,dGgJoSwXS-K5Ir8hyyF1XQ
1948,AurimasP,1757350660585,3,23374,22598,70124,0.0,0,0,0,8,SUCCESS,23374,XRapaYaMR5mzfs6rjn8ABQ
1949,CyberneticLine#7409,1756194460839,3,23375,21535,70127,0.3333333333333333,0,1,1,4,SUCCESS,23375,KArhytTZRHOTSBEiyP9fWg
1950,Purrcedes2025,1738392369368,3,23376,16061,70130,1.3333333333333333,0,4,4,2,SUCCESS,23376,x6zxSpZoTAOYXdAmGdoMIw
1951,NumericVariable#7630,1747577517294,3,23398,23200,70194,2.0,0,6,6,5,SUCCESS,23398,n5sSa1x9QNWPCm-QoxaCpQ
1952,AsynchronousVariable#5486,1755789906440,3,23399,15532,70197,1.3333333333333333,0,4,4,12,SUCCESS,23399,hjm6ZgamTj6t_0Y7ILFU9w
1953,ImportantEngineer#1046,1747608890047,3,23418,22400,70255,0.0,0,0,0,10,SUCCESS,23418,uOsZd4rfS6O3WLy9Jme5CQ
1954,ParametricSystem#3621,1743599468272,3,23420,21135,70261,0.3333333333333333,0,1,1,7,SUCCESS,23420,SEOub08HRPmteSk2JMepwQ
1955,GIST-DeepRacer16,1754378874810,3,23424,20065,70274,0.6666666666666666,0,2,2,2,SUCCESS,23424,CYgqzDnVRCaEbMDQ7iKJFQ
1956,RafaelCosta-CtrlPlusDrift,1757698712103,3,23438,16320,70316,1.3333333333333333,0,4,4,3,SUCCESS,23438,qKcrL2frRCCYp4BRmEXWKA
1957,TheGeoffMegaRacer,1748430530476,3,23440,17602,70321,2.0,0,6,6,5,SUCCESS,23440,y1iyFz_ZRm2lBV8O0LaDxg
1958,AsynchronousNotation#6225,1750248924576,3,23442,21536,70326,1.3333333333333333,0,4,4,16,SUCCESS,23442,zuBjywh_RAyU6CxPZvxvUg
1959,PythonResource#7664,1754576868254,3,23443,18196,70330,2.0,0,6,6,8,SUCCESS,23443,IFMjYGQdQ3SazoA3FrmBnQ
1960,AbstractTag#2184,1746568587049,3,23447,18325,70341,0.3333333333333333,0,1,1,9,SUCCESS,23447,gc6TiIuqSaeOuxxpNkTfpw
1961,CompleteClass#2454,1753270458058,3,23463,22934,70390,2.0,0,6,6,2,SUCCESS,23463,l71Zd6G8SAu7UEbhKmG0vg
1962,RocketDocumentation#0986,1746534486436,3,23464,21454,70393,1.3333333333333333,0,4,4,14,SUCCESS,23464,CREM-ixETJKPQLZjZSz70A
1963,PythonArchitect#5916,1747532484536,3,23464,19732,70393,0.6666666666666666,0,2,2,13,SUCCESS,23464,0pHISeL4TgiiyTQ9oNzNvg
1964,Tomas--INSPER,1746819446100,3,23464,12471,70394,2.0,0,6,6,2,SUCCESS,23464,jQmofqgwQwqPDR6FCw64mw
1965,TIF-Speedsters,1746794239861,3,23464,22602,70392,0.0,0,0,0,133,SUCCESS,23464,8afnJoZMQ66K60JaXgi0nw
1966,SofiBerg,1745869436094,3,23465,21924,70395,1.3333333333333333,0,4,4,1,SUCCESS,23465,8Z5Ir7cKSCu9As4PdQMT-Q
1967,DeepMetaclass#3326,1747744589191,3,23485,18656,70456,1.0,0,3,3,3,SUCCESS,23485,Uf6Ay3X2Q_67iykVEyRcHw
1968,dnp-muro-j-multi-user,1750657991921,3,23507,16994,70523,1.0,0,3,3,7,SUCCESS,23507,FMx_biefRZ6XU9a5vAMP-A
1969,dnp-shiga-k2-multi-user,1750725239375,3,23509,21335,70528,0.3333333333333333,0,1,1,7,SUCCESS,23509,XbIJxoI7QDKj7DTtTBH70w
1970,ComplexFix#2753,1746788201029,3,23510,14729,70530,1.6666666666666667,0,5,5,4,SUCCESS,23510,HjYgQkG7QuCTRnbIT6LApw
1971,UnboundLambda#3263,1743414533307,3,23510,23272,70532,0.0,0,0,0,4,SUCCESS,23510,7XkvFyUyTmGAL8fLMtazVA
1972,QualifiedUpdate#7427,1752037942824,3,23510,23138,70531,0.3333333333333333,0,1,1,4,SUCCESS,23510,cRrO7NsARZC_oGI5HQoJpw
1973,TestableTheory#7010,1737528177398,3,23516,21478,70548,1.3333333333333333,0,4,4,2,SUCCESS,23516,vCeP5BZhSXiHfNRJsgowuw
1974,ImmutablePointer#2411,1750043677529,3,23531,20193,70595,0.6666666666666666,0,2,2,2,SUCCESS,23531,HqXliXnNT5O5XDQR4s82iA
1975,MobileConsole#6132,1754856448091,3,23531,12330,70595,2.0,0,6,6,10,SUCCESS,23531,kigfLu4kRh6LnRTybwhG9w
1976,BetaPoint#4071,1747556627146,3,23531,14200,70593,1.6666666666666667,0,5,5,5,SUCCESS,23531,VB9BpmxFRVamDh4WtV60Xw
1977,RacingRanjan,1737576487688,3,23532,23272,70596,1.0,0,3,3,3,SUCCESS,23532,MQRfMz85Qxmj_EChD9wfxA
1978,BigCharacter#1460,1744788439808,3,23554,20059,70663,0.6666666666666666,0,2,2,1,SUCCESS,23554,i5-l2Sr6T-SLzlhfm0SOxw
1979,Adam-Payne,1750835778740,3,23554,17995,70662,2.0,0,6,6,1,SUCCESS,23554,c_cMzPacRVSIThvB0f0cKw
1980,TIF-CuriosityCrew,1746963400560,3,23574,20266,70722,0.3333333333333333,0,1,1,5,SUCCESS,23574,aGQ7LxtcQ5WuqihwQIGExA
1981,ParametricDigit#5021,1759329759121,3,23574,21399,70722,0.3333333333333333,0,1,1,1,SUCCESS,23574,xpelv2R-Qz65oPnNpXmy1A
1982,PrimeTester#777,1751526133532,3,23574,19665,70724,1.6666666666666667,0,5,5,8,SUCCESS,23574,jfAD4EPXSkOqb8-Ld73iOg
1983,QualifiedAttention#4278,1745766509634,3,23575,18401,70726,1.0,0,3,3,2,SUCCESS,23575,0nO3i3IpR4y0F3NIqC10HA
1984,SGR,1748549870006,3,23576,23200,70730,0.0,0,0,0,5,SUCCESS,23576,wOMwUBRpTaStcWlkJaswoA
1985,LeetPoint#3956,1753692009637,3,23577,23205,70733,0.0,0,0,0,1,SUCCESS,23577,Ven421kTR8qTnj34ezuLLA
1986,130,1759564958745,3,23580,16724,70742,1.3333333333333333,0,4,4,6,SUCCESS,23580,B3jRrdO-QWW-dTWeBm2joA
1987,AmazingWizardsofSolutions#7888,1755105790168,3,23584,19465,70754,0.6666666666666666,0,2,2,1,SUCCESS,23584,0HAKLxuURKi8FgjjjdKtNQ
1988,StructuredLanguage#1112,1746336826587,3,23596,19927,70789,1.6666666666666667,0,5,5,8,SUCCESS,23596,NNVTBGrqQdynMG0TyVA5Kw
1989,SecureSlice#3022,1750015186083,3,23597,21130,70792,0.3333333333333333,0,1,1,4,SUCCESS,23597,1q37WjWXRmuGr6HdPhEt8w
1990,SolvableDelta#7593,1737381222923,3,23598,21935,70795,1.3333333333333333,0,4,4,1,SUCCESS,23598,aiHteSKeR52NBcukPFsHxQ
1991,TIF-Columbus-Car-Crew,1747439894558,3,23598,17061,70794,1.3333333333333333,0,4,4,10,SUCCESS,23598,bf79533e497f4bb89ea79w
1992,MobileBraces#6633,1744788368942,3,23598,21662,70795,0.3333333333333333,0,1,1,1,SUCCESS,23598,EmHzrF9WQ-6AdjOWJM8RWQ
1993,NullHacker#3660,1746569055993,3,23600,18666,70802,1.0,0,3,3,1,SUCCESS,23600,YQTP6hSIQWqclg2QEORkag
1994,FungiblePresentation#2937,1746019045359,3,23618,21666,70856,0.3333333333333333,0,1,1,21,SUCCESS,23618,IY6_UHXYTnSH8XpRnjZJbw
1995,123#03,1745915679600,3,23619,23266,70857,0.0,0,0,0,1,SUCCESS,23619,jDVmIQDARvqdkyQvo-tTXA
1996,QualityPoint#8248,1745345358348,3,23619,17395,70858,2.0,0,6,6,7,SUCCESS,23619,6JiDcgiuT8uuaovWrJEk4g
1997,JavaAnalyst#3806,1741748329745,3,23623,14466,70869,1.6666666666666667,0,5,5,2,SUCCESS,23623,3as7F_wpSf6UVGzwOFNc_w
1998,ImmutableOrder#7698,1740994607606,3,23643,18522,70930,2.0,0,6,6,2,SUCCESS,23643,c2z9E8iKT02KLrQ5lbUfiw
1999,Iterable486#9708,1745428846218,3,23643,19865,70929,0.6666666666666666,0,2,2,3,SUCCESS,23643,PUDNRzFuSyCEGlmiqg9Flg
2000,TIF-Lighting-McQueen-Glasgow,1745364043111,3,23663,21593,70990,1.3333333333333333,0,4,4,1,SUCCESS,23663,330e844f248042eaa479eQ
2001,CleanGrid#5936,1737363133290,3,23664,22804,70994,0.0,0,0,0,1,SUCCESS,23664,Ames5H6qRvCYJtkg4ukqlg
2002,weie2,1752641123311,3,23664,14462,70994,1.6666666666666667,0,5,5,2,SUCCESS,23664,dEPvY5zvQuKD4x9PV0ZezQ
2003,BrainyLanguage#1168,1744788338564,3,23685,23068,71055,0.0,0,0,0,1,SUCCESS,23685,L1xGzzDoRKSsjJvkt-DgcQ
2004,PrimeLoop#4251,1747319732387,3,23686,12666,71059,2.0,0,6,6,9,SUCCESS,23686,03b_QAfESICPBpSIQbUB8g
2005,TeamSCRS-Rosti,1747863146517,3,23687,22662,71061,1.0,0,3,3,5,SUCCESS,23687,CZLYBvTaSnaI6BA4ZQZraA
2006,Saver#0888,1743703653383,3,23688,17339,71064,1.0,0,3,3,1,SUCCESS,23688,HyRNAeGoQz-fCbHvNFnRGA
2007,Miranda,1741856276253,3,23707,19665,71121,1.0,0,3,3,6,SUCCESS,23707,JmHTNTw5RbGB9YyWchjAXw
2008,BhavanaSruthiKakarlapudi,1745210033351,3,23709,20532,71129,0.6666666666666666,0,2,2,5,SUCCESS,23709,LecHdWTzTny_xdr9rdZ5tA
2009,chrijuTech#1,1758026805275,3,23729,18464,71187,0.6666666666666666,0,2,2,12,SUCCESS,23729,QiwKnQr-TnCRHFIuSW7DPg
2010,GGADDK,1755115114210,3,23730,18595,71192,1.0,0,3,3,4,SUCCESS,23730,ulNWjxEgSX6vV8MJJeG1-Q
2011,Val7,1758524515676,3,23731,21731,71195,1.3333333333333333,0,4,4,4,SUCCESS,23731,kTA7mWVOR8iKiHP-lkAJwQ
2012,UsableResource#7669,1747373243717,3,23754,20595,71262,0.6666666666666666,0,2,2,1,SUCCESS,23754,1NdnkyW5Rc-FkOjdxwrRrQ
2013,CyberneticPoint#4409,1740573403487,3,23755,19464,71265,1.6666666666666667,0,5,5,1,SUCCESS,23755,_p4BmeViQ_GO0mG2jXYkjw
2014,TomasRAlessi-INSPER,1746655625991,3,23758,15991,71275,1.3333333333333333,0,4,4,6,SUCCESS,23758,5lM4h0vNTHySzq6NNMTUSw
2015,IntelligentSemicolon#7448,1757963776379,3,23764,20359,71294,1.0,0,3,3,4,SUCCESS,23764,0yU8AAx2QkWbmYtCO1HIyg
2016,MemorySequence#8384,1747106042536,3,23775,18591,71327,1.0,0,3,3,4,SUCCESS,23775,vZ7MnSgZQDWWAxkdENBiNw
2017,Zero-dayScript#7459,1756195242892,3,23775,21869,71327,0.3333333333333333,0,1,1,2,SUCCESS,23775,okcxVFN0TLmB-mKIrgA6jA
2018,Knoefler,1757923558649,3,23776,14335,71328,1.6666666666666667,0,5,5,6,SUCCESS,23776,miRH0leUSR6Y73RVDiZTgQ
2019,DraftSlice#2967,1752206247552,3,23776,15061,71329,1.6666666666666667,0,5,5,11,SUCCESS,23776,2NohmNh8SDu4IIEeA0aaMA
2020,JavaValue#2962,1738852550318,3,23796,14853,71388,1.6666666666666667,0,5,5,4,SUCCESS,23796,hkxg_ZXxR-qw-z-SR488Ow
2021,AbstractHacker#1454,1741881124761,3,23797,19063,71392,1.0,0,3,3,1,SUCCESS,23797,WiAxAh3vQcuCJi0txiddvQ
2022,CriticalBuster#4422,1748331402667,3,23797,19938,71392,1.6666666666666667,0,5,5,3,SUCCESS,23797,-ZTheRW0R-q0pEPLp91Lzg
2023,RecursiveFunction#3501,1758276208680,3,23798,19935,71395,1.6666666666666667,0,5,5,1,SUCCESS,23798,kvulv9IVR5uGc46zaDNX0g
2024,MobileNode#3307,1752222345262,3,23799,20009,71397,1.6666666666666667,0,5,5,2,SUCCESS,23799,Skfh4DYxTrut2zPMsoMADQ
2025,BrainyContext#2046,1748513601226,3,23819,23532,71457,0.0,0,0,0,6,SUCCESS,23819,LqZGOvBFSF6l8XFxGrDc6w
2026,RoddOrTodd,1757956126335,3,23820,23262,71462,0.0,0,0,0,7,SUCCESS,23820,mVEfqRwDSsaTEAN7a_uBDw
2027,NestedComment#6154,1736963812386,3,23829,17258,71488,1.3333333333333333,0,4,4,1,SUCCESS,23829,xx_WbCleSHqHZHLwmNNjSA
2028,CyberneticBooster#6173,1746967434184,3,23843,19931,71530,1.6666666666666667,0,4,5,2,SUCCESS,23843,hYULz52uSj6QgG-iDH21jA
2029,OfficeAvengers#Nikhil,1755700614141,3,23865,19862,71595,0.6666666666666666,0,2,2,1,SUCCESS,23865,DHKiGQbwQkmJkJrtgekqaA
2030,DeepFunction#2036,1737458676329,3,23884,21593,71654,1.3333333333333333,0,4,4,3,SUCCESS,23884,YC0EqrEiQaSI8aIGVhgF6Q
2031,SolvableNamespace#3805,1755103180300,3,23885,23253,71657,0.0,0,0,0,5,SUCCESS,23885,8nImkRtRTDmP0E0U5lq9DA
2032,IsmaelMarinhoRocha-IFPB,1745977278101,3,23886,19801,71660,1.6666666666666667,0,5,5,6,SUCCESS,23886,tCTkJmAgR92DWSQBm1AJmA
2033,ProvisionalHypothesis#2128,1756194200273,3,23888,21808,71666,0.3333333333333333,0,1,1,2,SUCCESS,23888,gNO-GVUzR9uWV-NhFC5nHg
2034,FormulaicTest#0895,1741688487367,3,23889,21802,71669,0.3333333333333333,0,1,1,1,SUCCESS,23889,2t-c8tSdT5KzRM8hcyczPw
2035,DROV#6969,1757579984981,3,23908,21595,71724,1.3333333333333333,0,4,4,2,SUCCESS,23908,LdA40wzGQTulFOA1lecp-g
2036,SebasH,1752974536345,3,23909,20595,71728,1.6666666666666667,0,5,5,4,SUCCESS,23909,US5U1H-6QV6E1y9BcZ55cg
2037,GlobalGame#7977,1747357890122,3,23910,21996,71730,1.3333333333333333,0,4,4,1,SUCCESS,23910,InRl2GYPTA21AI2pwf0_MA
2038,GT-Racing,1738171504957,3,23925,17110,71777,2.3333333333333335,0,7,7,10,SUCCESS,23925,w9zvXqmyRFWjHCr1e_v0-g
2039,10xAnalysis#0107,1757969029977,3,23930,23600,71791,2.0,0,6,6,7,SUCCESS,23930,UmWTVsM-QvKuCOpwsnFk8Q
2040,DRRacer,1742874863592,3,23931,18195,71795,2.0,0,6,6,9,SUCCESS,23931,X4EHceAWQ2OpTBFkUf468g
2041,IterableMethod#5432,1750069475781,3,23932,18795,71798,2.0,0,6,6,2,SUCCESS,23932,v3srN1zSQcC-TGelihW8xg
2042,Error404SpeedNotFound#1234,1754928662360,3,23933,23866,71799,1.0,0,3,3,10,SUCCESS,23933,QEqbckCnTWOA6JnOsEpqGw
2043,Lucronacurva-Edson,1758551365667,3,23952,20323,71858,1.6666666666666667,0,5,5,12,SUCCESS,23952,zm5sVDwmQ8WKuzlPy5bdrw
2044,CurlyState#2994,1736886410371,3,23952,23397,71857,0.0,0,0,0,15,SUCCESS,23952,zUr3z6p7QOGMvY6fnRI8Vw
2045,SecureUpgrade#9466,1752569896264,3,23956,11340,71868,2.0,0,6,6,9,SUCCESS,23956,ErIlkYQ6SDeVO2EDKNMxrA
2046,PathingSwitch#3301,1743703450963,3,23972,23929,71917,1.0,0,3,3,1,SUCCESS,23972,pvcFttlESOWGJ5dK5m6y1A
2047,VirtualError#5509,1759384482237,3,23975,22326,71925,0.6666666666666666,0,2,2,8,SUCCESS,23975,1ceqx66EQKGLlLl0cPlxNw
2048,DraftSystem#0085,1746286342133,3,23975,22131,71927,1.3333333333333333,0,4,4,8,SUCCESS,23975,bhhNKPcOTiGweo2nKgSs9g
2049,NestedSandbox#7204,1743529318834,3,23976,20000,71929,0.6666666666666666,0,2,2,2,SUCCESS,23976,3E3REPTtTn-LsGolE4zWiQ
2050,F1Champion,1752136468405,3,23977,20594,71933,0.6666666666666666,0,2,2,5,SUCCESS,23977,VLtC9BRrSKWUenGlxL7sXg
2051,CreativeDigit#0754,1746820442886,3,23998,18065,71996,2.0,0,6,6,8,SUCCESS,23998,BdtW7w6NQfa4Lgcg4jPmhw
2052,ProvisionalConsole#7051,1743785536012,3,23998,21202,71994,1.3333333333333333,0,4,4,6,SUCCESS,23998,A_AfBB4yTx2zNxC9w_tBwg
2053,FungibleDiff#8925,1737166628100,3,24018,23068,72056,1.0,0,3,3,2,SUCCESS,24018,KWjtEO9BT_Odzz0MW-Fmuw
2054,AnthonyRicardoRodriguesRezende,1746143408187,3,24019,19731,72058,0.6666666666666666,0,2,2,4,SUCCESS,24019,H3HwWd3SRcOJYDJFVNLAoA
2055,ITI-test,1738346363672,3,24020,20266,72061,1.6666666666666667,0,5,5,8,SUCCESS,24020,-wVtKbmIRWOGptQW0h5_FA
2056,RodrigoPessoadeMeloFilho-IFPB,1745963609234,3,24020,19002,72060,1.0,0,3,3,1,SUCCESS,24020,n3TlhKShTMKTQwtFXNx8Vg
2057,MattBright,1750412863721,3,24020,21532,72061,1.3333333333333333,0,4,4,17,SUCCESS,24020,_8cPRjQ5Q0SUjKnvyEZ4pw
2058,TIF-Model-Racers,1747278853953,3,24021,23469,72064,2.0,0,6,6,3,SUCCESS,24021,Ccw0RaEzRcWxAwgadmIlWg
2059,NullPresentation#4746,1746501009087,3,24042,16262,72128,2.3333333333333335,0,7,7,17,SUCCESS,24042,wHK0ao0yQUyVa7teYaIHrw
2060,AsynchronousFormula#2918,1746468640831,3,24044,18137,72133,1.0,0,3,3,1,SUCCESS,24044,bxyIMyX7Ta2X1B33oPcRbA
2061,RobotArithmetic#2785,1747720114808,3,24062,23933,72186,2.0,0,6,6,9,SUCCESS,24062,iL30jdttQaikgQl1tYtbKA
2062,MiguelRyan#2869,1746029130068,3,24063,23865,72191,2.0,0,6,6,3,SUCCESS,24063,jCNvbFmWTxaDWYz4K-S0FQ
2063,ITI-G8,1738699424383,3,24064,21926,72193,1.3333333333333333,0,4,4,3,SUCCESS,24064,KjWE_zD8Rf6arSZoD4Lv-Q
2064,QualifiedSchematic#6045,1757721264644,3,24064,21795,72192,0.3333333333333333,0,1,1,1,SUCCESS,24064,FOYguUBsTvWqN9FBNvG9Mw
2065,JavaZone#3158,1751476711255,3,24065,16536,72197,1.3333333333333333,0,4,4,3,SUCCESS,24065,iWbm89FtRoiZ7BSpD9DqEQ
2066,ReferenceAnalyst#3304,1746448744515,3,24065,14731,72196,1.6666666666666667,0,5,5,4,SUCCESS,24065,1AceLfnkQUmq3gURnfkeDw
2067,MachineClass#7511,1747527506462,3,24083,23859,72249,2.0,0,6,6,9,SUCCESS,24083,pIN29YVYShay_Ezgk0PA9Q
2068,25PLeejungmin,1752815095978,3,24085,20527,72256,1.6666666666666667,0,5,5,3,SUCCESS,24085,JT7n5MaESH2sD_YDTvZCOw
2069,CleanDigit#0740,1751007144003,3,24087,20191,72263,1.6666666666666667,0,5,5,16,SUCCESS,24087,u8--UmMjQAWtgAhL6prsJg
2070,MSEDU-S1,1747189798223,3,24107,21735,72321,1.3333333333333333,0,4,4,6,SUCCESS,24107,71v06eGiTkyolFRnvsuWnw
2071,BigMethod#3556,1736750647756,3,24108,21063,72325,1.6666666666666667,0,5,5,2,SUCCESS,24108,Ej9fZ6-YSKC5Wsz1IkDsCA
2072,AccessibleBuster#5946,1755546619575,3,24108,18323,72326,2.0,0,6,6,10,SUCCESS,24108,szQzqxuaSjmXBJ8tkaV3YQ
2073,ITI-G2,1738702441183,3,24109,13401,72327,2.0,0,6,6,1,SUCCESS,24109,8b-tymmySZ61T5xcV8FfpA
2074,NothingSomething,1743997594228,3,24109,23537,72327,1.0,0,3,3,6,SUCCESS,24109,LFs4PDdnTyiHMNDKHDccew
2075,DongYoung,1751872733554,3,24109,18265,72327,1.0,0,3,3,18,SUCCESS,24109,a9VzZsdtQXedAXZPzjmgbA
2076,SaminTeam#2,1745914993145,3,24110,24007,72331,0.0,0,0,0,7,SUCCESS,24110,T9Sf6n2nQP6zOCjoA68UrQ
2077,GAtrack-JoaoFiorio,1757078015869,3,24129,24063,72388,1.0,0,3,3,1,SUCCESS,24129,uu_L3Bd-RS6GM6c1JhCCxg
2078,TestingToken#2429,1753753909581,3,24152,16666,72457,2.3333333333333335,0,7,7,1,SUCCESS,24152,B_CO4Cv3S-22QK0ZArgCeg
2079,IterativeAnalysis#5938,1746840052466,3,24152,22135,72458,2.3333333333333335,0,7,7,4,SUCCESS,24152,X929Fc_oSHOhV1pWomIohw
2080,GustavoPirani#1809,1746405082078,3,24153,24008,72459,0.0,0,0,0,10,SUCCESS,24153,WzPl47OHRy6SGNzCsN4teA
2081,AsynchronousServer#8113,1759329759334,3,24174,20467,72524,0.6666666666666666,0,2,2,2,SUCCESS,24174,1S9phsjzQr2bFg5sMszLXw
2082,SequentialAbstraction#6904,1742886247567,3,24177,18064,72532,1.0,0,3,3,4,SUCCESS,24177,caL1zDhUQu2BMF14f4DmaQ
2083,CreativeDelta#8002,1755070221514,3,24197,13334,72593,2.0,0,6,6,7,SUCCESS,24197,JIUXEQxkSROEmlXvjaDcNQ
2084,Zero-dayParameter#4740,1745196555247,3,24197,22600,72593,0.0,0,0,0,9,SUCCESS,24197,glEu_-2GTY-oFfVkPE9xtw
2085,ImportantValue#6794,1758270550696,3,24219,14864,72659,1.6666666666666667,0,5,5,13,SUCCESS,24219,U0u_Vu0NQ3-KTjjxWIi5BQ
2086,SecureDiff#7815,1745363130912,3,24219,16728,72657,1.3333333333333333,0,4,4,12,SUCCESS,24219,UTXeIUzdTOeVFNzMRd-Vyw
2087,dsc250820-5-ParkSehyeon,1755726283094,3,24219,20329,72659,0.6666666666666666,0,2,2,1,SUCCESS,24219,zV18DPDCRqqIWvaZYXF2mA
2088,BlockchainAbstraction#8395,1741314942698,3,24220,23603,72660,0.0,0,0,0,1,SUCCESS,24220,m2whDVP6QsSFzxQ2q6QJuA
2089,GTR-RafaelRoveri,1757114370945,3,24222,18735,72666,2.0,0,6,6,11,SUCCESS,24222,5azYonQYR1GVtod4w0Jy_Q
2090,HigherBuster#4342,1741791525648,3,24239,22251,72718,0.3333333333333333,0,1,1,1,SUCCESS,24239,T_-bpSmGTO-eGxN_JFb3PA
2091,ReferenceGlyph#0862,1738665932581,3,24241,18797,72725,2.0,0,6,6,3,SUCCESS,24241,7IkSVuz0QSC8OXo4t6C1jw
2092,TIF-Lightning-McQueens-Mumbai,1745765343662,3,24244,22400,72732,2.3333333333333335,0,7,7,21,SUCCESS,24244,wsym9JMCT7uKuhqeBcuXsw
2093,MemoryGrid#7161,1736230893528,3,24264,15064,72792,1.6666666666666667,0,5,5,1,SUCCESS,24264,BNwKM8-YRQCuX9ntomCRjQ
2094,UpgradedShell#3560,1743459314128,3,24285,21391,72857,0.3333333333333333,0,1,1,22,SUCCESS,24285,NPvM9u6JRmiWOd5qTbJuzw
2095,ViniciusCarvalhoP-UNICAMP,1746808377820,3,24285,13602,72856,2.0,0,6,6,7,SUCCESS,24285,pEt1CxReSF2H9wrvRiJxaQ
2096,SolvableArchitect#6523,1757879224665,3,24286,20533,72859,0.6666666666666666,0,2,2,6,SUCCESS,24286,Q1lPHaUBQBioKZD3Ql6f0A
2097,BooleanDigit#1756,1736598679832,3,24286,16526,72860,1.6666666666666667,0,5,5,1,SUCCESS,24286,ewSl6olcT7e6gk_Strrnlg
2098,Luiz-Henrique-UFC,1744756946506,3,24286,18797,72860,2.0,0,6,6,3,SUCCESS,24286,hUm1b-nlS7GjcSJqDPtpjg
2099,JDH,1757418099831,3,24287,21067,72861,0.6666666666666666,0,2,2,1,SUCCESS,24287,3rw2PwT1SKWPOyetqXnO9A
2100,dsc250820-4-KimMintae,1755722318580,3,24289,20202,72869,1.6666666666666667,0,5,5,6,SUCCESS,24289,IZe32g_yT-mOailtEj8FOA
2101,FormulaicNetwork#4446,1747282833465,3,24290,22863,72872,0.3333333333333333,0,1,1,3,SUCCESS,24290,bWS7x_66ScSoRPT-Q19ycg
2102,dnp-ido-h-multi-user,1750742886762,3,24307,24131,72923,2.0,0,6,6,4,SUCCESS,24307,U9CT7qNPTACFAbfu5X76FQ
2103,Student-ASE#7,1743847921400,3,24308,23800,72925,0.0,0,0,0,1,SUCCESS,24308,Tud5FYMuRn6OEnxRXG2Yaw
2104,GenerativeToken#4244,1752051283925,3,24331,20531,72993,1.6666666666666667,0,5,5,9,SUCCESS,24331,NTtIHxjFSsWWbxE04KGZEw
2105,NeuralMethod#5848,1757917739432,3,24333,22466,72999,0.3333333333333333,0,1,1,5,SUCCESS,24333,o4-axJwZR7aIw9SinNDMvw
2106,ProgrammingArray#0783,1738429198026,3,24341,24294,73024,2.0,0,6,6,3,SUCCESS,24341,N5DcN7ZdT_Kc51og5pfRIw
2107,dsc250820-4-DongGyu,1755666222964,3,24352,20800,73058,0.6666666666666666,0,2,2,23,SUCCESS,24352,I4ruTbCjTtKCLmUp0wyluQ
2108,PassingValue#5815,1748435803518,3,24353,23796,73061,1.0,0,3,3,1,SUCCESS,24353,DSyT0QoNQEyVtKvt_uL_Qg
2109,ConnectedZone#9895,1757562144327,3,24354,20665,73063,2.6666666666666665,0,8,8,1,SUCCESS,24354,OfEbnt8lTfiXyT0f8IOmQQ
2110,902-JHN-03,1752678552481,3,24374,24127,73123,0.0,0,0,0,25,SUCCESS,24374,LNRbXAdqRTaNK7eB6d97nQ
2111,GenerativeExpression#5041,1741941646681,3,24374,17263,73123,1.3333333333333333,0,4,4,6,SUCCESS,24374,qtwAttcGSEukwXXGUgx8cA
2112,RobotDebugger#1153,1746228285870,3,24374,20733,73123,1.6666666666666667,0,5,5,1,SUCCESS,24374,G-4bXbmpQcm0SI5KeAhdcg
2113,RobotByte#0387,1759329761316,3,24376,19258,73129,1.0,0,3,3,1,SUCCESS,24376,7a2K9a0gQa-VN-iC5HOtfg
2114,M-Squared,1749107961136,3,24376,22201,73128,2.3333333333333335,0,7,7,5,SUCCESS,24376,heftP1cfRkqKIV1JBw3QmA
2115,O-Wengxiaoqi,1750721893963,3,24394,19251,73184,1.0,0,3,3,5,SUCCESS,24394,bQR-9NgBRWiaQWmjgKTvHg
2116,JavaByte#2043,1746788892862,3,24398,22136,73194,1.3333333333333333,0,4,4,2,SUCCESS,24398,qDzn6CN-S6iFLxLIMJ5o6A
2117,QualifiedNode#8684,1741677163210,3,24400,21599,73200,1.3333333333333333,0,4,4,5,SUCCESS,24400,abvkNxKFTeunPIvwqSs6ug
2118,TUMinators#2,1758044659857,3,24419,23256,73258,1.0,0,3,3,3,SUCCESS,24419,-ieR3UPGR3q3KkRRE15-4Q
2119,GIST-DeepRacer09,1756360011340,3,24420,20266,73261,1.6666666666666667,0,5,5,2,SUCCESS,24420,9LDCxkdHTRyxpDXJCQ5DMw
2120,UpdatedPackage#7170,1736670460546,3,24420,21193,73260,0.6666666666666666,0,2,2,7,SUCCESS,24420,BPkAihlkRv6f1hMg6jEvZg
2121,801-oms-02,1751540982984,3,24424,22396,73274,2.3333333333333335,0,7,7,12,SUCCESS,24424,gH_EAkjTSd6nJ9u5ANhoUg
2122,FunctionalScript#9546,1743827204192,3,24444,22132,73334,2.3333333333333335,0,7,7,13,SUCCESS,24444,LoKLzQyhRmKWcDQD57XYvw
2123,SquareZone#2703,1745417097472,3,24465,18731,73395,1.0,0,3,3,11,SUCCESS,24465,zU6g0JnJTuGyOkH84hwvdw
2124,PrimeScript#7226,1742630126172,3,24465,22535,73396,1.3333333333333333,0,4,4,1,SUCCESS,24465,GNaU50bFSmu_xrwPLGq3JA
2125,CNZX-HZJ,1742291141229,3,24465,22398,73395,1.3333333333333333,0,4,4,2,SUCCESS,24465,Gr0Zyu0IQCOgQvFEYQ2MMQ
2126,CurlyFunction#4177,1745296439703,3,24487,16331,73462,1.6666666666666667,0,5,5,1,SUCCESS,24487,JNQLCgqKSXirs9v_rtwpQA
2127,ComplexTech#1796,1745804894213,3,24487,11998,73461,2.3333333333333335,0,7,7,7,SUCCESS,24487,nKfCirrZTrCZ9-Zjgm0gQg
2128,Summer2025-RadiatorBarks,1753410009382,3,24507,16199,73521,1.3333333333333333,0,4,4,3,SUCCESS,24507,Nfddly-zT5CaE0zvLJKWbw
2129,TIF-ReinforceRacers,1744645724637,3,24508,18869,73525,2.0,0,6,6,13,SUCCESS,24508,qc7OJpyiQMiAKhSLS39utQ
2130,SachinHate,1749619045816,3,24509,20739,73528,1.6666666666666667,0,5,5,2,SUCCESS,24509,18096ykrSFmt1DqynoQ1Cg
2131,cc25-091,1757640786626,3,24510,20863,73532,1.6666666666666667,0,5,5,1,SUCCESS,24510,JoNuB-rdR6SazNHSTcqB_w
2132,InteractiveTest#2898,1743578824999,3,24530,24265,73590,0.0,0,0,0,14,SUCCESS,24530,eNOccNaXT0Wxvm_yf7OCvw
2133,Tantilis,1752773310603,3,24530,19596,73591,2.0,0,6,6,4,SUCCESS,24530,pLvvqk3cRlSQxtvrNGBjvg
2134,RocketMetaclass#0367,1755309420289,3,24531,22198,73593,2.3333333333333335,0,6,7,5,SUCCESS,24531,pApJiW0GRk2QouREz7nVxA
2135,10xMachine#2175,1747825216201,3,24552,24397,73657,0.0,0,0,0,7,SUCCESS,24552,o3o3NoXISnWTIWVx0MTWrQ
2136,HelpfulDelta#7661,1744042461113,3,24554,23330,73663,0.0,0,0,0,3,SUCCESS,24554,A7lnBV4LQEOqmE8vdBLFJg
2137,Team28-Khim,1758476803958,3,24569,24534,73709,0.0,0,0,0,12,SUCCESS,24569,Iru8LiSqRcKQu0zFJHd1og
2138,Miqueias-Ayron-Ferreira,1759422053447,3,24572,16665,73717,1.3333333333333333,0,4,4,1,SUCCESS,24572,DUpmR4NCSd-6QU5-NSRduw
2139,InfiniteLoop-Giorgos,1747912980249,3,24575,20531,73726,1.6666666666666667,0,5,5,12,SUCCESS,24575,2IykmkzOSRGPOA_P_68Xig
2140,team11-deepracer,1748700454289,3,24575,20793,73726,0.6666666666666666,0,2,2,8,SUCCESS,24575,L3rNju-7S9WmuGMMzHqoug
2141,Zero-dayExpert#0864,1755730915864,3,24575,24395,73727,0.0,0,0,0,2,SUCCESS,24575,WIvQcLgWRQW1iL-Y8xsf7A
2142,UnicodeCircuit#8195,1739905631543,3,24576,20933,73729,1.6666666666666667,0,5,5,9,SUCCESS,24576,vUrohakXQTeGZPUdb2qjZg
2143,luis-auditoria-1,1758727417912,3,24576,22667,73730,2.3333333333333335,0,7,7,14,SUCCESS,24576,jePuWbAlSyexU6Lmc-4o6w
2144,AsynchronousAnalysis#6198,1745197471336,3,24577,23933,73731,0.0,0,0,0,12,SUCCESS,24577,Xkj1qWHYRWSmBPDXF8hBbA
2145,HigherSequence#3333,1750865913382,3,24597,19260,73791,2.0,0,6,6,1,SUCCESS,24597,-QWy0IYPRHeivmGoAe0OUg
2146,Hitchhikers#2,1757166202912,3,24597,16664,73793,1.3333333333333333,0,4,4,2,SUCCESS,24597,5WAORrciQ_-LIAHALkDcUg
2147,FormulaicTester#4907,1747689513286,3,24598,24134,73794,0.0,0,0,0,2,SUCCESS,24598,ZCGq8jjcSq-X2i-g17N60Q
2148,Ruan-Andrew-IFPE,1748316923980,3,24598,19332,73794,2.0,0,6,6,9,SUCCESS,24598,g9thKiNwQYuwQHER1-_qBw
2149,AgileValue#8351,1750389688773,3,24601,19125,73804,1.0,0,3,3,10,SUCCESS,24601,AVXGkQz9R0SYB01gBjOy9A
2150,MS-LMQZ,1742382138114,3,24618,22734,73854,1.3333333333333333,0,4,4,3,SUCCESS,24618,F336HjRrRDGOAIvEz6l3DA
2151,ComplicatedTable#0005,1750276784018,3,24619,20398,73857,0.6666666666666666,0,2,2,6,SUCCESS,24619,Lswfbg8MSDm9tc-N-yEHRg
2152,KY-X5,1758098994860,3,24639,20729,73917,1.6666666666666667,0,5,5,1,SUCCESS,24639,g_tWvgnkSQyXIHjyu5PrGw
2153,Victor-Barreto-CIMATEC,1753054858465,3,24641,22204,73923,2.3333333333333335,0,7,7,3,SUCCESS,24641,dAIA_oJOSw-xIMiQ2zA56w
2154,Mario-GDN,1740083167923,3,24642,19395,73928,2.0,0,6,6,4,SUCCESS,24642,6m5ZjTX8SAy6CEu_YuQlUA
2155,Blexy#1,1758023336838,3,24645,19606,73937,2.0,0,6,6,3,SUCCESS,24645,-xJAtHJnRTCY5Ze45Pctmg
2156,Ma7moud,1747759303897,3,24663,24400,73991,0.0,0,0,0,14,SUCCESS,24663,pUxgfQo1Q2i2206oHNOKMQ
2157,SecureScope#1004,1738335078385,3,24663,22802,73990,0.3333333333333333,0,1,1,1,SUCCESS,24663,u2jhN7hbRE2P8qAZ-LpT2w
2158,LUIZ-GABRIEL-UFMT,1746806610220,3,24664,19130,73992,1.0,0,3,3,2,SUCCESS,24664,XR0zwoi4QcSOTUXLiHMvhA
2159,BackloggedCoder#0281,1757421567793,3,24685,22865,74056,1.3333333333333333,0,4,4,3,SUCCESS,24685,eHqOrNzjQiOPyqYidNsjsg
2160,RecursiveArchitect#2179,1755792550906,3,24688,22470,74065,2.3333333333333335,0,7,7,8,SUCCESS,24688,posly5CiSZedzdMKi_kmqw
2161,HelpfulAbstraction#5015,1751550188237,3,24707,23809,74121,0.0,0,0,0,6,SUCCESS,24707,ZD5z5JV_T7OpFyiOCFteWg
2162,DFW-Deepracer-06,1756669684261,3,24712,21395,74137,1.6666666666666667,0,5,5,1,SUCCESS,24712,RYbJ8xJQTVSZf8g7qeEOnQ
2163,ASCIIBrackets#5539,1745236957413,3,24731,20664,74193,1.6666666666666667,0,5,5,1,SUCCESS,24731,b0w1UY6rRtWbtWCyX0BRfg
2164,OhMyHUB-Nikolai,1747865164913,3,24752,19197,74257,2.0,0,6,6,5,SUCCESS,24752,puJmPTqQRfC6Km09K9r-hw
2165,AlefEmanuel-Unifacisa,1746599061620,3,24753,20199,74260,1.6666666666666667,0,5,5,22,SUCCESS,24753,Xtv0lea6QIu6XOGk7RziDA
2166,UnboundLoop#9719,1755401178059,3,24757,17339,74273,2.3333333333333335,0,7,7,5,SUCCESS,24757,mvSbLO6TRHaOwjW_BmztgA
2167,Zero-dayExpert#9463,1747865852073,3,24758,17003,74275,1.3333333333333333,0,4,4,7,SUCCESS,24758,TaWWFCxPTFqEpJIgV9_bGw
2168,FungibleBrackets#4211,1736853565198,3,24795,20596,74386,1.6666666666666667,0,5,5,2,SUCCESS,24795,OYricSmDSnSqkSlVT9OoAQ
2169,ELS2#Yanagisawa,1740642375682,3,24797,22256,74392,1.3333333333333333,0,4,4,18,SUCCESS,24797,uxQ-yEnnQpmJFwhWXJu37A
2170,Grupo6-Domingo-Alex,1758400064204,3,24797,19656,74392,2.0,0,6,6,4,SUCCESS,24797,btXubeY9TmW4AkET7w6b-w
2171,S1-PhilNowlin,1737999368862,3,24798,20202,74395,0.6666666666666666,0,2,2,1,SUCCESS,24798,-IoHfMq-S_K2d2Ur0yKauA
2172,ViniciusCarvalho-UNICAMP,1746734948003,3,24819,22598,74459,1.3333333333333333,0,4,4,4,SUCCESS,24819,G2gVWY0qRb-bh5f2OkF1jA
2173,Team1-Zixu,1745808343285,3,24820,21335,74462,0.3333333333333333,0,1,1,7,SUCCESS,24820,c_xRxz5DTkWxb6_6MrgOyw
2174,QualifiedCallback#4329,1746536924413,3,24822,21733,74467,0.6666666666666666,0,2,2,1,SUCCESS,24822,VNXW5FRoTyW0B_XTZRSKeA
2175,GlobalFunction#3290,1740573457157,3,24840,16456,74522,1.6666666666666667,0,5,5,1,SUCCESS,24840,rFP2kb9uRE-F55vwhKvbiQ
2176,HighspeedRacing#1,1757845368202,3,24864,23196,74593,0.0,0,0,0,11,SUCCESS,24864,NJGWAtqkRq2pppXztaWYKw
2177,LeetCircuit#2614,1748682264436,3,24884,20196,74654,2.0,0,6,6,6,SUCCESS,24884,pRdVx3Q-SYKX-R5zoTpoTA
2178,BooleanCoder#8198,1737002475379,3,24885,24728,74657,0.0,0,0,0,1,SUCCESS,24885,eb20DmyGQruaXYzpn7q_Og
2179,Machine486#5678,1740572667999,3,24885,20993,74656,1.6666666666666667,0,5,5,1,SUCCESS,24885,oxCdzDQwT4utvB6kF31MeA
2180,FastandCurious#4451,1746550381790,3,24888,22595,74665,0.3333333333333333,0,1,1,9,SUCCESS,24888,4b2FHnRxS5GkKE7qQZClYQ
2181,Furrari2025,1738347708810,3,24906,22597,74718,0.3333333333333333,0,1,1,3,SUCCESS,24906,6XVFUn9sTEqqnV9AIObtXQ
2182,ImportantSandbox#0059,1744789262165,3,24907,24731,74722,0.0,0,0,0,1,SUCCESS,24907,U9XS8V1FS7apY9DIMOF7TQ
2183,FungibleBooster#3691,1758048770302,3,24907,18852,74722,1.0,0,3,3,1,SUCCESS,24907,OKVxVoHMRRuK1Dv4_GsO_A
2184,AsynchronousSequence#9811,1749279784374,3,24908,18736,74725,2.0,0,6,6,8,SUCCESS,24908,we2Vy-UkSnmntEmqYOdtaw
2185,FunctionalResource#5067,1746377775286,3,24909,20669,74729,1.6666666666666667,0,5,5,1,SUCCESS,24909,XwrUTNBlT42fh3stS4xTuw
2186,SigmaRacer,1737767018972,3,24910,19526,74730,2.0,0,6,6,1,SUCCESS,24910,n_auceybSUOELm7O1NO9aQ
2187,UrgentModel#5418,1740573125152,3,24929,21264,74789,1.6666666666666667,0,5,5,3,SUCCESS,24929,ADz9pU5hRA2J4DNlNiIU7A
2188,ASCIIInterface#5582,1748707458092,3,24930,17602,74791,2.3333333333333335,0,7,7,3,SUCCESS,24930,TG4TkVX2QI2heLgEFbgaPg
2189,ProcessingDiff#8190,1752562636977,3,24934,21667,74802,1.6666666666666667,0,4,5,1,SUCCESS,24934,rjIGobJ8TpWmUr8UPUTjdQ
2190,PedroArthurDeOliveiraBarretoUFCG,1746512233018,3,24948,17265,74844,2.3333333333333335,0,7,7,15,SUCCESS,24948,9_4j866WR_iALoTix4l41Q
2191,FiniteClass#8358,1741167105623,3,24953,20000,74860,1.0,0,3,3,4,SUCCESS,24953,TleJ97CySYep7e6NieR5Qw
2192,KKHK#2008,1755128252004,3,24954,17533,74862,2.3333333333333335,0,7,7,21,SUCCESS,24954,W7W9YirISSS5LWia22Ex7g
2193,ReferencePointer#1489,1741590202599,3,24973,23205,74920,0.3333333333333333,0,1,1,3,SUCCESS,24973,yZaKhr0MQ-ujGhESwrcT0A
2194,dnp-hasegawa-n16-multi-user,1750725512227,3,24974,19725,74924,2.0,0,6,6,9,SUCCESS,24974,XICGrbQRTdusKRwBkGQTkQ
2195,SecureServer#1300,1744098672855,3,24998,21393,74994,1.6666666666666667,0,5,5,8,SUCCESS,24998,Jse7E6C9SKaJvBo8txSI3w
2196,SignificantName#1355,1737143188145,3,24998,19657,74995,2.0,0,6,6,5,SUCCESS,24998,uHpPajGyT_e63UVXRQQ08w
2197,AccessibleLoop#7128,1746015362863,3,25017,17868,75053,2.3333333333333335,0,7,7,1,SUCCESS,25017,voMYT6nWQraBEps6T-yhmg
2198,AlexandreTostesCamposUFCG,1746208328121,3,25019,18995,75058,1.0,0,3,3,8,SUCCESS,25019,pKS9UiQlR1-nuX0X7VIcjA
2199,UnboundResource#0418,1752190281617,3,25020,17061,75062,1.3333333333333333,0,4,4,5,SUCCESS,25020,anOmn61hT92-NHB03KkoZA
2200,Bonnfire#1,1758053242412,3,25021,21536,75065,2.6666666666666665,0,8,8,11,SUCCESS,25021,TrZp1yHUSQu_DqUctDSNoA
2201,CodeBuster#3592,1755542276413,3,25062,17529,75186,2.3333333333333335,0,7,7,1,SUCCESS,25062,Ap4pRrSeS9OwrhqYXeFOBA
2202,901-YHS-01,1752486622688,3,25067,21798,75201,0.6666666666666666,0,2,2,5,SUCCESS,25067,aG16ARFZSN2ciLvLEpsN_Q
2203,SequentialTag#0973,1743751063872,3,25067,23398,75202,0.3333333333333333,0,1,1,9,SUCCESS,25067,-wz2w5urSP2eJsUKLKcuwQ
2204,BooleanFormula#7897,1756100286544,3,25085,24932,75256,0.0,0,0,0,9,SUCCESS,25085,l2G-ZYvOR062mT4EQvCLpg
2205,Team2-William,1757419176280,3,25086,19602,75258,2.0,0,6,6,9,SUCCESS,25086,1Z6X9eYxQGO9Wqv9UITRyg
2206,ITI-G11,1738689035777,3,25086,23191,75258,2.3333333333333335,0,7,7,1,SUCCESS,25086,Ky94kSgOQ6CVdH6M7cvupQ
2207,TIF-Circuit-Surge,1747245336819,3,25087,22195,75262,1.3333333333333333,0,4,4,6,SUCCESS,25087,ZCj8B6bLQXe3PHdAV99vKw
2208,SecureBraces#5050,1746156882429,3,25087,21470,75263,1.6666666666666667,0,5,5,16,SUCCESS,25087,sr4_jI9UQ_WYHF-bNOiyog
2209,ImmutableObject#9120,1746243509511,3,25109,23066,75329,1.3333333333333333,0,4,4,10,SUCCESS,25109,NQEGslRdR9OJef62GZ0CJg
2210,GenBDA-M01,1739248837115,3,25116,18461,75350,1.3333333333333333,0,4,4,8,SUCCESS,25116,uqCecsdUTJq9r9Aa-RCkJA
2211,PrototypeSchematic#7947,1746643699274,3,25130,23055,75391,0.3333333333333333,0,1,1,7,SUCCESS,25130,JyCiogNsSgq1ij6oj1UHYw
2212,LuizGustavoUFCG,1746227336179,3,25131,24863,75395,2.0,0,6,6,1,SUCCESS,25131,fHQk4sn1QQqfrB_pgJK7JA
2213,RocketSchema#9410,1744826380652,3,25132,22463,75397,1.6666666666666667,0,5,5,1,SUCCESS,25132,HbdTC2TeSJuMvLB75oudxQ
2214,Anubhav,1738098792624,3,25153,21390,75460,1.6666666666666667,0,5,5,3,SUCCESS,25153,Ec7EKxBPQcSW5p2Tlq3lXA
2215,DrPhil,1757058576364,3,25155,24672,75465,0.0,0,0,0,1,SUCCESS,25155,_86kAYIJRcmQhnEpYa9wvA
2216,CrypticAbstraction#0704,1745179171413,3,25174,21323,75524,2.6666666666666665,0,8,8,9,SUCCESS,25174,0dNj7UeMSEOJqGp19F5ytg
2217,RaceCondition#2,1758056788970,3,25177,24201,75533,0.3333333333333333,0,1,1,9,SUCCESS,25177,IfMhbaGPTS-6eiwk7vDooQ
2218,Alef-AdonisDosSantosCarlos-UFCG,1746566979598,3,25196,17994,75588,2.3333333333333335,0,7,7,1,SUCCESS,25196,eYtBVzb4SBumw2Qbj0xrxA
2219,NestedToken#9934,1737827371411,3,25197,18587,75591,2.3333333333333335,0,7,7,2,SUCCESS,25197,ta4NmwhdRl6kfgcAKxW-FA
2220,AryelsonGoncalvesMessias-IFPB,1746155786827,3,25217,16392,75653,1.6666666666666667,0,5,5,6,SUCCESS,25217,BY4Hu84hTxK_t9S6JpPfVA
2221,UpdatedShell#6714,1741884148316,3,25219,21456,75658,1.6666666666666667,0,5,5,6,SUCCESS,25219,MB7G3k7_Sm2qWpZ0W5cr1Q
2222,QualitySchema#9775,1738668878907,3,25219,13061,75659,2.3333333333333335,0,7,7,7,SUCCESS,25219,tMf91BjHRnGbW9tqvDS-iQ
2223,anThonySilva,1746405862695,3,25220,20003,75661,1.6666666666666667,0,5,5,8,SUCCESS,25220,TMmW1Rc1QLS5qAPTGvUqpA
2224,FelipeDrummond,1745431482584,3,25241,23273,75724,2.3333333333333335,0,7,7,20,SUCCESS,25241,PHhXuGIJSFC3jQU47v12mQ
2225,Quality486#8799,1759100217996,3,25265,24997,75795,0.0,0,0,0,4,SUCCESS,25265,dy7wWw9lTxSx_YWkRWregQ
2226,TIF-Hashtag-Riders,1747230731029,3,25265,23398,75797,1.3333333333333333,0,4,4,4,SUCCESS,25265,WUfCGSE4RBqU2Bo1XA0icA
2227,CyberneticMethod#3245,1748429230989,3,25265,24531,75797,0.0,0,0,0,5,SUCCESS,25265,k0O9ZuUJRhGnbWDOtGTn5w
2228,TIF-kartcoders-old,1744798531963,3,25265,24999,75796,2.0,0,6,6,4,SUCCESS,25265,A4724nyYRPSlfEM4-dPp9Q
2229,DesktopNode#4564,1750502511941,3,25267,19129,75801,1.0,0,3,3,2,SUCCESS,25267,D3_N3VPaQmy0Fc7F4xo28A
2230,FiniteFunction#1189,1748382168070,3,25267,22793,75802,0.3333333333333333,0,1,1,1,SUCCESS,25267,Y5VaRFApRAGnYCj0LU3wBg
2231,Lauri-Halinen-nopeimmat,1745399211763,3,25287,18936,75861,1.3333333333333333,0,4,4,10,SUCCESS,25287,OAVoS9cjSn-j6xR1vtscxA
2232,VariableObject#3382,1754318547082,3,25287,18334,75863,2.3333333333333335,0,7,7,1,SUCCESS,25287,QwDWf74nQZWGHGaAMjyC0w
2233,CrypticContext#7314,1737576618195,3,25287,20199,75861,1.0,0,3,3,1,SUCCESS,25287,5veZ6yw1RVqUotguFjG2kg
2234,dr-teacher-2,1738645386899,3,25289,17804,75868,1.3333333333333333,0,4,4,1,SUCCESS,25289,CEyUMK5bSHSeJ7fSbsyewQ
2235,Myosotis,1754368177053,3,25306,21067,75919,2.6666666666666665,0,8,8,4,SUCCESS,25306,N71PKS-gQru8EyZTYHBUyw
2236,Vyshnavi-Chalichama,1744002926199,3,25309,21999,75928,0.3333333333333333,0,1,1,5,SUCCESS,25309,y7OrxQoUT3uMjc7TSomQvg
2237,FusionRacing#2,1758024306741,3,25309,21670,75929,0.6666666666666666,0,2,2,2,SUCCESS,25309,TN2oMAlMTF-rGrxvL1Xe-Q
2238,CyberneticDelta#8333,1746616620259,3,25325,19861,75976,1.0,0,3,3,5,SUCCESS,25325,qWlCdtQNTGOhQVUIwy5opg
2239,dr-teacher-12,1738560485479,3,25328,17602,75984,1.3333333333333333,0,4,4,2,SUCCESS,25328,yiAVNHl9Ry-UMSUWFvqGjg
2240,CompleteBraces#0208,1738430272698,3,25330,22931,75991,2.3333333333333335,0,7,7,4,SUCCESS,25330,hxMQF5qlSryoMEw2tDkGVA
2241,GlobalTable#2805,1746840637726,3,25331,17338,75995,2.3333333333333335,0,7,7,8,SUCCESS,25331,21UF3hgMSSWAKByIWrzS1A
2242,CNZX-NeoXu,1745314411752,3,25331,17593,75995,2.3333333333333335,0,7,7,3,SUCCESS,25331,PVQINDrRQzye5tNG9zXvgA
2243,BlockchainCircuit#8328,1740573570863,3,25349,14252,76049,2.0,0,6,6,1,SUCCESS,25349,Y31B3Kq4QEalxhVwJhtU8g
2244,NullNode#8244,1738361826385,3,25353,20052,76060,1.0,0,2,3,4,SUCCESS,25353,a4dY6PVKTcKVtVUXugBkaw
2245,NeuralLanguage#2019,1746506288651,3,25354,25333,76063,0.0,0,0,0,4,SUCCESS,25354,skFFindARqyjqKsEsFp3Dg
2246,Tutor-M-Inaishi,1759549702346,3,25376,21534,76130,1.6666666666666667,0,5,5,8,SUCCESS,25376,wPVNoXahSPqR6CFMstL4WQ
2247,SanduRacing#2,1754753005963,3,25396,25264,76189,0.0,0,0,0,3,SUCCESS,25396,1-sUl8VKQ6CMerI5ptrLAQ
2248,FuturisticInterface#6232,1755010570751,3,25397,24460,76191,0.0,0,0,0,5,SUCCESS,25397,XOuVpOXMSF61YeuNDiP9wA
2249,SquareShell#6493,1753727964861,3,25397,13202,76192,2.0,0,6,6,12,SUCCESS,25397,2_k_HlsfSqG3oK7I65xQGQ
2250,TPA-SB4,1744907940621,3,25397,24934,76192,0.0,0,0,0,3,SUCCESS,25397,116ba58ad51147daba78cQ
2251,Pedro,1745772905999,3,25399,14471,76198,2.0,0,6,6,15,SUCCESS,25399,y_EiR0JLQbCy4pPFeuzKFA
2252,CNZX-JKL,1743498144507,3,25399,19870,76198,2.0,0,6,6,4,SUCCESS,25399,mtipA9ksSjq_Yaivj0liRw
2253,Brake-Dancer-saxenap3,1752126909589,3,25406,19616,76220,2.0,0,6,6,4,SUCCESS,25406,pGCoykumRlGoJEWVk6dVDA
2254,FelipeMCDrummond-INSPER,1746844626519,3,25418,16923,76255,2.6666666666666665,0,8,8,3,SUCCESS,25418,EhpIyn8HQji-2GzWnJbUFA
2255,Lion-Kart-Natielle,1758019408001,3,25419,21533,76258,1.6666666666666667,0,5,5,4,SUCCESS,25419,T5L3tCsmTwakBBmIgqzdGw
2256,NickVirelli,1752693108426,3,25420,22204,76261,0.6666666666666666,0,2,2,4,SUCCESS,25420,AM-MJ-zfTjaLFhSItyIP4A
2257,Osos,1742549015167,3,25442,21270,76326,0.6666666666666666,0,2,2,6,SUCCESS,25442,LEezh_WdQleu5dMgwKKgzg
2258,dnp-katou-r29-multi-user,1750731645615,3,25461,25061,76384,0.0,0,0,0,2,SUCCESS,25461,tBoIQiESQA2RmSUJJiLRjA
2259,BD0210026,1750401188473,3,25464,21859,76394,1.6666666666666667,0,5,5,15,SUCCESS,25464,KVc5AaYMTx2dopY-Ptj1zA
2260,FelipeDrummond-INSPER,1746838432837,3,25485,21538,76456,2.6666666666666665,0,8,8,9,SUCCESS,25485,Zd0NwOtySJaAkPFYZol_kg
2261,ProvisionalGlyph#7895,1746592574283,3,25486,16136,76459,1.6666666666666667,0,5,5,8,SUCCESS,25486,zDh8fg_ARvySzBYn_pxsvg
2262,Lorena,1746752514079,3,25488,20069,76465,2.0,0,6,6,1,SUCCESS,25488,vHODfdbFSE6w5KtoJqvVsQ
2263,PathingAttention#1630,1736403210646,3,25488,21670,76465,0.6666666666666666,0,2,2,11,SUCCESS,25488,VnGfwUraRuagO7rx4q8OGg
2264,ArthurHenriqueSiqueiraPantaleao-IFPB,1746210759988,3,25506,17856,76520,1.3333333333333333,0,4,4,7,SUCCESS,25506,oViU_4-JSVWmU36OtD3xuQ
2265,TabletScope#2962,1756199459406,3,25531,23471,76593,0.3333333333333333,0,1,1,4,SUCCESS,25531,RMnF4L-eSA-JJH4jxnkzNg
2266,DigitalFormula#2377,1742390953102,3,25552,25402,76657,0.0,0,0,0,1,SUCCESS,25552,g8jKOHpiQLSJUNYRQ0NyzQ
2267,CriticalPoint#0650,1747084137172,3,25576,22797,76728,0.3333333333333333,0,1,1,3,SUCCESS,25576,ADiXzhQKThmoMrs8VAIUSg
2268,902-HSM-01,1752238668912,3,25576,20132,76729,2.0,0,6,6,14,SUCCESS,25576,jzwO8URvSByCweJxoxUMFA
2269,Aspect2312,1739376639936,3,25596,25533,76790,0.0,0,0,0,2,SUCCESS,25596,UeIgZzLWTdWN8vzCD5dIgg
2270,Kimetz,1739524386146,3,25597,19797,76793,1.0,0,3,3,5,SUCCESS,25597,-_jS9_UvR6iCmTd68HoLzA
2271,BD0210016,1750401654004,3,25599,24002,76797,1.3333333333333333,0,4,4,2,SUCCESS,25599,Cf6Q0QQaQ2iOvAM2gN2GPg
2272,lele-car,1745984584666,3,25619,19806,76859,2.0,0,6,6,7,SUCCESS,25619,GUFpHQ0FTUWoectoxuvFqw
2273,LoopingArchitect#2402,1746543871323,3,25621,21198,76865,1.0,0,3,3,13,SUCCESS,25621,8dApS1S-SsW8n6xXgCtJ6Q
2274,QuickNamespace#6481,1738217985592,3,25642,14334,76927,2.0,0,6,6,2,SUCCESS,25642,o-9Z4i8CR1S2Moyjw8mgpg
2275,BlockchainTheory#4322,1747334669041,3,25649,25063,76948,0.0,0,0,0,3,SUCCESS,25649,UZmNn0BPR8WaPW-cWBWZ0Q
2276,BigObject#7584,1740573509913,3,25664,15200,76994,2.0,0,6,6,1,SUCCESS,25664,u3AmH3r7TgKzAfxhsHS_iw
2277,FungibleResource#4672,1741314998573,3,25664,21334,76994,0.6666666666666666,0,2,2,1,SUCCESS,25664,Oc1inRQBR6eleOESbnc22Q
2278,DeepArithmetic#9867,1744125822763,3,25664,25533,76993,0.0,0,0,0,9,SUCCESS,25664,0GyBQXuSTa6-m4T7mjO3XQ
2279,dsc250820-3-LeeGyumin,1755738670429,3,25686,13194,77060,2.3333333333333335,0,7,7,23,SUCCESS,25686,Dur7zgRKSmWOlK3YXd_Q5g
2280,FuturisticMethod#4691,1749316453035,3,25696,22489,77090,1.6666666666666667,0,5,5,4,SUCCESS,25696,DXNoqMIaQD6Jfkm4D8PTvA
2281,UrgentLoop#8704,1737602880049,3,25706,25601,77118,2.0,0,6,6,2,SUCCESS,25706,tWAclLJ7RL2wTFH0v--sJA
2282,HashableEnvironment#6660,1743708824714,3,25707,17865,77123,2.3333333333333335,0,7,7,7,SUCCESS,25707,_wwVylyZQm6Q9Aq4YxnhqQ
2283,SequentialScope#6482,1740659170132,3,25709,21869,77127,2.6666666666666665,0,8,8,2,SUCCESS,25709,V8JYCxPdR_KXU726d3m3Fg
2284,Zero-dayComment#0394,1752048312113,3,25729,22986,77189,2.6666666666666665,0,8,8,6,SUCCESS,25729,8Fhhy2JkTXmKQ7FjZt408w
2285,CreativeScript#4793,1757930727735,3,25730,25401,77192,1.0,0,3,3,2,SUCCESS,25730,TK61r4skTouttYTBxqaa8Q
2286,GWP,1757601365804,3,25731,25071,77194,1.0,0,3,3,1,SUCCESS,25731,6d335a285ac24bec8c77fQ
2287,BlazeRunner#5221,1747243071229,3,25733,22199,77199,1.6666666666666667,0,5,5,12,SUCCESS,25733,gLbitkHWQgCp9os8BY_rUQ
2288,DanielCostantinRacer,1739096729949,3,25733,21404,77199,2.6666666666666665,0,8,8,1,SUCCESS,25733,GhOikLJ-TeiygB5I18GAzA
2289,Vinicius-UFC,1745455449746,3,25735,20529,77206,1.0,0,3,3,4,SUCCESS,25735,nLfvRwqXTyWoEphJiuf0EA
2290,802-KNG-02,1752823382699,3,25753,25527,77259,2.0,0,6,6,5,SUCCESS,25753,WU3jLQCQSKqhYn7-E69piw
2291,SquareNode#7216,1750728162683,3,25756,22006,77268,1.6666666666666667,0,5,5,1,SUCCESS,25756,FcZA8-_MTtaIKABpOB2lbg
2292,AgileTag#5306,1747581426541,3,25756,25267,77268,0.0,0,0,0,1,SUCCESS,25756,T86Wz_qjSiaPON9JP05WkA
2293,ChoosenOne-Dani-Estatut,1737398255939,3,25775,23467,77326,2.3333333333333335,0,7,7,3,SUCCESS,25775,2HEvR8nwRbmWP02_fF4AuA
2294,HashablePoint#6798,1752483728219,3,25775,20469,77327,2.0,0,6,6,2,SUCCESS,25775,4ewljAejQq2QR6g8lEJ1zg
2295,BooleanExpert#8688,1737561472212,3,25776,21935,77328,1.6666666666666667,0,5,5,1,SUCCESS,25776,3lUDrj1aT2uJas8nfRTQEw
2296,RocketToken#1403,1755547423395,3,25798,23535,77396,2.3333333333333335,0,7,7,3,SUCCESS,25798,N6tbnqFxQZ-gMRU_GVSfrQ
2297,MobileExpression#2861,1746491857414,3,25800,24063,77401,0.3333333333333333,0,1,1,1,SUCCESS,25800,7C0-xxRDRLOkWJjtPJdYjg
2298,TabletCommand#3963,1755102023630,3,25817,20997,77453,1.6666666666666667,0,5,5,2,SUCCESS,25817,yCt7rC01QQ2XrNC6Xnq1sA
2299,IvanMonterdeMartinez,1743608896340,3,25819,23729,77458,0.3333333333333333,0,1,1,4,SUCCESS,25819,az_Ofqh6SHO17sXGZo3J3g
2300,CloudNineRacing#0002,1756841442841,3,25832,22432,77496,1.6666666666666667,0,5,5,6,SUCCESS,25832,JtRn02aoQGaEWj_yFnROOw
2301,AtomicHypothesis#8143,1744797775840,3,25841,24734,77523,0.0,0,0,0,4,SUCCESS,25841,xLmqMvhMQiiXCeqNNzR0HQ
2302,TabletNamespace#0283,1747295490606,3,25842,23936,77526,2.3333333333333335,0,7,7,10,SUCCESS,25842,HaQkZSqUT9KB1R5QdA4bKg
2303,Shanuka#96,1738037426891,3,25843,18732,77529,2.3333333333333335,0,7,7,1,SUCCESS,25843,H6zk_HVCRgSTJImpC2X-Ww
2304,Team10-Alaric,1756878972644,3,25844,25205,77532,0.0,0,0,0,9,SUCCESS,25844,FlsyLF5oRfys8PjuuFJIOQ
2305,CompleteValue#7244,1755016907782,3,25863,22263,77589,1.6666666666666667,0,5,5,1,SUCCESS,25863,J2bCIkmoS7mOceLhbhZBsg
2306,UpgradedBottleneck#9738,1743080030599,3,25864,25670,77592,0.0,0,0,0,5,SUCCESS,25864,790cxY6oQQi6zjyzdZWLRw
2307,HigherTech#0689,1741417718489,3,25865,23396,77595,2.3333333333333335,0,7,7,9,SUCCESS,25865,POF6DYFeScW1EQh6Z45dbQ
2308,RobotScope#7926,1747839016525,3,25886,23271,77658,1.3333333333333333,0,4,4,8,SUCCESS,25886,IIvB0gR8RhCnRsmxnxEPJQ
2309,10xFormula#5918,1747828707322,3,25907,24069,77722,0.3333333333333333,0,1,1,5,SUCCESS,25907,q2cb9jLMTP6sQhLR28MV6Q
2310,HCAlsos,1738736229943,3,25907,22594,77723,2.6666666666666665,0,8,8,1,SUCCESS,25907,Munh160SQROTssQHBnCB4A
2311,HaseebRacer,1743193453313,3,25908,25200,77726,0.0,0,0,0,2,SUCCESS,25908,jggWkJvCQ5Kd_wmCxkQJbA
2312,tusrau,1737353922839,3,25930,22131,77791,0.6666666666666666,0,2,2,1,SUCCESS,25930,pxr_EG7iQBGAGWuI0rbTdw
2313,Team3-Cheng,1745471066371,3,25952,22269,77858,1.6666666666666667,0,4,5,18,SUCCESS,25952,uZapBGBzSNK5YeIsrD7yeg
2314,NumericAnalyst#7950,1753988818856,3,25952,23667,77858,0.3333333333333333,0,1,1,7,SUCCESS,25952,gKIW0DwHTAi0IsyzL_8xmw
2315,EsteemedByte#1681,1745221884990,3,25953,23332,77861,0.6666666666666666,0,1,2,2,SUCCESS,25953,Vpu0LvahQvqhpcofjftxUA
2316,10xSandbox#5658,1753129738352,3,25953,21865,77859,2.6666666666666665,0,8,8,8,SUCCESS,25953,8t33n1L5Qoqvnqo6a9IB7w
2317,DesktopTest#4635,1752223045927,3,25953,25731,77861,0.0,0,0,0,3,SUCCESS,25953,IZj9B6E2RL-gvHPULkuaSg
2318,CNZX-Dzx,1743501798848,3,25955,22060,77865,1.6666666666666667,0,5,5,4,SUCCESS,25955,6Z31lYIFQGW-kv8Bzqe0Jw
2319,UnboundToken#7759,1746138736193,3,25976,25667,77928,0.0,0,0,0,6,SUCCESS,25976,HFtndEteTvy29Vpkkc-gzw
2320,MobileBooster#5814,1751530119852,3,25998,22199,77994,2.6666666666666665,0,8,8,8,SUCCESS,25998,VDt0wJDHQraVxZ6rmHVamA
2321,Team1-YuChern,1756443752281,3,26018,21257,78054,2.0,0,6,6,7,SUCCESS,26018,wWOYs0vYQxyvAV1KvKORNA
2322,RobotScript#6983,1740676388056,3,26019,23863,78057,1.3333333333333333,0,4,4,1,SUCCESS,26019,WBItCkCXQNiVG6QMALDl_A
2323,corre,1746012776958,3,26019,17656,78057,2.6666666666666665,0,8,8,5,SUCCESS,26019,wt9foafbS42-HBGNo-OkLA
2324,Lambdaghini,1755096431299,3,26020,25265,78061,1.0,0,3,3,7,SUCCESS,26020,u2p-XdZBTAmKwSXI5xddQQ
2325,SequentialGlyph#4566,1755123830809,3,26020,25803,78060,2.0,0,6,6,1,SUCCESS,26020,JpIpXKohR7ech-pKSuhovg
2326,TIF-STAR-RACERS,1747399850098,3,26042,18737,78126,2.3333333333333335,0,7,7,7,SUCCESS,26042,atxS3LDBSyKFLQLUxhvOUA
2327,BrainyLog#1157,1747836529037,3,26057,21403,78173,1.0,0,3,3,5,SUCCESS,26057,rolfIBwCRcqpshN_JPPIZQ
2328,AccessibleModel#9185,1745859971209,3,26064,25872,78193,2.0,0,6,6,3,SUCCESS,26064,r5fyErBYRVu2LWlf7-Y0Aw
2329,PathingByte#4372,1743681934915,3,26065,25940,78197,0.0,0,0,0,1,SUCCESS,26065,gWDSndC_SLeJHJGepUEVgg
2330,Explorers#TejaswiniMandadi,1755675374332,3,26065,25472,78195,2.0,0,6,6,1,SUCCESS,26065,5hBMP9qfTleERYuSoq1Jew
2331,Caio-Henrique-ProjectIA,1746479086339,3,26067,25539,78201,2.0,0,6,6,3,SUCCESS,26067,tW1UNcJpT_uPCxVkxxlVZg
2332,NxG#2,1758055362948,3,26083,22652,78250,2.6666666666666665,0,8,8,4,SUCCESS,26083,hTJxnutdRg2eMY3Ex1LH3g
2333,BlockchainAbstraction#6394,1745585655964,3,26084,24265,78254,0.0,0,0,0,2,SUCCESS,26084,C4Uu7MGgR92IlDs674cdQQ
2334,anssias,1744035039415,3,26085,25326,78255,2.0,0,6,6,7,SUCCESS,26085,2c6ZQZ0aQHeU-XomR2hvhg
2335,ArtificialBuster#4122,1743014423926,3,26087,25801,78261,0.0,0,0,0,1,SUCCESS,26087,6AjpKiYzSa2TdcXav11sxw
2336,AtomicComment#4642,1741370728833,3,26087,25737,78261,0.0,0,0,0,1,SUCCESS,26087,_GJLQxApQAKuSjtDdp4kPw
2337,team01--deapracer,1748676825211,3,26096,24791,78288,0.0,0,0,0,12,SUCCESS,26096,wKsjPuiVS9eUlgRuj8UdiQ
2338,Jason-Choice,1740696491577,3,26109,20526,78328,2.0,0,6,6,7,SUCCESS,26109,cKD6xnloTheEagZPwnuKwQ
2339,ShenS,1742392801791,3,26129,18196,78389,1.3333333333333333,0,4,4,23,SUCCESS,26129,YXIFbR3DRIe15Divgw_7eg
2340,TIF-Cresindo,1745174282769,3,26132,22468,78396,0.6666666666666666,0,2,2,18,SUCCESS,26132,eUPG700TQheAYKrjljmdBg
2341,MariaLuiza#1331,1755457887840,3,26156,11332,78470,2.6666666666666665,0,8,8,9,SUCCESS,26156,JPJHxH_NTYKYzTQB9dAPJw
2342,LineBo,1758271454662,3,26174,21056,78524,2.0,0,6,6,3,SUCCESS,26174,jFMeMu7PRBSQGVkDRjUgQg
2343,Q-takeyamakauki,1750654203506,3,26175,24066,78525,1.0,0,3,3,2,SUCCESS,26175,VBs7ggEpRn6Cpl97b7st4w
2344,MMaatthheeuuss#7233,1755045314494,3,26176,21726,78528,2.6666666666666665,0,8,8,7,SUCCESS,26176,3KYRPKyLShyCLcgS7i0VhA
2345,QAXRacer2,1750682750050,3,26177,22267,78532,2.6666666666666665,0,8,8,1,SUCCESS,26177,8qPRoEAEQUaYnXIExEqG-A
2346,NestedModel#7744,1744788302550,3,26195,25251,78587,0.0,0,0,0,1,SUCCESS,26195,F8ZdRr40Q-abpcGfmMP3TQ
2347,CompleteArchitect#7583,1743684260094,3,26197,25003,78593,0.6666666666666666,0,2,2,3,SUCCESS,26197,aa3DXTr7ReSjn4hJBftfVQ
2348,Mei-Kuan-Chen,1750503291577,3,26198,19594,78594,1.0,0,3,3,8,SUCCESS,26198,bNpTCEMFSASzUoPmnj0DJg
2349,InfiniteSandbox#5672,1740573421552,3,26219,24249,78658,2.3333333333333335,0,7,7,1,SUCCESS,26219,NH0RBPFYTOK5lIisNGYNdg
2350,cc25-13,1755069199229,3,26263,22658,78789,1.6666666666666667,0,5,5,10,SUCCESS,26263,Q1VJ1PCTRRCaTFC_YGzpvw
2351,Verstappen-co-uk,1758294652805,3,26287,22533,78862,2.6666666666666665,0,8,8,6,SUCCESS,26287,z44JTgLzSuWZAwmXHTYbgA
2352,TopGRacer#8889,1754340454754,3,26288,22404,78865,1.6666666666666667,0,5,5,4,SUCCESS,26288,xOrnIcTTQ4ySmRsVfZ8rtw
2353,Antonio-Felipe-UFC#4410,1745292435314,3,26307,22337,78922,2.6666666666666665,0,8,8,1,SUCCESS,26307,AsvM2dAlR2CDxboKeOczGQ
2354,BackloggedPointer#9278,1741926663714,3,26308,20536,78926,1.3333333333333333,0,4,4,4,SUCCESS,26308,_VRSYR34R9m6fch3t97z2g
2355,UnicodeCallback#6707,1742437623871,3,26309,22532,78928,2.6666666666666665,0,8,8,3,SUCCESS,26309,uJD9DnElS8ecNILfJDx31A
2356,PrototypeBrackets#5643,1746463780735,3,26311,22737,78934,1.6666666666666667,0,5,5,4,SUCCESS,26311,Xbs-WafGS9uWxaguAXp0ug
2357,ConnectedLambda#4724,1738641945084,3,26330,25601,78992,0.0,0,0,0,2,SUCCESS,26330,hXANiO7aRGO7kXSdOuN_hw
2358,Wanshihan,1754552317207,3,26336,22268,79009,1.6666666666666667,0,5,5,1,SUCCESS,26336,df2ZsSnVTtyh2PVR2-8M9A
2359,AbstractBottleneck#9668,1745023200740,3,26375,23126,79125,2.6666666666666665,0,8,8,3,SUCCESS,26375,iTZN-OnbRbOZuXzLzg-kUQ
2360,BackloggedServer#7501,1746369707920,3,26376,22731,79130,1.6666666666666667,0,5,5,2,SUCCESS,26376,AamcTkudSz-xrYhNyG8Uqg
2361,501-LYS-03,1752742297016,3,26376,24068,79128,2.3333333333333335,0,7,7,6,SUCCESS,26376,UUaV8Mc2T2WG6yTLsrtJIg
2362,ProvisionalArithmetic#2408,1755698104998,3,26380,22532,79140,1.6666666666666667,0,5,5,7,SUCCESS,26380,mPxwKnKqT1K1MarmjWpT8g
2363,JoshDmngxD,1736440279061,3,26398,24071,79195,0.0,0,0,0,1,SUCCESS,26398,47-GQmXeRQqdchQTOcfOwQ
2364,JSE,1758178959199,3,26398,24067,79196,2.3333333333333335,0,7,7,1,SUCCESS,26398,28jl-ywFSxu02infPDTyyw
2365,DiogoRangel,1754506465830,3,26419,16057,79258,2.0,0,6,6,3,SUCCESS,26419,V5e9NlqXQTWXNqy95iOj1w
2366,RiverRunnersTeam1,1741684857807,3,26419,26200,79259,2.0,0,6,6,45,SUCCESS,26419,3aWvin8lTHeIStYgJi3cOQ
2367,PrototypeConsole#1146,1745864689121,3,26420,17258,79262,2.6666666666666665,0,8,8,2,SUCCESS,26420,Sju4uBQnRtGJUMOXpFAJnA
2368,MachineModel#6423,1752695887794,3,26439,23800,79318,2.3333333333333335,0,7,7,2,SUCCESS,26439,NV1HH4l1T9WD7quPiC9Vwg
2369,MatheusVictorAlvesNascimentoUFCG,1746198547992,3,26441,24264,79323,2.3333333333333335,0,7,7,2,SUCCESS,26441,fcmxIFkFQ6Kie8X1bHqkNw
2370,ThisEnvironment#8875,1740439969750,3,26441,25601,79324,2.0,0,6,6,2,SUCCESS,26441,_WWoX41KQRmobigdN6gKDQ
2371,CodeArray#7383,1744969436781,3,26443,15724,79330,2.0,0,6,6,1,SUCCESS,26443,-c9jpYvFSHiUj8Xb7TNx_Q
2372,bb0210004,1750062005180,3,26443,26134,79331,2.0,0,6,6,1,SUCCESS,26443,YkYSQaanQWmFZiTAUoIALA
2373,dnp-yamagishi,1750666077718,3,26464,24602,79392,0.3333333333333333,0,1,1,1,SUCCESS,26464,YhinmC8KTXWQqFyuOqG1mw
2374,helenaayumi,1745784695417,3,26464,26269,79392,0.0,0,0,0,2,SUCCESS,26464,JkkQFOOySd25UABl1_7a3w
2375,ComplexBrackets#9250,1743395780398,3,26465,23135,79396,1.0,0,2,3,1,SUCCESS,26465,4vXku_kVTguI4SLhR1PxAQ
2376,NeuralByte#3505,1747298068862,3,26469,25541,79407,0.0,0,0,0,3,SUCCESS,26469,GSLLLXe0SUWXCPDJo8Xj-w
2377,StructuredBraces#1869,1752136252028,3,26485,26195,79457,1.0,0,3,3,8,SUCCESS,26485,QEl3aTNNQ1yab58T2MtHKA
2378,BA0210047,1750402983764,3,26506,21318,79520,2.0,0,6,6,1,SUCCESS,26506,i1vnjz5QQB61OrD3tjnyXQ
2379,dr-teacher-7,1738645290129,3,26506,22660,79520,1.6666666666666667,0,5,5,10,SUCCESS,26506,bEMnRmZISlSacMa4nfM2Xw
2380,FormulaicBreaker#3242,1737576021468,3,26529,20258,79588,1.0,0,3,3,1,SUCCESS,26529,ITEevPNcRiqCgTaGeMx5BQ
2381,ArtificialInterface#8664,1740677505625,3,26532,19593,79598,2.3333333333333335,0,7,7,1,SUCCESS,26532,UT3PrayNT72FeOpM8SJ8rw
2382,Zero-dayScope#5876,1746002717750,3,26552,26399,79657,0.0,0,0,0,2,SUCCESS,26552,NJFbU1oEQwC0q87-dP22YQ
2383,cc25-049,1757639445807,3,26573,17926,79721,2.6666666666666665,0,8,8,5,SUCCESS,26573,PbeqDnM2RcyCW1FFbKLN5w
2384,VariableBottleneck#6644,1747236948394,3,26577,24795,79732,2.3333333333333335,0,7,7,3,SUCCESS,26577,vuUgtALvRuGrQEA49_wBJw
2385,AccessibleSchematic#8663,1753673816539,3,26580,24464,79740,2.3333333333333335,0,7,7,2,SUCCESS,26580,7VWbmXm7SXqVwiAtRt6BNg
2386,Pawsecutors,1754084714663,3,26597,26132,79793,0.0,0,0,0,17,SUCCESS,26597,UobYxfmSQq6knPLqr11RoQ
2387,149#1004,1759559201923,3,26619,24197,79857,1.3333333333333333,0,4,4,1,SUCCESS,26619,PrK54xk0TjehQ079196Vwg
2388,UpdatedDebugger#1285,1755083613937,3,26619,26336,79859,0.0,0,0,0,3,SUCCESS,26619,RLoTDFRlQymuZerC2xd7-w
2389,ReferenceServer#1271,1743993852645,3,26619,25868,79857,0.0,0,0,0,4,SUCCESS,26619,WQdjl_6YToCynJ9tTgoZLA
2390,Team2-Murphy,1745854015725,3,26642,26598,79926,0.0,0,0,0,1,SUCCESS,26642,o7Zla5OpQk2Ip85KcAojxA
2391,CNZX-TS,1743498039731,3,26643,25670,79931,2.0,0,5,6,4,SUCCESS,26643,94olR6jORx6hPRkSNm7VMg
2392,104,1759553504093,3,26686,15797,80059,2.0,0,6,6,5,SUCCESS,26686,ICxcd3pqSl2FObuDf8L0Hw
2393,TestableTheory#5184,1746296203450,3,26688,25335,80066,0.0,0,0,0,4,SUCCESS,26688,K4MO_6ZcSqqQOOoXHyAB9w
2394,Leofox#79,1742945768275,3,26708,22601,80126,1.0,0,3,3,3,SUCCESS,26708,Jhqutg3VSOmQazYiJ7b9WQ
2395,PathOfPainxx,1757320326926,3,26708,23264,80125,0.6666666666666666,0,2,2,3,SUCCESS,26708,ode0BNFCSfaZ_v6wvy3RRQ
2396,CyberneticRequirements#5222,1742326234460,3,26709,22401,80127,2.6666666666666665,0,8,8,3,SUCCESS,26709,LlylED6gRbeKtDOahebfbA
2397,OutRaced#7,1758209234496,3,26709,22932,80128,2.0,0,6,6,2,SUCCESS,26709,RgfrUuq6QsyGWExMdLlQ8A
2398,DraftTest#4680,1746541899411,3,26728,22731,80186,1.6666666666666667,0,5,5,3,SUCCESS,26728,DmdAJuAsToehvVAisUYV6A
2399,JustTrainIt-JohnnyZhang,1746768022020,3,26729,24867,80189,0.3333333333333333,0,1,1,4,SUCCESS,26729,8eOrkM5uT4KC4ypVeSyYBA
2400,CompletePoint#3614,1740052943862,3,26734,25072,80202,0.0,0,0,0,1,SUCCESS,26734,8PJeEMn_S-C_Yx4o0eryNg
2401,Tutor-Y-Liu,1757410866528,3,26753,26271,80261,0.0,0,0,0,1,SUCCESS,26753,xCScwuanRA6LRzmCSNwYnQ
2402,Reference486#1626,1747501321305,3,26753,19801,80260,1.0,0,3,3,4,SUCCESS,26753,9xogyDKXRUGA0m4uhJxTCw
2403,SolvableAnalyst#9480,1755378336209,3,26753,22807,80260,2.6666666666666665,0,8,8,7,SUCCESS,26753,tmpb6nM6TPKH0VHuZcMGbg
2404,AlphaBraces#2994,1746188134237,3,26754,26469,80263,0.0,0,0,0,2,SUCCESS,26754,QcV6Qf4ETpepFH7Uc79GmA
2405,DraftDocumentation#4897,1755639843161,3,26754,26467,80264,2.0,0,6,6,2,SUCCESS,26754,OsNBDBR4TO2cllOPOvDMxA
2406,MemoryMachine#6448,1736925019281,3,26754,19472,80262,1.3333333333333333,0,4,4,7,SUCCESS,26754,PymeC2SfQR-nIOw5VFfMGQ
2407,JohnHenricson,1743409985954,3,26757,17932,80272,1.6666666666666667,0,5,5,2,SUCCESS,26757,QBoZr6NIT6igvtop1dKJuA
2408,DigitalSystem#6365,1745578112445,3,26774,24865,80323,2.3333333333333335,0,7,7,15,SUCCESS,26774,EnRTOoT-TSmIiXpzwc9IeQ
2409,Muthu-Rider,1737732827857,3,26776,21733,80330,1.0,0,3,3,1,SUCCESS,26776,-M-omqCfQXiQ83l35hCA0g
2410,PrimeVariable#3959,1758385252525,3,26795,26594,80386,0.0,0,0,0,2,SUCCESS,26795,yvP728CyTMGviEGeUQrrTA
2411,PythonModel#4474,1745909784201,3,26797,26793,80393,0.0,0,0,0,1,SUCCESS,26797,SEsAxVQ0TeiEr9p0LwpjMQ
2412,SecureMachine#2243,1747085915710,3,26797,25992,80391,0.0,0,0,0,3,SUCCESS,26797,XPUUukWpT1CNbH0_al7RCw
2413,cc25-063,1757329511104,3,26799,24533,80398,0.3333333333333333,0,1,1,5,SUCCESS,26799,qLHEBGu7Tuiv-hrJDonIqw
2414,DFW-Deepracer-02,1746575591202,3,26805,19392,80417,2.3333333333333335,0,7,7,13,SUCCESS,26805,0bHKxSFCR2aL2CUrGAZRVQ
2415,MattieDay1,1751385140002,3,26820,24938,80460,2.3333333333333335,0,7,7,2,SUCCESS,26820,4XuNZFjcTMejwRA9ywgl1A
2416,TechnicalLoop#1734,1741932466040,3,26821,22673,80463,0.6666666666666666,0,2,2,2,SUCCESS,26821,mBGV5W_nThSuoB_i7AsdPw
2417,RobotSandbox#2072,1737935557273,3,26842,26528,80526,0.0,0,0,0,1,SUCCESS,26842,0t-gH10LQ2GkgQIxFgcOQQ
2418,RaceCondition#1,1757121944227,3,26842,21065,80528,2.0,0,6,6,4,SUCCESS,26842,7LUGXdUWRSmbpE9c6oLJwg
2419,Team1-YimingZeng,1745069832632,3,26842,20132,80528,2.3333333333333335,0,7,7,1,SUCCESS,26842,vDy8eYaARFCgIjZH-b76AQ
2420,Cosmos,1737582557974,3,26842,26535,80526,2.0,0,6,6,2,SUCCESS,26842,-IeEBKGMTXWtJqLgi7MiUA
2421,UpdatedUpgrade#9519,1740677165173,3,26864,21930,80592,3.0,0,9,9,1,SUCCESS,26864,TWlzbVUIT5GXBPVAWTT6jQ
2422,Mihai2020,1745355115779,3,26864,26531,80594,0.0,0,0,0,4,SUCCESS,26864,08f33eaed3ca49669a7dfw
2423,HigherArray#7223,1743013198007,3,26886,25136,80659,0.6666666666666666,0,2,2,3,SUCCESS,26886,WO6Gqld2RpyFJbTIGcDobQ
2424,FuturisticError#4550,1746539853146,3,26888,21131,80665,1.0,0,3,3,5,SUCCESS,26888,GEmNX04nQLmRl6TbGwvHjQ
2425,Inzemam,1757425006145,3,26888,19722,80664,1.3333333333333333,0,4,4,2,SUCCESS,26888,9_wIZoprRsSLgpqCO844PA
2426,AutomatedRequirements#9226,1757955453983,3,26895,24666,80685,1.3333333333333333,0,4,4,3,SUCCESS,26895,xzg4bGx6QdiWWhPtGjEArA
2427,OldSchoolCaddy,1750167078284,3,26903,23698,80711,0.3333333333333333,0,1,1,4,SUCCESS,26903,_tkL_8pIRzyYn7uFkBnUrw
2428,ThisDigit#8641,1744788335483,3,26911,26673,80733,0.0,0,0,0,1,SUCCESS,26911,FqUW3AIOQqy3YGsIzDvfkA
2429,RacingQueens#KollaNeeraja,1755677587869,3,26916,23548,80748,2.6666666666666665,0,8,8,3,SUCCESS,26916,qXu4f9_-QR6iHTIeLz4MyQ
2430,FiniteAbstraction#5182,1756191234804,3,26930,25995,80792,0.0,0,0,0,3,SUCCESS,26930,70EhEwRVSuuhLD3UIDaVUg
2431,JoseAndersonDaCostaAraujoUFCG,1746236669057,3,26931,22596,80795,2.6666666666666665,0,8,8,5,SUCCESS,26931,ZOhdIsiDT26bfY6iO8MBCw
2432,VenkataKakarla,1747077602161,3,26951,24257,80855,1.6666666666666667,0,5,5,1,SUCCESS,26951,Tnt-_OrcRmWYE4yIedyIDw
2433,Joao-Victor-Pomiglio-Unicamp,1746564476247,3,26951,13925,80855,2.3333333333333335,0,7,7,5,SUCCESS,26951,TBBbkJDVS06zZ5sky9QNFA
2434,TIF-Neural-Navigators-APAC-Virtual,1750150527505,3,26952,26327,80856,2.0,0,6,6,2,SUCCESS,26952,WSgyYux8TK-P40l8VL8jRg
2435,Francisco-Mourao,1755098767630,3,26954,12533,80862,2.6666666666666665,0,8,8,10,SUCCESS,26954,bZQo30n3ToKtQ8wYl8CEcw
2436,cc25-086,1757311244823,3,26973,21400,80920,1.0,0,3,3,2,SUCCESS,26973,MQJBfX1GSWiH47_s-sMvBQ
2437,WebGame#7816,1740676955257,3,26973,19195,80920,2.3333333333333335,0,7,7,1,SUCCESS,26973,680FIcOGRUGpxxQ91CqEoQ
2438,AbstractNotation#2444,1741312685606,3,26974,26796,80922,0.0,0,0,0,1,SUCCESS,26974,dfEddSQGQgqY7C-CMDLVXA
2439,NumericAnalysis#2617,1744788198377,3,26975,26732,80925,0.0,0,0,0,1,SUCCESS,26975,60BBYzNkRSqbmG2s78bvCg
2440,SecureTag#6039,1749714302170,3,26976,22004,80930,0.6666666666666666,0,2,2,2,SUCCESS,26976,nBgdHJ4nQY24doeA7pk9PA
2441,CrypticAnalysis#0776,1750503320961,3,26976,25069,80928,1.3333333333333333,0,4,4,2,SUCCESS,26976,QvJOlu6WReOE9gaEStT4hQ
2442,Just-Train-It-Jaqen,1746769685223,3,26996,22795,80988,2.6666666666666665,0,8,8,5,SUCCESS,26996,L1rb_U2QRz2FTcKhGPCmzg
2443,Enzo-Tonon-Morente-USP,1741572470380,3,26998,23070,80995,2.6666666666666665,0,8,8,2,SUCCESS,26998,YOylJ2idSiaPw384cOKmuQ
2444,cnzxcbj,1742890274471,3,26998,26341,80994,0.3333333333333333,0,1,1,4,SUCCESS,26998,L1fauxp1Tb69Y15P5HmUkw
2445,InfiniteCircuit#6748,1748961225505,3,26999,26939,80997,0.0,0,0,0,3,SUCCESS,26999,4osJ4SP4TjOaTZLhwyzKZA
2446,LeetDescriptor#5995,1757948394631,3,27002,22988,81007,0.6666666666666666,0,2,2,5,SUCCESS,27002,2upbXKe8QMiWzDfiLxw9Sw
2447,AlphaPointer#0598,1737622145015,3,27019,23594,81059,1.6666666666666667,0,5,5,1,SUCCESS,27019,evpSFLdLQVaoXAZRgThZQQ
2448,ThisAnalysis#2147,1750774615673,3,27020,26797,81061,1.0,0,3,3,1,SUCCESS,27020,wsPqK63NTsyzR_Z5q4-4AQ
2449,ProgrammingOrder#9099,1737556757375,3,27021,26867,81063,0.0,0,0,0,1,SUCCESS,27021,hb1mka4-S7ClzG4dYM2N-A
2450,EsteemedHypothesis#6680,1751032890631,3,27038,26661,81114,0.0,0,0,0,2,SUCCESS,27038,I5PkHijcQme7q87A_FglZg
2451,FunctionalSchema#3436,1743944662480,3,27042,20262,81128,2.3333333333333335,0,7,7,2,SUCCESS,27042,EJNB6lXoQri3dXZ19trqig
2452,TabletServer#5426,1746957723237,3,27042,12593,81126,2.6666666666666665,0,8,8,8,SUCCESS,27042,CouPqqZ9SD6-8idC7V8ADw
2453,Tarunk,1737576313913,3,27042,24792,81128,0.3333333333333333,0,1,1,1,SUCCESS,27042,Qn7mqgDtSmy7r9vYjh6YGA
2454,cc25-028,1758210536802,3,27043,21067,81131,3.0,0,9,9,6,SUCCESS,27043,8-_7GboxQtWxOW6HGyBSCw
2455,EsteemedArchitect#0048,1740506120364,3,27062,26268,81186,0.0,0,0,0,1,SUCCESS,27062,SN9MvUoxRVi2KS4OOHRxVw
2456,UpdatedUpgrade#6437,1746754741501,3,27062,23199,81187,2.6666666666666665,0,8,8,8,SUCCESS,27062,S6XJmWrqRQWvb5bdeeYCIQ
2457,TNT-VoidStrike,1747533772267,3,27063,21805,81191,2.0,0,6,6,20,SUCCESS,27063,SxF60DgwRcmotfMpArnGzQ
2458,Aidas,1758180892962,3,27064,25055,81192,1.3333333333333333,0,4,4,1,SUCCESS,27064,LqN1jBhrTcai_VOBBEo5qw
2459,GCD1985,1749549409959,3,27064,17861,81194,2.6666666666666665,0,8,8,2,SUCCESS,27064,7kfD9GIDSrW-TVibRUaSGQ
2460,GuilhermeSouzaUFAM,1745067067965,3,27065,24801,81197,2.3333333333333335,0,7,7,5,SUCCESS,27065,sCZX95VVTk-jpJxbzfR1CQ
2461,SchumacherDong,1752038522923,3,27086,23260,81258,0.6666666666666666,0,2,2,10,SUCCESS,27086,8G2zK6r4SH-XGeAc_EzglQ
2462,Ken#1,1745809630103,3,27088,23001,81266,1.6666666666666667,0,5,5,1,SUCCESS,27088,rPDKiBveQnKWsNbX8pibZA
2463,ProvisionalBooster#0242,1747761068654,3,27109,26471,81327,0.0,0,0,0,2,SUCCESS,27109,Z7ihUxk9SsK5z-SXMod7ww
2464,ProgrammingBrackets#2921,1742416503359,3,27132,26936,81397,0.0,0,0,0,4,SUCCESS,27132,7PVnFqJwSLKAsQd8ePJwOA
2465,InfiniteHypothesis#9627,1740676382827,3,27133,20664,81400,2.3333333333333335,0,7,7,1,SUCCESS,27133,-vhQNrVFSdeFwiDzoA_3BQ
2466,UpdatedBrackets#8104,1746819795095,3,27152,23264,81457,2.6666666666666665,0,8,8,1,SUCCESS,27152,IDyYxFjOTA2XBieEyV26tw
2467,10xDeadline#1591,1746800737587,3,27152,26873,81456,0.0,0,0,0,1,SUCCESS,27152,WAbbXmrzRsibBTipuaKnAw
2468,UpgradedInterface#2016,1746231424778,3,27153,24124,81460,0.6666666666666666,0,2,2,2,SUCCESS,27153,GHEvsQZqTa2I64d6WS75EA
2469,NXT-AI#2,1756652245389,3,27153,23397,81460,1.6666666666666667,0,5,5,7,SUCCESS,27153,JucOyuTGSXuc2PvnyJYbzw
2470,FunctionalSandbox#4711,1755263019313,3,27173,19464,81521,2.3333333333333335,0,7,7,8,SUCCESS,27173,xZtqtDNRRui-u2L95EkSzg
2471,AtomicPointer#6567,1754623634930,3,27175,21926,81525,3.0,0,9,9,2,SUCCESS,27175,5oRhk3vuRi6leslUeoTt5A
2472,StructuredDeadline#2050,1743784883240,3,27196,26997,81590,0.0,0,0,0,2,SUCCESS,27196,Li4KNdVtQ12SK3idpTFuEg
2473,ImmutableModel#6029,1744916584924,3,27198,26595,81595,0.0,0,0,0,17,SUCCESS,27198,k4869OmjRtmEjND5JpEmBg
2474,OverclockedRacers2025,1738558340788,3,27198,23199,81596,2.6666666666666665,0,8,8,2,SUCCESS,27198,rbqkT7bNT1u1Hn7jjzn8nw
2475,UpdatedDataset#5341,1739389761884,3,27218,20136,81656,2.3333333333333335,0,7,7,1,SUCCESS,27218,vzI4icf8Qwy2TnBcXhKsDQ
2476,LeetNetwork#3858,1747339477052,3,27218,27070,81656,0.0,0,0,0,2,SUCCESS,27218,OHcmWF0YQjizi7r2Immyyw
2477,902-SSY-2,1752488129473,3,27221,23134,81665,2.6666666666666665,0,8,8,4,SUCCESS,27221,5S0xvqWiT3aa2v4ZFI-szA
2478,Santiago123,1753082007392,3,27241,21200,81725,2.0,0,6,6,2,SUCCESS,27241,tO4Nf9isR0ySNC55sti2kA
2479,TabletGame#9347,1745306973677,3,27241,26856,81725,0.0,0,0,0,3,SUCCESS,27241,7HRz-F7eT4qrkS1HkUqfxA
2480,team04-deepracer,1748680298434,3,27242,23326,81726,2.6666666666666665,0,8,8,1,SUCCESS,27242,MWhMmgCaTtupFgCZ2x9_Hg
2481,BrainyNode#7691,1749429683019,3,27242,26797,81727,0.0,0,0,0,18,SUCCESS,27242,BR-PUeubS5icrrkY8N-gPQ
2482,dsc250820-2-wooseong,1755717749449,3,27262,13870,81788,2.3333333333333335,0,7,7,14,SUCCESS,27262,_9EYywBdSFOjug2zsPpocQ
2483,CriticalFunction#5798,1741534696006,3,27263,26664,81790,0.0,0,0,0,1,SUCCESS,27263,s6nAe0kuSUWc3RNTqb5ArA
2484,InfiniteNamespace#7751,1746006186155,3,27263,26991,81789,0.0,0,0,0,4,SUCCESS,27263,eCzKa6NiQBSJ031OYHrB2g
2485,FiniteSwitch#7260,1746024010069,3,27265,26999,81797,0.0,0,0,0,2,SUCCESS,27265,uDRcGXQeQquv04607vPYgg
2486,F1Spirit,1742582195599,3,27285,27000,81855,0.0,0,0,0,1,SUCCESS,27285,3675c748fd2f4947ad917w
2487,NullDocumentation#3643,1743912753284,3,27285,26990,81857,0.0,0,0,0,5,SUCCESS,27285,_vkgfPCQR0WMuwq2omQA6Q
2488,LoopingServer#0705,1744788295022,3,27288,26937,81864,0.0,0,0,0,1,SUCCESS,27288,2N5SZlg2Sj2zTohuTnjWrA
2489,CreativeLoop#0689,1745373384489,3,27307,26792,81921,0.0,0,0,0,9,SUCCESS,27307,3enzs1jmSYuL65TYnNekSQ
2490,AbstractCharacter#4874,1745270138152,3,27308,24401,81924,0.3333333333333333,0,1,1,6,SUCCESS,27308,Wo9f8IlDT06jRfd-ElWUUA
2491,BetaParameter#3277,1747192503692,3,27308,25000,81926,0.3333333333333333,0,1,1,5,SUCCESS,27308,uyrILsMLR6CjjIBqwDJEaA
2492,ProgrammingGrid#5964,1751978352163,3,27309,27132,81929,0.0,0,0,0,5,SUCCESS,27309,OZobWzcgT_20W9KdVEj5nA
2493,shmul#4369,1739009191054,3,27330,23864,81990,1.6666666666666667,0,5,5,19,SUCCESS,27330,vmL7LdHKQMihg_kB6CNJmw
2494,PrototypeBuster#9511,1748592293687,3,27354,27207,82064,0.0,0,0,0,4,SUCCESS,27354,9194oyziS9eSi6ivqGuydw
2495,AsynchronousCallback#3690,1751965983237,3,27373,23601,82120,2.6666666666666665,0,8,8,7,SUCCESS,27373,9UoyPzBtT4qJn_yTftt0Bg
2496,cc25-074,1758244122448,3,27376,23603,82128,2.6666666666666665,0,8,8,6,SUCCESS,27376,rs6dapNZTkKrI29FpzMS1A
2497,Woong#0213,1751901770295,3,27382,20340,82148,2.3333333333333335,0,7,7,9,SUCCESS,27382,mgKeq-hSRHaTJuF2QMEMyA
2498,PrimeBrackets#3899,1745636949450,3,27397,27068,82191,0.0,0,0,0,1,SUCCESS,27397,9KleLCCkTjOlFgs4kNEUBw
2499,SebiToader,1748585861449,3,27397,21203,82191,2.3333333333333335,0,7,7,30,SUCCESS,27397,lzrrHFHSQ6C6oMEwTwHXJA
2500,PassingAbstraction#0130,1752809615467,3,27398,20596,82195,2.3333333333333335,0,7,7,2,SUCCESS,27398,d5b-30-eQ5uJGb6oUE2nkA
2501,BB0225255,1750062080843,3,27401,26934,82204,2.0,0,6,6,2,SUCCESS,27401,2T97ReVCSDmj2pLQjHp0dg
2502,Erikku02,1739785888146,3,27420,25596,82261,2.3333333333333335,0,7,7,3,SUCCESS,27420,Qc29_zb3R4GGx_xwUVDs6A
2503,TIF-Speed4Race,1747086770904,3,27421,18535,82264,2.6666666666666665,0,8,8,4,SUCCESS,27421,Rsid4h0pT0WDVmvYWi4ymw
2504,HigherMetaclass#4257,1740573100361,3,27439,19800,82319,2.3333333333333335,0,7,7,1,SUCCESS,27439,Crb9bjQDS_OpF9zH4WTVIA
2505,BetaDocumentation#2020,1744047204748,3,27442,27270,82326,0.0,0,0,0,1,SUCCESS,27442,EzXJF_XcRlapsLGDqCsrGQ
2506,CurlyEngineer#5856,1755537789616,3,27442,19391,82326,1.6666666666666667,0,5,5,8,SUCCESS,27442,u-nPMzfCR1qYaM5Y4bnGsw
2507,QualityTheory#6221,1741372433675,3,27443,21204,82330,3.0,0,9,9,5,SUCCESS,27443,IBXRB1FiRCSzgVlGqpzheQ
2508,TestingSchematic#2675,1758180453010,3,27443,21924,82330,1.0,0,3,3,2,SUCCESS,27443,H_C5aPVPRRGNmrAjp4oMbQ
2509,RaulConfessorOliveiraSilva-IFPB3,1746636909195,3,27443,23729,82329,2.6666666666666665,0,8,8,2,SUCCESS,27443,sbtj6BQpTSat1nUl3qguTQ
2510,IntelligentGame#0692,1738870440625,3,27444,27134,82333,0.0,0,0,0,1,SUCCESS,27444,V5PAd1qiQ46glfUInTBLJw
2511,ComplicatedFormula#8287,1747492451320,3,27453,24870,82360,1.3333333333333333,0,4,4,6,SUCCESS,27453,RCTRc9PYQFmtIVk9YsRzJQ
2512,GrahamCairns,1757673567464,3,27463,24535,82389,2.3333333333333335,0,7,7,4,SUCCESS,27463,_XHlYR6PQ4SqOuFhRRuxRw
2513,Miqueias-Ayron,1757864756174,3,27463,25462,82390,2.3333333333333335,0,7,7,6,SUCCESS,27463,qmxm0J1sTSWFGqT0limzZQ
2514,PrimeSwitch#8397,1754658245408,3,27463,27270,82391,3.0,0,9,9,9,SUCCESS,27463,dYIZrRMnT0qF7JsYQ-VN9w
2515,PassingBraces#7578,1736394922985,3,27464,27393,82392,0.0,0,0,0,2,SUCCESS,27464,QsjLX2pnS3uS1Sw2ugFyUQ
2516,MachineAbstraction#2848,1746357775758,3,27465,27198,82395,0.0,0,0,0,2,SUCCESS,27465,ShvJs5APRLK_3ugmvUOOGg
2517,RecursiveArgument#0042,1736319914254,3,27485,25001,82457,2.3333333333333335,0,7,7,19,SUCCESS,27485,3OREfy9oSY29YdmdR0ZBAg
2518,VariableArgument#1355,1743640890835,3,27486,27325,82458,0.0,0,0,0,1,SUCCESS,27486,f1S_5pjqQiSrSwgSMyH-VA
2519,SolvableSlice#3458,1745826423242,3,27489,20669,82468,1.3333333333333333,0,3,4,2,SUCCESS,27489,cPpJ-5SjT_24qcSLD5LR9w
2520,JosephAbbott,1743279403867,3,27507,17733,82523,2.6666666666666665,0,8,8,2,SUCCESS,27507,gRaMbY6aS6uvISFAmmJzew
2521,BlockchainGlyph#6654,1747156168395,3,27507,20466,82523,2.3333333333333335,0,7,7,1,SUCCESS,27507,mJ2Rx8t-TnaV7DPC5fUbuQ
2522,JMekarski,1747305700154,3,27508,16060,82526,2.0,0,6,6,10,SUCCESS,27508,HDLjJLx6QwaM_Jpk1_rbnw
2523,AsynchronousScope#0794,1756703542909,3,27510,27403,82531,0.0,0,0,0,2,SUCCESS,27510,3qwcGlBxRlW4Uu6tfm7QEQ
2524,Pau#9173,1743599153100,3,27529,24134,82589,0.6666666666666666,0,2,2,4,SUCCESS,27529,9JTZIJ8NQtiI5qwYcWpzvA
2525,TabletLanguage#7379,1757608458590,3,27551,25861,82655,2.3333333333333335,0,7,7,5,SUCCESS,27551,jcW80ojJQRetvFPxCTq38Q
2526,HigherArray#5608,1743997118826,3,27552,27065,82658,0.0,0,0,0,3,SUCCESS,27552,xeObtduERHqE87OeZQ_OkQ
2527,BrainyState#5931,1750512682853,3,27553,21200,82659,1.0,0,3,3,1,SUCCESS,27553,9DLkCxzJRwOvfm7-_hYO4g
2528,SquareMachine#4472,1741923517482,3,27554,24467,82662,1.6666666666666667,0,5,5,7,SUCCESS,27554,Ba4mIgySTw6L8SvIXriY4Q
2529,Caio#anao,1754588866880,3,27574,22064,82724,3.0,0,9,9,10,SUCCESS,27574,Lvmvf4n3QG23MTFIVy8rGQ
2530,TestingAttention#0729,1746108405612,3,27574,27396,82723,0.0,0,0,0,1,SUCCESS,27574,yiGbMV1MQa2TTYu1FtxXQA
2531,PrototypeLine#1565,1742026860261,3,27576,24261,82728,2.6666666666666665,0,8,8,3,SUCCESS,27576,aJS9yo1dThO2v4ARVGhkxg
2532,CircuitBreakers#1,1757974607756,3,27576,21927,82728,3.0,0,9,9,9,SUCCESS,27576,9guQvYfSTWe9LQvgPQOPDQ
2533,MemoryParameter#1112,1746233158671,3,27597,25605,82791,2.3333333333333335,0,7,7,1,SUCCESS,27597,Aka3jh38Qwqmet2BzL4NQw
2534,FiniteDescriptor#0301,1746539538324,3,27598,23734,82796,1.6666666666666667,0,5,5,2,SUCCESS,27598,m4YAaSYYR5CPNxeWGH7RIQ
2535,G-OnoHiroto,1750661900186,3,27598,27537,82795,0.0,0,0,0,3,SUCCESS,27598,dRoAE7BJT3-M1b2lLeIZlQ
2536,AccessibleString#8481,1747747622970,3,27600,25269,82800,1.3333333333333333,0,4,4,3,SUCCESS,27600,8eZXlqKZReOBD2LbKivwnA
2537,SGCC-Admin,1756884043292,3,27619,26991,82858,0.0,0,0,0,1,SUCCESS,27619,bgyep44KRfmDuVfYycsKgg
2538,LeetObject#4919,1743335550845,3,27619,26735,82858,0.0,0,0,0,8,SUCCESS,27619,NaH0TdWwR-Stdq93czGyFQ
2539,DeepDrive#2,1758037204322,3,27619,26800,82859,0.0,0,0,0,3,SUCCESS,27619,z87LtMaISrSpismf2Qc-QA
2540,JoseNestorDaSilvaCombeUFCG,1745940795696,3,27619,24264,82858,2.6666666666666665,0,8,8,1,SUCCESS,27619,APCOhkwZT3i5WIWGN-IfYA
2541,InfiniteResource#2643,1746838402438,3,27620,22469,82860,2.0,0,6,6,1,SUCCESS,27620,5auPVW_fRkOe4v4zF07tmg
2542,Tiger-YunCao,1746766416430,3,27621,25062,82865,2.3333333333333335,0,7,7,2,SUCCESS,27621,JcYKfveRRsWHHae9yZRaoQ
2543,JMM,1740219359359,3,27621,27533,82865,0.0,0,0,0,2,SUCCESS,27621,Lx9gAiTCTGm18JjI4Mhmvw
2544,TIF-AI-Accelerators,1746473682140,3,27623,24866,82870,2.6666666666666665,0,7,8,2,SUCCESS,27623,YvlaCbHmTcK1pwMngoUyBw
2545,TestableCircuit#1203,1746752899679,3,27639,19793,82917,1.3333333333333333,0,4,4,2,SUCCESS,27639,sCO_VreVRxSnTRFj86uWzw
2546,UpdatedNotation#7832,1745886491931,3,27643,27135,82929,0.0,0,0,0,3,SUCCESS,27643,e13B68KpT3-PF0R8U4ot5Q
2547,SequentialOrder#6536,1757939226254,3,27663,24061,82989,1.6666666666666667,0,5,5,1,SUCCESS,27663,SkoGnliwS72MlZzunpzYhQ
2548,GammaGame#5736,1744543650339,3,27664,27597,82992,0.0,0,0,0,1,SUCCESS,27664,ZqSpd1bQRJSHC-9F4YryTw
2549,GammaScript#3147,1747978881791,3,27664,27533,82992,0.0,0,0,0,11,SUCCESS,27664,Kf-mBpujThe146Z6vKKxeg
2550,PassingInterface#7368,1747678714757,3,27664,27001,82994,2.0,0,6,6,2,SUCCESS,27664,A8hDc2dxRbmy_EaeN9ceQA
2551,Lambdaghini#2,1755188477598,3,27664,24461,82994,1.6666666666666667,0,5,5,4,SUCCESS,27664,fPj6fvBaSmqnoR2AiCbMgw
2552,QualifiedAbstraction#6142,1757162281992,3,27687,24730,83061,1.6666666666666667,0,5,5,8,SUCCESS,27687,1qpXfgzWTi2jAFuOlpWsJQ
2553,HelpfulMachine#5149,1739665581814,3,27690,20940,83070,2.3333333333333335,0,7,7,3,SUCCESS,27690,iHhTT1FbRbeTwxnVa1nRsg
2554,CarrerDelBlanquer,1741105378016,3,27707,25853,83121,1.3333333333333333,0,4,4,1,SUCCESS,27707,wyDhYQZKQjqw2ce93_2Ghw
2555,CurlySemicolon#9624,1749509159061,3,27707,27058,83122,0.0,0,0,0,1,SUCCESS,27707,7p4dtAGPQcaspz8jw6ZyfQ
2556,EncryptedTheory#7456,1745911699989,3,27708,27405,83125,0.0,0,0,0,3,SUCCESS,27708,tKaG46oSRXKIVf-SSeIE4Q
2557,DraftAnalysis#6736,1755704964466,3,27708,26201,83124,2.0,0,6,6,7,SUCCESS,27708,pPKrdgz2REWjt11UyhEqeg
2558,902-CSH-01,1752211171017,3,27709,23797,83127,2.6666666666666665,0,8,8,5,SUCCESS,27709,7t1joKcySgiZhc9sE_X0cQ
2559,disi3r,1746499168005,3,27710,26935,83131,0.0,0,0,0,1,SUCCESS,27710,NZxg-jbWSN6-aNIePxo33Q
2560,tondrey,1739902520073,3,27732,27397,83197,0.0,0,0,0,3,SUCCESS,27732,EvPC6VKJTKOcg6sRWJ7jtw
2561,AbstractBraces#5805,1746819278943,3,27750,22783,83251,3.0,0,9,9,1,SUCCESS,27750,NP0LihAFQk65Z9EUIHeVJQ
2562,FungibleSequence#9899,1738550214474,3,27751,22129,83255,3.0,0,9,9,2,SUCCESS,27751,5iQu3xYJRSaJMR9nLQ4Jog
2563,ITI-G5,1738692289520,3,27751,23803,83254,2.6666666666666665,0,8,8,4,SUCCESS,27751,oLSvSxDoTO-PQ4Y78lgASw
2564,DesktopBooster#9950,1745911027374,3,27751,27530,83255,0.0,0,0,0,4,SUCCESS,27751,lSbPptGtSFyhxsXAZKDb-Q
2565,ArtificialDataset#2326,1743084042715,3,27752,27462,83256,0.0,0,0,0,3,SUCCESS,27752,Giek0QRORem-LYEvNpZfIA
2566,TheSleepingSingh,1749461448530,3,27753,27532,83260,0.0,0,0,0,1,SUCCESS,27753,2F0LAT2GSe-045bO38UPSg
2567,RobotOrder#3186,1744975166248,3,27754,26877,83263,0.0,0,0,0,1,SUCCESS,27754,tMD-mQwhRA6_2lk0HitbZA
2568,LoopingNetwork#5243,1744788695775,3,27754,26798,83262,0.0,0,0,0,1,SUCCESS,27754,V_9Jm0QoTB6m1_yLYvEDIQ
2569,Francisco-Mourao2,1755307182253,3,27755,17867,83265,2.6666666666666665,0,8,8,2,SUCCESS,27755,Nqqvlk3jRceSBjIIqT-VGg
2570,RaulConfessorOliveiraSilva-IFPB,1746049119790,3,27797,27670,83393,0.0,0,0,0,8,SUCCESS,27797,LZNJapvKRuy1U9BcjpvYHQ
2571,ArtificialString#0319,1737613308069,3,27800,20734,83400,1.6666666666666667,0,5,5,1,SUCCESS,27800,lbTcsIrXRuWST5nXb9gq3Q
2572,10xRequirements#0044,1745210185111,3,27818,22659,83456,3.0,0,9,9,14,SUCCESS,27818,QgiKwSlhQDiEnPOsIgRL1w
2573,TabletModel#3402,1746484026320,3,27820,27734,83460,0.0,0,0,0,2,SUCCESS,27820,ZWEUZFIHSR2BqF7oY5opYQ
2574,PassingTheory#3752,1755456411228,3,27822,25466,83466,2.6666666666666665,0,8,8,5,SUCCESS,27822,9gSt7RZqS9aR66QXvwVtPQ
2575,MarcusViniciusMedeiros#8984,1746221196641,3,27840,19121,83521,2.6666666666666665,0,8,8,2,SUCCESS,27840,pHn0qe2RQj6dJ2b7bNmYMQ
2576,Amazon-River-Dolphin,1739939746908,3,27841,27731,83525,0.0,0,0,0,3,SUCCESS,27841,9Isf6XlMQGK9mBTt_jZy5w
2577,NeuralFix#4979,1754233172892,3,27863,22935,83591,2.0,0,6,6,1,SUCCESS,27863,CCTC-Q8RRIOCS9LfLByD7A
2578,UpgradedSemicolon#2646,1746809435314,3,27864,27604,83594,3.0,0,9,9,1,SUCCESS,27864,rSkfCP4iQUqOOyq21L_UUA
2579,DigitalModel#8862,1744776265219,3,27865,27737,83596,0.0,0,0,0,1,SUCCESS,27865,F-GmjpqnT5WIPmoxqEZdGA
2580,US1202,1758532066173,3,27866,22797,83598,2.0,0,6,6,3,SUCCESS,27866,EUDlIViCRtektUqYJCpqyg
2581,MSEDU-S16,1747100638917,3,27886,25672,83659,0.3333333333333333,0,1,1,5,SUCCESS,27886,R59s7HeWR2SLH5Nv5BSZbA
2582,HigherNamespace#1843,1759024576094,3,27886,27728,83660,0.0,0,0,0,1,SUCCESS,27886,0hNx2kWvRryI79fjjvpcqw
2583,Gazolina666,1739291020074,3,27887,18868,83662,2.6666666666666665,0,8,8,23,SUCCESS,27887,iLaMe4IKQ96kaHzw_dYt0A
2584,NeuralTheory#6528,1739488096190,3,27887,20723,83662,1.3333333333333333,0,4,4,2,SUCCESS,27887,yoF0cqWYTWqj4tU1MdOACQ
2585,AccessibleShell#5516,1747833021191,3,27889,27674,83667,2.0,0,6,6,2,SUCCESS,27889,sDNretmiT_ua18wloqoXJQ
2586,AutomatedAttention#3506,1752548217117,3,27893,18418,83679,2.6666666666666665,0,8,8,13,SUCCESS,27893,HNib5fW0SNaWuvyZtBWGLg
2587,AjeetNPandey,1742302039175,3,27909,27796,83728,0.0,0,0,0,9,SUCCESS,27909,ob6dvI4oS4-ObOjWxtCh3A
2588,AgileAnalysis#6783,1754527694743,3,27909,11800,83728,3.0,0,9,9,6,SUCCESS,27909,GemEgO_lRyirtuTTOR9Ldg
2589,IterableDebugger#2916,1743965474075,3,27930,27657,83790,0.0,0,0,0,2,SUCCESS,27930,fETs2uC2RMKbOKDIw5luTA
2590,10xOrder#8111,1744092315352,3,27930,27733,83790,0.0,0,0,0,4,SUCCESS,27930,U3kIxrrtQOmQAH9u07K_pg
2591,AndyBell,1748966098666,3,27931,27864,83794,0.0,0,0,0,2,SUCCESS,27931,mcALBUEiSqC3__RcD6ZEnw
2592,PythonString#1233,1748745207706,3,27932,27863,83796,0.0,0,0,0,1,SUCCESS,27932,vwFevxdgSLCPfKmJMZnurA
2593,hyxgjzx087,1744189001022,3,27951,23805,83853,0.6666666666666666,0,2,2,3,SUCCESS,27951,51A1dtCgT6SGv5FHJQ8O-Q
2594,FastAndCurious#RavindrababuI,1755171134856,3,27953,22668,83861,2.0,0,6,6,4,SUCCESS,27953,WUSsyYEhRD6sIAE1wnFc3A
2595,AgileBrackets#9948,1737931226649,3,27953,26261,83860,2.3333333333333335,0,7,7,3,SUCCESS,27953,1rEqiW7bR8m9ziWOkkdqXQ
2596,GammaMachine#0611,1755024127159,3,27953,22793,83860,3.0,0,9,9,5,SUCCESS,27953,P-Oz6b3JTlmXxKsdcRp3dQ
2597,TMAbe,1758870276512,3,27954,27800,83864,0.0,0,0,0,3,SUCCESS,27954,9QtbG_ogShyUcr2TInU1kw
2598,BetaArchitect#4094,1746022002427,3,27954,27262,83863,1.6666666666666667,0,5,5,5,SUCCESS,27954,iP2G11H1Q0KdZdoaqhKsYQ
2599,TIF-The-Orange-Army,1744639382537,3,27974,22583,83924,3.0,0,9,9,10,SUCCESS,27974,2utCr5tXQBqP5ObdViag_A
2600,ReferenceAnalysis#8247,1743785096683,3,27976,25134,83930,2.3333333333333335,0,7,7,2,SUCCESS,27976,TH-n112PRiqajtqGABp90Q
2601,ImportantDataset#9915,1747684483536,3,27976,22072,83928,1.0,0,3,3,1,SUCCESS,27976,x1syewOrTuaz8hhJEVuGgA
2602,CompleteState#8487,1736449977741,3,27977,27924,83933,0.0,0,0,0,5,SUCCESS,27977,xdTmE1PEQxSVyMapiyeDHg
2603,ASCIIValue#9326,1747544394245,3,28016,22452,84049,3.0,0,9,9,6,SUCCESS,28016,xg3K0r-VStyADuVztkmt8A
2604,ParametricServer#5551,1744814753714,3,28023,27856,84069,0.0,0,0,0,1,SUCCESS,28023,qqxbRBn8Tya31weaPcaiTA
2605,AutomatedGlyph#9199,1746737896612,3,28023,22400,84069,3.0,0,9,9,3,SUCCESS,28023,Gv8x5gp2Rp2O2nowLMOLag
2606,lavenderdreams,1738727208536,3,28030,18601,84090,2.6666666666666665,0,8,8,2,SUCCESS,28030,IEN43shRTyiE94dFZqbkyQ
2607,ProcessingDeadline#4804,1739219950823,3,28040,27659,84122,0.0,0,0,0,1,SUCCESS,28040,owKPmlC-REKLS7wXehVuYg
2608,GammaNumber#8321,1745399592737,3,28040,18789,84121,2.6666666666666665,0,8,8,8,SUCCESS,28040,gRPjrlGdTYuqp4hJimGBHw
2609,FiniteModel#4270,1752459450429,3,28040,27740,84122,0.0,0,0,0,2,SUCCESS,28040,vm0ZrCaJQdiP3yIbgFcg7Q
2610,ComplicatedUpgrade#2406,1738479492585,3,28042,18721,84126,2.6666666666666665,0,8,8,2,SUCCESS,28042,Uzyb-GmrReWxbssT9SFkUA
2611,joao2024,1746340571433,3,28042,26203,84128,0.3333333333333333,0,1,1,5,SUCCESS,28042,bJOti6GmRhCveD_HTW7diw
2612,SolvableNotation#9225,1737970499061,3,28043,27941,84129,0.0,0,0,0,1,SUCCESS,28043,v8S6R00zQRyR8DM8UfLIsw
2613,OlliMolli#0044,1750426576604,3,28062,27665,84186,0.0,0,0,0,1,SUCCESS,28062,AJDKIr9YRO2vXR-NMTjGwg
2614,ArtificialFix#1894,1738599639896,3,28063,26866,84190,0.0,0,0,0,1,SUCCESS,28063,EQfFOuAOR-uj7ZuQr_VIUw
2615,QuickPoint#5570,1747246788292,3,28063,27533,84191,0.0,0,0,0,2,SUCCESS,28063,nxu4vNbzSUGZk3Rhh53vlw
2616,InteractiveTag#7919,1750007796191,3,28064,27867,84193,0.0,0,0,0,3,SUCCESS,28064,AKfwePhlRhGmZ3br6LqnJA
2617,Nicbertyo,1757952338730,3,28084,27799,84254,0.0,0,0,0,1,SUCCESS,28084,zm7zbP7JS5yi_6EhvCwIOA
2618,PythonVariable#9272,1743572539242,3,28084,27798,84252,0.0,0,0,0,1,SUCCESS,28084,V7ZFjyNrSEaUWnl3RoVkaQ
2619,TIF-DeepDrive,1747178397970,3,28085,23469,84256,3.0,0,9,9,7,SUCCESS,28085,-tN8MLKrTU-zkaQAaimfQA
2620,NumericAttention#8588,1746186846974,3,28086,28000,84258,0.0,0,0,0,1,SUCCESS,28086,6P-vBTFiT2iC57OK-zqLIA
2621,BackloggedZone#6270,1748431541671,3,28087,27726,84262,0.0,0,0,0,1,SUCCESS,28087,1UN_W6BfSEC0IKJsPI4eyg
2622,Matheus,1754622393009,3,28107,27797,84323,3.0,0,9,9,2,SUCCESS,28107,7A1oM6XxSNWXzG3LNt0lqg
2623,NumericEvaluation#2334,1758083001984,3,28108,27665,84324,0.0,0,0,0,2,SUCCESS,28108,_ogJmkYrR2O_9nJeWdFCGQ
2624,LoopingAttention#7108,1740677192188,3,28112,20533,84337,2.3333333333333335,0,7,7,1,SUCCESS,28112,-UEEFj2-Rhe_yM-y_qKRfg
2625,SecureSchematic#6279,1747790619204,3,28129,24663,84388,2.6666666666666665,0,8,8,3,SUCCESS,28129,i1GSG8ZgRzWVgUiJMklETg
2626,dsc250820-4-JeongYuseong,1755718642688,3,28129,26458,84388,2.3333333333333335,0,7,7,10,SUCCESS,28129,w-qkh7ZeSaCSWSntVplx3g
2627,SriUma,1749299408105,3,28130,22268,84392,3.0,0,9,9,6,SUCCESS,28130,BoTj4TvITuOgwuDV9hzQmA
2628,QuickDataset#6981,1744055557548,3,28131,27727,84393,0.0,0,0,0,1,SUCCESS,28131,o1n_cYJDRUum94tLcI9rhw
2629,AtomicExpert#7382,1755592997543,3,28131,21531,84395,2.3333333333333335,0,7,7,4,SUCCESS,28131,KjwyE5ZoRmGsAf-xX4B28A
2630,WFilho27,1754686981238,3,28131,17458,84395,3.0,0,9,9,6,SUCCESS,28131,dGfceTiaTOmKoCdXPDez0g
2631,UpdatedLine#8540,1742748355755,3,28132,27803,84398,0.0,0,0,0,4,SUCCESS,28132,sdqX5gr3TXStIE5N2Ia7vA
2632,YermanTuringIABD,1737546739270,3,28134,18201,84404,2.0,0,6,6,7,SUCCESS,28134,TK4KA0YrR_u-vAgA39MrUA
2633,NumericNotation#8341,1750004351821,3,28139,23218,84418,2.0,0,6,6,2,SUCCESS,28139,vvHE8sl0RPGMDt5YdRvTHw
2634,CurlyPoint#5282,1737559282489,3,28152,22533,84458,1.6666666666666667,0,5,5,1,SUCCESS,28152,w_xoLI_OSSmMTd1pelGjxg
2635,ProvisionalFormula#9436,1748428246752,3,28154,18600,84462,2.6666666666666665,0,8,8,7,SUCCESS,28154,58bz70XkQuG3aUQoFEgQbQ
2636,ThoyajaMotamarri,1744586413537,3,28158,27929,84474,3.0,0,9,9,3,SUCCESS,28158,ZujFOPSxTDuH0aCv7m4-yw
2637,Dido-67210,1740775447092,3,28173,24261,84519,2.6666666666666665,0,8,8,7,SUCCESS,28173,0yClmW7cTSWrtwRq4lns9g
2638,AMaci,1757740495707,3,28174,28126,84524,0.0,0,0,0,1,SUCCESS,28174,T_0w3ubATviQWk-99iinVQ
2639,WebError#9443,1750729663889,3,28175,24600,84525,0.6666666666666666,0,2,2,2,SUCCESS,28175,mSO6h14xTi2w9lwuWPkr7A
2640,QuickSandbox#0869,1743497932694,3,28175,28131,84527,0.0,0,0,0,1,SUCCESS,28175,vTX50TafReS-gKwafaCIOQ
2641,RocketLine#6318,1747906351589,3,28176,28067,84530,0.0,0,0,0,1,SUCCESS,28176,swWLG0YTSi2tlJlTgGESVA
2642,UpgradedNotation#2369,1740573570791,3,28177,27606,84532,0.0,0,0,0,1,SUCCESS,28177,vhjdfQ9uSx2R4nq4AUp-MQ
2643,SolvableExpression#8116,1740676060657,3,28178,24133,84535,2.6666666666666665,0,8,8,1,SUCCESS,28178,dyUolZ15Rc2a58Lge2VUCQ
2644,MechanicalCharacter#7367,1748171901191,3,28196,27666,84590,0.0,0,0,0,1,SUCCESS,28196,GblDLQVKTGiCVvigPJaesg
2645,MachineBraces#5563,1753291696842,3,28196,28001,84589,0.0,0,0,0,1,SUCCESS,28196,xtNcpmJTSAqXzUkySDu8Dw
2646,IVY-FCU#6,1745912145277,3,28197,28131,84591,0.0,0,0,0,4,SUCCESS,28197,l6C8KVfiSS67It3cEvrR6w
2647,UnicodeBraces#6150,1746337582243,3,28197,27464,84591,0.0,0,0,0,3,SUCCESS,28197,b03ImctOQw614chn029DsA
2648,AngeloAntonioMBatistaUFCG,1746243999095,3,28197,27931,84592,0.0,0,0,0,2,SUCCESS,28197,uowXFg7tRR2QSkDvZnfMgw
2649,dnp-takada-r8-multi-user,1750659331817,3,28199,27864,84598,0.0,0,0,0,3,SUCCESS,28199,8wv5sHsmQLe01ziEGkWuIQ
2650,901-JHM-2,1752044926859,3,28218,24720,84655,2.0,0,6,6,4,SUCCESS,28218,pNUHdy1GQLm4yL_HAyeZig
2651,AndreLuizAlmeida-IFPB,1746468645316,3,28218,17391,84655,2.0,0,6,6,1,SUCCESS,28218,DxYjiIQRTHWzT5YuCYvgiQ
2652,AlphaEnvironment#0067,1744010061228,3,28218,22593,84656,3.0,0,9,9,5,SUCCESS,28218,q3HNOKUWQYKPBqO3l4h5lQ
2653,FiniteNotation#5369,1755121242926,3,28220,22801,84662,3.0,0,9,9,3,SUCCESS,28220,C-5JXNLMTlGJx3mpnhmKlw
2654,FunctionalObject#2855,1753447526424,3,28221,15530,84663,2.3333333333333335,0,7,7,8,SUCCESS,28221,cAYX9BzPRgaZlAc5wLvdXA
2655,ImmutablePresentation#3060,1743248114201,3,28222,27734,84667,0.0,0,0,0,2,SUCCESS,28222,8Y-uqQoQTJmaIwjTmyPOqg
2656,RocketSpec#4161,1740197200329,3,28242,27397,84726,0.0,0,0,0,2,SUCCESS,28242,PC1ayPyFR4CNuqbD-Pj9Hg
2657,NumericByte#9932,1751939417032,3,28265,27998,84797,0.0,0,0,0,2,SUCCESS,28265,nYAKvxLST9mSJT1T0ReyYg
2658,AlphaUpgrade#3869,1745340849723,3,28265,28004,84797,0.0,0,0,0,1,SUCCESS,28265,TJQVGqxrQzuOsHVDHWaxzg
2659,PedroHenriquesBarrosPereiraUFCG,1745707838534,3,28266,24404,84799,0.6666666666666666,0,2,2,2,SUCCESS,28266,LIW2QIH8Tue4CyQIqmax3A
2660,HelpfulBreaker#7882,1747375705427,3,28269,27003,84807,0.0,0,0,0,4,SUCCESS,28269,v2oL2q9mRnaRtuEeI7hHoA
2661,dsc250820-3-ParkJihan,1755692689095,3,28282,28256,84848,0.0,0,0,0,14,SUCCESS,28282,hDfmMR76SZ6ze-TT6ndgWA
2662,PassingExpert#1841,1746031262844,3,28286,27470,84859,0.0,0,0,0,10,SUCCESS,28286,NnId0lRhQzutTgXlmesdeg
2663,10xTech#4940,1746215186258,3,28286,27198,84860,0.0,0,0,0,6,SUCCESS,28286,LVgi4KftTOOe4SagZdaCOQ
2664,GlobalAnalyst#0495,1741744210209,3,28287,27665,84863,0.0,0,0,0,2,SUCCESS,28287,yoZF0TuNRhyM84vzETZ-Kw
2665,FastandCurious#VamsiRaj,1755166381683,3,28306,25997,84919,1.3333333333333333,0,4,4,2,SUCCESS,28306,ugxCBmv8So6k_YtCHBp_zw
2666,CleanSystem#1053,1752770086119,3,28308,28194,84925,0.0,0,0,0,5,SUCCESS,28308,b-di2N41QiiyGfbY3G2KaQ
2667,TestablePatch#9205,1758023781836,3,28308,18132,84925,2.6666666666666665,0,8,8,4,SUCCESS,28308,mG-k3eziQrG9BdOLGnG2Ww
2668,PrototypeNetwork#9379,1750766111297,3,28309,28197,84928,0.0,0,0,0,1,SUCCESS,28309,Mx5F5iW5TpaNy0z8wsr0gA
2669,CompleteByte#4983,1749712882065,3,28309,27796,84928,0.0,0,0,0,1,SUCCESS,28309,g25c4VmWT36TDDU2rP9nOw
2670,BetoRapido,1736769975234,3,28310,20269,84930,3.3333333333333335,0,10,10,2,SUCCESS,28310,-PClOjzDRICU-6XWXaiA0w
2671,GenerativeAnalysis#0798,1736248207783,3,28310,27998,84930,0.0,0,0,0,1,SUCCESS,28310,MXEs39-OQ_6qXbEt4IKmxg
2672,CompleteMachine#5605,1745079044455,3,28328,27928,84985,0.0,0,0,0,3,SUCCESS,28328,ti2W1kIQSRaE425JELWw7A
2673,InteractiveConsole#7138,1746174391596,3,28331,28198,84994,0.0,0,0,0,3,SUCCESS,28331,sL8mDu52RRuGU7X9iA-53g
2674,UrgentArgument#0592,1749869859454,3,28331,22936,84994,3.0,0,9,9,4,SUCCESS,28331,yJ0qsdAjT82mFfAzKRVJXw
2675,PatrykP,1747132648321,3,28332,24394,84997,0.6666666666666666,0,2,2,22,SUCCESS,28332,2x2D1RxCTbuSfDZ3IvUs2g
2676,dnp-abiru-a-multi-user,1750662269843,3,28352,18534,85056,2.6666666666666665,0,8,8,2,SUCCESS,28352,CTDDTkpbT9CTQD72UANLyA
2677,OMKIM,1752122184276,3,28352,23128,85057,2.0,0,6,6,6,SUCCESS,28352,T3RfneX2QbCifTXj_lMAYg
2678,FuturisticMethod#8459,1745496356596,3,28352,27530,85057,0.0,0,0,0,1,SUCCESS,28352,FOOeJONISqyxR-FttiOPUg
2679,ProgrammingBottleneck#4445,1742088693284,3,28352,28328,85058,0.0,0,0,0,1,SUCCESS,28352,YJIKrhtNR1-9SVrRwb418A
2680,UnicodeSemicolon#9131,1746439981082,3,28353,27734,85060,0.0,0,0,0,2,SUCCESS,28353,IF5mGCWVThSL9Wh09IslUw
2681,PrasadPatil001,1753250016621,3,28353,27600,85061,0.0,0,0,0,5,SUCCESS,28353,SYKxz_hYRDGMS550xKsMlQ
2682,BigUpgrade#1524,1746534083029,3,28373,26452,85120,0.3333333333333333,0,1,1,3,SUCCESS,28373,xkVTtcu_Q1m3A5BalTy9Kg
2683,BetaError#3634,1750035916192,3,28375,27800,85125,0.0,0,0,0,2,SUCCESS,28375,dEJRmrIlS6y0QeU07PkSZg
2684,MobileLog#3162,1741314956062,3,28376,28198,85129,0.0,0,0,0,2,SUCCESS,28376,e0TU4Fo1QTaeIsrsgrwj9g
2685,LukePotts,1749118389080,3,28376,24262,85128,0.6666666666666666,0,2,2,27,SUCCESS,28376,JrkXDceIRvy722Zrv8Rk_Q
2686,ReferenceComment#9083,1745979987730,3,28396,28198,85189,2.0,0,6,6,7,SUCCESS,28396,w_v3cMuXQnihEZZ64o6C1w
2687,ConnectedPackage#1786,1746093872111,3,28396,28068,85188,0.0,0,0,0,3,SUCCESS,28396,_fRJ6QEWTWKDtc6QsTrXKA
2688,Nitish-Jadala,1743997635479,3,28398,28318,85196,0.0,0,0,0,8,SUCCESS,28398,M_wBGEeqRVSIutYpMZfpCA
2689,IntelligentBottleneck#0002,1753767187507,3,28418,27736,85255,0.0,0,0,0,1,SUCCESS,28418,idH3Adh_TX-FMv9bj0zXjA
2690,dnp-hukuhara-a3-multi-user,1750729017390,3,28420,22925,85261,2.3333333333333335,0,7,7,1,SUCCESS,28420,exGmFdxPQSisPkHQT95J4A
2691,RaulConfessorOliveiraSilva-IFPB2,1746479763672,3,28421,22868,85263,3.0,0,9,9,2,SUCCESS,28421,MN4qLE8UR4mgaNpu3AbsPg
2692,dsc250820-5-KimJaeYoen,1755721725388,3,28421,23007,85264,2.0,0,6,6,4,SUCCESS,28421,44jL5SEmQC2MuU9-pJZ2kg
2693,SquareBottleneck#0664,1757930789582,3,28422,28398,85266,0.0,0,0,0,1,SUCCESS,28422,p4ui19hEQJqVvdK6X8ucyA
2694,Lahiru-Prabodha,1740822205754,3,28440,27932,85322,0.0,0,0,0,3,SUCCESS,28440,TElogxJyRYObCJKyoauDuQ
2695,VariableTag#1820,1745605746372,3,28441,28393,85324,0.0,0,0,0,6,SUCCESS,28441,XbHmEdd_SN67OsM6kMKTPg
2696,Gulfam,1744878409692,3,28441,28261,85325,3.0,0,9,9,1,SUCCESS,28441,69nL12zuQn-3kjcPPH3FEA
2697,NolyPoly1,1746886879251,3,28442,27861,85326,0.0,0,0,0,2,SUCCESS,28442,kcHRLH-qQcScPwzfRVhmWQ
2698,GiveMeAPuchLine#07,1745308633566,3,28442,27737,85327,0.0,0,0,0,2,SUCCESS,28442,gm_XLdFzQHmdZFOkZntwBA
2699,NumericConsole#1810,1756188940912,3,28445,28251,85336,0.0,0,0,0,4,SUCCESS,28445,8OG7BoR6TtKDOwzK7Zrm5Q
2700,Explorers#SameerShaik,1755606254391,3,28462,20198,85388,2.6666666666666665,0,8,8,1,SUCCESS,28462,SHj4yH5HQcWrm4brsMlETg
2701,ComplexGrid#6213,1749576028225,3,28464,28130,85392,0.0,0,0,0,2,SUCCESS,28464,KcJRlQFxRsefrOt8ACerXg
2702,NoWork,1757324320385,3,28466,28275,85400,0.0,0,0,0,4,SUCCESS,28466,NHdGQYIWSgGvy9a9URJEGQ
2703,BetaByte#4996,1742158846795,3,28485,28332,85456,0.0,0,0,0,1,SUCCESS,28485,kQmWZPrNRPO7CTXSx1xVMA
2704,Andrii,1758533431729,3,28485,27466,85457,0.0,0,0,0,3,SUCCESS,28485,OMjOQqWCR_u8E7NVlQVt9g
2705,BetaGlyph#9153,1743079488675,3,28486,26070,85460,2.3333333333333335,0,7,7,1,SUCCESS,28486,O4F_8HyRTwSEnDGr90ATaQ
2706,Aitana#0273,1743585790566,3,28508,23126,85525,2.0,0,6,6,1,SUCCESS,28508,8wFgjMYVQnKSSUD6CGdQ4w
2707,AutomatedModel#2530,1744055339567,3,28508,28270,85524,0.0,0,0,0,3,SUCCESS,28508,88DrXdb3SJi7IwZqleFlSQ
2708,UpdatedDebugger#5325,1746178093871,3,28509,28402,85528,0.0,0,0,0,2,SUCCESS,28509,ag0rTjSTRceFLJD0JsC7IQ
2709,UpdatedGrid#9107,1750471732896,3,28509,26998,85527,0.0,0,0,0,1,SUCCESS,28509,YIZnCvm9QCq43xJdRGbl5A
2710,JayanthKoppolu,1745213232403,3,28510,28335,85530,0.0,0,0,0,6,SUCCESS,28510,FZCaFeMySi2cRw-J0bQF6Q
2711,NestedValue#0869,1758003122162,3,28510,28133,85531,1.0,0,3,3,1,SUCCESS,28510,bLNk9QBZQjyGzzbXzTGArA
2712,CrypticSequence#7802,1748328284934,3,28512,24801,85536,2.6666666666666665,0,8,8,4,SUCCESS,28512,z5DQ98aYRNakfGt7kgAjLQ
2713,Carlos-Silva,1746302400246,3,28529,28524,85589,0.0,0,0,0,2,SUCCESS,28529,nt649k6BQJWghtwkYmKHxw
2714,VariableEvaluation#5222,1747625332284,3,28530,28398,85591,0.0,0,0,0,2,SUCCESS,28530,PUcU2iFTTy2NFxPR9tRdFA
2715,ThisNamespace#4301,1746174735029,3,28530,28067,85590,0.0,0,0,0,4,SUCCESS,28530,ZaQmaqe1TL2RD05k_kkyZQ
2716,BrainyDiff#0455,1736473362391,3,28531,27862,85593,0.0,0,0,0,1,SUCCESS,28531,7zLhYOedTnWmkDHIoYhlBw
2717,FuturisticComment#8564,1746228280857,3,28531,26535,85595,2.3333333333333335,0,7,7,1,SUCCESS,28531,zvKJXKKDSYqduhtwIvVoNA
2718,moellero,1755006065110,3,28532,28131,85596,0.0,0,0,0,1,SUCCESS,28532,Uzw37MnTQhiqSKvhzhdhdQ
2719,ProvisionalConsole#1886,1742213172559,3,28532,28336,85598,0.0,0,0,0,1,SUCCESS,28532,i4UkWDJKRCyprtFQqcm1kA
2720,RyanFaustino-IFPI-LABIRAS,1746054657558,3,28541,26593,85625,3.3333333333333335,0,10,10,1,SUCCESS,28541,o5NpBfbQRB6iQR2RQ3nJ-Q
2721,SantaClausIsComingToTown,1736543810889,3,28551,27797,85655,3.0,0,9,9,1,SUCCESS,28551,KjLcIZ1QTfq1u-lh2RBRBA
2722,AlphaAnalyst#1885,1737661602352,3,28552,28468,85658,0.0,0,0,0,1,SUCCESS,28552,rpyg8-IbQlmHKTT2FbtUbA
2723,VegetaBlue-George,1747899609055,3,28553,27936,85660,0.0,0,0,0,7,SUCCESS,28553,JiryHdA0Q4yxfR9CI1F2aA
2724,Jaystones,1738758154449,3,28555,28262,85665,0.0,0,0,0,1,SUCCESS,28555,Eu3wXlOXQ7-XyKPxGZ-qcA
2725,SrihithaMaradi,1742452750114,3,28555,28132,85665,0.0,0,0,0,18,SUCCESS,28555,M5X5MDRJQk-DPFBAYZ884w
2726,CleanSchema#4979,1743991059691,3,28575,28336,85726,0.0,0,0,0,10,SUCCESS,28575,ywXdfD2FT2m2YrZdndlQhw
2727,AnonymousUser#327916,1746804109919,3,28576,28529,85728,0.0,0,0,0,2,SUCCESS,28576,Y3Aha0GfTtyWk2SQ5DJ5Fg
2728,BackloggedAnalysis#5262,1748947970459,3,28590,26576,85772,1.3333333333333333,0,4,4,5,SUCCESS,28590,7tbuyfq-Q8uRsauFh_yN3Q
2729,PrototypeBooster#8328,1747008640228,3,28594,28130,85784,0.0,0,0,0,2,SUCCESS,28594,R_IE-kbyTlusv9nZHMiLiw
2730,JavaNamespace#5220,1753753612606,3,28596,28062,85788,0.0,0,0,0,1,SUCCESS,28596,1sSPuaJlS3as93mMpjUxYg
2731,VirtualTheory#5418,1741917306502,3,28597,27798,85791,0.0,0,0,0,1,SUCCESS,28597,VYwoXZnAR_iooJVwKSHw3A
2732,K-9,1738160285098,3,28598,28070,85795,0.0,0,0,0,4,SUCCESS,28598,-wei1DCDTmyhH_14MPDF1g
2733,ReferenceFormula#3815,1746086602516,3,28599,28334,85797,0.0,0,0,0,3,SUCCESS,28599,I20IL5WQR_mqXjsboaJ6AQ
2734,MechanicalCharacter#0778,1745315995137,3,28617,28338,85851,0.0,0,0,0,2,SUCCESS,28617,rQgY4U6KTxehY1YJnOrfAw
2735,TheCrashTestDummies,1755013738208,3,28619,28401,85859,0.0,0,0,0,5,SUCCESS,28619,MxifgqAlR-qbnzKL-LQ57A
2736,GenerativeDelta#6058,1746418232097,3,28620,26599,85861,0.3333333333333333,0,1,1,3,SUCCESS,28620,sxDs47kiRZmHg21G4eFMyQ
2737,TIF-Racetrack-Rookies,1746524245097,3,28620,21659,85861,3.3333333333333335,0,10,10,18,SUCCESS,28620,jZz9gsp5She3CJtNFLgo9Q
2738,VirtualSwitch#0994,1747874860841,3,28622,28463,85866,0.0,0,0,0,2,SUCCESS,28622,EMyYJh3BS_WVUN2bpG29VQ
2739,SantasLittleHelper2025,1738606934512,3,28640,23655,85922,1.0,0,3,3,1,SUCCESS,28640,yoFiqdQiSfGhcxaShuHLoQ
2740,BetaMachine#0329,1747379326885,3,28641,28057,85925,0.0,0,0,0,1,SUCCESS,28641,fQjNwbysQOytTJ00r4wMtg
2741,TulioRafaeldeAguiarTavares2UFCG,1745912165546,3,28641,16795,85925,2.0,0,6,6,1,SUCCESS,28641,somkvWyERXez13NMrnIgig
2742,StructuredSchema#3213,1759680244823,3,28642,28126,85928,0.0,0,0,0,1,SUCCESS,28642,O3NqWWFiRW-RYG1D-mFnPw
2743,PathingUpdate#8187,1739287032192,3,28642,18735,85926,1.6666666666666667,0,5,5,4,SUCCESS,28642,wlkVWY-MR36J4pxsAD-mJA
2744,UpdatedCircuit#7859,1750073461424,3,28642,28203,85927,0.0,0,0,0,1,SUCCESS,28642,B2v-BuQ6QwO_PhuPVruT9Q
2745,Vem-racer,1747291332782,3,28642,27869,85926,0.0,0,0,0,5,SUCCESS,28642,ZjGHcWZMR2uq-FrFgmos1A
2746,FelipeBastosMenesesUFCG,1746152549919,3,28643,27867,85929,0.0,0,0,0,2,SUCCESS,28643,BczDN26ETRyGdrpCNJIffA
2747,BetaSlice#0472,1747515599748,3,28662,28200,85987,0.0,0,0,0,2,SUCCESS,28662,b78oXv_WQ963MJhrOJIT-Q
2748,VirtualServer#9890,1759508946514,3,28663,28396,85991,0.0,0,0,0,1,SUCCESS,28663,Woxyvk7RRHiEAXrK7V8D4w
2749,ConnectedPackage#4233,1757892230811,3,28663,28468,85990,0.0,0,0,0,4,SUCCESS,28663,DJJgGYPwSwi_3KNhyEVTLw
2750,AbstractTech#2100,1737901999061,3,28664,28192,85993,0.0,0,0,0,1,SUCCESS,28664,_vC3lDaSQH29wdTV40GKoQ
2751,CriticalArchitect#4897,1744788789865,3,28664,22670,85993,1.0,0,3,3,1,SUCCESS,28664,OtOfKo-hTLilRnaf1QlC-Q
2752,Rose#03,1745932015559,3,28686,28590,86058,0.0,0,0,0,6,SUCCESS,28686,TmUAiFBFSxmgFrVbSc11sg
2753,LoopingOrder#7232,1745765442456,3,28688,28265,86065,0.0,0,0,0,2,SUCCESS,28688,Jt6xrD8ZRemmBydV3u3gCA
2754,TeamEPAM-Cepxuo,1747389725229,3,28705,28526,86115,0.0,0,0,0,1,SUCCESS,28705,ufkZSlWbQmeo6tWbNmqKuA
2755,ReferenceBuster#2459,1753583798247,3,28706,28604,86119,0.0,0,0,0,2,SUCCESS,28706,LKaSpaIEQ3KNYcLdLDRVbg
2756,SequentialExpression#8578,1747633666728,3,28707,26861,86123,1.3333333333333333,0,4,4,1,SUCCESS,28707,fFswRO58Q6ingv3lQ_W3yQ
2757,jsodaghar-chwy-2025,1736248631481,3,28708,24334,86124,1.6666666666666667,0,5,5,15,SUCCESS,28708,O0b-NNFvQEarJM7kpDMNAg
2758,SecureComment#5060,1743990450157,3,28708,28330,86124,0.0,0,0,0,8,SUCCESS,28708,TpMNiJjdQW--5_FcDV22Ng
2759,CurlyByte#9604,1746237408463,3,28709,28656,86127,0.0,0,0,0,2,SUCCESS,28709,53R5jydmT-ahdzl3w8X3Qw
2760,Nitish#A891579,1747413342114,3,28710,28469,86132,0.0,0,0,0,1,SUCCESS,28710,qW8VXTRpSda6WnJLSrA3vA
2761,FormulaicInterface#0602,1746796809511,3,28710,28270,86131,0.0,0,0,0,2,SUCCESS,28710,5TdYlRgETFOy4-wXrUIh9Q
2762,MingXu,1754637588214,3,28710,23201,86130,2.0,0,6,6,1,SUCCESS,28710,lQ1u8o2vSnGJGRvVOsyqMA
2763,InteractiveDelta#4502,1745832616056,3,28711,18603,86134,3.0,0,9,9,2,SUCCESS,28711,Em-eLblVQUutognFKWa2_A
2764,DeepTech#0295,1756181735683,3,28729,28536,86189,0.0,0,0,0,8,SUCCESS,28729,OSdTrlXbRISePFvHbBlnbQ
2765,MobileZone#0464,1746455812302,3,28729,28062,86188,0.0,0,0,0,1,SUCCESS,28729,cAPNYr5-QBu8uiulTUTfVg
2766,NullEngineer#7224,1749203018221,3,28731,28534,86193,0.0,0,0,0,1,SUCCESS,28731,xxErrfvBQGqi9JnIRkOLlQ
2767,ImportantAttention#2603,1755149905567,3,28732,28470,86197,0.0,0,0,0,6,SUCCESS,28732,jrmooafNSC6QK2VuOiBE1g
2768,MasterFCU#10,1745912131085,3,28732,28403,86197,0.0,0,0,0,3,SUCCESS,28732,iSlta6QJQCqbiShBPX-tvA
2769,TechnicalContext#3555,1746177666514,3,28733,28599,86199,0.0,0,0,0,4,SUCCESS,28733,TAQWuPb0S4OL_jv3ArUU6A
2770,UnicodeArgument#3704,1745999478815,3,28751,26464,86254,0.3333333333333333,0,1,1,2,SUCCESS,28751,P2VBugnGSyCe2ZbRLpsPiA
2771,angie#5786,1752306991745,3,28751,28532,86254,0.0,0,0,0,1,SUCCESS,28751,Y9q0FCyCRu29SFkpSve3Fg
2772,ThisInterface#8748,1759077750687,3,28751,28537,86254,0.0,0,0,0,1,SUCCESS,28751,pMoaRyu9Sfig39-hwa3nag
2773,LoopingGame#1997,1748325098023,3,28751,28133,86255,0.0,0,0,0,3,SUCCESS,28751,0rmHpFkPRl2pYy1DK6XBVg
2774,ProvisionalClass#1905,1750000263197,3,28752,28527,86258,0.0,0,0,0,1,SUCCESS,28752,T--cSaVMRyilE9gaR4LsiQ
2775,UsableDataset#9929,1754949365352,3,28752,28672,86257,0.0,0,0,0,1,SUCCESS,28752,cMmqcsF2QPWlDb0BzYUoRQ
2776,AbstractDigit#8809,1746091206789,3,28752,28656,86257,0.0,0,0,0,3,SUCCESS,28752,zHDhywmjRaWSX3K2bhf_kw
2777,DiegoCardoso-IFPB,1745548546819,3,28753,26067,86260,2.3333333333333335,0,6,7,6,SUCCESS,28753,00ZvH1pITdCdFVOllrIsOA
2778,BetaTable#1447,1745413317016,3,28755,28729,86266,0.0,0,0,0,1,SUCCESS,28755,TOexYKHbRI6_-NFmFr0J7w
2779,IterativeToken#5307,1754754467627,3,28756,26603,86268,3.3333333333333335,0,10,10,8,SUCCESS,28756,m1Ii6oiJSzyG1AMOLJOdHg
2780,ThisCircuit#5225,1743557348586,3,28774,28534,86322,0.0,0,0,0,3,SUCCESS,28774,SupFtTwbRVKtyDTMT3Yuiw
2781,PathingArray#9812,1746169803488,3,28774,28596,86324,0.0,0,0,0,4,SUCCESS,28774,8xnTq5P4QF-UK2IkO5A7jA
2782,IterablePresentation#1990,1746993692198,3,28775,28601,86327,0.0,0,0,0,1,SUCCESS,28775,bzH-dxP2TwuUlThGh3erbQ
2783,10xToken#2027,1746406281587,3,28775,28676,86326,0.0,0,0,0,3,SUCCESS,28775,kyrhduXoSKepzagj3aWt-A
2784,Danny#CDL,1750940026584,3,28775,28264,86327,0.0,0,0,0,1,SUCCESS,28775,vg7yzAYWSUSknZZ18P-eNA
2785,VirtualError#5715,1743876231131,3,28775,28593,86326,0.0,0,0,0,7,SUCCESS,28775,6R3d_d-uR8y12y7yPYMC_Q
2786,Grupo#9-Carlos-Dulce,1758340314365,3,28776,23273,86328,2.0,0,6,6,14,SUCCESS,28776,HLaWkj40QE6Daioisdt2EQ
2787,GlobalBottleneck#8968,1745789985306,3,28776,28403,86330,0.0,0,0,0,1,SUCCESS,28776,Vf4yv7aeRXC7peUM0Zsx6g
2788,UrgentAbstraction#8461,1741171044744,3,28794,28658,86384,0.0,0,0,0,2,SUCCESS,28794,_aDMK2c5SjyHcayU4DYqaw
2789,QualifiedBreaker#1685,1744774709358,3,28795,28729,86387,0.0,0,0,0,5,SUCCESS,28795,qweVpdzGQo2R2zCnvlt3Dg
2790,Virtualflavindupneuh#7186,1746416885421,3,28795,28197,86387,0.0,0,0,0,3,SUCCESS,28795,hNkPztKnReqa2qU0bs37TA
2791,ImmutableDigit#3584,1746172257453,3,28796,28729,86389,0.0,0,0,0,3,SUCCESS,28796,5mRkbVYHTlKhMGFLkDye_Q
2792,XMDS-Oleg,1747900441213,3,28796,26462,86389,1.0,0,3,3,8,SUCCESS,28796,ffCSqQAmQq-eoiUjGOA5EA
2793,HankFCU#11,1745908380131,3,28797,28135,86393,0.0,0,0,0,2,SUCCESS,28797,iH-SvI2ATEeFiovSdWJjkQ
2794,InfiniteNode#8978,1743561673433,3,28797,28660,86393,0.0,0,0,0,1,SUCCESS,28797,MQ7HhfX6RnOnbvSomCNyfg
2795,UnboundOrder#5365,1750570542481,3,28797,28594,86393,0.0,0,0,0,3,SUCCESS,28797,IDeLyH-yQFKREQxhlmFzEQ
2796,SequentialArray#6746,1744759912904,3,28798,28592,86394,0.0,0,0,0,1,SUCCESS,28798,Psk1ZHvOQSS1CFn4VYYeeg
2797,UpgradedBraces#0220,1747242930875,3,28798,25933,86395,3.3333333333333335,0,10,10,6,SUCCESS,28798,S07brZPDS5Oy-hCPQO-tSA
2798,BigBooster#3894,1756592203617,3,28805,26801,86417,0.3333333333333333,0,1,1,2,SUCCESS,28805,tgHIQLuVQ8eIV2hxbhRZag
2799,CyberneticNamespace#1518,1736391398135,3,28819,28331,86459,1.0,0,3,3,4,SUCCESS,28819,0FQzhjTbT8mgjhk75Cq65g
2800,PythonSlice#5221,1736250040394,3,28820,28537,86461,0.0,0,0,0,1,SUCCESS,28820,XjFuvIbVSk260Rr2DOcscQ
2801,DeepLanguage#6974,1745997319183,3,28820,28731,86460,0.0,0,0,0,4,SUCCESS,28820,t_5eQ9CfQFaWFIAlIGUmCw
2802,MechanicalFunction#9805,1738637124068,3,28820,25797,86460,1.6666666666666667,0,5,5,5,SUCCESS,28820,9PM1xyiQQuK9fkha55CEtA
2803,DraftPackage#9184,1743960518950,3,28840,28728,86522,0.0,0,0,0,1,SUCCESS,28840,s5Slg2M1R2uWIeSdrcoo4w
2804,CurlyCharacter#1295,1745557300274,3,28842,28663,86528,0.0,0,0,0,2,SUCCESS,28842,vzkRkxdySzKJZxmauPzCig
2805,beta77,1753147898630,3,28843,25067,86529,0.6666666666666666,0,2,2,9,SUCCESS,28843,V5OYLzptRoOAyTMpKT5khg
2806,DieGuenis#1,1757937614859,3,28844,28524,86532,0.0,0,0,0,8,SUCCESS,28844,Rn9CwBB3TI6w5MLCjdNpsQ
2807,ComplicatedBottleneck#8118,1752555274042,3,28862,28720,86587,0.0,0,0,0,3,SUCCESS,28862,L97oekgyRcyCq8R6zQIMJQ
2808,DigitalMethod#1107,1747078227518,3,28863,28390,86590,0.0,0,0,0,1,SUCCESS,28863,I0C0wncTSiapfkRfgZ66sA
2809,Vanessa-PrevRacingTeam,1757950730465,3,28863,28731,86589,0.0,0,0,0,2,SUCCESS,28863,miFuT8M4QhK9JnYQZjJq3A
2810,MagicAlexis#33,1742810482781,3,28864,28604,86594,0.0,0,0,0,1,SUCCESS,28864,Fx5tbcnSSOqnPEya-RB4Cg
2811,DigitalTheory#9509,1741392447304,3,28864,28524,86593,0.0,0,0,0,1,SUCCESS,28864,COGlXRl6TS2IBcvDJYQfqw
2812,PassingSemicolon#0169,1751907679931,3,28865,25067,86595,2.6666666666666665,0,8,8,19,SUCCESS,28865,JZZexTJ6TeWXxiQfCzae1g
2813,FocusedNode#9391,1738470048109,3,28865,28205,86596,0.0,0,0,0,1,SUCCESS,28865,C9IOFfj4RgqZNrNkG3fY-A
2814,UsableScope#8072,1741124975091,3,28867,28798,86602,0.0,0,0,0,1,SUCCESS,28867,yWhb9c45TLy53Rfx5rJWRA
2815,Zero-dayNode#0435,1738606823815,3,28868,23934,86605,1.3333333333333333,0,4,4,1,SUCCESS,28868,tTfJF9Z2Qwq-bpZoW2a2jg
2816,InteractiveContext#1302,1754008025013,3,28885,28858,86657,0.0,0,0,0,1,SUCCESS,28885,qCOXl5jFSnSCidqgE9KWOQ
2817,GlobalGrid#2178,1745021487873,3,28886,28665,86659,0.0,0,0,0,5,SUCCESS,28886,3WA9F64ES4qYj6dyeONmmw
2818,AbstractAnalyst#1115,1741172015037,3,28888,28667,86664,0.0,0,0,0,1,SUCCESS,28888,PTrEEUOhQIaBbPxzGfrTYw
2819,CodeExpert#2920,1745264277657,3,28907,28797,86723,0.0,0,0,0,1,SUCCESS,28907,A59JjHXDT2a2FdLKtVrPHA
2820,ComplicatedPatch#8971,1737748377841,3,28907,23332,86722,3.0,0,9,9,1,SUCCESS,28907,nVgrbAJ2Qla8nOthDF-0nw
2821,MechanicalSpec#4664,1747840065640,3,28908,28662,86725,0.0,0,0,0,1,SUCCESS,28908,mbvZNE0BTleeStQwH4mNOA
2822,DigitalPresentation#0934,1743190705858,3,28908,28267,86726,0.0,0,0,0,1,SUCCESS,28908,ibP6QXDRTKSxbmF_fUQ_Dw
2823,FungibleObject#5494,1746011015747,3,28909,28601,86728,0.0,0,0,0,1,SUCCESS,28909,cQg7E5ngSd69rdKiFAB1zw
2824,NestedCircuit#5052,1742277013446,3,28909,28735,86727,0.0,0,0,0,5,SUCCESS,28909,MiwvPIFLRsywhVlCLebTrA
2825,JavaFormula#5545,1746174409712,3,28909,28601,86728,0.0,0,0,0,3,SUCCESS,28909,NlGftWdRSzif3BdRM1lkOA
2826,BooleanPresentation#8186,1741883182697,3,28910,28866,86732,0.0,0,0,0,1,SUCCESS,28910,JMSO1ynKR0qN8NqVO5P_fQ
2827,Lumi#23,1747812184902,3,28929,28599,86787,0.0,0,0,0,3,SUCCESS,28929,phxzvUDhSYqisS_WkRTiaQ
2828,AutoVroom#1,1757701545060,3,28930,26996,86792,0.3333333333333333,0,1,1,2,SUCCESS,28930,ku8WW1XDSLqIY0zstXu_kg
2829,NeuralBreaker#5947,1749565375316,3,28930,28867,86790,0.0,0,0,0,2,SUCCESS,28930,JSHdxyRGT5qLWXPaGmE0KQ
2830,AtomicTag#2616,1747154829980,3,28931,28535,86794,0.0,0,0,0,3,SUCCESS,28931,oFvDGoiDReyVKzI5f4KMLQ
2831,EncryptedSchema#3914,1736948698718,3,28931,28663,86793,0.0,0,0,0,1,SUCCESS,28931,uf3kAdiHTmSEe3cHlP71cA
2832,Team9-BernardTan,1756692332917,3,28931,26672,86794,2.3333333333333335,0,7,7,1,SUCCESS,28931,i2shz-vUQX67GR_o4rP8gQ
2833,maria-luiza-moura,1745955876640,3,28949,28471,86849,0.0,0,0,0,2,SUCCESS,28949,H7dcNrG9SZy-VFK-ZxsYow
2834,AndradeCaio-UNIFACISA,1746828120530,3,28950,23722,86852,3.0,0,9,9,10,SUCCESS,28950,Jj3mzAx6QnSRpe-Rkfb5bQ
2835,BooleanTester#5665,1753123862973,3,28951,28525,86855,0.0,0,0,0,1,SUCCESS,28951,jHzodyiCQZOg6ILOSv9U9g
2836,AbstractAnalysis#7580,1746544848039,3,28951,23262,86855,3.0,0,9,9,5,SUCCESS,28951,cQVPwv9RSg6IDVR7TxlWPQ
2837,ThisTheory#0714,1748445544085,3,28952,28590,86856,0.0,0,0,0,1,SUCCESS,28952,38rav96MTB-HgFWIkDhmxQ
2838,H0H0H0,1744100814694,3,28952,25331,86856,1.6666666666666667,0,5,5,2,SUCCESS,28952,Jrv7CFTVS4KGHx9nMnltGA
2839,BlockchainAnalyst#9587,1748592426041,3,28952,28859,86858,0.0,0,0,0,1,SUCCESS,28952,YD0Uvd6tR_2J9FwrqArcKQ
2840,CodeTable#2881,1740429417468,3,28952,28792,86857,0.0,0,0,0,2,SUCCESS,28952,9VvWcVRIT6a3cll8an20lQ
2841,MachineState#4498,1743106105726,3,28952,28525,86857,0.0,0,0,0,1,SUCCESS,28952,wtyHAa4qTQ6veLMS83nNKQ
2842,DieMausis#1,1758039724173,3,28952,28535,86858,0.0,0,0,0,4,SUCCESS,28952,bKsDYauxRva30h2KpY0xXw
2843,IterableDocumentation#4077,1743792978608,3,28952,28791,86858,0.0,0,0,0,2,SUCCESS,28952,yALIcSmtT2CqYVO_DYA_6w
2844,UnicodeSchematic#3237,1745911092514,3,28953,28668,86860,0.0,0,0,0,3,SUCCESS,28953,cyzdLFFOS3CRy8oKDSx12g
2845,MechanicalVariable#4722,1739168508711,3,28953,28862,86861,0.0,0,0,0,2,SUCCESS,28953,fqkpztzMQG-vOHK5rYaTNQ
2846,AutomatedNumber#7210,1741803526136,3,28954,28602,86864,0.0,0,0,0,1,SUCCESS,28954,o_rnMMC9ShGDDFXvMaDHXA
2847,AsynchronousArithmetic#8946,1741933158326,3,28955,21467,86865,2.3333333333333335,0,7,7,9,SUCCESS,28955,-tkR-d5xS8OSkRFNQyLwrQ
2848,EdsonTJr,1747739243073,3,28973,28535,86921,0.0,0,0,0,3,SUCCESS,28973,oq0OgVBtShuk01NY1TpCRg
2849,DigitalUpgrade#3888,1741298356262,3,28974,26933,86922,0.3333333333333333,0,1,1,1,SUCCESS,28974,XrGxUBg9Tnq20pKlpDsXfg
2850,MechanicalRequirements#8021,1745730333294,3,28975,28801,86926,0.0,0,0,0,1,SUCCESS,28975,sKVfTBsxTqC_C4w_qrAjUw
2851,Smiley#2,1758050912578,3,28975,23336,86926,1.0,0,3,3,1,SUCCESS,28975,9yCwArhiTSS_9DaMKstXAw
2852,AbstractBrackets#3673,1746195914403,3,28975,26867,86927,0.3333333333333333,0,1,1,2,SUCCESS,28975,O3ta8glSS7G_EqsAnWC5RA
2853,CNZX-CJY,1743501800450,3,28975,18201,86926,2.0,0,6,6,4,SUCCESS,28975,qO6JNs6NT7qmCziarzEqBA
2854,ITI-G12,1738572350542,3,28976,24062,86928,2.0,0,6,6,3,SUCCESS,28976,4Z6HIKwES2uZbgnuYFP8IA
2855,FungibleNotation#8779,1750391153501,3,28998,28792,86995,0.0,0,0,0,5,SUCCESS,28998,P033_xFjRju0sTPzy6_cZg
2856,DraftPackage#1219,1741266723148,3,28999,28931,86998,0.0,0,0,0,7,SUCCESS,28999,DcsyeRkuRz-L1l0vD9frrA
2857,HelpfulNetwork#9951,1755791720775,3,29018,23727,87055,3.0,0,9,9,2,SUCCESS,29018,GWqIlKfpQW6DWkpAfLNQAA
2858,PedroArthurDeOliveiraBarreto2UFCG,1746666677334,3,29018,23333,87056,3.0,0,9,9,6,SUCCESS,29018,89nBkXTUTPmPLXHsCY4RrQ
2859,MUNIDEEPAKCHENNAREDDY0708,1744001785902,3,29019,26400,87057,3.3333333333333335,0,10,10,6,SUCCESS,29019,QKQ36uZXT9WlVR7UCm5xGg
2860,IterableDeadline#5134,1748345869127,3,29019,28742,87058,0.0,0,0,0,2,SUCCESS,29019,yO9Bb1DVTNSYXsdzEgEdMg
2861,AtomicFunction#8164,1746233003553,3,29019,28988,87058,0.0,0,0,0,3,SUCCESS,29019,Hr8Rwy0oScuLbk3_sen9sw
2862,DesktopSchematic#6504,1736939550552,3,29019,28657,87059,0.0,0,0,0,1,SUCCESS,29019,90Nzq2vZTzKpmZtpKQQ46Q
2863,HigherPointer#0715,1740464790658,3,29020,28802,87061,0.0,0,0,0,4,SUCCESS,29020,b_AaXfhzSOSj3Kzbw0Cpxg
2864,AutomatedString#2067,1744887445183,3,29020,28735,87060,0.0,0,0,0,1,SUCCESS,29020,BVFcDJdJSKGgVLBLDNp9Hw
2865,BlockchainGrid#6205,1746176562237,3,29020,28805,87060,0.0,0,0,0,2,SUCCESS,29020,2J_cVJo9RySaqWpkPPQp4Q
2866,SolvableDeadline#6276,1758418382649,3,29033,25398,87099,0.6666666666666666,0,2,2,2,SUCCESS,29033,SuPxMOGMQ7CGxEvHspthvQ
2867,AtomicSandbox#5306,1752933541343,3,29041,28198,87125,0.0,0,0,0,1,SUCCESS,29041,l4sD1xFhQMOX9_NGvrPhZg
2868,DeepBreaker#7203,1754262070904,3,29041,28791,87124,0.0,0,0,0,1,SUCCESS,29041,HH_cnkYqTzi5PhgzGS_5Iw
2869,KarLe#15,1749040299284,3,29041,23401,87124,1.3333333333333333,0,4,4,1,SUCCESS,29041,MZwEhKmiS8Ou0TX2c2DZRw
2870,ConnectedBrackets#2720,1742507555646,3,29041,28795,87123,0.0,0,0,0,1,SUCCESS,29041,he8xU4M8RMWvepOkTEjWcA
2871,DFW-Deepracer-08,1757653071880,3,29042,27998,87126,0.0,0,0,0,8,SUCCESS,29042,r0if7xTXQ2OcSV3iKthveg
2872,GenerativePackage-GalinaBlokh,1747762757486,3,29046,23407,87139,2.3333333333333335,0,7,7,3,SUCCESS,29046,9_-fan9kRhmf0nrzawqPgQ
2873,QualifiedTable#9735,1736969411891,3,29059,28797,87178,0.0,0,0,0,3,SUCCESS,29059,5_BLi2d4R_mmR09IaY-WHw
2874,UnboundBraces#0397,1745491173225,3,29063,28732,87190,0.0,0,0,0,19,SUCCESS,29063,oFzLwvUhSL65Q-1ggIDa7g
2875,ComplexHypothesis#2506,1743782674316,3,29064,28720,87193,0.0,0,0,0,3,SUCCESS,29064,fa81Ixa7TTGrzUb2C_WQ4A
2876,DigitalPointer#9447,1749680493107,3,29064,28795,87192,0.0,0,0,0,1,SUCCESS,29064,VwpFGy1CTtes8MVCwvHrow
2877,GDR-MariaParreira,1758023796607,3,29064,23800,87192,3.0,0,9,9,12,SUCCESS,29064,tJIVYlOjToGlZwCQyerKJQ
2878,QualifiedPoint#5643,1745919857099,3,29064,29001,87192,0.0,0,0,0,4,SUCCESS,29064,rMOLPmCaT5WApIbp8GHtAQ
2879,MeowMeowCat,1758188258376,3,29065,16938,87196,2.3333333333333335,0,7,7,1,SUCCESS,29065,G6gAdMQpTjatgbaNxBanVQ
2880,AlphaAbstraction#6881,1741977273630,3,29065,28870,87196,0.0,0,0,0,1,SUCCESS,29065,W_jU4j_1TQeO3lCtoU8I6Q
2881,TIF-RoboTrackers,1745754865434,3,29069,23735,87207,1.0,0,3,3,1,SUCCESS,29069,rbJUl3YSSxqJgG-QaNpNag
2882,NumericComment#7829,1738951863004,3,29086,28733,87260,0.0,0,0,0,1,SUCCESS,29086,MTV6fF3WSE2ejSc_hb29pw
2883,BD0210047,1750403736062,3,29087,28603,87263,0.0,0,0,0,2,SUCCESS,29087,Jr9CmUQIT4Sg0TldGF7DOg
2884,FocusedSwitch#0279,1748363582201,3,29089,24135,87268,3.0,0,9,9,1,SUCCESS,29089,hBl07mexSxu46kOPH5hTrw
2885,UnicodeClass#4573,1753066334550,3,29107,21734,87321,3.3333333333333335,0,10,10,3,SUCCESS,29107,wP9kVn2JSRGwuNPHTdJv4Q
2886,PathingGame#4332,1745911053003,3,29107,28530,87322,0.0,0,0,0,2,SUCCESS,29107,Hj--n7n3R_ahp8CyWGeRGA
2887,PrimeResource#9248,1756415840639,3,29108,27462,87324,0.3333333333333333,0,1,1,1,SUCCESS,29108,5f7cr7NZQoGQ_G_g9P47rQ
2888,TechnicalAnalysis#3164,1747745707854,3,29108,28937,87324,0.0,0,0,0,2,SUCCESS,29108,btqvpFBdQlWDDWvvcg2dhg
2889,hse,1751457199837,3,29130,28940,87391,0.0,0,0,0,6,SUCCESS,29130,ks69xzWWQEuwniPFYnMFyA
2890,TIF-FlyTheW,1746207300580,3,29130,23520,87390,3.0,0,9,9,1,SUCCESS,29130,nY_dnhQ_Q2qOXz1zdfRD-Q
2891,InfiniteLine#0237,1745846732194,3,29131,26867,87393,3.3333333333333335,0,10,10,3,SUCCESS,29131,nRMWMpivTCyxqKtau9Zo_Q
2892,Guilherme-GlobaltecNeuralCarRacers,1757344959475,3,29133,25601,87401,2.6666666666666665,0,8,8,4,SUCCESS,29133,agTWfBleQFq3qfNCm3IXNw
2893,AccessibleBottleneck#6843,1749202658254,3,29136,22803,87408,1.3333333333333333,0,4,4,2,SUCCESS,29136,evsnmfODTceko-idXfr_Lg
2894,CompleteArray#3812,1745803438258,3,29151,29071,87454,0.0,0,0,0,2,SUCCESS,29151,IC9XRbNJTW-DA_N5MQkjww
2895,IAForDummies-JoaoBove,1758189001074,3,29152,14993,87457,2.6666666666666665,0,8,8,15,SUCCESS,29152,qCGajPqNSIqeqRlk6e76MQ
2896,CriticalArchitect#9445,1746410067015,3,29152,28532,87457,0.0,0,0,0,2,SUCCESS,29152,fmuunaheRn-IfChSjmMOmQ
2897,ImmutableFix#3301,1741363824128,3,29152,28930,87456,0.0,0,0,0,1,SUCCESS,29152,9FcIbWOrTbaqZY8v8sSo5Q
2898,DesertDaredevilTeam1,1741938855911,3,29153,27265,87459,2.3333333333333335,0,7,7,3,SUCCESS,29153,gYJZQSDtTZ-_HHdXHDfTHw
2899,EsemfonEdet,1743992087982,3,29153,28992,87459,0.0,0,0,0,7,SUCCESS,29153,oy9qdKQgQ-2C85s7m5zbWg
2900,AdnanBezerra-UNIFACISA,1746470625217,3,29173,20264,87520,1.6666666666666667,0,5,5,2,SUCCESS,29173,In_d1u5iR_aZKpAS-TtNNg
2901,GammaLoop#1788,1742872694648,3,29173,28795,87520,0.0,0,0,0,2,SUCCESS,29173,V4ouyIAWSD6X7Omo60QoKQ
2902,HashableObject#1307,1746154279590,3,29174,29128,87523,0.0,0,0,0,8,SUCCESS,29174,sB-sqKk6SpuqFcvi38Q0jQ
2903,kguoaws,1758461704976,3,29174,28729,87523,0.0,0,0,0,4,SUCCESS,29174,B82NuJCNRgi_xDa7kw1G6g
2904,UpdatedSandbox#1033,1751099870908,3,29174,28664,87524,0.0,0,0,0,2,SUCCESS,29174,4W_bL5I7TLusDEClFqX--w
2905,JK#01,1758044310042,3,29176,29131,87528,0.0,0,0,0,1,SUCCESS,29176,9ewHZNphRMWQhzrUAELTnw
2906,SecureTheory#8903,1742045371086,3,29177,21672,87531,3.3333333333333335,0,10,10,2,SUCCESS,29177,1LpusBAfTUOl8xjP-y37yQ
2907,GabrielOliveira,1743174924068,3,29197,28799,87591,0.0,0,0,0,1,SUCCESS,29197,ibo-f9EzRDCiWPRWAgXGoQ
2908,ScuderiaVWT,1747591582076,3,29198,28397,87594,1.0,0,3,3,29,SUCCESS,29198,VOt87mvZR1qSLDXfu9Z85A
2909,TIF-synergy-sharks,1746464560387,3,29199,28931,87597,0.0,0,0,0,7,SUCCESS,29199,WQCQlyvISnixQ9yTfYlhLg
2910,SolvableInterface#9973,1748640653464,3,29199,29003,87597,0.0,0,0,0,2,SUCCESS,29199,xOqGrjKrTgCYuuo_gTG_6g
2911,AutomatedLine#0555,1750026698455,3,29219,29131,87659,0.0,0,0,0,2,SUCCESS,29219,4KQojSaLRTC3qpBGm436JA
2912,RocketDigit#1451,1742666862047,3,29220,28935,87660,0.0,0,0,0,1,SUCCESS,29220,qdpRxXw9RQ-vWh089Uu3RQ
2913,BackloggedScope#0777,1746001172582,3,29220,29066,87661,0.0,0,0,0,5,SUCCESS,29220,dllr1a8dS-KYQkzCxKQhTQ
2914,BooleanScript#2754,1742968264376,3,29220,28134,87662,0.0,0,0,0,1,SUCCESS,29220,dlLtx_BCQ9q-MENX7YaqFA
2915,FiniteArgument#3924,1738607142685,3,29221,28922,87663,0.0,0,0,0,1,SUCCESS,29221,3fpAJZC3RVauPuPURZbwKA
2916,10xDocumentation#4310,1750352821276,3,29221,28538,87663,0.0,0,0,0,1,SUCCESS,29221,7ilmNiGFQwC0otzQIggUkA
2917,UpgradedSequence#4567,1742285228134,3,29239,29186,87719,0.0,0,0,0,1,SUCCESS,29239,jeAth30nSwqAh9Mm_N0tRw
2918,CyberneticParameter#2735,1738148255456,3,29241,28989,87723,0.0,0,0,0,2,SUCCESS,29241,XILmN1a7S0a5E5wYDGfPrw
2919,10xAttention#5446,1749731056102,3,29241,29189,87724,0.0,0,0,0,1,SUCCESS,29241,Mo7BSvhoTR6b7DIh09T4Jw
2920,Mohammad-Farhat,1744598490127,3,29242,26660,87727,2.6666666666666665,0,8,8,4,SUCCESS,29242,BYp2CBARTcyqS1FkJbaLag
2921,UpgradedPackage#1616,1741652080414,3,29242,28997,87727,0.0,0,0,0,1,SUCCESS,29242,q7_p9ZGKRiONfcw461IGcQ
2922,AccessibleGame#1694,1748027655375,3,29243,18132,87730,3.0,0,9,9,2,SUCCESS,29243,oUVYQUVdSvuw6kV5EFcsiA
2923,DEGi-G7,1738250167113,3,29243,24671,87729,1.6666666666666667,0,5,5,1,SUCCESS,29243,7gAgjb4kQNCTYRjUhyySdg
2924,SequentialRequirements#9406,1737418500107,3,29263,28992,87789,0.0,0,0,0,1,SUCCESS,29263,wJQelq6aSdmXZ0HpVkw0Og
2925,EPF-EES-ZHU,1759493469792,3,29263,29004,87791,0.0,0,0,0,3,SUCCESS,29263,Kusw9bEwRlaWH3gLCMtM3g
2926,Zero-daySlice#0291,1743746870254,3,29263,28532,87789,0.0,0,0,0,4,SUCCESS,29263,JZi0AjGvQzK6Vq-dJH7M-g
2927,UpgradedNotation#6905,1746378014061,3,29263,28869,87791,0.0,0,0,0,1,SUCCESS,29263,_wkTi6MJQ0O2fGdwdXdjBA
2928,The-Bezo-Rockets,1756654751195,3,29264,29129,87794,0.0,0,0,0,1,SUCCESS,29264,KeM8pM2YToG7SPOzhyn4ww
2929,SAvent-team,1755128753553,3,29266,26598,87799,2.3333333333333335,0,7,7,1,SUCCESS,29266,DiTRcrIkTdiMVUcAkYdQgw
2930,FormulaicTheory#5639,1751500506447,3,29284,28870,87853,0.0,0,0,0,2,SUCCESS,29284,k9BOFgtZQgG4eD4JkALxdg
2931,Thulani-Ryder,1741706910897,3,29284,28994,87854,0.0,0,0,0,5,SUCCESS,29284,wusnWZdGTuCHABL30lO4dA
2932,GlobalPoint#0783,1742399818241,3,29285,28927,87856,0.0,0,0,0,1,SUCCESS,29285,cn55XruuR2eXRuDAm9DmIQ
2933,smp,1743182231771,3,29285,29198,87857,0.0,0,0,0,5,SUCCESS,29285,QLG5-FCATvWYGjXRoqYy_w
2934,ImmutableUpdate#7533,1736669707966,3,29285,28935,87856,0.0,0,0,0,1,SUCCESS,29285,G3YPMtWXS0a6_MF30oINzQ
2935,TabletBrackets#6382,1759569021884,3,29285,29125,87857,0.0,0,0,0,1,SUCCESS,29285,L82ckViLTO6JxEWWzK8nyg
2936,SolvableFix#4969,1744808622049,3,29286,29126,87859,0.0,0,0,0,2,SUCCESS,29286,HFOin8NOSeazHZT7SaeujA
2937,lpsofia,1736965790672,3,29287,22461,87862,2.3333333333333335,0,7,7,5,SUCCESS,29287,6-TutnWpSpmJcG0QAmdA3A
2938,HashablePointer#5118,1742846897649,3,29287,28868,87863,0.0,0,0,0,1,SUCCESS,29287,1nH8p6KgQVew5PbkmR-myA
2939,Zero-dayPresentation#7163,1742097388734,3,29288,29258,87864,0.0,0,0,0,1,SUCCESS,29288,mpZrJG9oTNqwFfbU5uh5iQ
2940,AapoL01,1747828490992,3,29307,28789,87923,0.0,0,0,0,2,SUCCESS,29307,Iu2FAg6dSb6SGdlc5s9ebg
2941,show0621,1750503286403,3,29308,29190,87925,0.0,0,0,0,1,SUCCESS,29308,K4GIEeejTcGlV3tBrGZlQA
2942,PythonPoint#5054,1741278475165,3,29308,28986,87926,0.0,0,0,0,1,SUCCESS,29308,bauaNYk2TBq84edUTxw0UA
2943,CurlyLambda#5532,1738610825430,3,29310,21606,87930,2.3333333333333335,0,7,7,2,SUCCESS,29310,RX7uljtFTL6gKImLdWUqtA
2944,Pak,1751607919157,3,29329,28136,87987,0.0,0,0,0,10,SUCCESS,29329,yiwINH2TSK6InJQ9bc6uVQ
2945,FormulaicModel#6170,1755788553506,3,29329,23721,87988,3.0,0,9,9,7,SUCCESS,29329,HJA9CJQwSF6wmrI9ckPStA
2946,GammaRequirements#9959,1746916432875,3,29330,25260,87992,0.6666666666666666,0,2,2,6,SUCCESS,29330,ipU4QnrAR5mCLBvu1jrcrA
2947,CurlyToken#3038,1746911152010,3,29330,29130,87990,0.0,0,0,0,1,SUCCESS,29330,koX3xcAcS52cmP4Fozx5mg
2948,WebBrackets#1380,1746174724699,3,29330,29059,87992,0.0,0,0,0,2,SUCCESS,29330,1EWMRqWxTQmzn0RpOYXgyA
2949,MobileDelta#5239,1745664363960,3,29331,28865,87995,0.0,0,0,0,6,SUCCESS,29331,YhkaaKxtQKmKFam5yy3WdQ
2950,VirtualNetwork#6718,1738038448209,3,29331,29131,87993,0.0,0,0,0,1,SUCCESS,29331,Y3Erp-J2QsmyZIYRPHzDOA
2951,FungibleServer#0186,1748118296718,3,29331,28599,87993,0.0,0,0,0,1,SUCCESS,29331,L_b7gRt9RQuF2r1tKuURhg
2952,AtomicPackage#9397,1752670850776,3,29332,29132,87996,0.0,0,0,0,3,SUCCESS,29332,l1FK-ko7SkOfhYvdwiA66A
2953,cc25-010,1757643818723,3,29332,28800,87996,0.0,0,0,0,3,SUCCESS,29332,KvfDl6vmSSO5Fa5OXV8JXA
2954,UnicodeDigit#5420,1737001750219,3,29335,29001,88005,0.0,0,0,0,3,SUCCESS,29335,2WrNNb4PQfyp-wv_5bIrng
2955,ParametricLoop#5093,1741354137564,3,29351,29320,88054,0.0,0,0,0,1,SUCCESS,29351,6IulW_bNTsOZ6Ofg2qReNw
2956,UnboundPatch#9774,1745237495060,3,29352,29055,88056,0.0,0,0,0,1,SUCCESS,29352,ZAb7F1CHT16mysyYFIUXIg
2957,UpgradedGame#0860,1747395577177,3,29353,27332,88060,0.3333333333333333,0,1,1,1,SUCCESS,29353,LoKDAuoXSsWz1PcdkyNcZQ
2958,ConnectedScript#5835,1747824205952,3,29353,29054,88060,0.0,0,0,0,1,SUCCESS,29353,pPha3ni3RAW2EYb_wSC9xg
2959,dnp-noguchi-h23-multi-user,1750723350954,3,29353,29135,88059,0.0,0,0,0,2,SUCCESS,29353,0bhIiNUGSJmNACLCx9XbFg
2960,UpdatedAnalyst#7816,1745604995095,3,29354,29201,88062,0.0,0,0,0,2,SUCCESS,29354,nU_T7vZVTmal3d3yUHd_xg
2961,ApipHamilton,1738824633685,3,29370,23731,88111,2.0,0,6,6,5,SUCCESS,29370,-QIhD2cZR1SrBYJ6FdO5LQ
2962,YUHEE,1751866446703,3,29374,27325,88124,0.3333333333333333,0,1,1,3,SUCCESS,29374,oOv8RJgcSjCQF-4M-k8rAw
2963,CrypticVariable#9929,1750368806760,3,29374,29264,88123,0.0,0,0,0,2,SUCCESS,29374,B3Btti1FR1aPaBkQHI5crA
2964,WillianGmg,1746408586606,3,29374,19796,88124,2.6666666666666665,0,8,8,10,SUCCESS,29374,ZN6e4KZVToeNtfNBSbEjkg
2965,Saessak,1752818675833,3,29375,25067,88127,2.6666666666666665,0,7,8,4,SUCCESS,29375,MGj1KS4TTPmcpo1HSuGAtw
2966,VirtualGlyph#7165,1739304043844,3,29375,29196,88127,0.0,0,0,0,1,SUCCESS,29375,81UcWL6uTx2QFa1ZyLb0CQ
2967,PrototypeScope#3045,1744599064201,3,29375,29066,88127,0.0,0,0,0,9,SUCCESS,29375,kg9bRHhoSKmPdmc-esBA1g
2968,BetaOrder#1810,1736854464855,3,29375,29200,88125,0.0,0,0,0,1,SUCCESS,29375,9mKYA9_7RVCMHFe3AIbFdQ
2969,MSEDU-S13,1755496083201,3,29376,29261,88130,0.0,0,0,0,6,SUCCESS,29376,8D-SZSM3TuewjJJMXAs_3w
2970,SolvableLine#3581,1753471737926,3,29396,28733,88190,0.0,0,0,0,2,SUCCESS,29396,vU4_vTo1SWOsm3ssk8ovig
2971,WebSemicolon#2645,1741386361934,3,29397,29066,88192,0.0,0,0,0,2,SUCCESS,29397,lSwhGZPjRsaC6PINg44rqw
2972,ProgrammingDelta#2102,1743483000197,3,29397,29195,88191,0.0,0,0,0,2,SUCCESS,29397,ZVcuFKccRwuS5EfRlMu8LA
2973,YL,1750102367211,3,29398,29066,88195,0.0,0,0,0,4,SUCCESS,29398,Lhv0J4yyT9qNCfJCSJo7Lg
2974,RocketNetwork#2088,1754366350617,3,29398,29141,88195,0.0,0,0,0,1,SUCCESS,29398,wfimrCUPQXWmMTWC2JmfaQ
2975,EsteemedArray#8381,1743705643628,3,29400,29266,88200,0.0,0,0,0,5,SUCCESS,29400,1kuM8LBYQieOdcPTmPCx3A
2976,goAndyGo,1743705740619,3,29415,29135,88246,0.0,0,0,0,1,SUCCESS,29415,jCsnrX06TQyrA80M3Fo_5A
2977,InfiniteCharacter#3323,1742483369981,3,29417,29323,88251,0.0,0,0,0,4,SUCCESS,29417,LMoeh_Q9SkenKA2X0WPzjw
2978,AbstractWorkaround#4856,1742293715672,3,29420,28923,88260,0.0,0,0,0,1,SUCCESS,29420,T3yp2RKMRpOybkrzVJPVCg
2979,PathingLog#9513,1749568320748,3,29420,29066,88261,0.0,0,0,0,2,SUCCESS,29420,AEcksIGjTY2rXeUigS-Hbg
2980,Explorers#Harshi,1755672369308,3,29423,25736,88269,2.6666666666666665,0,8,8,4,SUCCESS,29423,-duobwSTTE6TYuMynFYI7g
2981,ProvisionalSpec#3850,1750628675437,3,29440,29270,88321,0.0,0,0,0,3,SUCCESS,29440,RPbKwoYEQR-AZbzJuZw5Lw
2982,TechnicalFormula#7453,1754380002978,3,29442,25863,88328,2.6666666666666665,0,8,8,1,SUCCESS,29442,Sh7L3vh9QsqFoplqkKeB-w
2983,CreativeScript#2878,1738822923295,3,29442,28934,88328,0.0,0,0,0,1,SUCCESS,29442,5lXhFz19RACWQ3gDpmsWZw
2984,ParametricBrackets#2501,1752341390067,3,29443,29400,88329,1.0,0,3,3,2,SUCCESS,29443,iktKPpw7QyuZlE1qcDrGyw
2985,ReferenceSpec#9762,1736383948329,3,29443,28465,88330,0.0,0,0,0,2,SUCCESS,29443,k28sm3W2T2OuDNHIUFTQdg
2986,CyberneticRequirements#3364,1745636999481,3,29462,29337,88388,0.0,0,0,0,1,SUCCESS,29462,7eYdJE6ZRUe3fZ-O7n0Jnw
2987,TestableState#7817,1748484653759,3,29463,28588,88391,0.0,0,0,0,1,SUCCESS,29463,D8p-qVJLSBW0RUEy4UQdGA
2988,TestableTheory#0471,1745923330432,3,29463,29193,88391,0.0,0,0,0,6,SUCCESS,29463,3lDRL76NT6iZgrIPLwRcCg
2989,TEAMNAME-FIRSTNAME,1757843927326,3,29464,29405,88394,0.0,0,0,0,3,SUCCESS,29464,pY52dak1QD2VPop-1I4Zfg
2990,AntanasA,1756804685163,3,29464,29132,88394,0.0,0,0,0,1,SUCCESS,29464,EUrkKED6TFGxGmk1wTt8tQ
2991,RocketFormula#7817,1747830479601,3,29464,23996,88392,3.0,0,9,9,3,SUCCESS,29464,8hsjHDovS1a_QTaBaMJl8g
2992,TIF-Reinforcers,1745245461493,3,29465,20335,88395,1.6666666666666667,0,5,5,2,SUCCESS,29465,d920fb944b3d47c38ccdfw
2993,aleda,1757313976391,3,29465,29270,88397,0.0,0,0,0,2,SUCCESS,29465,KK8BhBEbT6O3yLwI8ZOt5w
2994,CriticalDiff#2999,1743962353902,3,29484,29320,88453,0.0,0,0,0,3,SUCCESS,29484,evDw39UvTdq9AT_v7wrTlg
2995,dnp-shibata-y28-multi-user,1750655682498,3,29487,29262,88462,0.0,0,0,0,5,SUCCESS,29487,nProI6Q3SJWsohVviEx_7Q
2996,Zero-dayArgument#0143,1745090103437,3,29489,29056,88468,0.0,0,0,0,1,SUCCESS,29489,58QDBQl5TQi2quIBHmXHgA
2997,UrgentTable#5071,1743198652594,3,29505,29399,88517,0.0,0,0,0,1,SUCCESS,29505,6g4rfHmHRgGDzqi4giD5zA
2998,ProcessingError#9559,1744124472080,3,29506,27402,88518,0.3333333333333333,0,1,1,1,SUCCESS,29506,SQhOdB99S2-RAc_8BFYfaQ
2999,UsablePointer#5042,1741261780525,3,29506,29327,88519,0.0,0,0,0,1,SUCCESS,29506,_thmwzO4RBOHExl3cLfjEw
3000,Tech-Priest-Andrei,1747918604517,3,29508,25923,88525,2.6666666666666665,0,8,8,1,SUCCESS,29508,aAO3pI6HSJmENr0orRmP5w
3001,TabletTag#5453,1749189547684,3,29508,28736,88526,0.0,0,0,0,1,SUCCESS,29508,2nNJryeaQsOi1kTxl9ugwg
3002,HigherDiff#3174,1745220769608,3,29508,28803,88526,0.0,0,0,0,1,SUCCESS,29508,7EhvHWe4TsikLc9jTllCHg
3003,DesktopTester#5508,1741588347299,3,29508,29203,88525,0.0,0,0,0,1,SUCCESS,29508,qmYzaY2RSnKUz014DXGzQQ
3004,CompleteLanguage#1828,1745917606436,3,29509,29394,88528,0.0,0,0,0,2,SUCCESS,29509,rgW8S30_RS-ZYl13Maj83Q
3005,Prototype486#6416,1742742792691,3,29509,25800,88528,2.6666666666666665,0,8,8,5,SUCCESS,29509,ANVmgQaJRs-faaA6Acelow
3006,AlphaTheory#2382,1745915251056,3,29509,29066,88528,0.0,0,0,0,3,SUCCESS,29509,Z4poJlTaTS-lJH5lYZDZ4Q
3007,TechnicalTable#3226,1749718710807,3,29510,29073,88532,0.0,0,0,0,1,SUCCESS,29510,lSIrnNprTPqUlkXaPayGGg
3008,LeetPoint#4068,1758862243767,3,29510,28538,88532,0.0,0,0,0,1,SUCCESS,29510,8FxnDdkZQoCh06bBM0Xujg
3009,ima,1742388958137,3,29510,23333,88532,2.3333333333333335,0,7,7,21,SUCCESS,29510,SP8OljDQTPOVytONg1NG6w
3010,PassingInterface#2972,1744179596732,3,29529,28937,88589,0.0,0,0,0,1,SUCCESS,29529,3olKzH15SVKv0Rvt-Nbg5A
3011,RecursiveContext#2518,1747853927706,3,29530,22134,88592,1.3333333333333333,0,4,4,10,SUCCESS,29530,GD-JAif_TICjW0NfWmq62w
3012,QuickString#1859,1746374081333,3,29530,29391,88592,0.0,0,0,0,1,SUCCESS,29530,jvc7rkaLRtaHnYchfUbPAw
3013,Red05,1758087886938,3,29531,28327,88595,0.0,0,0,0,2,SUCCESS,29531,BSaVgAZcQAOycalF_D8cxw
3014,RobotParameter#6996,1745857089422,3,29531,29335,88595,0.0,0,0,0,1,SUCCESS,29531,PT6F3HAPSqaV8Z5xcdYZNQ
3015,LeetParameter#4977,1748538842771,3,29532,29201,88597,0.0,0,0,0,1,SUCCESS,29532,_EPv5r3DSpSmrIuPqrOAOA
3016,RacerNinja,1743703668303,3,29552,29316,88656,0.0,0,0,0,1,SUCCESS,29552,Rx7j-3PeRnmQiiPyZWvA4Q
3017,AtomicEvaluation#1747,1738008747287,3,29552,28865,88657,0.0,0,0,0,2,SUCCESS,29552,4494vLwiRw-IXTjY5ZKuBA
3018,LoopingFormula#8667,1744986391295,3,29552,29471,88657,0.0,0,0,0,2,SUCCESS,29552,FboBSEgXSjW4_6rzwnGUyw
3019,ProgrammingByte#5871,1745917267484,3,29553,29192,88660,0.0,0,0,0,3,SUCCESS,29553,l0wwpdVwQzuHyArkC-nT7Q
3020,ice2222,1751884395981,3,29553,29399,88659,0.0,0,0,0,1,SUCCESS,29553,GIFFFXEeRECn4ko-XeStOA
3021,TeamName#1,1753789048688,3,29574,29136,88723,0.0,0,0,0,2,SUCCESS,29574,CMHCwi1ZTMqkOBr3_SAOpQ
3022,BackloggedBreaker#9664,1749041172651,3,29574,29463,88724,0.0,0,0,0,1,SUCCESS,29574,4V9qZQdbRCyi23BREGXXng
3023,GlobalScope#6999,1739970706832,3,29574,29466,88723,0.0,0,0,0,1,SUCCESS,29574,ERDXku-uQYC0NPsa5vKVGA
3024,Falcons-RamuDaruru,1755528348692,3,29575,29063,88726,0.0,0,0,0,8,SUCCESS,29575,9DCiJNonTxGwyFVz048NUA
3025,ImportantInterface#9293,1742830135338,3,29575,29333,88726,0.0,0,0,0,4,SUCCESS,29575,RDnGeYUVSuS3YDUkXiIOWA
3026,HashablePresentation#4303,1744801471977,3,29575,29258,88727,0.0,0,0,0,1,SUCCESS,29575,n99g6CdhRsKPUvTw-CszJA
3027,EsteemedEngineer#5082,1744036712960,3,29575,29393,88727,0.0,0,0,0,2,SUCCESS,29575,dGJoRMbdQIiZG7esdZULSQ
3028,GenerativeCharacter#3810,1742649002100,3,29576,29260,88729,0.0,0,0,0,2,SUCCESS,29576,ImjoZHZQRCaIaY_SslgljQ
3029,MachineDigit#1279,1750459909867,3,29576,28995,88728,0.0,0,0,0,1,SUCCESS,29576,9vfwu53KQkWdLBvhtpk7xg
3030,mlz8432,1751278551458,3,29577,29206,88732,0.0,0,0,0,1,SUCCESS,29577,F688_syJT8WuUTaqHMl8Lw
3031,Student-ASE#3,1743848550021,3,29595,29070,88786,0.0,0,0,0,3,SUCCESS,29595,96gnepJfREaK29Q0-vDH6g
3032,DigitalPresentation#1176,1744618447216,3,29597,28669,88791,0.0,0,0,0,1,SUCCESS,29597,mOfqpcSDRG60JEr2NL0emg
3033,ArtificialSemicolon#9945,1738485876287,3,29597,27671,88791,2.0,0,6,6,4,SUCCESS,29597,0rKPXN_MQ_elpW9aTaZrFQ
3034,15win,1754533926609,3,29598,29337,88796,0.0,0,0,0,9,SUCCESS,29598,1o0tt3maSU-VnYZVE9_fBQ
3035,TestingFix#4410,1744551416637,3,29598,29532,88796,0.0,0,0,0,1,SUCCESS,29598,oJ1C4PZ3Sye2R7sLLYjpxw
3036,AsynchronousPresentation#7625,1748185650218,3,29618,29530,88856,0.0,0,0,0,1,SUCCESS,29618,xGH8-LcES0OzLCUUqc7sDg
3037,Flitzer#1,1757961834783,3,29618,23929,88856,3.0,0,9,9,1,SUCCESS,29618,OhLDcZBTSJy_UZtBGRacng
3038,Lnake,1746565321251,3,29618,22131,88854,2.3333333333333335,0,7,7,3,SUCCESS,29618,4UnkhIUTSU6BFn3yWOYjmA
3039,MechanicalEngineer#6179,1743781883701,3,29619,29391,88858,0.0,0,0,0,2,SUCCESS,29619,YklxFFgzS7u1NAgQ4s1Qjg
3040,CriticalContext#9631,1744697086379,3,29620,28865,88861,0.0,0,0,0,1,SUCCESS,29620,q3EtBxvCR8OAuddGaL2gEg
3041,JavaTheory#9972,1745635194233,3,29620,29591,88860,0.0,0,0,0,1,SUCCESS,29620,T8YH1WGnTRKlt2Fd02hTMA
3042,Zero-dayArray#2319,1755555167693,3,29621,29328,88864,0.0,0,0,0,2,SUCCESS,29621,RRF95FFkQtSAmQaQQbnnag
3043,ProcessingDocumentation#5914,1736776576167,3,29621,29207,88864,0.0,0,0,0,1,SUCCESS,29621,ken0Vd06TzWzShSz-oUDKw
3044,BrainyByte#5546,1755750280296,3,29639,29335,88919,0.0,0,0,0,2,SUCCESS,29639,U-uNrDKSRAGMz-g3JhuznA
3045,BB0251028,1750055101638,3,29641,25465,88925,1.6666666666666667,0,5,5,1,SUCCESS,29641,Tx9V8TFnSNGQjIW9auWW4Q
3046,BlockchainError#3188,1742751909549,3,29641,29342,88925,0.0,0,0,0,1,SUCCESS,29641,1JX-jgAfTpiqWydkBgTABQ
3047,CyberneticPresentation#7458,1748193698692,3,29641,29131,88925,0.0,0,0,0,1,SUCCESS,29641,i9F01fMIQoyJ8PyLcleqpA
3048,ProgrammingNumber#3315,1738318903477,3,29642,29335,88927,0.0,0,0,0,2,SUCCESS,29642,Nz7B9CX6QeKLwZJmMKXgTw
3049,FungibleNamespace#6327,1746331911838,3,29643,29535,88929,0.0,0,0,0,5,SUCCESS,29643,UW3TUQ2ITY6JX6K3dYA_xw
3050,MechanicalEvaluation#2705,1736508548011,3,29644,25926,88933,1.6666666666666667,0,5,5,3,SUCCESS,29644,0vSi8WC2RuWm3NKZAQqtJg
3051,EncryptedPatch#6090,1743779173628,3,29644,29462,88933,0.0,0,0,0,4,SUCCESS,29644,MB_SGR5kQmmWoVlShfGBtg
3052,MobileError#5098,1747485840238,3,29648,24203,88944,2.0,0,6,6,25,SUCCESS,29648,csUp7-NeQG2ME_Urp6op0Q
3053,ConnectedComment#0298,1755615191249,3,29662,29533,88988,0.0,0,0,0,2,SUCCESS,29662,Iu8ftzT4S_2GM26h7fxYtw
3054,Zero-dayShell#5978,1743778502499,3,29663,29598,88991,0.0,0,0,0,1,SUCCESS,29663,ivajVEoUS1CF6u6P5fxVMw
3055,UpgradedSystem#3809,1738429439209,3,29664,23868,88992,3.0,0,9,9,3,SUCCESS,29664,tz7W7p2_Rga4RC4m-uRPWQ
3056,ContinuousPackage#5730,1750767068488,3,29664,29400,88992,0.0,0,0,0,1,SUCCESS,29664,5oQUE5qCSiaQnJYqlfwgmA
3057,JuusoJ-Ryhmapelaaja,1744794466218,3,29664,29389,88993,0.0,0,0,0,1,SUCCESS,29664,2Y0ce42cSAW9CELEzhIOVg
3058,CyberneticGrid#8373,1741707674903,3,29684,29260,89054,0.0,0,0,0,2,SUCCESS,29684,1euheFJjQR-EqKOZnpR0vA
3059,AnaReinert-SugarRush,1758244559704,3,29684,27932,89053,2.3333333333333335,0,7,7,2,SUCCESS,29684,62zjgxLkSlqz9uYxasMKfA
3060,RecursiveToken#0541,1744735781909,3,29685,29338,89057,0.0,0,0,0,2,SUCCESS,29685,QsenbPAKRrS-Dtgx0E5i4Q
3061,NTI-G1-Member1,1738743075455,3,29685,28665,89056,3.0,0,9,9,2,SUCCESS,29685,RRWzyFyqQYOzByxvMJLeew
3062,CleanPresentation#2116,1741943155189,3,29685,29530,89057,0.0,0,0,0,2,SUCCESS,29685,P3MucpWzT3OUaAlt-a_jIA
3063,StructuredTester#3653,1736800843619,3,29686,29537,89059,0.0,0,0,0,1,SUCCESS,29686,J92M3zPCTOigN1rcaF0KAA
3064,AbstractGlyph#0472,1736513718402,3,29686,29658,89059,0.0,0,0,0,1,SUCCESS,29686,p-muOAiFQU-mHXGhlcTzFg
3065,NumericConsole#5578,1755015529978,3,29686,29526,89059,0.0,0,0,0,2,SUCCESS,29686,MjCk6A7vTQq0zWQ0NgE5zQ
3066,10xAnalyst#7482,1745275897734,3,29687,29458,89061,0.0,0,0,0,2,SUCCESS,29687,p61j9ac4Tfqh8E1JhhVfrQ
3067,QualifiedHacker#5112,1736248557391,3,29687,28731,89062,0.0,0,0,0,1,SUCCESS,29687,6_rNrTl5R92WBhwSVKdHRw
3068,CreativeDiff#4172,1744205411123,3,29687,29662,89063,0.0,0,0,0,2,SUCCESS,29687,aJAFmzf-T5iqQfc5pTYsZQ
3069,BhalchandraGavhane,1748263117052,3,29687,23662,89062,1.3333333333333333,0,4,4,18,SUCCESS,29687,rAoq7C_CSTue7GJDAXqEag
3070,FunctionalFunction#1574,1740008836437,3,29707,29602,89123,0.0,0,0,0,1,SUCCESS,29707,qkyTgwcuQhyyl_euROk2hQ
3071,NumericNode#1569,1747208404303,3,29707,29470,89123,0.0,0,0,0,1,SUCCESS,29707,4v4fVWJpSEu05ta2fratuw
3072,PassingTech#1578,1745917226348,3,29708,29402,89126,0.0,0,0,0,1,SUCCESS,29708,NyNOVuZaQzONSxIpqXnLgw
3073,NestedClass#8969,1746174669130,3,29709,29537,89128,0.0,0,0,0,4,SUCCESS,29709,Mkd_n5bbRe6zzI_l86Ibjw
3074,HelpfulByte#8122,1758662182590,3,29709,29333,89128,0.0,0,0,0,1,SUCCESS,29709,KhnEnPNSRMS82I8h24HAog
3075,HigherPatch#9646,1752112108601,3,29710,29400,89130,0.0,0,0,0,1,SUCCESS,29710,Q5C7BsfgTe6gFEg90aZMPw
3076,Tanja,1744794722811,3,29710,29064,89132,0.0,0,0,0,1,SUCCESS,29710,WOyRI9MDQNa66N14j5DO-A
3077,ImmutableEvaluation#4877,1745911413203,3,29711,29467,89133,0.0,0,0,0,3,SUCCESS,29711,aynbRHunTA2oR1LjZ7c_nQ
3078,AutomatedDescriptor#6962,1741167075900,3,29729,28872,89188,0.0,0,0,0,1,SUCCESS,29729,1SLChdf1RlGkYgYPakKU6A
3079,NumericExpression#4635,1739805765390,3,29730,21202,89192,1.3333333333333333,0,4,4,2,SUCCESS,29730,jlXROc0lS9apv8dgCQEs9Q
3080,NullLine#5785,1746870454809,3,29730,29590,89192,0.0,0,0,0,3,SUCCESS,29730,aeoKVB1bQLKBOTSDzF0Wvw
3081,InteractiveArgument#3165,1745916189211,3,29731,29605,89195,0.0,0,0,0,2,SUCCESS,29731,YKsT43XYR_GvOfa3mCnbLw
3082,suresh,1739520558532,3,29732,29658,89196,0.0,0,0,0,1,SUCCESS,29732,3gIpZDiqRpq6vg7ND0SrGQ
3083,JavaArgument#6969,1745261952851,3,29732,25461,89196,0.6666666666666666,0,2,2,3,SUCCESS,29732,iUm0-bndSDKKO3XTjpivLw
3084,CreativeArray#2677,1748514112342,3,29752,27859,89257,1.3333333333333333,0,4,4,1,SUCCESS,29752,yWrY1jmjRieR6bNusAzVbQ
3085,RocketZone#7359,1736283359222,3,29753,29532,89261,0.0,0,0,0,1,SUCCESS,29753,FSpLGIe5Sue5sIPsJ7KM-Q
3086,TheSteg,1757946291202,3,29754,22070,89264,3.3333333333333335,0,10,10,2,SUCCESS,29754,3c7fHclISQ-6pkPssXSsLQ
3087,AtomicFunction#4129,1737787199618,3,29755,29325,89266,0.0,0,0,0,3,SUCCESS,29755,6b30DqPNT-2uHuLJO5MOkg
3088,MachineNode#2650,1747493800667,3,29760,23003,89281,2.3333333333333335,0,7,7,3,SUCCESS,29760,bsVsjALXRxKFutLrULo_fA
3089,10xFix#7017,1740658624699,3,29774,29389,89323,0.0,0,0,0,2,SUCCESS,29774,GcyWEuVfQsi8PNMakZxKFg
3090,AtomicDeadline#5205,1744175798005,3,29774,29724,89323,0.0,0,0,0,1,SUCCESS,29774,k-7ghNR1RaiOfUa-p_mGmg
3091,NumericExpression#7202,1744971868190,3,29774,29470,89322,0.0,0,0,0,1,SUCCESS,29774,aBMsqfNRQSGXMjancDuCNA
3092,Line,1757338731905,3,29775,29337,89325,0.0,0,0,0,10,SUCCESS,29775,lVZGuNyxSW6wtvov8PmbCw
3093,WebBreaker#8318,1741082831738,3,29775,28134,89327,0.3333333333333333,0,1,1,1,SUCCESS,29775,PnRoXdMYTyK0eciLll4dxQ
3094,ReferenceComment#3191,1742638511253,3,29775,29671,89326,0.0,0,0,0,1,SUCCESS,29775,Hbokj1VNSRqRgxFVMsjUTQ
3095,FuturisticByte#0463,1742329649297,3,29776,29529,89328,0.0,0,0,0,1,SUCCESS,29776,ZfpTdQGiQLiPhSRyvi0lXw
3096,Finite486#1760,1742932333625,3,29776,29740,89329,0.0,0,0,0,4,SUCCESS,29776,9jI86q63TR6u54DkzzaiGg
3097,FormulaicDataset#1158,1737070474416,3,29776,29720,89330,0.0,0,0,0,1,SUCCESS,29776,X44bMDs9RWGMBx8Anm1vzg
3098,AsynchronousContext#9646,1747578639338,3,29796,29653,89388,0.0,0,0,0,15,SUCCESS,29796,kU_j84afTcyBkPY472R6qA
3099,FocusedSemicolon#4427,1744035643511,3,29796,29400,89389,0.0,0,0,0,2,SUCCESS,29796,sZtwpauHQK-idQMdaoUVnw
3100,AutomatedClass#2744,1736486742613,3,29797,29387,89391,0.0,0,0,0,1,SUCCESS,29797,9zoGiBvWSj2V3T2U2N1MHw
3101,RobotScript#6069,1753091687141,3,29797,29394,89393,0.0,0,0,0,4,SUCCESS,29797,KB_-kGDzR2yohnJMqnZ16g
3102,Kimdukyo#CodeRush,1751461110975,3,29797,29063,89391,0.0,0,0,0,1,SUCCESS,29797,JHkYWTk4TrOLQ08UV9QUfQ
3103,InteractiveSwitch#5670,1737038653952,3,29797,29731,89391,0.0,0,0,0,2,SUCCESS,29797,UDJ7qSotRWm85H04tjtGXw
3104,StructuredLoop#7388,1743863116931,3,29798,29333,89394,0.0,0,0,0,2,SUCCESS,29798,MucPtcZKT52EmMIRAkIEAQ
3105,DeepLanguage#0305,1742202539027,3,29798,28597,89395,0.0,0,0,0,1,SUCCESS,29798,teB-ta-6TRyR5FWJcGPElw
3106,AbstractSystem#3805,1746005777767,3,29798,29535,89394,0.0,0,0,0,7,SUCCESS,29798,BrJY-GnCSxC8ITFujb7XPA
3107,AlphaCharacter#0818,1739557282383,3,29817,29598,89452,0.0,0,0,0,4,SUCCESS,29817,8tVrlmekShOWuD-8VO4z7g
3108,DesktopSpec#8152,1736966407584,3,29818,29664,89455,3.0,0,9,9,3,SUCCESS,29818,YoPTL_jKRYqHszuVpK0KWQ
3109,AutomatedPresentation#8055,1743334007329,3,29818,29395,89456,0.0,0,0,0,2,SUCCESS,29818,hmvHGukjQkCtv2_PqkS8PQ
3110,UnboundString#5257,1746175918643,3,29818,29402,89456,0.0,0,0,0,2,SUCCESS,29818,vXr8U5xaQWuF49doflhU0A
3111,hao13,1747882442619,3,29818,20065,89455,2.6666666666666665,0,8,8,3,SUCCESS,29818,NUK5a8H9RYi-L-TKfvBwTQ
3112,FormulaicLambda#2647,1743704062645,3,29819,29396,89458,0.0,0,0,0,1,SUCCESS,29819,hJ-KiYuFQHaxOyapNN6ojA
3113,TestingTester#1328,1755722640379,3,29820,29594,89460,0.0,0,0,0,1,SUCCESS,29820,Imz4XG55TEuh8yAzHsibrw
3114,TestingNode#4439,1746179097162,3,29822,27603,89467,0.3333333333333333,0,1,1,1,SUCCESS,29822,HxBe3OccQcusTPPk73Nr4Q
3115,HelpfulBuster#2595,1747172438158,3,29840,29668,89522,0.0,0,0,0,7,SUCCESS,29840,PIsHKCFKSkKa86cLJ_qNvg
3116,FiniteContext#2366,1742476725785,3,29841,29599,89523,0.0,0,0,0,1,SUCCESS,29841,GrZHm9fwSfyp8rw-P86qzg
3117,dangerousguykimjiyong,1751852500679,3,29841,29734,89524,0.0,0,0,0,5,SUCCESS,29841,ohGUxcCNSeOE3S5sSLslEA
3118,Asmae,1741184717471,3,29860,29275,89581,0.0,0,0,0,1,SUCCESS,29860,pglUnJ14Tqi9N3Nx3nP4sA
3119,InteractiveTable#7177,1748421876520,3,29861,29407,89585,0.0,0,0,0,1,SUCCESS,29861,pL2cGXwKTxGGpBTgET7s3Q
3120,ImportantScript#4677,1740075919548,3,29862,29784,89588,0.0,0,0,0,4,SUCCESS,29862,_JbEPD2pSKy95CcBLoq9YQ
3121,Zero-dayRequirements#5512,1740574785220,3,29863,29796,89590,0.0,0,0,0,2,SUCCESS,29863,O-jOUTRYQRSsEUDH4YMS_w
3122,MemoryExpert#8214,1739812740156,3,29864,29732,89594,0.0,0,0,0,1,SUCCESS,29864,SAV0VT_CR6CtT8AvfVlU1Q
3123,AsynchronousAttention#3416,1747376300853,3,29864,29724,89593,0.0,0,0,0,1,SUCCESS,29864,NuzVuj0fSnyts01_oFh1eA
3124,10xToken#3509,1742620764432,3,29864,29731,89593,0.0,0,0,0,2,SUCCESS,29864,1p9K-g5rQFm2VtvekJ3APQ
3125,NeuralFunction#7383,1740666111447,3,29865,29668,89595,0.0,0,0,0,1,SUCCESS,29865,XEk8v_lQT0meCYS2tdehZw
3126,UrgentByte#6690,1739401931345,3,29884,29788,89654,0.0,0,0,0,1,SUCCESS,29884,cVGfdcpDQ_abHCyB_YbnMw
3127,UsableHypothesis#8909,1743536205112,3,29886,27475,89660,2.3333333333333335,0,7,7,1,SUCCESS,29886,NrjsX1bfS7iQNmOKF3CWdQ
3128,StructuredAttention#9390,1745582651436,3,29886,29468,89660,0.0,0,0,0,2,SUCCESS,29886,F1tYheypTZq7jWiL1AwlxA
3129,AtomicDeadline#8878,1743782138134,3,29887,29199,89661,0.0,0,0,0,3,SUCCESS,29887,ipulp2C-SB2-7vs68bOvJQ
3130,CurlyPresentation#8621,1753818212610,3,29887,29860,89662,0.0,0,0,0,1,SUCCESS,29887,K7CdU7KwR2KpAujGrT7epQ
3131,Leandro-PrevRacingTeam,1758028745518,3,29908,29792,89724,0.0,0,0,0,13,SUCCESS,29908,vbiB7amMRuCouHNQDDwlMg
3132,JavaBreaker#5171,1742194208236,3,29908,29590,89724,0.0,0,0,0,1,SUCCESS,29908,RzguSb_ZQ-S93gZj6UIyrw
3133,Tina#1,1745812335236,3,29908,29731,89725,0.0,0,0,0,2,SUCCESS,29908,sYX8O6PGTguwWrl_MtIbZw
3134,ProgrammingTester#0437,1743784094747,3,29908,29861,89726,0.0,0,0,0,1,SUCCESS,29908,N7rKIFUbTq6JbIk91FSqVA
3135,CyberneticHacker#0511,1753046363311,3,29908,29860,89726,0.0,0,0,0,2,SUCCESS,29908,drSPfu3bRD6jkEgLIDIljA
3136,TIF-Hyperparameter-Hustlers,1745679535180,3,29909,29603,89727,0.0,0,0,0,2,SUCCESS,29909,DnkvTJPUQ-eEPtJX94mESA
3137,AgileCharacter#9208,1752460612397,3,29909,29802,89728,0.0,0,0,0,13,SUCCESS,29909,IJOJmrS3TSGhSMJb-g8mVQ
3138,DamaKusuma-5214,1742759726575,3,29910,29335,89731,0.0,0,0,0,2,SUCCESS,29910,HlMO_PbmR2qAsdeJ7lkTpA
3139,AutomatedArgument#1531,1744978312082,3,29929,29851,89788,0.0,0,0,0,2,SUCCESS,29929,jHopna0xTN-LuBaJ6jSV1w
3140,RobotToken#4925,1747085733606,3,29930,29402,89791,0.0,0,0,0,2,SUCCESS,29930,g6juQ1sRSDi8fXcZ9HgQeg
3141,ImportantModel#9442,1745894833056,3,29930,29669,89790,0.0,0,0,0,1,SUCCESS,29930,eaab_jaZScSYqXFoI-KPeg
3142,Alvaro-Txurdinaga,1747299525082,3,29931,29796,89794,0.0,0,0,0,3,SUCCESS,29931,pSg_2_eTQkS8OT2wO8_BGg
3143,SquareFormula#8436,1742766017494,3,29931,29593,89794,0.0,0,0,0,2,SUCCESS,29931,oF_NhNsRQPSv08cV0fTR0A
3144,BigArgument#2151,1742327955370,3,29931,29927,89795,0.0,0,0,0,1,SUCCESS,29931,a-4FOkSPSzqYKNWXXdqm7w
3145,CurlyUpdate#6821,1738623562782,3,29932,29528,89796,0.0,0,0,0,1,SUCCESS,29932,5fdKfHy7RtWub51qgh_Lyw
3146,AsynchronousHypothesis#1495,1739034689110,3,29952,29860,89856,0.0,0,0,0,5,SUCCESS,29952,jgNSvfkQRVWkihseoE4vHw
3147,FiniteContext#2732,1736390638069,3,29952,29803,89856,0.0,0,0,0,2,SUCCESS,29952,v0rwqDXLSDmnfKAjohy7BQ
3148,QuickOrder#9113,1743705279124,3,29952,29597,89856,0.0,0,0,0,1,SUCCESS,29952,hgmCJ2ynQ5-R7bONUpiPcw
3149,DraftToken#9372,1747017666054,3,29952,29796,89856,0.0,0,0,0,2,SUCCESS,29952,DQ9VC53WQqKsqKusfNeBdw
3150,AbstractPointer#0519,1741271382095,3,29953,29402,89860,0.0,0,0,0,4,SUCCESS,29953,NpCRkBiCTZuVM6WVR4jOww
3151,IntelligentBraces#0141,1755799160840,3,29955,24134,89865,3.0,0,9,9,2,SUCCESS,29955,NN4V1UIrSVaYGM_KNWe7ew
3152,ArtificialSandbox#8891,1748387089882,3,29956,29664,89870,0.0,0,0,0,1,SUCCESS,29956,3mQNKVk0TyuxmPuCTFUS0w
3153,InfiniteDataset#9811,1755543159507,3,29974,17997,89924,3.0,0,9,9,5,SUCCESS,29974,3k1jHIgrRMCJbGxcLzQrsw
3154,CleanDeadline#9934,1747380874621,3,29975,29802,89925,0.0,0,0,0,2,SUCCESS,29975,b1PM7zuFSmq07MmiooIQaw
3155,tishikawa,1746672388123,3,29975,28937,89927,0.0,0,0,0,2,SUCCESS,29975,01kUqIO3RHGws68rlduCbw
3156,ImportantLanguage#6896,1759302650838,3,29976,29335,89928,0.0,0,0,0,1,SUCCESS,29976,czRdgv76QJGVEPsjY6BgxA
3157,EsteemedDescriptor#8437,1754169972862,3,29977,29602,89932,0.0,0,0,0,3,SUCCESS,29977,10Aatas7RSKYcbYqwCqrzw
3158,ConnectedWorkaround#3111,1737402394881,3,29996,29334,89990,0.0,0,0,0,1,SUCCESS,29996,ejRRVZPqSMSfCLAY6tq0gQ
3159,JayakrishnaAmathi,1744599973483,3,29997,29200,89992,0.0,0,0,0,6,SUCCESS,29997,-7ADHtMfQa6DGE9cG92j-w
3160,paulquemado#1234,1744001973585,3,29997,29795,89993,0.0,0,0,0,1,SUCCESS,29997,bQv0coFGS4yIOu4R75p7rQ
3161,TorontoThunder,1755098064657,3,29997,29525,89991,0.0,0,0,0,2,SUCCESS,29997,UJwMOO8bSOKNL-5N4H8D0Q
3162,BlockchainDeadline#6449,1746354478317,3,29997,29789,89992,0.0,0,0,0,4,SUCCESS,29997,qSE1KgTpSZyV7K5_7KrR9Q
3163,QualifiedFix#3522,1743006626699,3,29998,29534,89995,0.0,0,0,0,1,SUCCESS,29998,UiQ9n4CIToev7gQBiff1aA
3164,CrypticResource#5445,1754544582922,3,30017,29594,90053,0.0,0,0,0,2,SUCCESS,30017,z481WVmNTK2ULr8pE9olBg
3165,LoopingTag#6618,1745233511058,3,30018,29394,90056,0.0,0,0,0,1,SUCCESS,30018,dqimbjPnR06A41s6lYEm8g
3166,NeuralSpec#6542,1745426346741,3,30018,29728,90054,0.0,0,0,0,3,SUCCESS,30018,B12DrjKwSGC0O7-YnYLQFA
3167,WebDelta#3045,1747147691028,3,30018,29993,90054,0.0,0,0,0,3,SUCCESS,30018,5CVEZFvrQJCDHCsf3MrzUA
3168,TabletCircuit#0810,1744578772378,3,30019,29534,90058,0.0,0,0,0,2,SUCCESS,30019,3uGxNnwJTa-dtoJfcvo5tg
3169,UsableZone#5233,1746086497086,3,30019,29934,90059,0.0,0,0,0,2,SUCCESS,30019,EylSw4bcSDuQtBTF8P2Ajw
3170,watermelonsugar#0115,1754515045050,3,30020,29995,90061,0.0,0,0,0,2,SUCCESS,30020,E9nhfkXXRpqLlTWjL39dzQ
3171,BetaTag#3745,1744004663748,3,30021,29798,90064,0.0,0,0,0,3,SUCCESS,30021,o7_Oh5MsQNuKVoiSzLPO-w
3172,InfiniteClass#1925,1754311622320,3,30040,29856,90121,0.0,0,0,0,1,SUCCESS,30040,g-thCfTfRgSbKthvcaUSjw
3173,NeuralArithmetic#4080,1748329948625,3,30040,29927,90122,0.0,0,0,0,3,SUCCESS,30040,3ywsl-tMTYWUqsHoArnkDQ
3174,EsteemedTheory#7228,1743960360487,3,30040,30005,90122,0.0,0,0,0,2,SUCCESS,30040,s9R7TUx8TI-JJGMdnyYYBw
3175,IterableCharacter#7214,1743318399997,3,30041,29729,90124,0.0,0,0,0,1,SUCCESS,30041,mcqfaXEJRpWbYXjjZrHl4Q
3176,PythonNotation#5802,1738881391339,3,30041,29532,90124,0.0,0,0,0,1,SUCCESS,30041,cCcXuVHfSZyr2huhgJl7-Q
3177,GlobalLine#0556,1746177154335,3,30041,29991,90124,0.0,0,0,0,3,SUCCESS,30041,S6XKcbEJSlCZyuUYy7kkgQ
3178,GenerativeTest#2800,1741091814041,3,30043,20731,90130,1.6666666666666667,0,5,5,4,SUCCESS,30043,O3ZFfs66TOe7fceM7YpJkw
3179,CleanFunction#6524,1739816541833,3,30043,29194,90129,0.0,0,0,0,1,SUCCESS,30043,I7RZpJeTQXWAo2M7NNbGuA
3180,CreativeMethod#0901,1743788223246,3,30044,29674,90132,0.0,0,0,0,2,SUCCESS,30044,Pe3YSwgtTbOta7Y6zA9ACg
3181,QualifiedDebugger#4254,1748847060738,3,30064,29590,90193,0.0,0,0,0,3,SUCCESS,30064,8TFoe8VjQHug4uGUl0H1Rw
3182,PathingNumber#5384,1755130936637,3,30064,27800,90192,2.3333333333333335,0,7,7,4,SUCCESS,30064,mOvJNcvATsyXVAE1DoOFyQ
3183,StructuredMachine#9759,1739396264608,3,30064,29990,90193,0.0,0,0,0,1,SUCCESS,30064,Bycya-A_ScGvCCrM0EvGyg
3184,IterativeGame#9223,1748449765110,3,30065,30002,90196,0.0,0,0,0,1,SUCCESS,30065,9pLzVJAET96_mwazHmgHWw
3185,ParametricArray#4431,1744075395331,3,30085,30064,90257,0.0,0,0,0,1,SUCCESS,30085,ybiITHP6SEydOA7rXIJ5EQ
3186,HelpfulComment#4355,1738747055331,3,30086,29934,90259,0.0,0,0,0,3,SUCCESS,30086,c8gLwjawRkeHSlGnZMr96g
3187,PathingPresentation#4355,1739889583060,3,30086,28326,90259,0.6666666666666666,0,2,2,2,SUCCESS,30086,pke8Q3BuRom8Hqfq0HMB5w
3188,SecureSchematic#8906,1739304164853,3,30086,29996,90259,0.0,0,0,0,1,SUCCESS,30086,KRFr1e5GSLmMABaxheHM5g
3189,UsableCharacter#1551,1748521594759,3,30086,29599,90259,0.0,0,0,0,1,SUCCESS,30086,BbGHU0WSQJqJz2yuDDFEyw
3190,NeuralLanguage#1153,1744216945236,3,30086,30062,90259,0.0,0,0,0,1,SUCCESS,30086,AZBt7ZMdRzua7NchVsG0fg
3191,QualityBuster#3397,1751286170773,3,30087,27925,90261,0.3333333333333333,0,1,1,3,SUCCESS,30087,4wq8WtV_RJ6sQL_St5Wj6g
3192,HashableAbstraction#6700,1741773526245,3,30088,29731,90264,0.0,0,0,0,1,SUCCESS,30088,szNzu9n5RuecFtja8_WpIA
3193,AtomicArray#5292,1750891867337,3,30088,29602,90264,0.0,0,0,0,1,SUCCESS,30088,uv4KDTKsSMKifAADddvjGw
3194,EncryptedMethod#1732,1740570949837,3,30089,28806,90267,0.0,0,0,0,1,SUCCESS,30089,Bzym-ezpSlWdTZFqfbpW0w
3195,ParametricArithmetic#4970,1744322635979,3,30090,26665,90270,3.6666666666666665,0,11,11,7,SUCCESS,30090,O2aXhnKHSXeDaM6maX2txw
3196,QuickAnalyst#5788,1736974431317,3,30091,29397,90274,1.0,0,3,3,2,SUCCESS,30091,LuJ69rDdTduY3rcG8ll3dQ
3197,MechanicalSystem#7903,1744788486788,3,30105,24332,90315,1.0,0,3,3,1,SUCCESS,30105,BWLUeK76S6O-Zq6PAJN3kA
3198,MemoryMethod#3574,1747732046237,3,30106,29665,90318,0.0,0,0,0,1,SUCCESS,30106,oDuqYnp0QYyV-goXcvb9og
3199,DivyashreeBislahalli,1745076076881,3,30106,29460,90320,0.0,0,0,0,6,SUCCESS,30106,-iim1oyMRzCKdLffZXC9xg
3200,FiniteResource#9023,1745996045071,3,30108,29857,90325,0.0,0,0,0,3,SUCCESS,30108,o9Nl1yq8Qi2sMj5kpOBfCw
3201,EPAMGachiMuchi-Pavel,1747911160677,3,30108,28062,90325,2.3333333333333335,0,7,7,1,SUCCESS,30108,6ntKhFy5TOqvnuEohD22BA
3202,VariableLog#6793,1743730436751,3,30108,29869,90324,0.0,0,0,0,1,SUCCESS,30108,Rg1m2JkEQqqJBWAHgeBu4w
3203,CleanDescriptor#4736,1749642131657,3,30108,29668,90324,0.0,0,0,0,3,SUCCESS,30108,5uh4L_ptQOSpky6NeyzC5g
3204,ContinuousAttention#3762,1759379111279,3,30109,23594,90328,3.0,0,9,9,3,SUCCESS,30109,JNYsxdtOTSavE7LwF2HFUQ
3205,ThisNode#8610,1751869304663,3,30127,25719,90383,1.0,0,3,3,3,SUCCESS,30127,4ChxkJwaTWKbqcz3G-bnjg
3206,PrototypeCommand#5801,1740665836342,3,30130,29797,90392,0.0,0,0,0,1,SUCCESS,30130,cX8LOAo2RpKMNzrgIcQrJg
3207,RobotContext#2372,1740572880235,3,30130,29996,90391,0.0,0,0,0,3,SUCCESS,30130,BtPsv3f_RWiPPKUW7qDQjg
3208,ImportantPatch#7933,1746689879243,3,30132,28066,90396,3.3333333333333335,0,10,10,1,SUCCESS,30132,ZStAd0DQR62mkTGtwiF2DQ
3209,SequentialBottleneck#3243,1736483578543,3,30134,29407,90402,0.0,0,0,0,1,SUCCESS,30134,YEhqiTJoRN-FYS3GK3tlsw
3210,randomName#1244,1753260068167,3,30152,29599,90458,0.0,0,0,0,4,SUCCESS,30152,JOB-7JLlQzCzQuVjfP3tqA
3211,FocusedArithmetic#9694,1739292734836,3,30153,29739,90460,0.0,0,0,0,1,SUCCESS,30153,3N7aS7F3Td64r2dsi-LPeg
3212,SaiSumanthMalisetti,1744596438593,3,30154,29405,90464,0.0,0,0,0,4,SUCCESS,30154,Ye37_S8eRJq7iT-GOf_uXg
3213,TabletDescriptor#8253,1736509210936,3,30154,30069,90464,0.0,0,0,0,1,SUCCESS,30154,zMFMkAx7Rc2t2RYu2YIw9g
3214,ProcessingUpgrade#2972,1741266828486,3,30172,28255,90518,0.3333333333333333,0,1,1,12,SUCCESS,30172,SYP7f5lkSyaVkTGLmGuWjw
3215,Siqueira,1746716765673,3,30172,26000,90518,3.6666666666666665,0,11,11,1,SUCCESS,30172,aJ87IhaqR761zoyhLdZWbg
3216,ImportantArithmetic#9415,1740677014998,3,30173,17857,90521,3.3333333333333335,0,10,10,2,SUCCESS,30173,xUn3HXBGTfywowo39qrOXA
3217,DraftSemicolon#9329,1757397317154,3,30174,29793,90523,0.0,0,0,0,9,SUCCESS,30174,2UlXYfKeSNG7xNytGVzNOA
3218,dnp-yubuki-k-multi-user,1750725390673,3,30175,24133,90527,3.0,0,9,9,3,SUCCESS,30175,ZODzqW63RQCSIaAR4uECGg
3219,RobotFormula#8912,1747163575410,3,30175,28201,90525,0.3333333333333333,0,1,1,2,SUCCESS,30175,ACfzq8X-TTKrHV2OFGxWBg
3220,GenerativeTech#6087,1746227998808,3,30175,24537,90525,3.0,0,9,9,1,SUCCESS,30175,o-EqmrbdTDCK1bjg2BkkkA
3221,ASCIIError#5528,1750681238594,3,30175,29800,90526,0.0,0,0,0,3,SUCCESS,30175,F3LXwcGFQhGowBP6rWgHPA
3222,BrainySchematic#6265,1742487059580,3,30175,29796,90525,0.0,0,0,0,1,SUCCESS,30175,wKgriVMnTkGYi7_NhaZDDw
3223,ComplexTag#1823,1745182275128,3,30176,30066,90529,0.0,0,0,0,1,SUCCESS,30176,6b9bi_OIQ96p1u8mffFDKQ
3224,FuturisticBuster#0748,1743430882930,3,30176,30070,90530,0.0,0,0,0,1,SUCCESS,30176,a2H9NXYNSC6avPqzEm1qTA
3225,QualifiedArchitect#3821,1745120641033,3,30177,28998,90531,0.0,0,0,0,6,SUCCESS,30177,aAghux4JS9ST3tHBe67Zkg
3226,jun-aws,1746531911141,3,30177,29466,90531,0.0,0,0,0,2,SUCCESS,30177,emhYBomKS26IPR_qSuV_GA
3227,FungibleBraces#7591,1751422318595,3,30186,28958,90558,0.3333333333333333,0,1,1,13,SUCCESS,30186,tDK6s7_DRwi5Qc88PSLX4w
3228,CurlyObject#4690,1755116660390,3,30195,23523,90587,3.3333333333333335,0,10,10,1,SUCCESS,30195,QugO9rO6TSawmAO4ao5BnQ
3229,AntonioRobertoPLimaJunior-IFPB,1746139859096,3,30195,29920,90586,0.0,0,0,0,1,SUCCESS,30195,vHxisJtsToGcS51NGRLmNA
3230,PassingTable#6962,1740764326895,3,30196,30060,90588,0.0,0,0,0,2,SUCCESS,30196,ATrNzF9DRpKLK83dbFkhHA
3231,UpgradedCharacter#8942,1741878454054,3,30196,29856,90589,0.0,0,0,0,1,SUCCESS,30196,hEyaaeR3TwCxYiGx0Wb6kA
3232,AccessibleSchematic#5143,1749765015155,3,30196,29865,90590,0.0,0,0,0,1,SUCCESS,30196,gCyMeRUwS12PwYzmSydu7w
3233,NTUST-WayneLin,1755006694901,3,30196,29867,90588,0.0,0,0,0,1,SUCCESS,30196,ZOG1Y1ZiSXuIjTSHn8_Ryw
3234,GIST-DeepRacer10,1754288152415,3,30196,25393,90588,3.0,0,9,9,4,SUCCESS,30196,vnvByeimQgmStJL8YXtUmQ
3235,PrototypeClass#9314,1737729841257,3,30197,29864,90593,0.0,0,0,0,2,SUCCESS,30197,DKLpPJBzTL-MKVDUz-0ToA
3236,PythonFunction#1980,1743116399008,3,30197,29651,90591,0.0,0,0,0,2,SUCCESS,30197,rKx9i3PlSxWFgE1t2UhIYg
3237,DigitalVariable#3076,1747202489571,3,30199,28402,90598,0.3333333333333333,0,1,1,2,SUCCESS,30199,nayGOboHRSm8Mhe_ognN8w
3238,PathingSystem#5662,1744066401504,3,30219,29862,90659,0.0,0,0,0,2,SUCCESS,30219,0-xuDHCGQsC5iadC3QcMCA
3239,SecureTest#3100,1749654409814,3,30220,30135,90660,0.0,0,0,0,1,SUCCESS,30220,p11SxCoeQKWlM0km6uk4LQ
3240,MechanicalBuster#2772,1758088747016,3,30220,26533,90662,3.6666666666666665,0,11,11,6,SUCCESS,30220,TB-lPOpbR2iq8Bl8H5nxOg
3241,dnp-hoshiko-s-multi-user,1750666320714,3,30220,28197,90661,0.3333333333333333,0,1,1,4,SUCCESS,30220,SGRW2JR-R0K3Isu7B4ravg
3242,ProcessingEvaluation#4213,1743789970913,3,30220,30128,90660,0.0,0,0,0,4,SUCCESS,30220,8f6bMZclQdOuYAEiMhHWZw
3243,GenerativeAbstraction#4737,1747238663297,3,30221,29533,90663,0.0,0,0,0,2,SUCCESS,30221,AtrrlQnbS6m_yuP6u9MwJA
3244,FocusedHacker#2826,1736395097539,3,30240,30133,90722,0.0,0,0,0,1,SUCCESS,30240,pMS39aMLQJ6c5mWX2j5UWw
3245,StructuredShell#4176,1747446787816,3,30240,29601,90721,0.0,0,0,0,8,SUCCESS,30240,91P_v1aWRkWW4N3uYKK6uA
3246,FungibleNode#7547,1743097486370,3,30241,20525,90725,3.6666666666666665,0,10,11,4,SUCCESS,30241,3jX5B6QrS4-q1EmyZtOmcw
3247,CodeByte#2770,1743781098766,3,30241,30061,90724,0.0,0,0,0,3,SUCCESS,30241,KIkCy3nPRRGbEughYM5Few
3248,CodePresentation#2052,1739575154147,3,30241,29800,90725,0.0,0,0,0,1,SUCCESS,30241,PgvTy9FhSzuLYha48RqwBw
3249,ProcessingArgument#8313,1741880568912,3,30242,29928,90728,0.0,0,0,0,1,SUCCESS,30242,DcFiF4jHS_2kJVFi1mjqmw
3250,fu#4,1745307790694,3,30242,29872,90727,0.0,0,0,0,2,SUCCESS,30242,tlaekrbgSKWfwCVRmVdPkg
3251,801-KSH-03,1752594710750,3,30242,24668,90726,3.0,0,9,9,10,SUCCESS,30242,iNQmJvjpTfWu4Yhmiz5CBQ
3252,AutomatedLoop#8419,1748202840127,3,30243,29664,90731,0.0,0,0,0,1,SUCCESS,30243,D41rc0dITveW7N-QEubQXg
3253,LoopingLoop#7622,1744042099787,3,30263,28864,90791,0.0,0,0,0,2,SUCCESS,30263,Eok-Hc7PTdW3fH0M6AfUTg
3254,HashableInterface#0747,1747823483966,3,30264,30136,90793,0.0,0,0,0,4,SUCCESS,30264,4JVEbjdXSbOGMax5wAPkUQ
3255,ArtificialObject#6477,1743021824233,3,30265,30139,90795,0.0,0,0,0,1,SUCCESS,30265,9EnAVYkZREiUJ4Yu2AVUPw
3256,CyberneticTest#4701,1741333183499,3,30265,30003,90797,0.0,0,0,0,1,SUCCESS,30265,HfDy8oL9RZOK-XH_WJJ5UQ
3257,SolvableWorkaround#7060,1744781546000,3,30274,28526,90822,0.3333333333333333,0,1,1,1,SUCCESS,30274,Hdx07RbcRRmNBhz0O4zZ0Q
3258,GlobalDiff#2644,1752961929836,3,30284,29855,90854,0.0,0,0,0,2,SUCCESS,30284,I2dWTgdoTtKW2XSe7VyLng
3259,nicoscience,1737266617822,3,30285,30122,90855,0.0,0,0,0,2,SUCCESS,30285,mUvpQ3ZiT-K6byWx3IrIHA
3260,RocketInterface#7045,1736871242503,3,30285,28457,90857,0.3333333333333333,0,1,1,1,SUCCESS,30285,LXvBNzlBRRy3cRgs47N00w
3261,UpdatedTag#5208,1745101477935,3,30286,29869,90859,0.0,0,0,0,4,SUCCESS,30286,krInMubvRauRQnPKMmC44A
3262,BC0225110,1750389181073,3,30286,26275,90860,3.0,0,9,9,3,SUCCESS,30286,Cf9ZSQAYSJiiJ7c8cL2t2A
3263,TIF-CHASEing-Racers,1745051846934,3,30287,29397,90862,0.0,0,0,0,6,SUCCESS,30287,dFUH7knjRgajAWVDX1uC1A
3264,FocusedShell#4898,1746636929997,3,30287,30198,90863,0.0,0,0,0,2,SUCCESS,30287,HKap7XPQSPedkOe2DSJKSA
3265,LoopingSchema#6255,1736252031941,3,30288,26068,90865,2.6666666666666665,0,8,8,1,SUCCESS,30288,lHnjfhuAQ9y_vhHVUr0PyQ
3266,FungibleBrackets#9738,1754568352084,3,30288,30200,90866,0.0,0,0,0,1,SUCCESS,30288,1NX09pWeRWy2iBsfTWUKpQ
3267,RecursiveCoder#8205,1747733314330,3,30289,30203,90867,0.0,0,0,0,4,SUCCESS,30289,X9R4qa-KRem_GhF-hHA0Iw
3268,HigherValue#7667,1737996537892,3,30308,30191,90924,0.0,0,0,0,1,SUCCESS,30308,v4SARpW8QJ6GDJMmwjsYIA
3269,NumericCallback#6869,1756929768687,3,30308,29927,90926,0.0,0,0,0,6,SUCCESS,30308,9mxuZ7NZSxS4o80fwFSihg
3270,FunctionalArgument#0630,1745919951966,3,30308,30068,90926,0.0,0,0,0,4,SUCCESS,30308,U-Pvl33WS0eTOnhKSn82GA
3271,PathingLog#0660,1740470256704,3,30308,28268,90926,0.3333333333333333,0,1,1,1,SUCCESS,30308,5EkIDjUeS8GTdsVvXfqapQ
3272,ImmutableCharacter#5268,1746663130242,3,30309,29998,90927,0.0,0,0,0,8,SUCCESS,30309,zlrgWQ_JTp-IVWH81ex0wA
3273,DeepSpec#8701,1749130749958,3,30309,28398,90927,0.3333333333333333,0,1,1,1,SUCCESS,30309,Z0HbxHhORc6LmU6BqkT1Pg
3274,RobotString#6525,1742429965746,3,30309,30256,90927,0.0,0,0,0,1,SUCCESS,30309,5y-nku_7T2yRCLD7hBNAxw
3275,ComplexNotation#1305,1744415910417,3,30310,30003,90932,0.0,0,0,0,1,SUCCESS,30310,nn5Kbw4PRzGvaMisyWaj2w
3276,NeuralObject#0637,1757663895201,3,30310,29931,90930,0.0,0,0,0,1,SUCCESS,30310,h2nck4XYRby7_B1U0rA94Q
3277,AlphaInterface#5853,1743187294906,3,30311,30072,90934,0.0,0,0,0,4,SUCCESS,30311,FaE9eU64Sjeg7uneyE-UNA
3278,RecursivePackage#4752,1754443713893,3,30329,29665,90989,0.0,0,0,0,1,SUCCESS,30329,_Kw6aB-cQLuGotxX2tS-5w
3279,DxE-Cool-racer,1742832747779,3,30329,30133,90989,0.0,0,0,0,2,SUCCESS,30329,WxMQ5B9URWiEIMNrWqvLMA
3280,PrimeNumber#9141,1746168925350,3,30330,29988,90990,0.0,0,0,0,2,SUCCESS,30330,3D6K5cBmTL6JKKqFd3y2Hg
3281,TIF-LostInPace,1745429971705,3,30331,24872,90994,3.0,0,9,9,1,SUCCESS,30331,rIIziACfQnGou4zeDTbyTg
3282,ASCIIArgument#5826,1742956765506,3,30331,28267,90993,0.3333333333333333,0,1,1,6,SUCCESS,30331,ObKneffHTfaM_ubhzc0K3g
3283,ProgrammingObject#3580,1744273776161,3,30331,30004,90994,0.0,0,0,0,2,SUCCESS,30331,4bTG3_ZXQhOexk11VAZHxA
3284,CriticalHacker#2635,1758116848234,3,30351,29732,91053,0.0,0,0,0,2,SUCCESS,30351,ffRrnSIbQASwTOZtDZYKow
3285,InteractiveNamespace#9782,1737578993471,3,30352,30200,91056,0.0,0,0,0,1,SUCCESS,30352,mpDlDyXSQUS213gJBNDfWw
3286,FocusedDataset#1681,1749377570103,3,30352,30252,91056,0.0,0,0,0,1,SUCCESS,30352,c8jEr1QeTA-tKa9gS6vijg
3287,KHIN,1758169252288,3,30353,29658,91059,0.0,0,0,0,1,SUCCESS,30353,QgWmXA29QZy8GOjwY0Iyuw
3288,JGS,1758279569304,3,30353,27468,91060,1.3333333333333333,0,4,4,1,SUCCESS,30353,07zqX-07Sj6_sTA6RqrFsg
3289,SebasChavez,1752878649116,3,30353,29992,91060,0.0,0,0,0,2,SUCCESS,30353,H2_MMOq1QLGigc9HyVQl1g
3290,Dania,1741564043096,3,30353,29866,91061,0.0,0,0,0,2,SUCCESS,30353,mlxxmKIBRJ-pvpRlJddh9w
3291,CloudChasers,1755110768386,3,30364,29604,91093,0.0,0,0,0,1,SUCCESS,30364,50cyyGFRQtOAHhJn9sNWuQ
3292,TestingUpgrade#5917,1747478372622,3,30373,29799,91121,0.0,0,0,0,1,SUCCESS,30373,RAvcgtV2Sj6sl-PbPIQMVg
3293,StructuredTheory#8413,1743782132071,3,30373,29862,91121,0.0,0,0,0,5,SUCCESS,30373,AHlekY8nRnGcft03Ql9MWw
3294,dr-teacher-3,1738566077345,3,30373,24600,91121,3.0,0,9,9,1,SUCCESS,30373,4lbfHeDLSW-cDXgVdmklgQ
3295,NumericRequirements#9866,1750884667975,3,30373,30256,91121,0.0,0,0,0,1,SUCCESS,30373,tu32GMVaSqCMc8OKG9jjIA
3296,Pau#4128,1743591852472,3,30376,28195,91130,0.3333333333333333,0,1,1,3,SUCCESS,30376,PHyeM-08ScmPLmg30k6T-w
3297,TIF-The-Columbus-Roadsters,1746620795600,3,30376,28727,91129,0.3333333333333333,0,1,1,2,SUCCESS,30376,f63cda10bd9344af8bf6cQ
3298,ContinuousClass#8862,1744788513929,3,30395,28524,91186,1.3333333333333333,0,4,4,1,SUCCESS,30395,oDtWb6igTmCixT0hGpUIgw
3299,DraftFunction#5625,1745630795013,3,30397,21202,91191,3.6666666666666665,0,11,11,2,SUCCESS,30397,YD4Fno9oRfmC7g-6rUzkag
3300,AtomicParameter#7458,1738452646399,3,30397,30137,91191,0.0,0,0,0,2,SUCCESS,30397,7n6mlrVyS163ftb_xf8zWQ
3301,Waqas,1750937463388,3,30397,27135,91193,0.6666666666666666,0,2,2,5,SUCCESS,30397,jC0ZssW6QA2bWtO2yJv1fw
3302,AsynchronousResource#4627,1746966236180,3,30397,30203,91191,0.0,0,0,0,1,SUCCESS,30397,_S628y-kTiiiMxKqiDFhrQ
3303,CrypticGlyph#3970,1745316061645,3,30398,30006,91195,0.0,0,0,0,3,SUCCESS,30398,ZAVy-HqXRy2rYDbQSZifVA
3304,ImmutableNamespace#1989,1742491996899,3,30399,30391,91198,0.0,0,0,0,19,SUCCESS,30399,ixRR5gsGQzWvxLvtT0UjKQ
3305,CompletePointer#8015,1741104321403,3,30400,30073,91200,0.0,0,0,0,1,SUCCESS,30400,mEEiBiaZRWGTNvIoe-T5tg
3306,WebCallback#3369,1741896953449,3,30419,29532,91259,0.0,0,0,0,15,SUCCESS,30419,2o-N59hyTLmDNu50H1bxfA
3307,TIF-F1-Racers,1746372778208,3,30420,26601,91260,2.6666666666666665,0,8,8,33,SUCCESS,30420,_IuwVYrvTsm0b53vZ9LOdg
3308,BrainyTechSB,1743703583916,3,30420,30205,91261,0.0,0,0,0,1,SUCCESS,30420,hm0JGY7QTWS7sBXKzJeT9A
3309,hyem,1752047013074,3,30420,23795,91262,2.3333333333333335,0,7,7,12,SUCCESS,30420,w3GflJHOSqqNt630NdCdoA
3310,LeetNode#3696,1744238646453,3,30421,30133,91265,0.0,0,0,0,1,SUCCESS,30421,pJbbsQSXTlyRBcIctO05EA
3311,AndreaOquendoAraujo,1742275729411,3,30441,30329,91325,0.0,0,0,0,1,SUCCESS,30441,HADxzDZGSk61dFEQ23oKjw
3312,VariableShell#9116,1753842314353,3,30446,25405,91338,3.0,0,9,9,2,SUCCESS,30446,8l9dTSJSRL-liab5zPunpA
3313,MachineGun#1,1743705974761,3,30463,28263,91390,0.3333333333333333,0,1,1,2,SUCCESS,30463,rKJ6obEtRqK6ktHR73D60w
3314,GlobalLog#6393,1745136877523,3,30464,30398,91393,0.0,0,0,0,2,SUCCESS,30464,DEHyf3RlREa5LxR97VClkQ
3315,FormulaicClass#6583,1746030469282,3,30484,30269,91453,0.0,0,0,0,2,SUCCESS,30484,Y3b-Nu_dSxSaBcsHPplUpQ
3316,InfiniteExpert#5809,1757006935399,3,30484,30322,91453,0.0,0,0,0,1,SUCCESS,30484,4vEMuBCfRQ2XRXNU0Aqnow
3317,InteractiveDescriptor#6618,1755937089518,3,30486,30266,91459,0.0,0,0,0,1,SUCCESS,30486,S_ewgCjiQduY7Jzzk9M4CA
3318,Hailey#1,1745811536437,3,30506,28529,91518,0.3333333333333333,0,1,1,1,SUCCESS,30506,Ufw6i4xmRYmQbq87M1NIXw
3319,SequentialModel#2008,1744849631480,3,30508,30404,91526,0.0,0,0,0,1,SUCCESS,30508,FPWc2dfpRASf8pWijp3xmQ
3320,TestingByte#9665,1755011256041,3,30508,29930,91524,0.0,0,0,0,3,SUCCESS,30508,HpayUzSJRYCQdj8yzgPb2g
3321,FiniteNetwork#9476,1741435680820,3,30508,30396,91525,0.0,0,0,0,1,SUCCESS,30508,yQFNFXNdRSmIDFpEYtVieg
3322,ProcessingScope#9645,1746178717005,3,30508,30399,91525,0.0,0,0,0,2,SUCCESS,30508,b9_DQzYnQjqMmQ8hdBsaMA
3323,IterativePackage#0212,1738264679491,3,30509,29997,91528,0.0,0,0,0,2,SUCCESS,30509,sII9ByMEQf-BrRRprS1Ccg
3324,MechanicalSandbox#3312,1754595179542,3,30509,30066,91527,0.0,0,0,0,1,SUCCESS,30509,1tSLAVutRHqvZ_pNIKAGRg
3325,IterativePresentation#7879,1742092245185,3,30509,29933,91528,0.0,0,0,0,1,SUCCESS,30509,Z-_YbiR-RdOb-9r-MaLiUA
3326,KotaSrichandan,1742673712539,3,30509,29737,91527,0.0,0,0,0,2,SUCCESS,30509,a_n7zkfwQCqyEtusT7LFWA
3327,CriticalFix#2463,1755115947237,3,30509,25870,91528,2.6666666666666665,0,8,8,4,SUCCESS,30509,M509uv0dTN6DluX-X1WhDQ
3328,CleanEngineer#1403,1745021542000,3,30510,30464,91531,0.0,0,0,0,4,SUCCESS,30510,HpukkWGASVO_Iczrb-SNBw
3329,TabletModel#0927,1739304026346,3,30529,30269,91589,0.0,0,0,0,1,SUCCESS,30529,FM0oxbbURymuF7HdemDbbg
3330,PathingFunction#3221,1753860389324,3,30529,30194,91587,0.0,0,0,0,2,SUCCESS,30529,_On32UTLTACjpjLuNgDCFA
3331,UpdatedDeadline#8382,1749828483955,3,30530,30260,91591,0.0,0,0,0,1,SUCCESS,30530,AzPgNij8RdqPyMoGK5P-Pg
3332,CriticalSpec#1816,1743224775988,3,30530,29924,91591,0.0,0,0,0,4,SUCCESS,30530,nwIE1hcATdWv03fFN3y9-Q
3333,ConnectedGlyph#5323,1747376080681,3,30533,30002,91600,0.0,0,0,0,1,SUCCESS,30533,FWRPXYDRSj6wytOnJixyWg
3334,CacheMeIfYouCan,1758188683465,3,30539,28458,91617,0.3333333333333333,0,1,1,2,SUCCESS,30539,Gvk_hZCwQsmCEXUIRDw38g
3335,WebArray#7487,1739304039719,3,30551,30335,91655,0.0,0,0,0,1,SUCCESS,30551,Mi8BCjQsQvmlzamJZLP1AQ
3336,ParametricDeadline#5969,1758130311477,3,30551,29672,91655,0.0,0,0,0,3,SUCCESS,30551,TdXG7-xJTfeTJCGlit64pg
3337,DraftBuster#3279,1748471424214,3,30552,30068,91658,0.0,0,0,0,1,SUCCESS,30552,nqQLwTmFT0y_pug9c_CDpw
3338,BrainyMethod#1001,1741926656687,3,30552,30467,91658,0.0,0,0,0,1,SUCCESS,30552,P731WjIgQSG1PrG2nlUkDg
3339,UnicodeNotation#0741,1754031099075,3,30552,29934,91656,0.0,0,0,0,1,SUCCESS,30552,9F4oMxN2T5-Tb0r1CRIFNQ
3340,CurlyTheory#6312,1745981879601,3,30552,30126,91657,0.0,0,0,0,3,SUCCESS,30552,E8ytT6o9SZCkdVvTBiX_ZA
3341,PedroFernandezLab1,1743586862093,3,30553,28466,91661,0.3333333333333333,0,1,1,3,SUCCESS,30553,iVLBsluZRsyFOJm2XrH1mA
3342,Ulf-Margarethe,1758477839038,3,30553,30333,91661,0.0,0,0,0,3,SUCCESS,30553,vwRzp47hTAW2xgw8NqH7cg
3343,GammaMetaclass#2836,1745235568811,3,30553,30460,91659,0.0,0,0,0,1,SUCCESS,30553,19NEx_QZSaaHbJQGwMI-nQ
3344,CleanObject#4495,1743668656939,3,30553,30332,91660,0.0,0,0,0,1,SUCCESS,30553,TWW8M0zNQLejP314gMZOBA
3345,AccessibleDelta#9064,1737223344786,3,30553,30527,91661,0.0,0,0,0,1,SUCCESS,30553,sx-vNhksQHCSp9SIQnHJcw
3346,MechanicalLog#9627,1743172527400,3,30553,30333,91661,0.0,0,0,0,1,SUCCESS,30553,XhqHAB0XRfuREfLc5j9fKA
3347,RecursiveComment#1251,1748526967928,3,30554,30134,91663,0.0,0,0,0,1,SUCCESS,30554,U3BQOyHLTwKOidjf29kXRw
3348,CleanMethod#4630,1742291302778,3,30574,28868,91724,0.3333333333333333,0,1,1,3,SUCCESS,30574,TAg86SnBREyl_vbQACuQVA
3349,FiniteAttention#7278,1759329702176,3,30575,30064,91725,0.0,0,0,0,3,SUCCESS,30575,xq7XJj94TeWm0Uys-1TAmw
3350,JohnB-Team4,1745016025238,3,30576,27997,91728,1.6666666666666667,0,5,5,2,SUCCESS,30576,tFtsFv-zRyuwk5_xoDy43Q
3351,Marine#1775,1751408882951,3,30594,29932,91783,0.0,0,0,0,1,SUCCESS,30594,VY2bBzUiQI-r8UefYcCS8A
3352,ECRacers#0000,1755197738941,3,30595,26859,91787,3.6666666666666665,0,11,11,2,SUCCESS,30595,w7WXs0kiSQa2y-hRBW6B2A
3353,Shail,1746489849952,3,30596,30401,91789,0.0,0,0,0,4,SUCCESS,30596,N3igDUixRsC9aD4260ZPLA
3354,mmorgan9-chwy-2025,1753115320009,3,30597,23260,91792,1.3333333333333333,0,4,4,15,SUCCESS,30597,4nPMmYv_R32akhujE0vUgw
3355,SequentialRequirements#7320,1736383871040,3,30597,29802,91793,0.0,0,0,0,2,SUCCESS,30597,i2zo_b7kRdSpzYfKThtZ-g
3356,UnboundNode#8611,1737504677498,3,30597,30536,91791,0.0,0,0,0,1,SUCCESS,30597,GWWcwyLfQz6AXrU3bVzS8g
3357,SequentialDiff#0264,1755184068859,3,30598,30527,91795,0.0,0,0,0,3,SUCCESS,30598,gkajA03FRY6AVIwizsiA_Q
3358,BackloggedDiff#9977,1745858456005,3,30617,30132,91852,0.0,0,0,0,2,SUCCESS,30617,In_K-5y0TwGrYgZ56d5iSg
3359,dnp-seto-s3-multi-user,1750725578482,3,30620,28466,91860,3.3333333333333335,0,10,10,1,SUCCESS,30620,YewXT2OJTue_NjciznyxwA
3360,HashableSwitch#2044,1742750448984,3,30620,30469,91862,0.0,0,0,0,1,SUCCESS,30620,SdUmp0aoQUqnyhK94SbFeg
3361,PassingSemicolon#5961,1746173600500,3,30640,28742,91921,0.3333333333333333,0,1,1,1,SUCCESS,30640,dM1h6c_hSy-YEgDD4oXxeQ
3362,RobotScript#8385,1746174112913,3,30641,30397,91924,0.0,0,0,0,3,SUCCESS,30641,D7on_56qSR6pxG78EA6MiA
3363,HKZK,1742338713823,3,30641,27932,91925,3.0,0,9,9,3,SUCCESS,30641,x7qQCfY-RlGxu-Xlveacmg
3364,BackloggedDebugger#0359,1741720680704,3,30642,30256,91926,0.0,0,0,0,1,SUCCESS,30642,qoQDa9xJSR-m6YDxZolxBQ
3365,FCDayShift,1754278290830,3,30642,22526,91928,2.6666666666666665,0,8,8,1,SUCCESS,30642,3M5AGejiTcqUapFQdmQAuQ
3366,ImportantPointer#0702,1749301426018,3,30643,30470,91929,0.0,0,0,0,1,SUCCESS,30643,vVMuBAEwRnaY57qxbWe9oA
3367,RobotToken#0172,1746064723208,3,30643,30605,91931,0.0,0,0,0,5,SUCCESS,30643,WxuLgxqXRwKDGngG6yjHfw
3368,ComplicatedToken#0775,1739451540929,3,30644,30204,91933,0.0,0,0,0,6,SUCCESS,30644,bWpzS_2SS3eY5PNAGm73ig
3369,Lorena#0558,1746240335054,3,30663,28200,91991,0.3333333333333333,0,1,1,3,SUCCESS,30663,ksTplfr4QlW6Fi66KMDM_g
3370,Antonio#2336,1749484096787,3,30663,25393,91991,3.0,0,8,9,31,SUCCESS,30663,OYChoDWhQn-XNSbGIIlRqQ
3371,GustavoMourao-UNB,1746817848517,3,30663,26801,91989,0.6666666666666666,0,2,2,1,SUCCESS,30663,z5G1yAl5QiiHmyI-CC0NiQ
3372,InfiniteLine#5740,1758691718055,3,30664,30401,91994,0.0,0,0,0,1,SUCCESS,30664,o5U_n9IhQqetlQdNSgcl7A
3373,EsteemedConsole#4330,1758193662737,3,30664,28663,91994,0.3333333333333333,0,1,1,2,SUCCESS,30664,7L1JtP7wQf2zeck5GucrFw
3374,HashableMetaclass#7967,1746182822883,3,30664,30330,91992,0.0,0,0,0,2,SUCCESS,30664,4Mw7BENgQrup7IM40SsDWQ
3375,IterableCircuit#0110,1749765974898,3,30665,30539,91996,0.0,0,0,0,3,SUCCESS,30665,8sohNnWwTSatySIwtudrbQ
3376,CrypticDigit#2557,1748442705098,3,30665,30195,91996,0.0,0,0,0,2,SUCCESS,30665,wiQ17ZUUQ0mv4FZNUx3IQw
3377,FocusedBottleneck#6704,1743077446537,3,30666,30602,92000,0.0,0,0,0,2,SUCCESS,30666,egFTpvPnRZKo7Ssx7lNk0Q
3378,Thebigpapu2005,1745106564490,3,30666,28533,91999,0.3333333333333333,0,1,1,1,SUCCESS,30666,5VGswXkJSGSaZxYPOlBXNQ
3379,Formulaic486#6181,1745910273879,3,30684,30322,92054,0.0,0,0,0,3,SUCCESS,30684,UabUxF7mTemOqfRRyiCGPg
3380,NumericGrid#2154,1746791991132,3,30685,30398,92056,0.0,0,0,0,2,SUCCESS,30685,ZNcy7if6R0CiQCk-23_1YA
3381,ProgrammingHypothesis#3364,1745718269688,3,30685,30536,92055,0.0,0,0,0,2,SUCCESS,30685,f4vNsAE7TQWIFxstIru0Eg
3382,QuickSystem#4637,1746410375932,3,30685,30200,92056,0.0,0,0,0,2,SUCCESS,30685,5Mq1hK70S0mJYSFjlwBILA
3383,FiniteDebugger#0906,1755007289439,3,30685,30134,92057,0.0,0,0,0,1,SUCCESS,30685,3YH2BWSCTHehl41Qpt5JpA
3384,IterableState#5348,1747209186877,3,30686,30065,92060,0.0,0,0,0,1,SUCCESS,30686,Ok7rVEsCTR6ir6jI2q8xBg
3385,ProcessingLambda#4405,1744064632145,3,30686,30534,92058,0.0,0,0,0,1,SUCCESS,30686,BM8oaxbvTzGh7tG-CfW0TQ
3386,UnboundEngineer#7129,1738272739499,3,30686,30135,92058,0.0,0,0,0,1,SUCCESS,30686,rVcM6liHTZGFc5a8Wtwwrg
3387,SamithDeshaiSiddo,1744001473983,3,30687,30468,92061,0.0,0,0,0,1,SUCCESS,30687,Wz9cB6A8S4KFufTmQbCCIA
3388,PassingFormula#7108,1738650862728,3,30707,28464,92123,3.3333333333333335,0,10,10,1,SUCCESS,30707,3ACmz1SPR16HXYjNxog1eQ
3389,ArthurRamalhoSouzaAlves-IFPB,1746222352386,3,30708,23533,92126,2.3333333333333335,0,7,7,3,SUCCESS,30708,st8Jz_VwQPiXOqfPJZXoxg
3390,CleanSlice#0654,1744973187983,3,30708,30063,92124,0.0,0,0,0,1,SUCCESS,30708,uGicWa9uRJaOyY9NNPT0RQ
3391,BlockchainTag#4947,1755702570825,3,30709,27995,92129,0.6666666666666666,0,2,2,7,SUCCESS,30709,94V2d6KMTqeaYlYyCP6-IQ
3392,Gnomio,1754332350918,3,30709,22736,92129,3.3333333333333335,0,10,10,34,SUCCESS,30709,S6g2UsuiRLSAQTyrjmBU9w
3393,UnicodeResource#3857,1742746409938,3,30710,30462,92131,0.0,0,0,0,7,SUCCESS,30710,C4HwMEa2SKmxSUb3OLq6Gg
3394,cc25-17,1755158527795,3,30727,27258,92183,2.6666666666666665,0,8,8,4,SUCCESS,30727,bjqcRs4MQ0uIzU7r7i0fhA
3395,McQueen-Engineers-Eduardo,1758230058969,3,30728,19600,92186,3.0,0,9,9,1,SUCCESS,30728,VOGR8uTCSfeTeZ4TL4rnzA
3396,Connected486#2379,1741859214791,3,30728,30723,92186,0.0,0,0,0,1,SUCCESS,30728,kTVl60o6QH-s4bBrZtBzUA
3397,GlacierDrift,1755015318574,3,30730,30194,92192,0.0,0,0,0,3,SUCCESS,30730,G1aSTnqKQtuhLHX_DjazhA
3398,TechnicalEngineer#4934,1746455935898,3,30731,28193,92194,0.3333333333333333,0,1,1,1,SUCCESS,30731,Pa8_MFegRhKWsRldqYp9QA
3399,DesktopEngineer#4567,1743095838659,3,30732,30596,92196,0.0,0,0,0,2,SUCCESS,30732,qm16JS3CRzucmV1kF32TPA
3400,Blockchain486#2738,1757857019983,3,30734,28802,92202,3.3333333333333335,0,10,10,2,SUCCESS,30734,OB7LOn1GRLaChyW9cdJxVw
3401,IterativeDeadline#5639,1752809569585,3,30752,25135,92256,3.0,0,9,9,3,SUCCESS,30752,qYL71nxLTO6DyiioGeiEBw
3402,MechanicalMethod#5054,1746219175239,3,30753,30006,92259,0.0,0,0,0,2,SUCCESS,30753,waHXy0RNS6CpeaGeW_JCUw
3403,LeetZone#4018,1736841986686,3,30753,30666,92260,0.0,0,0,0,1,SUCCESS,30753,6hMH2rlETbuQaXLMmjzeZw
3404,RAMANNAGunde#FI-Sirius,1755008371950,3,30753,28731,92260,1.3333333333333333,0,4,4,10,SUCCESS,30753,VjZwXZK7Qbuo8ckuXzl4lg
3405,IterableFunction#1567,1746191318228,3,30753,29517,92261,0.0,0,0,0,3,SUCCESS,30753,1Q2OqG4DR8W6pLHSlh2DDA
3406,BeckyS,1748001650829,3,30753,25594,92259,3.0,0,9,9,1,SUCCESS,30753,eMcmcPSlSp-UOBNgrP1oqA
3407,emanueldlukas#7252,1745817046669,3,30760,28733,92282,0.3333333333333333,0,1,1,5,SUCCESS,30760,5qjiCrlFRZuQOB1BPnNukQ
3408,JavaMethod#5944,1746087760413,3,30774,30651,92322,0.0,0,0,0,3,SUCCESS,30774,ESU3PH4jSBic74tDSkzWvA
3409,Team5-Yanzhe,1758609866738,3,30775,30600,92325,0.0,0,0,0,2,SUCCESS,30775,wnIS0iF2RN21GAQdlcCYtA
3410,MemoryFormula#0150,1754929002020,3,30775,30466,92325,0.0,0,0,0,1,SUCCESS,30775,11jYO73iSReR1HLkOIrtAg
3411,Air-007#05,1745207005513,3,30776,30597,92330,0.0,0,0,0,1,SUCCESS,30776,HDfBwzXORPK0jwsFLFkkLw
3412,Zyh-04,1745307999987,3,30777,30466,92332,0.0,0,0,0,1,SUCCESS,30777,AMqATtvKSsqzvTgJJD7xBQ
3413,ProcessingError#6769,1748006624198,3,30796,30009,92388,0.0,0,0,0,1,SUCCESS,30796,4ONrp2HYQBqLvbXjSB3EKA
3414,FuturisticError#1646,1737694584196,3,30796,30529,92389,0.0,0,0,0,1,SUCCESS,30796,u3v6vKvaSyKnazYdEN0Mtw
3415,cc25-046,1757642389528,3,30797,26135,92391,3.0,0,9,9,3,SUCCESS,30797,KjoGqiSsRa-Ai3kzqFTwVg
3416,AccessibleHypothesis#4674,1747437246988,3,30797,30592,92392,0.0,0,0,0,1,SUCCESS,30797,HL8eQOO7Qk2ItpRf2t8PVg
3417,ComplexNetwork#4324,1738611257447,3,30799,30599,92398,0.0,0,0,0,1,SUCCESS,30799,6jGTmblNRu6W4Hjd88njGw
3418,GammaState#2020,1748885910229,3,30799,30730,92397,0.0,0,0,0,4,SUCCESS,30799,hXjSf-ePRYq5HvMtJ06Qrw
3419,ComplicatedShell#3924,1751941606150,3,30819,30068,92458,0.0,0,0,0,1,SUCCESS,30819,DvBkv0vUTzSWrygDFgrPcg
3420,FungibleTest#9324,1744193307981,3,30820,30130,92461,0.0,0,0,0,2,SUCCESS,30820,Y-iKHA28T4O-Jy-99wfPow
3421,MemoryVariable#3711,1747130505077,3,30820,30603,92462,0.0,0,0,0,1,SUCCESS,30820,hA9ntky2TF6ys870MdKw5A
3422,NullLambda#6957,1738479453743,3,30822,24793,92468,3.0,0,9,9,2,SUCCESS,30822,u-cE4xADTYO1k8TUKfuQUg
3423,YgordeAlmeidaPereiraUFCG,1746236173350,3,30840,16668,92521,2.6666666666666665,0,8,8,1,SUCCESS,30840,i2_Vx9UkSgSdzyVDfGPnGQ
3424,Peyton#0706,1755006231731,3,30841,30331,92524,0.0,0,0,0,2,SUCCESS,30841,_gfVH_ZZSzWAZDFLKYRXmA
3425,IsabellaMacedo-UFAM,1747110132921,3,30841,30591,92523,0.0,0,0,0,11,SUCCESS,30841,z5NU3hffT5at67NFxlowbQ
3426,SequentialMethod#9457,1738328002258,3,30841,30334,92523,0.0,0,0,0,1,SUCCESS,30841,BQlI77RtR-uq0FwqMjKdYQ
3427,StructuredOrder#8649,1740363764282,3,30842,30599,92526,0.0,0,0,0,2,SUCCESS,30842,9CkSowBQSZKrACM6w5AK2g
3428,HigherError#1068,1748325062459,3,30843,28733,92531,0.3333333333333333,0,1,1,3,SUCCESS,30843,bY-oyKtyQQ-eFjmkClbfuQ
3429,MechanicalAnalyst#6067,1755024919028,3,30843,30727,92531,0.0,0,0,0,4,SUCCESS,30843,aclTvIa5RfCQNIMRwLhqAw
3430,StructuredToken#8640,1749846864507,3,30862,30666,92588,0.0,0,0,0,1,SUCCESS,30862,p78xrtJDSQO5HAhJM0nLLg
3431,RobotArgument#6156,1747030499486,3,30864,30465,92594,0.0,0,0,0,1,SUCCESS,30864,Yuua4zi_SOSyPoFZD5N2kA
3432,Tablet486#0843,1748023867071,3,30865,30258,92597,0.0,0,0,0,1,SUCCESS,30865,p6T8AHIcSIGVHyrjODt5jQ
3433,ImportantLine#3405,1746185295608,3,30865,30134,92595,0.0,0,0,0,1,SUCCESS,30865,VL6pLmZYRF6K_-3vSmxgFQ
3434,IterativeEngineer#7251,1743584819921,3,30885,30065,92655,0.0,0,0,0,1,SUCCESS,30885,Du1Om78xStWlk7VOL7bt3w
3435,ComplicatedScope#4175,1751047351936,3,30885,30202,92656,0.0,0,0,0,8,SUCCESS,30885,3J0vBIBsQ3ajfZxNtUt3FQ
3436,GenerativeArray#9745,1749483246702,3,30885,30656,92656,0.0,0,0,0,1,SUCCESS,30885,-pUeya85RdW_uNlr-kRIaQ
3437,Kotone-Matsutani,1736957395234,3,30886,22867,92659,3.3333333333333335,0,10,10,6,SUCCESS,30886,ekQ2DfWtTPiIARwP_fhpaQ
3438,10xArray#1670,1745909758684,3,30886,30067,92658,0.0,0,0,0,2,SUCCESS,30886,_2EyOgjlQM6nkUThiGRrrg
3439,AsynchronousSchematic#8322,1747088414018,3,30887,30734,92663,0.0,0,0,0,2,SUCCESS,30887,8s0GY-UfRCiDBcl2fOQ-lw
3440,SalilGrover,1747318150606,3,30889,20274,92669,3.0,0,9,9,3,SUCCESS,30889,OBsoyN9aRiWbLMjq0HEgCQ
3441,CloudSpeedsters#Sugumar,1755355468689,3,30907,30396,92722,0.0,0,0,0,4,SUCCESS,30907,Z9QplQciSHS6g4OEkx_aVw
3442,Team3-Anwer-Gupta,1745032779493,3,30907,30528,92722,0.0,0,0,0,3,SUCCESS,30907,N_NgYUZ6SiaLKcgwah65Yg
3443,NeuralClass#7830,1754919240639,3,30908,22402,92726,3.3333333333333335,0,10,10,7,SUCCESS,30908,LnZ--7GBTJ6c-COCUpXHdQ
3444,MariaCelina,1753073376798,3,30908,17937,92725,2.3333333333333335,0,6,7,3,SUCCESS,30908,pEbSxucUQpGllIRZPEe14g
3445,LoopingGame#8100,1746310902281,3,30910,30800,92730,0.0,0,0,0,1,SUCCESS,30910,Cxw3xmasRqOARy027pikjA
3446,AgileFormula#0317,1756648114324,3,30929,30461,92789,0.0,0,0,0,2,SUCCESS,30929,F-zoTJhnT6iImsCZFXvkYA
3447,AsynchronousCommand#8091,1744775241983,3,30930,30524,92790,0.0,0,0,0,1,SUCCESS,30930,eKSUYlPTQ7SXcC4-6r7Kkg
3448,StructuredDebugger#3162,1748330781800,3,30930,30464,92791,0.0,0,0,0,2,SUCCESS,30930,9KvuLKeaSBSNCTQu-qQRQA
3449,FungibleTester#3278,1745093729827,3,30930,30390,92791,0.0,0,0,0,1,SUCCESS,30930,vq9HygXPRt6jASA9E7XHrw
3450,FunctionalSlice#8017,1746005665307,3,30931,30802,92794,0.0,0,0,0,2,SUCCESS,30931,x3CZbP8SQzKd1aO_LwTVww
3451,InteractiveSandbox#1209,1746002104977,3,30932,30862,92796,0.0,0,0,0,1,SUCCESS,30932,B9Y8nUzCT_-2LyvW_IQ4XQ
3452,Ude25,1745549740576,3,30932,30732,92798,0.0,0,0,0,2,SUCCESS,30932,a8wijrYaSXSjsr_QCEGT-g
3453,InteractiveState#8504,1754363495293,3,30932,30603,92796,0.0,0,0,0,4,SUCCESS,30932,VRLoI_HkRhagdFhAK5qX5w
3454,CloudWatchWarrior#3,1755127173368,3,30935,18454,92805,2.0,0,6,6,5,SUCCESS,30935,3KmrG9sLRTmwxlwwhzuwWQ
3455,UpgradedArithmetic#9302,1737155736768,3,30952,30141,92857,0.0,0,0,0,1,SUCCESS,30952,2Nhkyaq_R_CEH4qLrfwpag
3456,MemoryArray#6913,1746720340763,3,30952,18065,92856,3.3333333333333335,0,10,10,1,SUCCESS,30952,yVLxJBuKRpatQMDCh1ooyw
3457,sRICKMTW-CHANG01,1751189508682,3,30952,22264,92858,2.6666666666666665,0,8,8,1,SUCCESS,30952,kYC_4nZdQdWkcAR13_i4gg
3458,BlockchainDeadline#6624,1743996348040,3,30953,30523,92861,0.0,0,0,0,6,SUCCESS,30953,MKV-J_soSsmcYmp7egTULw
3459,Heikki,1743488940258,3,30954,30403,92862,0.0,0,0,0,5,SUCCESS,30954,pz-csEWuS9uc29BGEFYLTA
3460,SolvableMetaclass#8472,1745308609005,3,30973,30534,92920,0.0,0,0,0,2,SUCCESS,30973,U62OifrQSeuHzflNx3ANZQ
3461,jana,1737577113216,3,30973,30866,92921,0.0,0,0,0,1,SUCCESS,30973,JrtPbUy9QHqYJ5OJ-Rwqew
3462,Zero-dayLambda#5040,1742428138133,3,30974,30931,92924,0.0,0,0,0,1,SUCCESS,30974,AACzW2xlSUGNchQFMde7WQ
3463,MobileBooster#6813,1749453212424,3,30975,30800,92927,0.0,0,0,0,7,SUCCESS,30975,_WwSoBkMQ3KvhI35mIVRTA
3464,ContinuousPresentation#7783,1742229216667,3,30975,29934,92925,0.0,0,0,0,1,SUCCESS,30975,BTc43fHsRuereYpOa3h_nw
3465,Rocketman#0598,1743703408001,3,30976,28599,92929,0.3333333333333333,0,1,1,1,SUCCESS,30976,oD1UvqkxTi2nevqM9T_dJw
3466,EUI--G8,1738148644490,3,30995,30790,92985,0.0,0,0,0,2,SUCCESS,30995,wh0rSLaZS8-E_JxfLt1NcQ
3467,ComplicatedCallback#1473,1758019539372,3,30996,30467,92988,0.0,0,0,0,1,SUCCESS,30996,PkO1jEfhRW-oYQ1ImOTRrQ
3468,Zero-daySpec#3736,1757667008652,3,30996,30390,92988,0.0,0,0,0,2,SUCCESS,30996,WXOoREbWQzGnOY008p50Og
3469,TW-TonyKuo,1750501753878,3,30996,30871,92990,0.0,0,0,0,2,SUCCESS,30996,V_ri9dKrSxuka4RLljq94g
3470,10xCircuit#1435,1741844775374,3,30997,29139,92992,0.3333333333333333,0,1,1,2,SUCCESS,30997,TfCZmQllS66o33weaKyEeQ
3471,AutomatedSwitch#3114,1746183817446,3,30998,30804,92996,0.0,0,0,0,4,SUCCESS,30998,J98_DNrgQ4iO8KC21d2FDw
3472,GIST-DeepRacer19,1754286965714,3,30998,28262,92994,2.6666666666666665,0,8,8,1,SUCCESS,30998,WYGdYSjUR-aY3_Iiztj9Xw
3473,UnboundModel#6832,1747630784419,3,31018,30322,93056,0.0,0,0,0,4,SUCCESS,31018,s9gj47CvSEezr6XnxDEFSg
3474,NumericHacker#8570,1749721876923,3,31020,28465,93062,0.3333333333333333,0,1,1,1,SUCCESS,31020,Jpe4Uo1HRnKJpBeXHqm-jg
3475,EncryptedResource#1980,1748199484557,3,31021,30659,93064,0.0,0,0,0,1,SUCCESS,31021,8-NEnFX_SZOd7kuAElbHnA
3476,CreativeEvaluation#2527,1744134848212,3,31021,27132,93065,1.6666666666666667,0,5,5,1,SUCCESS,31021,GntHlg_BRw2KQXZTf1WqXQ
3477,ChicaneChamp#2521,1757924773525,3,31022,27199,93066,2.6666666666666665,0,8,8,1,SUCCESS,31022,mjIa2jZRSx-5NMGbC8WmaQ
3478,UrgentTag#8720,1755696510998,3,31022,29797,93068,1.0,0,3,3,2,SUCCESS,31022,Am-ZhS9BQ8K45NZV61fLaQ
3479,BigString#5339,1743937485917,3,31040,30468,93122,0.0,0,0,0,7,SUCCESS,31040,Rujq3I9SR9eKQR_EOKRzqQ
3480,HashableTag#3054,1743647003230,3,31041,30402,93125,0.0,0,0,0,1,SUCCESS,31041,FXczFTYYTGeBkzIzooRHaQ
3481,IshworPaudel,1744768973132,3,31041,28528,93124,0.3333333333333333,0,1,1,3,SUCCESS,31041,KBm7aIAYTRCQSSlQdti5aw
3482,VirtualDescriptor#1719,1751730725214,3,31042,30337,93126,0.0,0,0,0,1,SUCCESS,31042,GYMmRv_sRkGLnUVwGB1Yjw
3483,ComplexServer#9087,1745559187234,3,31043,25805,93131,1.0,0,3,3,1,SUCCESS,31043,eRYgTz-hSye8nuWf5X6QYw
3484,ComplicatedNamespace#8469,1746006116599,3,31044,30595,93132,0.0,0,0,0,1,SUCCESS,31044,Go0z4oAyRqmcW0r0HN5I5Q
3485,BigSchematic#1443,1742809367131,3,31063,30992,93191,0.0,0,0,0,1,SUCCESS,31063,eaClV6mYTvGSwlPiq68iAg
3486,FormulaicDebugger#6496,1757966715561,3,31063,30865,93189,0.0,0,0,0,2,SUCCESS,31063,j3AT4pQoQSyvNqx5dvVb7g
3487,GammaState#1727,1736791639366,3,31063,30799,93190,0.0,0,0,0,1,SUCCESS,31063,2dlZTitnSL-5oZbEeajDAQ
3488,ContinuousNumber#2099,1743705439041,3,31063,30734,93191,0.0,0,0,0,1,SUCCESS,31063,DlAIRnvlTYO6GfhWXdj_uA
3489,QualityAnalyst#6863,1746723542712,3,31063,27333,93191,3.6666666666666665,0,11,11,2,SUCCESS,31063,LT-_Lh_WSjyPzWbY4CkBFA
3490,MechanicalDeadline#8136,1747324009307,3,31064,18195,93193,3.3333333333333335,0,10,10,5,SUCCESS,31064,bZ6sQcQgRqW4tVxvtWz6Rw
3491,VirtualSystem#0100,1755247182728,3,31064,30803,93194,0.0,0,0,0,1,SUCCESS,31064,wVgxYrpvQ6qDBY-Hw3NlLA
3492,BetaCallback#9769,1743912144834,3,31065,30660,93195,0.0,0,0,0,2,SUCCESS,31065,3W228blDQ6G-bqKOVoTbWg
3493,PrototypeDelta#3340,1737521367812,3,31065,30932,93195,0.0,0,0,0,1,SUCCESS,31065,ihAr-31wQpiOdB8WxJr39g
3494,NumericNamespace#3940,1736551538739,3,31084,30532,93254,0.0,0,0,0,1,SUCCESS,31084,plc_fZaMREW-3af5BsSrQQ
3495,Team14-Nigel,1756701020995,3,31085,29061,93256,0.3333333333333333,0,1,1,1,SUCCESS,31085,Pf-B0OWHQkqTtOTRi7dmdQ
3496,DeepAbstraction#2642,1746181204271,3,31086,30932,93258,0.0,0,0,0,2,SUCCESS,31086,Uya2TucATLKlymqd7xTpRQ
3497,Zero-dayNetwork#6736,1746090121307,3,31086,30533,93258,0.0,0,0,0,2,SUCCESS,31086,qXosKUC0QBuJgmizPqX8hQ
3498,UrgentArchitect#2579,1746174061923,3,31087,30462,93261,0.0,0,0,0,3,SUCCESS,31087,SPlkXZ6OQ4mCqUU7MPtozA
3499,Davi-Facundo-UFC,1746653048946,3,31088,22127,93265,3.6666666666666665,0,11,11,4,SUCCESS,31088,5ny2jxo2Q5mZ7HvSn4ysiQ
3500,ReferenceComment#1363,1741885871839,3,31089,29260,93267,0.3333333333333333,0,1,1,1,SUCCESS,31089,rfuOphrhSUek3aTib4ShNA
3501,BackloggedServer#2431,1747665776888,3,31105,30851,93316,0.0,0,0,0,1,SUCCESS,31105,3RRjR07tS8CkYM9ZO9tytA
3502,NANTOKASenna,1756992488028,3,31107,28989,93321,0.3333333333333333,0,1,1,3,SUCCESS,31107,y6wiQ8zMSnmdGgFTgjSIAQ
3503,CyberneticSlice#3285,1750390537460,3,31108,30860,93324,0.0,0,0,0,2,SUCCESS,31108,BZLYvMvoR1Suo8r93auHog
3504,IntelligentString#8705,1757858301283,3,31108,29734,93325,0.0,0,0,0,2,SUCCESS,31108,Y0deaDDsRrmYxGIll4h1Nw
3505,BooleanValue#6063,1755043273821,3,31108,30792,93325,0.0,0,0,0,1,SUCCESS,31108,YKu2TTmeSDOSVMo7kisUAg
3506,ProvisionalCommand#2235,1740649716609,3,31108,30993,93325,0.0,0,0,0,1,SUCCESS,31108,uwlQNFFzTHKJJAbaTdPnzg
3507,EsteemedResource#0665,1744788347922,3,31108,25466,93326,3.0,0,9,9,1,SUCCESS,31108,rLhZCvQ9Qxq6nlYOCKZVIg
3508,CyberneticExpert#4562,1749026009909,3,31109,30667,93329,0.0,0,0,0,4,SUCCESS,31109,c_ofTG69RY-uQ4qg_fnRcg
3509,FocusedShell#2157,1743524585610,3,31109,30198,93329,0.0,0,0,0,1,SUCCESS,31109,yEO_Efx5TJO8qP7JEZSzLQ
3510,GIST-DeepRacer12,1752904467518,3,31109,29267,93328,0.3333333333333333,0,1,1,1,SUCCESS,31109,IaMAeKrGTju4jklO8KuMUw
3511,ConnectedParameter#7723,1746575823453,3,31109,30925,93327,0.0,0,0,0,1,SUCCESS,31109,oT04xUsqQP2OIv1lz57Svg
3512,FocusedState#8262,1747660778768,3,31109,31064,93327,0.0,0,0,0,1,SUCCESS,31109,3Ys70i8MRsKFuFHsW4UDtg
3513,KrakowTeam-VitaliyRyzhynsky,1747917661979,3,31110,24861,93331,3.0,0,9,9,5,SUCCESS,31110,XjRGRh8-RWqdT2OXF4LNgw
3514,WebScope#0498,1757056986736,3,31110,23799,93331,1.0,0,3,3,1,SUCCESS,31110,Lsi__LIwTrKCYCd6xaLd0A
3515,UnboundEnvironment#4978,1741920958954,3,31130,18998,93392,2.3333333333333335,0,7,7,2,SUCCESS,31130,LCe61DOUSj6VCH-8n42tfA
3516,ContinuousEnvironment#1629,1741726416462,3,31130,30734,93390,0.0,0,0,0,13,SUCCESS,31130,peaBn5OCReqY53hWyTiXhQ
3517,NumericDescriptor#3286,1742378056259,3,31130,29269,93392,0.3333333333333333,0,1,1,1,SUCCESS,31130,DrACo1BhTk2VtCiQimiagg
3518,DeepNotation#4902,1746180742769,3,31130,23068,93392,3.3333333333333335,0,10,10,5,SUCCESS,31130,mKeJ6ln-ToG0bIkY7Z8CnA
3519,Team-Late-Apex-Moreno,1744651607895,3,31131,30926,93395,0.0,0,0,0,1,SUCCESS,31131,sk_LyQ49RiW98ILac08YNQ
3520,MemoryHypothesis#3076,1746087371211,3,31131,31058,93393,0.0,0,0,0,4,SUCCESS,31131,UMCv5fvYSJaL41aMJioOUg
3521,10xSwitch#5684,1748406442445,3,31132,31063,93396,0.0,0,0,0,2,SUCCESS,31132,tpUOvmBKQIefnxyWLJ7nVA
3522,NestedSchematic#5846,1758691722621,3,31151,29326,93455,0.3333333333333333,0,1,1,2,SUCCESS,31151,eCwP398ZSPGNpAluQudfuw
3523,ParametricZone#4634,1740497166690,3,31152,28598,93458,0.6666666666666666,0,2,2,2,SUCCESS,31152,4hzn4MQkSgCnS7HRU-sh8g
3524,FocusedParameter#0702,1742921715356,3,31153,27262,93460,0.6666666666666666,0,2,2,4,SUCCESS,31153,FxFiTBnKRE-6uCa55sU-Nw
3525,TIF-Spark,1747320835784,3,31153,29268,93461,1.3333333333333333,0,4,4,3,SUCCESS,31153,liKDowM7Rka8dOtW9yyAQw
3526,PachecoAparicio,1739808691551,3,31153,29002,93460,0.3333333333333333,0,1,1,3,SUCCESS,31153,bHQN3Zt8RD-PaFRq_8X4Sg
3527,TIF-Need-for-speed,1744715583873,3,31154,31060,93462,0.0,0,0,0,2,SUCCESS,31154,xkETu2SnSZeKYj3zi_F4Jg
3528,BooleanWorkaround#6103,1749562874297,3,31175,31129,93526,0.0,0,0,0,1,SUCCESS,31175,Q3vgMHwiQTqIa_ilui4DKQ
3529,ChenchoVi,1739793193983,3,31175,25857,93526,3.0,0,9,9,3,SUCCESS,31175,rkb_qi2cRTy5i1TpjgjT_w
3530,FiniteLambda#5591,1740163841828,3,31175,30532,93525,0.0,0,0,0,1,SUCCESS,31175,YZCBd6LAQfmL7EkKAEWA3Q
3531,NumericArchitect#7798,1746016474884,3,31176,30591,93530,0.0,0,0,0,4,SUCCESS,31176,gAZucb3CTymTlzempWTFNw
3532,BooleanPackage#5885,1749589879412,3,31195,30999,93587,0.0,0,0,0,1,SUCCESS,31195,WU7yAeQXSfqgd11C2mNEcg
3533,NTi-G8,1738515620704,3,31196,28197,93589,2.6666666666666665,0,8,8,3,SUCCESS,31196,EC4FpJONSnmSV4qw7J8Feg
3534,FB,1746760486863,3,31197,31065,93591,0.0,0,0,0,1,SUCCESS,31197,qPFdT0WTR3SZkWgLVHDONA
3535,BrainyFunction#1737,1741333023156,3,31197,22397,93593,3.6666666666666665,0,11,11,2,SUCCESS,31197,KZQoxWDJTmqON0nG8Dlv6w
3536,X1-Senna,1758788381467,3,31197,23397,93592,3.3333333333333335,0,8,10,2,SUCCESS,31197,-Zi9suBUSvWbpY_VZrxpZw
3537,FocusedLoop#2411,1747157950109,3,31198,30065,93595,0.0,0,0,0,1,SUCCESS,31198,JtOffuUQR0WjxZMYVV2G8g
3538,NestedAnalysis#4183,1745390858444,3,31198,29531,93594,0.3333333333333333,0,1,1,1,SUCCESS,31198,-eHu_q2eRzu1gqG7DOejrw
3539,UpgradedDigit#3440,1738995058625,3,31198,23672,93595,3.3333333333333335,0,10,10,2,SUCCESS,31198,XvpnRNsFQFOQGcBLY7f5Gw
3540,MSEDU-S10,1752641660841,3,31198,29336,93595,0.3333333333333333,0,1,1,5,SUCCESS,31198,0EzNuH94QBmwlhatlXOByg
3541,ComplexGame#9312,1740675079668,3,31198,28934,93595,3.3333333333333335,0,10,10,1,SUCCESS,31198,qTZaMeOdQGS-uETP6z8ywg
3542,VirtualEnvironment#3673,1755041008739,3,31198,27662,93595,3.6666666666666665,0,11,11,2,SUCCESS,31198,GlkpEoUWQc2v-NY4FEi2bQ
3543,cc25-075,1757489174819,3,31217,30940,93653,0.0,0,0,0,2,SUCCESS,31217,w_tNEMRzSFW4vtDxCdw_Kg
3544,UrgentFix#7270,1757692317053,3,31218,30603,93654,0.0,0,0,0,2,SUCCESS,31218,PPjLeF3KS1q6CLpQ0q7VnQ
3545,EsteemedAbstraction#5325,1749497567284,3,31218,30988,93656,0.0,0,0,0,1,SUCCESS,31218,HH8t4XjDRGGiDS2ej5ItpQ
3546,YevheniiZahynailo#0469,1743533922116,3,31219,30531,93659,0.0,0,0,0,3,SUCCESS,31219,bvAtnneOTWWMIMPCrWYbFQ
3547,PassingDataset#4650,1740431936133,3,31219,20662,93658,3.0,0,9,9,6,SUCCESS,31219,kbA54M9xSzaPQidiBe2mCA
3548,FocusedNamespace#4710,1743279124905,3,31220,29268,93662,0.3333333333333333,0,1,1,1,SUCCESS,31220,hDv7xX_ETPKxmoiY_NKmnA
3549,PrototypePoint#3805,1749995932260,3,31220,31069,93662,0.0,0,0,0,1,SUCCESS,31220,fF6nq40XQNeWTOwry_lNXA
3550,SIO-cross,1759214958297,3,31220,30864,93660,0.0,0,0,0,3,SUCCESS,31220,WJ20cLWQQga7gXnFrd_kQQ
3551,FormulaicGrid#8112,1740892199451,3,31220,30997,93660,0.0,0,0,0,1,SUCCESS,31220,qWQz2IZ_QpOGo5p_WW9SZA
3552,FungibleString#1538,1742605842535,3,31220,31196,93662,0.0,0,0,0,2,SUCCESS,31220,4xBA5fiZQGiRxlvHbC4zNQ
3553,MEKE,1757330010988,3,31222,28068,93666,0.6666666666666666,0,2,2,3,SUCCESS,31222,zHNYbgQRSm62ZEMi_tls4w
3554,MechanicalCommand#2382,1744781816527,3,31239,29059,93717,0.3333333333333333,0,1,1,1,SUCCESS,31239,hVlWonAwSlmWl7L5UFHZrQ
3555,ASCIITag#2893,1737264736123,3,31240,31068,93722,0.0,0,0,0,1,SUCCESS,31240,Y5CqpkhxT6yhZ6Y6MOk5qQ
3556,ProgrammingCoder#8436,1749691241028,3,31241,31000,93724,0.0,0,0,0,1,SUCCESS,31241,DLdytrVgQ5iJ_W1SdTgzGg
3557,CurlyArray#1295,1747741907901,3,31242,30869,93727,0.0,0,0,0,1,SUCCESS,31242,9U28rlbNSX-ewXyx7rfcBA
3558,MachineArray#0025,1743532786514,3,31242,29523,93727,0.3333333333333333,0,1,1,5,SUCCESS,31242,Tg7ib16XT7C6wbZlD2QVYg
3559,UnboundCircuit#5376,1743239211986,3,31243,29391,93730,0.3333333333333333,0,1,1,1,SUCCESS,31243,zjjjO7aRRHSG7hmn4f4YXw
3560,PrimeTable#2918,1736875040963,3,31244,23863,93733,3.3333333333333335,0,10,10,4,SUCCESS,31244,BYcXufpQRA6WSTjjY4Pjiw
3561,PrimeModel#3387,1741920989354,3,31263,26255,93791,2.0,0,6,6,2,SUCCESS,31263,6EZrL-C6SsaMrv-12_jmIg
3562,ConnectedSystem#5725,1740101309831,3,31263,31132,93789,0.0,0,0,0,2,SUCCESS,31263,hKnhoABbRT6wYf2GZ2cG_w
3563,KidnDadITSoup,1739299503448,3,31263,31072,93790,0.0,0,0,0,2,SUCCESS,31263,obWYMKhSQCi71-QdjIlr-w
3564,MichaelShoeMaker,1758543497407,3,31263,28937,93791,0.3333333333333333,0,1,1,1,SUCCESS,31263,GDxVC3XEQFaRAMZMrXhfzw
3565,CriticalSwitch#3026,1747236438235,3,31263,30597,93791,3.0,0,9,9,1,SUCCESS,31263,s31_AY4WTmyyACs5skjW2A
3566,FocusedContext#9415,1745072898710,3,31265,31066,93797,0.0,0,0,0,1,SUCCESS,31265,LUjMRsrhSVeql92Nkuue5g
3567,ASCIIComment#8663,1739303765205,3,31284,30728,93852,0.0,0,0,0,1,SUCCESS,31284,V1wwrKD9TeSK5zcwz5zrkA
3568,Tomppa#,1747853381874,3,31285,30990,93856,0.0,0,0,0,1,SUCCESS,31285,E_E_Vt9dRMuTFZ5QI-eb2A
3569,ProcessingDocumentation#6803,1741589917312,3,31286,29535,93858,2.3333333333333335,0,7,7,4,SUCCESS,31286,UUHRxbzEQEiFWQf0lNWvLg
3570,DieMausis,1757516758864,3,31287,30855,93862,0.0,0,0,0,1,SUCCESS,31287,kQX1sqLMQlafeOK1WbVruA
3571,Storm-Blossom,1742825634805,3,31287,30931,93862,0.0,0,0,0,1,SUCCESS,31287,EaTgLBzSShyEdmurP9yRUg
3572,SequentialArgument#9197,1746003856470,3,31288,30935,93865,0.0,0,0,0,4,SUCCESS,31288,6U4iIta7QmOCvgQ9IH587Q
3573,FuturisticAnalyst#6205,1747293946298,3,31289,22398,93867,1.6666666666666667,0,5,5,5,SUCCESS,31289,tY-z5oxLSlO6tKIxj3bUpQ
3574,MemoryNode#7756,1758437406473,3,31308,31002,93924,0.0,0,0,0,2,SUCCESS,31308,MTmfxljqSuusQCCUnUaEtg
3575,BlockchainSpec#6072,1755118941718,3,31308,26401,93926,3.0,0,9,9,1,SUCCESS,31308,_Y4_iH-rTjiaGT4tng115Q
3576,ConnectedClass#2350,1740780927994,3,31308,30994,93924,0.0,0,0,0,1,SUCCESS,31308,cMgJZ_b9SWawI31NDvrJMg
3577,WebEvaluation#7453,1737122704243,3,31308,30992,93925,0.0,0,0,0,1,SUCCESS,31308,EHLh5BuBRXWf7c2yygwQ0Q
3578,Immutable486#1827,1738626166142,3,31308,28326,93924,0.6666666666666666,0,2,2,1,SUCCESS,31308,37JfX451TWuQpIMkXxaFLw
3579,UpgradedSchema#3946,1745681718464,3,31308,30602,93926,0.0,0,0,0,1,SUCCESS,31308,Oi80vnQZSEChNBfAWQNCgg
3580,goesto11,1741297124709,3,31308,23923,93926,1.3333333333333333,0,4,4,5,SUCCESS,31308,RtmBImUbRdKysGZIxFCkiQ
3581,ProvisionalInterface#2167,1748334885928,3,31310,26936,93932,0.6666666666666666,0,2,2,1,SUCCESS,31310,TAZIpVCBRt-BXOe164zOFg
3582,AsynchronousOrder#1795,1746497495838,3,31310,23672,93931,2.3333333333333335,0,7,7,9,SUCCESS,31310,nuYMusoRSO2Y8xyUH0z6Aw
3583,TIF-Racing-Champions,1745348290355,3,31310,28999,93932,0.3333333333333333,0,1,1,1,SUCCESS,31310,Qo-9lOdqQq2yuIKhbp-u-g
3584,BetaTech#3529,1746718090610,3,31310,22328,93931,2.6666666666666665,0,8,8,2,SUCCESS,31310,4CA1DPgFQIilFvYfBLPebQ
3585,TIF-Blazing-Wheels,1745734621999,3,31310,25609,93932,4.0,0,12,12,5,SUCCESS,31310,c7c6cb609ff14cabb079cw
3586,ComplexSystem#4966,1740574000492,3,31310,26064,93930,3.0,0,9,9,1,SUCCESS,31310,d83c0CnNQLuMBPYnOEwM2w
3587,InteractiveToken#2853,1746971770378,3,31328,28195,93985,2.6666666666666665,0,8,8,27,SUCCESS,31328,O-wRfgSmSSKHgrrJSPvBWw
3588,QuickBuster#0728,1752701184437,3,31330,30803,93992,0.0,0,0,0,1,SUCCESS,31330,6QZiqJ3ySt-Rz1kYzMOnNw
3589,MobileAnalysis#4764,1746325748845,3,31330,29399,93991,0.3333333333333333,0,1,1,4,SUCCESS,31330,x9IR5rO3QR-1BE14Soi6xQ
3590,ReferenceGrid#7157,1758056632813,3,31331,29463,93995,1.3333333333333333,0,4,4,1,SUCCESS,31331,0R5fM-xrSXm2XeTUO0F7pg
3591,Rafael-Cezimbra-CIMATEC#0001,1746381767644,3,31331,24594,93994,2.3333333333333335,0,7,7,4,SUCCESS,31331,XA6608qMT-uLjBWwOTbg1g
3592,QuickTag#8400,1745999432339,3,31331,31267,93993,0.0,0,0,0,2,SUCCESS,31331,lG3RTGoZQ8uKA-IWPqUx_w
3593,ComplexInterface#2675,1749033612448,3,31332,31070,93998,0.0,0,0,0,1,SUCCESS,31332,sSgiN3I6Ty6D8HtmWfcD9w
3594,BackloggedAttention#5611,1741405448994,3,31333,27731,93999,0.6666666666666666,0,2,2,1,SUCCESS,31333,8NV5Q7ZlRzmtCX9T7W_asQ
3595,QualifiedObject#8553,1737691361996,3,31352,31262,94058,0.0,0,0,0,1,SUCCESS,31352,QenBgQ9UQqKE5cJRUvttdQ
3596,CriticalDescriptor#4438,1739722969723,3,31352,29328,94058,0.3333333333333333,0,1,1,2,SUCCESS,31352,VoNBzlqfS2mDoa0uQXT3Rw
3597,GenerativeFunction#5258,1742657676904,3,31352,29200,94057,0.3333333333333333,0,1,1,1,SUCCESS,31352,T1_pzz2NTJy1MS72It_IKg
3598,BackloggedCallback#1294,1736853625872,3,31352,30989,94056,0.0,0,0,0,1,SUCCESS,31352,pVRP162fSXGIFivQc9IfOg
3599,NumericByte#7130,1740151318860,3,31352,23124,94058,2.6666666666666665,0,8,8,1,SUCCESS,31352,JO2h3NJ9Tqa8S2AX2ymcZw
3600,CriticalClass#0506,1756361015620,3,31395,31125,94187,0.0,0,0,0,1,SUCCESS,31395,_ibEsSIlRY-dy2AqvxOdDw
3601,JASHPATEL,1746937024493,3,31396,18866,94188,2.3333333333333335,0,7,7,5,SUCCESS,31396,uuC6QaQ_SaKh3QnOMtT_Kw
3602,CyberneticFunction#9175,1740576231929,3,31397,30730,94192,0.0,0,0,0,1,SUCCESS,31397,GlwLAwUdQgazhEuS6WjPzg
3603,BackloggedMetaclass#2661,1752225024070,3,31397,31133,94193,0.0,0,0,0,1,SUCCESS,31397,qVxFwFOeSBSHHZCB-_xGTw
3604,InfiniteCommand#0367,1759487008448,3,31398,31134,94196,0.0,0,0,0,2,SUCCESS,31398,CBC0s_pHQ2C76_GI8ct1ng
3605,AtomicBraces#6013,1747511235969,3,31420,30807,94260,0.0,0,0,0,2,SUCCESS,31420,ezGabU1FTcyUPvxsdM2_zA
3606,VirtualLambda#9020,1758374073914,3,31421,30936,94263,0.0,0,0,0,1,SUCCESS,31421,vZv_FFFGSaOvwPumLwr6zg
3607,NullArgument#8836,1747406694336,3,31422,31266,94268,0.0,0,0,0,1,SUCCESS,31422,_8rwQlElQ7izW9IIspYu4A
3608,UrgentMachine#8552,1738864566920,3,31442,29462,94326,0.3333333333333333,0,1,1,1,SUCCESS,31442,RDZmH5f9Q0edvICSTbHBvw
3609,QuickNotation#6341,1747377222963,3,31442,31133,94326,0.0,0,0,0,4,SUCCESS,31442,XrY1fVxHRyGsj8tGoN3K5Q
3610,LeetSemicolon#3780,1751383846811,3,31442,31194,94327,0.0,0,0,0,5,SUCCESS,31442,mHgVJinuQAOGsyBrkK3tlg
3611,UrgentInterface#7451,1747518349155,3,31442,31325,94328,0.0,0,0,0,1,SUCCESS,31442,YO78ypThQaSTGhwN-vC4cg
3612,QualityDebugger#5192,1746228266483,3,31446,23864,94338,3.3333333333333335,0,10,10,1,SUCCESS,31446,qFKEOp4pQXaE1v2IzivjRA
3613,BrainyMetaclass#9356,1747296363627,3,31463,27468,94391,0.6666666666666666,0,2,2,2,SUCCESS,31463,asEfCeO_Sy2tH5dj-jpotA
3614,NumericDigit#9866,1736793170831,3,31463,30665,94391,0.0,0,0,0,4,SUCCESS,31463,4xfRG2tERE2DLGEE6ZlyeQ
3615,AccessibleComment#6972,1756293705875,3,31464,30797,94393,0.0,0,0,0,1,SUCCESS,31464,tESf8YQgQQuXg_pzirEDKA
3616,RuanMacedo-Labiras-IFPI#14,1746789296796,3,31464,16793,94393,3.6666666666666665,0,11,11,2,SUCCESS,31464,TzrLhIXISGelWcaR9yUELw
3617,NeuralContext#0027,1746805971277,3,31464,30665,94393,0.0,0,0,0,1,SUCCESS,31464,9B8dnx4jQ1uAxwmTuJFuSA
3618,CyberneticCircuit#9799,1740882500731,3,31464,29599,94392,0.3333333333333333,0,1,1,1,SUCCESS,31464,km3Hp5ALQPyagJg4r5xrjg
3619,DeepDrive-Jeriel,1757373866106,3,31465,29267,94395,0.3333333333333333,0,1,1,2,SUCCESS,31465,Csd4BruWRKitNj8CiGmiow
3620,ProvisionalBottleneck#9877,1745419515723,3,31465,31129,94395,0.0,0,0,0,1,SUCCESS,31465,IXfGYAlPQ8GN4PR0wVNW3Q
3621,FocusedAttention#0816,1736309748881,3,31485,31268,94457,0.0,0,0,0,1,SUCCESS,31485,fQAlLA2HR8mIZx-2TXG4VA
3622,AutomatedCommand#8612,1745848510810,3,31486,30925,94460,0.0,0,0,0,1,SUCCESS,31486,8Ct6WaoPTOaxHFaQnmQZWg
3623,EsteemedObject#9247,1755318757195,3,31487,21799,94461,3.6666666666666665,0,11,11,3,SUCCESS,31487,bOrSi9mLRmeIGIMu3s2csA
3624,StructuredNamespace#2135,1741582697220,3,31487,30868,94462,0.0,0,0,0,3,SUCCESS,31487,sl7ow7jcTX-46dgv4EudWg
3625,NumericTest#0058,1742582200639,3,31487,31333,94461,0.0,0,0,0,4,SUCCESS,31487,6gnQQ0SkRHyJX__LoNSwEg
3626,ContinuousBuster#2332,1736275254636,3,31507,31199,94522,0.0,0,0,0,1,SUCCESS,31507,dM70ARhCQt6FLB9xShypXQ
3627,avelizf-001,1758636352569,3,31508,28927,94526,0.3333333333333333,0,1,1,2,SUCCESS,31508,US1v5SHoTK-uVMiihR1vVg
3628,Raffikis,1736796142788,3,31508,27729,94526,0.6666666666666666,0,2,2,2,SUCCESS,31508,6P1ZWjtnR4CchfBq8oiWeg
3629,SecureTest#6993,1738671635731,3,31509,30395,94529,1.0,0,3,3,1,SUCCESS,31509,XVkNS3nLQQi3r7qHq2U_Ng
3630,PrimeSpec#9885,1751382186893,3,31509,31204,94527,0.0,0,0,0,1,SUCCESS,31509,FlkSKPtdSq6Fioxol8GYWA
3631,10xSpec#8933,1746563773050,3,31529,31195,94587,0.0,0,0,0,3,SUCCESS,31529,Hv9mVfRSRrOcC3lMz2jiqg
3632,ComplexServer#8231,1742718283260,3,31529,31462,94588,0.0,0,0,0,1,SUCCESS,31529,nJl2sWrCQS-m_jXhuVwB2g
3633,RocketResource#5887,1736903996981,3,31530,30935,94590,0.0,0,0,0,3,SUCCESS,31530,Tt5VvAElRgqYHD61VjG9AQ
3634,MemorySwitch#8382,1740678123995,3,31530,22664,94591,3.6666666666666665,0,11,11,2,SUCCESS,31530,3mbNxYnrQVetHmjwMLeIHA
3635,AsynchronousInterface#3529,1739825899952,3,31531,31268,94595,0.0,0,0,0,1,SUCCESS,31531,aOcWWJd7RbimgHA5lKlR6w
3636,Team28-PanJian,1758478913734,3,31552,22591,94657,2.6666666666666665,0,8,8,4,SUCCESS,31552,A5Gu8gIcQuyYWxyiQxz4MA
3637,204-YSY-02,1752820313976,3,31552,22337,94657,3.6666666666666665,0,11,11,4,SUCCESS,31552,M-w_5FvDSOS_3zgYRnIxhw
3638,UpgradedCallback#6190,1745274453438,3,31553,31200,94661,0.0,0,0,0,1,SUCCESS,31553,AZIjrniFTKO59G5YvOGsoA
3639,JavaAbstraction#8091,1743800029502,3,31553,29469,94660,0.3333333333333333,0,1,1,1,SUCCESS,31553,wK9gfW93Sm-fY9ndEsOMXg
3640,ProvisionalDeadline#6799,1738682833932,3,31555,26121,94666,3.0,0,9,9,3,SUCCESS,31555,mYUHFlZQSuaGecQgvsS5UQ
3641,CriticalDebugger#6675,1740660181177,3,31557,27663,94672,3.6666666666666665,0,11,11,1,SUCCESS,31557,Iwh2qEGUSWuyt-XgTSXv7Q
3642,LeetSandbox#0691,1753423689752,3,31574,25870,94723,3.0,0,8,9,4,SUCCESS,31574,F7TvsUtQTlyDtddyDRHDcA
3643,shaadow,1746999020663,3,31575,31399,94726,0.0,0,0,0,3,SUCCESS,31575,LUrb-vccSl2YwXn-HopC5A
3644,RevlisGT,1746435622701,3,31575,20067,94726,2.0,0,6,6,10,SUCCESS,31575,_HPPWKsISaeWIfwwKmcYzg
3645,SecureLoop#4143,1745150585890,3,31575,31462,94726,0.0,0,0,0,5,SUCCESS,31575,1UurL6i2Si-rFqtxoPS8Kw
3646,GlobalPatch#7935,1736420914687,3,31575,29866,94727,0.3333333333333333,0,1,1,1,SUCCESS,31575,033ZADEwRBCYrcJECEoqsA
3647,TonyHess,1744579766522,3,31576,31198,94728,0.0,0,0,0,1,SUCCESS,31576,nOX91pRtQ-64FwxqvmrDZA
3648,HashableDiff#9174,1748962004020,3,31576,31469,94729,0.0,0,0,0,2,SUCCESS,31576,SA6G9bI5Q7uFrdUlLj192g
3649,cc25-059,1757608578859,3,31576,30328,94730,3.0,0,9,9,3,SUCCESS,31576,UPAfCRpoSdWZe3q9wRio2A
3650,AbstractBooster#8277,1751939580959,3,31577,29531,94731,0.3333333333333333,0,1,1,1,SUCCESS,31577,SJwCiLC-Rk6mgzobkfHdBQ
3651,Cocodrilos,1742490176561,3,31579,23272,94738,2.6666666666666665,0,8,8,2,SUCCESS,31579,W582RshJSDWU2irwKZykeg
3652,IterableRequirements#3367,1743920861696,3,31596,31467,94788,0.0,0,0,0,1,SUCCESS,31596,jhZIyrI9Sm2leFgzKBz9gA
3653,EncryptedDebugger#1625,1752219941869,3,31596,26053,94790,3.0,0,9,9,1,SUCCESS,31596,YYl7wO4MR6eFYOeQeavMew
3654,DigitalMetaclass#7037,1745916285250,3,31597,31458,94791,0.0,0,0,0,4,SUCCESS,31597,769yLzutRim6idGXl1tUYA
3655,dnp-nakane-a-multi-user,1750736186276,3,31599,19729,94798,3.0,0,9,9,3,SUCCESS,31599,0vbHjDRtRFiRDnJziZzIgA
3656,MobileToken#1317,1742122534357,3,31619,30797,94859,0.0,0,0,0,1,SUCCESS,31619,G7i9eZQPRNGBbj8Zacal9g
3657,LoopingGrid#4673,1736936719222,3,31620,31591,94860,0.0,0,0,0,2,SUCCESS,31620,gceflZyHQT6cHWMOotkWmQ
3658,RecursiveConsole#5231,1745922150805,3,31621,31336,94863,0.0,0,0,0,2,SUCCESS,31621,QF1WeeoPRdmC6HLPQYLuxg
3659,AutomatedSlice#1660,1750534889659,3,31622,31338,94867,0.0,0,0,0,1,SUCCESS,31622,mgd80A24QM-y3wwG570NSA
3660,PrototypeCommand#5413,1750350273175,3,31641,30666,94925,0.0,0,0,0,1,SUCCESS,31641,7QOLc4C0QOyuTPWhGNpAWg
3661,SequentialDocumentation#7412,1740660083695,3,31641,28010,94923,3.6666666666666665,0,11,11,1,SUCCESS,31641,wb3Qa5DiTCmYLb-JLVZNCQ
3662,ConnectedScope#9092,1746592190325,3,31642,29664,94928,3.3333333333333335,0,10,10,1,SUCCESS,31642,UNmZoJ0PSPWW5jceH6BbcQ
3663,DigitalCallback#2548,1744880946763,3,31664,31000,94993,0.0,0,0,0,1,SUCCESS,31664,5W1Jo3XpS8GYraZwqtjtpw
3664,GenerativeState#9885,1753435487022,3,31664,22930,94992,3.3333333333333335,0,10,10,1,SUCCESS,31664,FhAyuwQYQuGmprmRlj5MlA
3665,PrototypeUpdate#9884,1744589431721,3,31664,29733,94994,0.3333333333333333,0,1,1,1,SUCCESS,31664,V5BsghFRRgahJ9WtpAVdtg
3666,guivifra,1739807181078,3,31664,31600,94992,0.0,0,0,0,2,SUCCESS,31664,1-EUnmnXSMuggiXsi9mNkg
3667,DFW-Deepracer-01,1756865850379,3,31687,31531,95061,0.0,0,0,0,17,SUCCESS,31687,7470C6uKS4yC-Q7TV4qjGg
3668,AccessibleBooster#6345,1740137736936,3,31688,29860,95065,0.3333333333333333,0,1,1,1,SUCCESS,31688,sSrIOiJqRNCe7rS_zZsnXg
3669,NeuralError#7823,1738049673198,3,31709,29936,95128,0.3333333333333333,0,1,1,3,SUCCESS,31709,QCz3-oVOSNOc6i1_QUipfA
3670,GlobalUpgrade#9085,1745165445943,3,31709,31057,95127,0.0,0,0,0,1,SUCCESS,31709,LEatHUxCTRaQZECwyKma7g
3671,DigitalZone#5085,1736532897112,3,31727,31192,95181,0.0,0,0,0,1,SUCCESS,31727,_VOnikT8RxWLCUzDOeTCXQ
3672,VariableModel#8118,1755709560216,3,31729,30998,95189,1.0,0,3,3,1,SUCCESS,31729,O2Aac2o5RyOF9DhFnFlEQA
3673,FormulaicPackage#0617,1738030158245,3,31731,25337,95195,3.0,0,9,9,13,SUCCESS,31731,Zt0YblzrTby1HodleJ9c5A
3674,Gando-DeepRacer,1746919594657,3,31731,31664,95195,0.0,0,0,0,1,SUCCESS,31731,mW768mnQSUyH-PEfqFor3A
3675,BigCommand#9967,1747234959859,3,31752,31534,95257,2.0,0,6,6,2,SUCCESS,31752,xar6v9T1RNipzrxwNkxruQ
3676,FiniteNode#4964,1752732426671,3,31752,30600,95256,0.0,0,0,0,4,SUCCESS,31752,ULGPqL0fSzutBzOc6j6bPA
3677,PassingTag#4265,1747739068122,3,31753,31194,95259,0.0,0,0,0,1,SUCCESS,31753,yvwI8t_DRhW3AoSa3-qFDQ
3678,LoopingLog#7545,1759332390763,3,31774,31268,95324,0.0,0,0,0,4,SUCCESS,31774,YyNoqCgdQzCHytyJ0oqVTw
3679,QuickUpgrade#9304,1745221437738,3,31774,29989,95323,1.3333333333333333,0,4,4,2,SUCCESS,31774,TSQ1UaupQ5ypVIT2N0m-pQ
3680,PassingEngineer#2578,1746181347799,3,31776,27805,95330,0.6666666666666666,0,2,2,3,SUCCESS,31776,Vv5KSEGQSYOuQMHMoROTDA
3681,BrainyComment#9978,1741947202217,3,31798,31791,95396,0.0,0,0,0,1,SUCCESS,31798,FpeBmPxDQ9e1jldTEqK0Zg
3682,SquareCommand#0239,1739304577728,3,31804,30203,95414,0.3333333333333333,0,1,1,1,SUCCESS,31804,n295tmZNSCOmeR_XWWa9bg
3683,RecursiveWorkaround#5061,1752286817763,3,31820,31669,95460,0.0,0,0,0,1,SUCCESS,31820,Sz_IJb2tRiS0xkQJk58Sng
3684,PassingNumber#6645,1737626846744,3,31820,31529,95462,0.0,0,0,0,1,SUCCESS,31820,59WrDjENTeaa3Hm4fyIC6Q
3685,BackloggedClass#7036,1751506688282,3,31820,26727,95462,3.0,0,9,9,5,SUCCESS,31820,nmGec8v6SzunyjJSgL5CCA
3686,AbstractSchema#6376,1736379343004,3,31821,28001,95463,0.6666666666666666,0,2,2,1,SUCCESS,31821,es-_sUJLSwmM6hwZdLsU-w
3687,FungibleVariable#3630,1739624187711,3,31821,29857,95463,0.3333333333333333,0,1,1,1,SUCCESS,31821,Yp-g4MbXRGyC7mNj6bSv-Q
3688,Python486#4386,1758733154513,3,31821,31530,95464,0.0,0,0,0,1,SUCCESS,31821,zOFYt0gUT_uOalhGirJRFA
3689,ProvisionalModel#4496,1745913147564,3,31841,31587,95524,0.0,0,0,0,1,SUCCESS,31841,NQd4u3VtRZKrvaaM-keBYA
3690,LeetTheory#9297,1751364434212,3,31842,29939,95527,0.3333333333333333,0,1,1,1,SUCCESS,31842,YAZRj5H4TVOIBP8KUXd2vg
3691,ProgrammingDocumentation#1173,1740675327694,3,31842,31599,95526,0.0,0,0,0,1,SUCCESS,31842,2geLGzraS92vtBWK4B7L-A
3692,TabletOrder#8182,1745906897519,3,31843,30795,95530,0.0,0,0,0,1,SUCCESS,31843,VNInQFMnSxuSYQwi9_maqQ
3693,IntelligentSchematic#4906,1754245081280,3,31862,31387,95587,0.0,0,0,0,1,SUCCESS,31862,4HFssoymR3-Lyv4WvACzmQ
3694,LIN-CHUNG-HSUFCU#10,1745911569263,3,31863,30665,95591,0.0,0,0,0,3,SUCCESS,31863,rqXJrSAcSg2V6H9fTxXDdw
3695,Kelmas,1757452926667,3,31864,29669,95594,0.3333333333333333,0,1,1,1,SUCCESS,31864,ug1mFqwtQvmnVEGgrCLQcA
3696,SolvableClass#0161,1738362087102,3,31865,31789,95596,0.0,0,0,0,1,SUCCESS,31865,H6l55RzkRx2XAm-6YP9LmA
3697,GenerativeExpert#5355,1752486105107,3,31870,27261,95611,0.6666666666666666,0,2,2,1,SUCCESS,31870,g5KmA5wqT4W-wW493i_Stg
3698,UpdatedHacker#3058,1749850913011,3,31883,29460,95650,0.3333333333333333,0,1,1,1,SUCCESS,31883,nCk5Cbf5TYW0mf94mOuS8g
3699,HashableEngineer#2617,1749224390524,3,31885,31601,95656,0.0,0,0,0,3,SUCCESS,31885,V0QtWemRRKWuI_MV-PgMqw
3700,AlphaGame#7028,1746956966407,3,31886,30068,95660,0.3333333333333333,0,1,1,2,SUCCESS,31886,Er7R_vUZSzq8rn_OzOBFRA
3701,Zero-dayNumber#0750,1746174036402,3,31887,31664,95663,0.0,0,0,0,1,SUCCESS,31887,Wd42I0VGS1aC8thPaIBC4A
3702,PrimeGlyph#4200,1747892579284,3,31888,30394,95664,0.3333333333333333,0,1,1,1,SUCCESS,31888,TYrW18FbR46jbqW0Rlf3Vg
3703,FungibleUpgrade#9760,1745202383510,3,31890,29998,95670,0.3333333333333333,0,1,1,3,SUCCESS,31890,oghEhOadTvOvvlsUCLcGnw
3704,UnicodeGrid#4251,1745994046232,3,31907,29790,95723,0.3333333333333333,0,1,1,2,SUCCESS,31907,dpZOL-qbRda50gXNCINxZg
3705,MaltML,1748845116521,3,31908,27868,95725,2.6666666666666665,0,8,8,8,SUCCESS,31908,WzKZcYrPRruX8Yb0VonTwQ
3706,MSEDU-S2,1752630311860,3,31908,29667,95725,0.3333333333333333,0,1,1,6,SUCCESS,31908,6N7v5bxMQXa2htIr1fsu3w
3707,CriticalResource#4482,1741917278293,3,31909,31528,95728,0.0,0,0,0,2,SUCCESS,31909,mr1semdVTy2t0NEZcLaLaw
3708,ComplicatedNumber#5229,1744789576381,3,31931,31661,95794,0.0,0,0,0,1,SUCCESS,31931,1BswYgo9RG-Dl7QHm5V-3g
3709,Fernando007,1757934261795,3,31931,31206,95794,0.0,0,0,0,1,SUCCESS,31931,cbphCjvgQIuKEUEYmNoXIg
3710,DesktopCommand#7462,1741231199649,3,31932,31852,95798,0.0,0,0,0,1,SUCCESS,31932,wpRYZMxJStaNR6XxS7OofQ
3711,Curly486#9171,1736447590510,3,31934,26206,95804,2.0,0,6,6,4,SUCCESS,31934,tFPZ80quTgWOLqXKtQznFA
3712,ArthurHenriqueSiqueiraPantaleao01-IFPB,1746197189772,3,31951,31723,95854,1.0,0,3,3,3,SUCCESS,31951,bLPdo5s9SBWSgzOhKxsNuw
3713,DigitalDigit#6079,1741142398760,3,31952,31729,95856,0.0,0,0,0,1,SUCCESS,31952,NOduUP6zRFqkszGBxSkLAg
3714,UpgradedSwitch#2012,1744293592029,3,31952,30067,95856,0.3333333333333333,0,1,1,1,SUCCESS,31952,FL8xX3q9SW-ZdtEKPb31CA
3715,ReferenceNetwork#9513,1743293468367,3,31953,31593,95859,0.0,0,0,0,3,SUCCESS,31953,c0STHVm8Q9SyVsvozj-aHA
3716,GammaCallback#9608,1758133996940,3,31953,31536,95861,4.0,0,12,12,5,SUCCESS,31953,6edt6d6tSJG62p2xXCkc3g
3717,UpgradedLambda#8909,1751940291901,3,31953,31727,95859,0.0,0,0,0,1,SUCCESS,31953,P8PP0dpfRv6COxxNxScSdA
3718,ForestFlyrTeam6,1741924184691,3,31953,28732,95860,3.6666666666666665,0,11,11,1,SUCCESS,31953,KsHmIoeZQUmeMH3KUuXBwA
3719,NeuralGrid#5349,1741885841672,3,31953,31660,95859,0.0,0,0,0,1,SUCCESS,31953,4s_T13seSTyKjz6HycwzVw
3720,NumericDiff#9518,1753197705925,3,31954,31669,95863,0.0,0,0,0,2,SUCCESS,31954,4cvIWLILR2WiMWDDvsh1Uw
3721,NeuralCallback#0177,1744188995854,3,31954,31392,95864,0.0,0,0,0,1,SUCCESS,31954,UB7uzHaeS1-fbwurRHoOSA
3722,HelpfulClass#8014,1738213100491,3,31974,31268,95923,0.0,0,0,0,1,SUCCESS,31974,i2iwxkyOT0OsR9dOqFdevw
3723,JavaZone#2561,1743253266582,3,31974,30863,95923,0.0,0,0,0,1,SUCCESS,31974,PqYuc3ByRa25wtWSgDhcqA
3724,FunctionalHacker#9699,1737038744958,3,31975,29939,95927,0.3333333333333333,0,1,1,2,SUCCESS,31975,PKJ2uNp9Ro-FrxyDONkiXQ
3725,PythonScope#4696,1755104422609,3,31975,31331,95926,0.0,0,0,0,1,SUCCESS,31975,A6loHX1EQwWxGIXlZQQKGw
3726,AndreSoares-Crtl-Alt-Win,1757618150771,3,31976,29197,95929,1.3333333333333333,0,4,4,4,SUCCESS,31976,5BYxEHDtSby0d9fLlhYgDA
3727,TechnicalScript#6888,1747772858268,3,31976,31863,95930,0.0,0,0,0,2,SUCCESS,31976,_5CKxY67QxWcRFJZdUs6cg
3728,UnicodeBrackets#4627,1741636814010,3,31976,31795,95928,0.0,0,0,0,1,SUCCESS,31976,JK03b7LpTamzyBW2eBjqZQ
3729,BackloggedLoop#0386,1736397704351,3,31997,20733,95991,3.0,0,9,9,2,SUCCESS,31997,B9tpNn6hQjG2IXrG8XKcLw
3730,EUI-G12#2,1738308583650,3,31997,24332,95991,2.3333333333333335,0,7,7,3,SUCCESS,31997,iurgXmYzQP-JOGEAofg3IA
3731,2022CN-N-M-ZhouXuhan,1758706769595,3,32028,25607,96085,2.3333333333333335,0,7,7,1,SUCCESS,32028,q5JE1jfwSzO4ajTItK-CBA
3732,IntelligentCoder#1520,1743896774881,3,32040,31930,96121,0.0,0,0,0,3,SUCCESS,32040,wTr-Ms6oSg64O6U_2Zi_4g
3733,TechnicalTheory#2133,1749665656174,3,32042,31732,96128,0.0,0,0,0,1,SUCCESS,32042,X5nK3U8YTjOchhbWnUfIsQ
3734,QualifiedArray#0955,1745285805193,3,32042,30998,96127,0.0,0,0,0,4,SUCCESS,32042,WpgE7kXgTWWeHot-M91aNA
3735,114514#8,1745808018328,3,32043,31470,96129,0.0,0,0,0,3,SUCCESS,32043,Wa_DSOXiQN-6k6DEiJvHjw
3736,SecureVariable#8314,1743068506112,3,32044,25529,96132,1.3333333333333333,0,4,4,4,SUCCESS,32044,7MM2vPl1Tmip6Dywo-jXLQ
3737,PythonToken#8861,1741287763686,3,32062,28399,96187,0.6666666666666666,0,2,2,1,SUCCESS,32062,MltZNslZThC6_-tzdArI_w
3738,ProcessingSlice#0016,1755103055246,3,32063,24537,96190,3.3333333333333335,0,10,10,1,SUCCESS,32063,2TOmIheNRhWeD492KBlHNQ
3739,DesktopHacker#6550,1750692578203,3,32064,31598,96192,0.0,0,0,0,1,SUCCESS,32064,zcfu7I2tQK-vLvFPhLOb6w
3740,Ted-cloudGODP,1744822428943,3,32064,31791,96192,0.0,0,0,0,1,SUCCESS,32064,OvLDqtYhT0ah7tAZdj1eTQ
3741,QualifiedPoint#4548,1746617910384,3,32065,31798,96195,0.0,0,0,0,1,SUCCESS,32065,1V49EolKT1yp0P3xBeMLhQ
3742,NullCommand#9799,1754689368670,3,32066,28988,96199,0.6666666666666666,0,2,2,1,SUCCESS,32066,6fju4qgyQyy5wPxxewov4w
3743,UpdatedBreaker#5447,1753645259552,3,32066,31600,96198,0.0,0,0,0,1,SUCCESS,32066,yOk2tgwMQs2-smQ2HnMOfQ
3744,RecursiveHacker#4007,1747699623612,3,32067,31937,96202,0.0,0,0,0,1,SUCCESS,32067,AnlJVwSDRDClu9NBd1YOPw
3745,BackloggedCircuit#6340,1736982001298,3,32129,31061,96389,0.0,0,0,0,1,SUCCESS,32129,S6B0zgZtR_SPbg7NiGWrJg
3746,RecursiveTest#6338,1755006467452,3,32130,31602,96390,0.0,0,0,0,3,SUCCESS,32130,BlubY8NVRn2KZoGq7nrX4A
3747,Guillermo-Bernal,1736976832003,3,32130,19669,96392,3.3333333333333335,0,10,10,1,SUCCESS,32130,shhOqKSHSwCsoahKJJea8Q
3748,Mainframe4evr,1757061591653,3,32131,29330,96394,2.6666666666666665,0,8,8,1,SUCCESS,32131,tFSgwuIdTpyVIZowBJLQdg
3749,Rex#8015,1736978754310,3,32131,21999,96394,3.6666666666666665,0,11,11,5,SUCCESS,32131,rvcCsF9lR9y4XDfghA4wtw
3750,CleanTech#6549,1744430136975,3,32133,29991,96400,0.3333333333333333,0,1,1,1,SUCCESS,32133,caXvnvBySduD4qJQJdA2Lw
3751,Kieth,1748942086654,3,32134,26461,96402,2.0,0,6,6,2,SUCCESS,32134,d8PMULxsSH2vcJm4LG1hyA
3752,Zero-daySystem#8506,1741301923660,3,32149,31271,96449,0.0,0,0,0,2,SUCCESS,32149,1sAEEjKOT4CbvM5tkQTuog
3753,QuickPatch#6228,1749458189590,3,32153,30265,96459,0.3333333333333333,0,1,1,1,SUCCESS,32153,XhWzBq_kTdCg9TMYQvOS9A
3754,GIST-DeepRacer20,1754376620039,3,32175,28592,96525,3.6666666666666665,0,11,11,3,SUCCESS,32175,8QonTV2JQq68hL75hN2DVA
3755,ArtificialPackage#5454,1758030071301,3,32175,26465,96527,4.0,0,12,12,6,SUCCESS,32175,IAcXNsGdTRuRRg1FTX2PVw
3756,CreativeCircuit#2048,1745805249381,3,32176,31466,96530,0.0,0,0,0,1,SUCCESS,32176,ebS1CGz5TBSyuO1ZYp_I5g
3757,TestablePointer#9475,1743478983418,3,32176,31800,96528,0.0,0,0,0,1,SUCCESS,32176,T1JolPlZRDWHdSodJaJzwQ
3758,InfiniteEnvironment#7109,1746015213733,3,32196,28600,96589,0.6666666666666666,0,2,2,1,SUCCESS,32196,8bzsPu0iTUquqsRbUowl2Q
3759,HashableSystem#0298,1747946867674,3,32197,31993,96591,0.0,0,0,0,4,SUCCESS,32197,PDN5sGsIRcWud9avl66TQg
3760,ReferenceLine#9601,1745870695264,3,32197,28257,96592,0.6666666666666666,0,2,2,3,SUCCESS,32197,QWAlKXcDQaa12rrYrx2mTQ
3761,MSEDU-S15,1757048428666,3,32197,28001,96591,0.6666666666666666,0,2,2,3,SUCCESS,32197,T57qcbSsRx2crkWJ1QfOqg
3762,MSEDU-S11,1752631437928,3,32197,31203,96592,0.0,0,0,0,3,SUCCESS,32197,vozWxgXXSmacnaGFzic_dQ
3763,FocusedCallback#4017,1743560168928,3,32198,26866,96594,2.0,0,6,6,1,SUCCESS,32198,RH8RLN5vTvaaofAJg50YtA
3764,AWS-GopiDesam,1739390669326,3,32199,22804,96597,3.6666666666666665,0,11,11,1,SUCCESS,32199,X9R3rHtUQrCycry34l4_QQ
3765,MachineArgument#1028,1748155387386,3,32219,31998,96659,0.0,0,0,0,2,SUCCESS,32219,TVLgIaEpS3yOoRXwvnkKxw
3766,ArtificialBraces#6924,1753897645341,3,32220,28191,96660,0.6666666666666666,0,2,2,1,SUCCESS,32220,1VSrIMGHSnOYKIl8F1UAcw
3767,VariableArray#9186,1750976259203,3,32222,30258,96666,3.3333333333333335,0,10,10,1,SUCCESS,32222,Ra-Q5S_KRCmkH3PI8q_qEg
3768,EncryptedTable#0039,1750767966142,3,32242,31796,96727,0.0,0,0,0,1,SUCCESS,32242,lBnP4FKDT5Oh3vSxcQwoPg
3769,VariableRequirements#3629,1753546089113,3,32243,31061,96730,0.0,0,0,0,1,SUCCESS,32243,_xVC8_WCQlWeeysTeoV17Q
3770,AsynchronousDeadline#1655,1742966323644,3,32243,31401,96731,0.0,0,0,0,1,SUCCESS,32243,m2UbeolxSEOIRRFdfZi9nw
3771,ashutoshmishra911,1749058277863,3,32245,32133,96737,0.0,0,0,0,2,SUCCESS,32245,CGO1CLdgSoubgwqEU9Mv6g
3772,MechanicalError#2050,1738754000412,3,32252,31909,96757,0.0,0,0,0,3,SUCCESS,32252,BlX2wTk3RL-wG3SwfH2T9A
3773,BooleanSlice#5239,1742826421511,3,32261,30261,96785,1.3333333333333333,0,4,4,1,SUCCESS,32261,s-tp5dozTq-GwTqIqQDBHQ
3774,ASCIIFormula#1055,1744607611627,3,32261,31861,96785,0.0,0,0,0,1,SUCCESS,32261,9u7SUxkqReWhcs1oZmf0bg
3775,VirtualGlyph#7738,1745996045126,3,32262,29003,96786,0.6666666666666666,0,2,2,1,SUCCESS,32262,J0hkDwb2R5mJb_OUinSlfg
3776,bb0227113-1,1750068029924,3,32265,29601,96795,0.3333333333333333,0,1,1,1,SUCCESS,32265,CwZ0WhJvRzWmMFxK5nYbmA
3777,SugarRush-MylenaRochi,1757020299658,3,32285,28388,96855,3.6666666666666665,0,11,11,3,SUCCESS,32285,961WkxZDRnyvR9Sox9fBtQ
3778,IterativeNode#9893,1738181439523,3,32286,31858,96860,0.0,0,0,0,1,SUCCESS,32286,UTYVkGtlRNu2FfL_LG9H5A
3779,AIRacing#1,1758053290957,3,32286,27461,96859,3.0,0,9,9,1,SUCCESS,32286,ck672PTITFqyKvzMzEBjWA
3780,Wilson-Group7#3847,1746363435663,3,32286,28334,96858,3.6666666666666665,0,11,11,2,SUCCESS,32286,INbmguk8T-KjSwfPJbdE9Q
3781,CleanLog#6978,1748243096680,3,32286,31803,96860,0.0,0,0,0,2,SUCCESS,32286,EUuErs_dSh6ap-8IsHO2Mg
3782,ThisZone#3190,1741015746778,3,32287,30326,96861,0.3333333333333333,0,1,1,1,SUCCESS,32287,JbzbME3FTjaGi2wVfMgp5Q
3783,AngeloPlayer,1750159755638,3,32288,32135,96865,0.0,0,0,0,1,SUCCESS,32288,6Hpd6nBqSK-caSol-Nk60A
3784,juanakin,1742774989774,3,32307,28664,96923,3.6666666666666665,0,11,11,2,SUCCESS,32307,RekgAm6_T1mxVGfXr3rjgA
3785,FunctionalSchematic#5730,1741624883111,3,32307,31938,96922,0.0,0,0,0,1,SUCCESS,32307,zlGGnN4FSOe8tkaiveJ0zg
3786,AnonymousUser#5f9346,1746667036349,3,32307,31934,96923,0.0,0,0,0,1,SUCCESS,32307,P8f7ww0gTaeHGN0HQV-TRg
3787,PythonModel#3963,1738421163649,3,32308,28068,96926,0.6666666666666666,0,2,2,1,SUCCESS,32308,KoGEcWGcQfWTJM9vmL761A
3788,UrgentExpert#6425,1752879627777,3,32308,31680,96926,0.0,0,0,0,3,SUCCESS,32308,vrXvft_PQkmLyuMw7CDUiQ
3789,DigitalPackage#3408,1746723471357,3,32308,26395,96925,4.0,0,12,12,2,SUCCESS,32308,r8SosagQS0aT6_gDlCNueQ
3790,AndoniGeriano,1736440343045,3,32308,26522,96924,3.0,0,9,9,1,SUCCESS,32308,pp__lGeIT5SGzYYRHLrnpA
3791,AbhilashJaiswal,1746812484622,3,32322,29966,96968,2.3333333333333335,0,7,7,12,SUCCESS,32322,MsRRsitOS3Gn0Xo46rghKg
3792,Memory486#7107,1741883087237,3,32330,30599,96990,0.3333333333333333,0,1,1,2,SUCCESS,32330,kxBSabjmRHW3Hd3dpSf_6A
3793,BlockchainLoop#6612,1749899468308,3,32330,32260,96991,0.0,0,0,0,1,SUCCESS,32330,Pr4Apm_zTjex0ASXTgNXIA
3794,CodeDelta#1163,1740573499640,3,32331,30002,96993,3.3333333333333335,0,10,10,1,SUCCESS,32331,4zku3R13Tjm8KX2IxNwFNg
3795,FocusedEvaluation#9442,1750287750250,3,32331,31598,96994,0.0,0,0,0,1,SUCCESS,32331,nnzGGlMuSSuUHsLx5-zqFQ
3796,12322#5394,1755005788242,3,32353,31996,97059,0.0,0,0,0,1,SUCCESS,32353,I4Lb-iMnSaywhnevXOG-3w
3797,Rafael-Cezimbra-CIMATEC#002,1746635001639,3,32356,25130,97069,3.3333333333333335,0,10,10,2,SUCCESS,32356,wstY41wRQLitgKFj7hSWMQ
3798,ParametricRacer,1757317120875,3,32373,31993,97120,0.0,0,0,0,4,SUCCESS,32373,UAtRcSutQpmF9C1XfXuIJQ
3799,CyberneticEnvironment#6470,1753837796874,3,32376,32134,97129,0.0,0,0,0,2,SUCCESS,32376,qoHvdGVhTNCymUAsc1HnJg
3800,Soraya,1746737782361,3,32378,23674,97134,3.6666666666666665,0,11,11,1,SUCCESS,32378,EHEEpQyIQcq0lZY1cZZKoQ
3801,HelpfulNode#9400,1748638642991,3,32420,30396,97261,0.3333333333333333,0,1,1,2,SUCCESS,32420,_lZg2AGmSiKTzsBx58c9_g
3802,TestingFunction#2281,1746874792183,3,32421,30136,97264,0.3333333333333333,0,1,1,1,SUCCESS,32421,_Foh1AeyTUC0f0O9uyMLWA
3803,aryaanan,1743706320921,3,32423,24802,97269,2.3333333333333335,0,7,7,1,SUCCESS,32423,fU87VdJZROWbeiL3c-i3sg
3804,VariablePatch#6804,1743348808922,3,32442,30464,97326,0.3333333333333333,0,1,1,1,SUCCESS,32442,tox3qsrWSuO5GbaeQqxg_g
3805,HashableTester#1668,1736939158739,3,32443,30202,97330,0.3333333333333333,0,1,1,1,SUCCESS,32443,b1T446NPRquujI6wLx2xNg
3806,Higher486#5299,1742418378630,3,32444,30938,97333,0.3333333333333333,0,1,1,7,SUCCESS,32444,mcOpoqX0Tf-x3EDedWKqvA
3807,CriticalLanguage#4244,1746216191229,3,32462,25321,97386,3.3333333333333335,0,10,10,1,SUCCESS,32462,cgwS6FXSQeKG4YkzrjnGkg
3808,WesleyVictordaSilvaUFCG,1746196935635,3,32463,29126,97391,3.6666666666666665,0,11,11,3,SUCCESS,32463,DTdgU_h4RQ215N7Z8EajuA
3809,UrgentUpgrade#3472,1751740169388,3,32465,26865,97395,3.0,0,9,9,5,SUCCESS,32465,zdnuPwpqSW2V5yQPYRbbVw
3810,AutomatedLoop#3927,1755399758905,3,32465,24332,97397,3.6666666666666665,0,11,11,2,SUCCESS,32465,gH_2iDN1Sy6Qj8XsC4sQ3Q
3811,AlluguntiVishnu,1742717949165,3,32483,31860,97451,0.0,0,0,0,1,SUCCESS,32483,osFhnYFJRvaLEwvMZjNpYQ
3812,BrunaGabriela,1748111085754,3,32484,29123,97453,0.6666666666666666,0,2,2,1,SUCCESS,32484,BvglvE4vSAuJCDEnprjYXA
3813,SolvableNode#3162,1750120000691,3,32486,31530,97459,0.0,0,0,0,1,SUCCESS,32486,AuA0GGWMSwi37PtzZTDkfw
3814,Vishvesh,1746983321653,3,32486,26467,97458,3.0,0,9,9,3,SUCCESS,32486,BMzOwXjNT7SYz_NJu675Kw
3815,TIF-Team-Oya,1745439576760,3,32486,25459,97460,3.3333333333333335,0,10,10,26,SUCCESS,32486,7cf8c336e089424ea3777w
3816,GammaFunction#6276,1748933846864,3,32487,32193,97462,0.0,0,0,0,1,SUCCESS,32487,rO_Wf7q-TF2D09xEfJPF5A
3817,FinitePatch#4579,1741183749042,3,32491,30937,97473,0.3333333333333333,0,1,1,1,SUCCESS,32491,TAc-imoSQSyRRyIVHE6Nhw
3818,TIF-Track-T1tans,1747403337443,3,32509,30062,97528,3.3333333333333335,0,10,10,3,SUCCESS,32509,b_KkyuRPQMyQOTa46DZejw
3819,MZ-Rider,1752170905381,3,32553,18397,97660,3.6666666666666665,0,11,11,3,SUCCESS,32553,YZGt6z0YQ7yakkCQOgjQyg
3820,NumericHacker#9086,1746455503392,3,32575,28396,97727,3.6666666666666665,0,11,11,1,SUCCESS,32575,3H5tjNSZQQendohBwKor5A
3821,Theboys,1755113385086,3,32576,29458,97729,0.6666666666666666,0,2,2,4,SUCCESS,32576,1Z0-KSZsQqWwr0l-nm2BkA
3822,bestracermatt,1748660735912,3,32596,28732,97788,3.6666666666666665,0,11,11,1,SUCCESS,32596,RcYDC8ayQfKbkhLVBX1wGQ
3823,JvAmorim#8989,1746408870667,3,32597,29266,97793,0.6666666666666666,0,2,2,3,SUCCESS,32597,uF56yMRsQwOq3TDM-npFBQ
3824,MemoryCircuit#2588,1749049341109,3,32597,30262,97791,0.3333333333333333,0,1,1,1,SUCCESS,32597,7AozYnYoTFC0MVnfXlGlIA
3825,AbstractSystem#9112,1746573223516,3,32598,32537,97795,0.0,0,0,0,3,SUCCESS,32598,rnQlMvUkTRmXMlbBbxWjyA
3826,QuickHacker#4084,1758792206959,3,32619,30593,97859,0.3333333333333333,0,1,1,1,SUCCESS,32619,FFxbVxS_T26ai1fyMs7vig
3827,TIF-Zoom-Squad,1747333146862,3,32620,27730,97862,4.0,0,12,12,1,SUCCESS,32620,DETz1924RKG1RXC25MTpYA
3828,DraftPointer#0501,1742969301479,3,32639,30728,97918,0.3333333333333333,0,1,1,1,SUCCESS,32639,rfPjAnkzRFKJsczeqOZeGQ
3829,Marcos#IABD,1736977531585,3,32641,30126,97924,2.3333333333333335,0,7,7,5,SUCCESS,32641,LpLoh1cdSVaAu897VVJmzw
3830,FuturisticAnalyst#0907,1757313955215,3,32642,31197,97926,0.0,0,0,0,2,SUCCESS,32642,uyvlmsWTTF2uUzQjOnQJBA
3831,PedroFernandezLab0,1743584224141,3,32644,28533,97934,1.6666666666666667,0,5,5,2,SUCCESS,32644,5LQOkbs6RFyjTeYgc3BfiQ
3832,EpamSpeedyGalley-Olga,1747819772463,3,32646,24742,97939,2.3333333333333335,0,7,7,13,SUCCESS,32646,rC11WnaJRMCkiHlIti197g
3833,lentinhodasilva,1746392271586,3,32649,29279,97947,3.6666666666666665,0,11,11,12,SUCCESS,32649,YZn0mI6vR8eDqeAv18FmnQ
3834,TIF-Pioneers,1747322595478,3,32663,25071,97991,3.3333333333333335,0,10,10,20,SUCCESS,32663,JR7eIcEUSgCg6T4sjIEWSA
3835,CleanInterface#5972,1740982177999,3,32663,31731,97991,0.0,0,0,0,1,SUCCESS,32663,jDTUa2aISjSbVOwyjKzs0Q
3836,BlockchainScope#9765,1744788299435,3,32663,25406,97990,2.3333333333333335,0,7,7,1,SUCCESS,32663,RML6EiQOQyWX3iAusWGIPg
3837,Zero-dayModel#6107,1746741760544,3,32663,26996,97991,4.0,0,12,12,1,SUCCESS,32663,baQq_6QtSEa00AqOdTazOQ
3838,LoopingLambda#7489,1744151821420,3,32664,28597,97993,0.6666666666666666,0,2,2,1,SUCCESS,32664,oPNwIv8VQ8yMoS7VhmtFJQ
3839,andadariTheWin#9702,1743703701700,3,32666,25606,97998,3.3333333333333335,0,10,10,1,SUCCESS,32666,N_eQrsxZS2qPSH86PN2EeA
3840,AsynchronousFix#7573,1742217316414,3,32686,32265,98058,0.0,0,0,0,1,SUCCESS,32686,0-LskTYnQ5ahKoDWYq7c4w
3841,Team34-Mus,1757322349197,3,32686,28798,98060,0.6666666666666666,0,2,2,1,SUCCESS,32686,v4KXOumUSeiI-t2Wd_VHHg
3842,SquareCircuit#5964,1756920335612,3,32687,30802,98062,0.3333333333333333,0,1,1,1,SUCCESS,32687,YyLbdAg4RL2ePwWD2I5a3A
3843,UnboundConsole#5455,1756905923486,3,32687,32137,98061,3.0,0,9,9,1,SUCCESS,32687,vK3BJxcyQ12riFKzryTfeg
3844,Zero-dayScript#9252,1746473156404,3,32687,30803,98062,0.3333333333333333,0,1,1,1,SUCCESS,32687,a3WRrRD3QVu9w6alEcuEyQ
3845,Zero-dayExpert#4300,1747889884365,3,32707,28666,98121,0.6666666666666666,0,2,2,2,SUCCESS,32707,rHE6Il6YRRy9OjG6W-lEdA
3846,SriramRajamani,1737575762360,3,32708,26065,98124,2.3333333333333335,0,7,7,1,SUCCESS,32708,CbPyK7b-QWWbF0mekmfVjw
3847,TabletFormula#2817,1756129645324,3,32708,32404,98126,0.0,0,0,0,3,SUCCESS,32708,ILzxSxE9SUy_ZL2R2_CUpQ
3848,TaylorMade#0001,1746134645903,3,32711,30335,98134,0.3333333333333333,0,1,1,5,SUCCESS,32711,sM1cifIPRsmbWh7OdnVH2A
3849,EncryptedGrid#6625,1741314044301,3,32730,28798,98192,0.6666666666666666,0,2,2,1,SUCCESS,32730,wT7QTz2tQkGoeatC8zPFbw
3850,CompleteGrid#3472,1746234471179,3,32731,18795,98194,2.6666666666666665,0,8,8,2,SUCCESS,32731,-olR860GQhOadqZ4sVCC-w
3851,SecureVariable#1351,1737722504505,3,32732,19669,98196,3.3333333333333335,0,10,10,3,SUCCESS,32732,in98nt_TQIqPAp_OqTqZng
3852,AlphaLog#8868,1749015877853,3,32751,28587,98255,2.6666666666666665,0,8,8,4,SUCCESS,32751,T_BHsU4GQ3qsoo_g7E2Adg
3853,U2,1745815424738,3,32752,32388,98258,1.0,0,3,3,8,SUCCESS,32752,EVyrWlhPQmauMJT8jscaSw
3854,ComplexGlyph#0252,1745453946197,3,32753,32663,98259,0.0,0,0,0,2,SUCCESS,32753,OemAs_zCRDGMip_fcNMbNg
3855,PassingNetwork#1330,1755104681782,3,32754,30794,98263,0.3333333333333333,0,1,1,1,SUCCESS,32754,mfxOsMAqQkCjTcBTBRUrdw
3856,RobotCircuit#6353,1743716170907,3,32774,30799,98324,0.3333333333333333,0,1,1,1,SUCCESS,32774,TEFzeKlpTvy_bm6bVgMAFQ
3857,InfiniteString#7180,1751507106673,3,32775,32530,98326,0.0,0,0,0,1,SUCCESS,32775,bKAV-hudT4W1vsbbDD0yEw
3858,CriticalVariable#5831,1748675097226,3,32794,29538,98383,3.6666666666666665,0,11,11,2,SUCCESS,32794,23EOm3CJRUiE7dn151bQhQ
3859,CrypticDocumentation#8282,1736211228942,3,32795,32654,98386,0.0,0,0,0,4,SUCCESS,32795,sfZ-dSDJSJSNcbfJIcGASA
3860,LionKart-AngeloLee,1758046385877,3,32796,28734,98389,3.6666666666666665,0,11,11,7,SUCCESS,32796,XlPd_2RdTASapJvhDnTNdw
3861,Fabss,1746404925561,3,32797,28198,98392,4.0,0,12,12,5,SUCCESS,32797,1iP9x66aRQim2YqgZKIKDA
3862,Deadpool,1743705889325,3,32798,32669,98396,0.0,0,0,0,1,SUCCESS,32798,GzVrSZIsTsyu4j2LM4uakQ
3863,IntelligentString#3749,1736940266986,3,32799,31668,98397,0.0,0,0,0,1,SUCCESS,32799,L70q6sAIQTKWfWH44JBn8Q
3864,SecureAbstraction#8945,1748161935111,3,32819,32071,98458,0.0,0,0,0,13,SUCCESS,32819,q2bq_5cTTdWzIj6mHrwzqw
3865,EsteemedVariable#9471,1758670960006,3,32820,26996,98461,4.0,0,12,12,2,SUCCESS,32820,cmMXdCMZSTGihGNcxKCMUw
3866,FiniteArithmetic#1980,1740376848573,3,32841,32462,98525,0.0,0,0,0,1,SUCCESS,32841,OjEwfwiBRBOMYklCIBEmYQ
3867,ReferenceSlice#7654,1747346389110,3,32841,23857,98524,3.3333333333333335,0,8,10,1,SUCCESS,32841,JzjjLYyaQoKCoh9TaFgAng
3868,TestableSwitch#7941,1750094091158,3,32842,29270,98526,0.6666666666666666,0,2,2,1,SUCCESS,32842,FAFszRgOSbWZXoD4MfKM9w
3869,Venky-Speedy,1753106083629,3,32842,32336,98526,2.0,0,6,6,2,SUCCESS,32842,M7kpKUQVQtWM8ThWxPDhlg
3870,AgileDescriptor#0435,1751501936255,3,32863,32669,98591,0.0,0,0,0,2,SUCCESS,32863,cV7bKVryTA6tYqI8T4SR_A
3871,CreativeNamespace#1292,1745220437047,3,32863,32664,98589,0.0,0,0,0,2,SUCCESS,32863,PU52j5KCRO6QIso3XTHm4Q
3872,BrainyServer#4864,1756988744827,3,32864,32800,98593,0.0,0,0,0,2,SUCCESS,32864,KMt5EhfARgyXXCDBk2j7BA
3873,DesktopError#0147,1759131100395,3,32864,32401,98594,3.0,0,9,9,2,SUCCESS,32864,XpEZf914Q3aOrl5DQUOrgA
3874,Bingo2315,1743704225348,3,32865,29732,98595,0.6666666666666666,0,2,2,1,SUCCESS,32865,G_eMRYXURUefD5a510PgtA
3875,KirillSmirnov-KirillSmirnov,1747927136619,3,32865,29138,98597,0.6666666666666666,0,2,2,3,SUCCESS,32865,E4sZGfeCR5GOXGNb6tv5pQ
3876,GlobalEnvironment#7328,1758741490200,3,32884,30852,98654,0.3333333333333333,0,1,1,1,SUCCESS,32884,HMI-QSMtSjeKZwvxKGSmOg
3877,ProgrammingSpec#7414,1740632054596,3,32884,30601,98654,0.3333333333333333,0,1,1,1,SUCCESS,32884,xYW1DiR6QLeMeN0hR08_5Q
3878,GenerativeTag#7166,1742779767601,3,32909,28733,98729,3.6666666666666665,0,11,11,2,SUCCESS,32909,oT-N7uEgQViceFRnzCeRhQ
3879,GlobalByte#3479,1743772069132,3,32909,30734,98727,0.3333333333333333,0,1,1,1,SUCCESS,32909,5ONCN6OwQ3aw_OsL6cLn8Q
3880,JoaoGustavoBarbosaMatias-IFPB,1746228880858,3,32920,30553,98760,2.3333333333333335,0,7,7,1,SUCCESS,32920,L0DP0ad4QmW9_hLwyJw_iQ
3881,Anand-Bhanvase,1747681012081,3,32931,28735,98795,3.6666666666666665,0,11,11,3,SUCCESS,32931,tVQSjl7XRWOPK50RpkV5vQ
3882,FungibleMetaclass#6372,1745179019204,3,32953,29130,98859,3.6666666666666665,0,11,11,4,SUCCESS,32953,KoiKxx2aT96c68KcwuDqiw
3883,CrypticHacker#0096,1744971110248,3,32979,31201,98938,0.3333333333333333,0,1,1,1,SUCCESS,32979,q7j-xTXHTyuL41njzRAQRg
3884,TechnicalLoop#7015,1737576005464,3,32998,29600,98995,1.6666666666666667,0,5,5,1,SUCCESS,32998,WhuIvibeT2yyTy_TVBCKbw
3885,Tiger-SandyGe,1746764671598,3,33018,30666,99056,3.3333333333333335,0,10,10,3,SUCCESS,33018,8Im7AHDeRlS_NrfRnR0IiA
3886,ProcessingNotation#8477,1739304537052,3,33042,32599,99128,0.0,0,0,0,1,SUCCESS,33042,hrQTpup0Th2UmSrOlP-Qdg
3887,HelpfulArchitect#6232,1736487821083,3,33045,26266,99135,3.0,0,8,9,2,SUCCESS,33045,-wIXiYdYQ3OvJiZfRJumcQ
3888,RecursiveSlice#1541,1745199403138,3,33065,32540,99196,0.0,0,0,0,6,SUCCESS,33065,mwG36nVlTbSIBfXBxIGUnA
3889,ProcessingArithmetic#1170,1744063133579,3,33085,29065,99256,0.6666666666666666,0,2,2,1,SUCCESS,33085,MogTLtvJRGWILl7w-a93Eg
3890,GuillermoCity-Garden#8480,1737042567817,3,33086,28255,99258,3.0,0,9,9,1,SUCCESS,33086,7fy1Yvw7RRmxlX9Xt7dttg
3891,MechanicalError#2531,1747828824619,3,33086,31870,99259,0.0,0,0,0,2,SUCCESS,33086,OZLEsnqRTf6y6vgsH9pVaQ
3892,NullGrid#8551,1750512608534,3,33086,30860,99259,0.3333333333333333,0,1,1,2,SUCCESS,33086,k00-_AvAQauuPcJU-k2UCw
3893,Grupo11-ChiwisSport,1757800281966,3,33086,30731,99260,0.3333333333333333,0,1,1,2,SUCCESS,33086,DIbk_Y2tROmhXs1xQ6N6ew
3894,MSEDU-S7,1757049716371,3,33086,32001,99259,0.0,0,0,0,7,SUCCESS,33086,RJKhPPcwRTuyTcJp9RVCsg
3895,MilestoneEater1729,1743705836565,3,33128,32921,99386,0.0,0,0,0,1,SUCCESS,33128,YYX5PLlRSqSnO9eMHW7MCw
3896,Fortino,1747706111944,3,33131,32797,99395,0.0,0,0,0,2,SUCCESS,33131,V6ExLzoKQp-Z8iu2bEmzjQ
3897,UsableConsole#3666,1743859216081,3,33132,29192,99397,0.6666666666666666,0,2,2,2,SUCCESS,33132,UzM9AToWSlC5oVGfdQO2yw
3898,Zero-dayLambda#9680,1741721319918,3,33132,29596,99398,0.6666666666666666,0,2,2,1,SUCCESS,33132,BjWuXGoIT0OnXutsPmuflA
3899,QualityTest#4762,1744978844551,3,33132,33124,99396,0.0,0,0,0,1,SUCCESS,33132,96K8tS3eQoyhqD39YWpfiQ
3900,FlyingWheel,1745253297860,3,33134,29200,99402,3.6666666666666665,0,11,11,2,SUCCESS,33134,LAL6O4NsRzaYA61Xwl8ALg
3901,GIST-DeepRacer03,1754377383395,3,33152,32391,99458,0.0,0,0,0,2,SUCCESS,33152,y7JQ1ZdXRHa8ovMqB4MDuw
3902,MobileSemicolon#5655,1737040503965,3,33152,32061,99456,0.0,0,0,0,5,SUCCESS,33152,lcChI0ozSFuQb2G7G_AKag
3903,QualitySlice#9433,1746564399487,3,33175,23404,99525,3.6666666666666665,0,11,11,3,SUCCESS,33175,Gj-oVYaCRJy6vkEZUOAHrg
3904,BooleanUpgrade#7756,1743855865734,3,33176,31137,99530,0.3333333333333333,0,1,1,2,SUCCESS,33176,KkSNMKBoQ_COFlkFQVzd9g
3905,UnboundTable#0220,1748506465824,3,33197,31533,99591,0.3333333333333333,0,1,1,3,SUCCESS,33197,tt36ZW-kR1GfADSA9-IehA
3906,VictorSantos-UnB,1746569595684,3,33198,31202,99596,0.3333333333333333,0,1,1,1,SUCCESS,33198,xPL1AXcKRuaI0JuEgwm_AQ
3907,CompleteSpec#1816,1750216860245,3,33198,33058,99594,0.0,0,0,0,1,SUCCESS,33198,_XF6rMOiSY231FbQ_qZOoQ
3908,EgoRacer-JordiRL-Estatut,1736957470629,3,33217,32800,99652,4.0,0,12,12,4,SUCCESS,33217,e6yL_3-QQQum_FbV_xlP8g
3909,MachineCharacter#8462,1758113065655,3,33219,32863,99657,0.0,0,0,0,1,SUCCESS,33219,Lbsk1IgvQi6sji2z0NfVzg
3910,ImportantDiff#3882,1743704214801,3,33240,29333,99722,0.6666666666666666,0,2,2,3,SUCCESS,33240,lLt16DsvRiaLYEE2ddNpyQ
3911,MobileSystem#0343,1742323755280,3,33241,30799,99724,1.3333333333333333,0,4,4,1,SUCCESS,33241,d26tXtw2Qs6R8Sn2HjyEBg
3912,RecursiveInterface#6288,1744906878008,3,33241,31406,99723,0.3333333333333333,0,1,1,2,SUCCESS,33241,zrk3-9kCSqimdrFu9rBWYA
3913,FormulaicDiff#7832,1746181416104,3,33243,29600,99731,0.6666666666666666,0,2,2,4,SUCCESS,33243,6zt5dEO7Qk64KgGwYqQn7g
3914,ThisPackage#3868,1748587206535,3,33264,28863,99792,0.6666666666666666,0,2,2,1,SUCCESS,33264,G1rproRfS9S14z2aqxBgAg
3915,UrgentArithmetic#6152,1737147143861,3,33264,29264,99792,0.6666666666666666,0,2,2,1,SUCCESS,33264,XwAfZxOAQqiK62FEzimaWA
3916,FunctionalArchitect#0955,1744296371307,3,33309,27659,99927,1.0,0,3,3,1,SUCCESS,33309,rvXa3SOBTyKTGCm7tXB_qw
3917,QualifiedInterface#6417,1759634128887,3,33329,18395,99988,3.6666666666666665,0,11,11,8,SUCCESS,33329,JPRRTH4zSZaF5HBxYufRMw
3918,LoopingInterface#1247,1752461279010,3,33355,33128,100065,0.0,0,0,0,3,SUCCESS,33355,vg_QXwWZQ7WI8_9vYEhViQ
3919,Team3-Rayhanul-jdg24001,1744964865899,3,33374,32997,100124,0.0,0,0,0,2,SUCCESS,33374,6OwMSxEnQOW3_8rdPpsY0w
3920,ArthurJoseSaryUNICAMP,1746506147675,3,33376,28192,100129,3.0,0,9,9,10,SUCCESS,33376,dHDmCITuTpa7PuDjjCEYMg
3921,MagnificentSteiner#511,1755097078623,3,33396,30868,100189,2.3333333333333335,0,7,7,2,SUCCESS,33396,DLOv48zBQhyOb4LREIbAeA
3922,Keenanrw-AWS,1739389724820,3,33398,29533,100196,3.6666666666666665,0,11,11,1,SUCCESS,33398,3xGOR5aJQAuUnTSPknoykA
3923,ProgrammingTech#5759,1736955305631,3,33398,31331,100196,0.3333333333333333,0,1,1,2,SUCCESS,33398,O1yXXaKyQgmHBWADp101iA
3924,Zero-dayWorkaround#5005,1746677361725,3,33399,33202,100197,0.0,0,0,0,1,SUCCESS,33399,8lM1A8OYQEmwtCb3NJg3XQ
3925,JavaContext#0936,1745524721273,3,33400,31398,100200,0.3333333333333333,0,1,1,5,SUCCESS,33400,MwWzi9u_RdCbNFGzmkZROg
3926,ReferenceCircuit#3751,1738464784621,3,33420,29332,100260,3.6666666666666665,0,11,11,1,SUCCESS,33420,N2mfhn3OQHa7-s2RYnCL_A
3927,KexinChu-Team1,1744941760149,3,33420,32871,100261,0.0,0,0,0,5,SUCCESS,33420,2HZJbCzPR-KycOidHuuURA
3928,RobotBuster#7304,1748848565168,3,33421,29276,100265,0.6666666666666666,0,2,2,1,SUCCESS,33421,z8Sk2KWPTZSi1SvUIrgH5Q
3929,ConnectedDataset#5972,1742585715900,3,33422,27944,100268,1.0,0,3,3,1,SUCCESS,33422,uy5RBHFNQrWcT08LZj9_RQ
3930,ASU-Aziz,1746003619837,3,33442,30666,100328,0.3333333333333333,0,1,1,1,SUCCESS,33442,8hcTNgeWRs6yb3nscaiZ_Q
3931,CleanBottleneck#3383,1746156347714,3,33443,33269,100330,4.0,0,12,12,4,SUCCESS,33443,qTNxUfTFSuGoxmeGlKSJfg
3932,ContinuousSpec#1893,1741317500664,3,33465,33328,100395,0.0,0,0,0,1,SUCCESS,33465,iD1epG-mRN6jmccUeA-LAw
3933,UnboundClass#3740,1747634359117,3,33500,29901,100502,2.6666666666666665,0,8,8,3,SUCCESS,33500,Rbo6PXClQNa5C6IKXU2OqQ
3934,GammaServer#6544,1744086497402,3,33507,33453,100523,0.0,0,0,0,9,SUCCESS,33507,BKk60pIUQ2aEo2x6qiJGbQ
3935,QualityDocumentation#2002,1745909835403,3,33507,31063,100522,0.3333333333333333,0,1,1,1,SUCCESS,33507,uKoOKD11Sd-vJ13Ye9Hx-Q
3936,InteractiveSwitch#8466,1755787439968,3,33508,26799,100525,3.0,0,9,9,4,SUCCESS,33508,og_i1nSBRNWo_aiO9YDkXg
3937,Zero-daySemicolon#0869,1751941353620,3,33508,33398,100524,0.0,0,0,0,1,SUCCESS,33508,HDjE20jeRIG40FwdIwZt2w
3938,PassingNamespace#9424,1738194122896,3,33508,29601,100525,0.6666666666666666,0,2,2,2,SUCCESS,33508,ofiWcMvYQdeXPQRR4Pjtew
3939,HLTSuper,1743764738114,3,33510,28200,100531,4.0,0,12,12,10,SUCCESS,33510,YtikowR3TVGyL6_6ufs8FA
3940,TIF-Fast-#-Curious2,1747242470251,3,33528,21594,100584,4.0,0,12,12,3,SUCCESS,33528,6quaKHMTRxmRvkCGNJ7EUg
3941,TestingShell#8109,1746466997002,3,33554,33138,100664,0.0,0,0,0,1,SUCCESS,33554,vr8jvfJVToS_vg8TY8Y9OA
3942,CodeLoop#4560,1744602603220,3,33554,30066,100662,3.6666666666666665,0,11,11,11,SUCCESS,33554,gqkL4c6SRq6KBPsCDEclBw
3943,RicardoeAlmeida-UNIFACISA,1746661959104,3,33574,23804,100724,3.6666666666666665,0,11,11,2,SUCCESS,33574,qwy-hDd3SKC0W6uZq8fAaQ
3944,BooleanDiff#6185,1739823917609,3,33574,32991,100723,0.0,0,0,0,8,SUCCESS,33574,94q0R4PgQN2xdOQ6SPqvyg
3945,ProcessingTest#7763,1744680150592,3,33575,29927,100727,0.6666666666666666,0,2,2,1,SUCCESS,33575,QNCM4DmjRcS3PTp9Yt0-ug
3946,BlockchainSchematic#3352,1737916378984,3,33576,29668,100728,0.6666666666666666,0,2,2,1,SUCCESS,33576,GVoxQrUkQoGSmFWamnh1ew
3947,Zero-dayEngineer#2518,1755037243868,3,33595,30992,100787,3.3333333333333335,0,10,10,1,SUCCESS,33595,5S2iTtBuTM-daVssTL4bXQ
3948,Reshiram,1751590358371,3,33596,33064,100789,0.0,0,0,0,7,SUCCESS,33596,0FEJ5ILHSECsAPxx1l6fHg
3949,ASCIIDescriptor#0214,1754363939870,3,33598,29938,100795,0.6666666666666666,0,2,2,1,SUCCESS,33598,MJFV00LtS1q8s4a7CQR0fg
3950,PythonObject#1305,1748117740950,3,33600,18333,100800,3.6666666666666665,0,11,11,6,SUCCESS,33600,TVyNiovHQDC75be0MkRC5g
3951,BD0210011,1750401224116,3,33617,30068,100853,2.6666666666666665,0,8,8,1,SUCCESS,33617,a0K7y1X2QKGMwZ7Ow3yxcg
3952,namgkim,1752032360715,3,33617,23916,100851,3.6666666666666665,0,11,11,4,SUCCESS,33617,Ft_X47oBT_SZ-jVYkNKbLQ
3953,BetaSystem#0510,1745918833806,3,33619,28526,100859,1.0,0,3,3,1,SUCCESS,33619,6Uog_tDqQju9xEhMOSDjeg
3954,TabletServer#3906,1740675089990,3,33620,28394,100862,4.0,0,12,12,1,SUCCESS,33620,uTInPMmwSPKVPHGTK33Y6w
3955,deepracer-test-takahashi,1738094039677,3,33620,29127,100861,0.6666666666666666,0,2,2,2,SUCCESS,33620,fS8QVf08TNK_aOn6cO7EKA
3956,ReferenceError#9126,1755007980070,3,33639,31328,100919,0.3333333333333333,0,1,1,1,SUCCESS,33639,u-bZDCdRSqWEvGSYigKccA
3957,HelpfulDescriptor#3279,1749026353637,3,33639,30001,100918,0.6666666666666666,0,2,2,1,SUCCESS,33639,fpVMtjvYTUeNBWa1Qe0RzA
3958,CreativeTag#3394,1741878541599,3,33642,33200,100926,1.0,0,3,3,1,SUCCESS,33642,e583zeC5QruckCT5pX2otA
3959,AsynchronousLine#5421,1746733068369,3,33666,30608,100999,0.6666666666666666,0,2,2,1,SUCCESS,33666,KlqIK2GgTd2BZ8KSOw-KCQ
3960,PathingError#3993,1759461141697,3,33687,29604,101061,3.6666666666666665,0,11,11,1,SUCCESS,33687,XV_YwOlKT26ItMLzEsAFRQ
3961,TIF-Racing-Radiance,1745136685911,3,33688,28996,101064,1.0,0,3,3,1,SUCCESS,33688,LJzDpiNuTFeHu9dsqp1APw
3962,RodrigoPatelli--Insper,1746701577207,3,33713,31474,101139,3.3333333333333335,0,10,10,1,SUCCESS,33713,ot351MT2S1yK0vi6zR1-qA
3963,cc25-081,1758107236298,3,33753,28133,101259,4.0,0,12,12,1,SUCCESS,33753,YUn_-enKQA2C56KVFBJtSA
3964,AutomatedDeadline#4284,1736991070975,3,33774,32866,101324,0.0,0,0,0,1,SUCCESS,33774,JyJymY1KRWO2PUaDoFjG3A
3965,HelpfulMachine#3037,1736881183217,3,33775,19387,101326,3.6666666666666665,0,11,11,1,SUCCESS,33775,d_nrK8gQQquFbpoYaW7D8g
3966,NullLanguage#3034,1747295676626,3,33802,31327,101406,0.3333333333333333,0,1,1,1,SUCCESS,33802,P2_51iPCRYKiwnQRb8t58w
3967,911pm,1748664805608,3,33809,26007,101427,3.3333333333333335,0,10,10,5,SUCCESS,33809,-ieZrszaRKuG-VkK7S8clw
3968,AccessibleTech#7493,1743699801788,3,33819,29997,101459,0.6666666666666666,0,2,2,1,SUCCESS,33819,KV8CvyDkSGyGOZAbQIRM-g
3969,IterableAbstraction#0255,1748281671372,3,33820,30464,101462,1.6666666666666667,0,5,5,7,SUCCESS,33820,B-R0sDdURAKHSh495LjMQQ
3970,AsynchronousString#6956,1743706239885,3,33850,29468,101551,1.6666666666666667,0,5,5,1,SUCCESS,33850,LQDWdyE2Rwy4gk0aEYiyiA
3971,UnboundPointer#5791,1750590623961,3,33864,31932,101594,0.3333333333333333,0,1,1,1,SUCCESS,33864,wrBtLaAESNiacUTrCpQO4g
3972,MSEDU-S9,1747189798245,3,33865,31861,101596,0.3333333333333333,0,1,1,5,SUCCESS,33865,e5nVNTfkQKiUguUwjCH_xg
3973,GenerativeSchema#2609,1753967195795,3,33865,22403,101596,4.0,0,12,12,2,SUCCESS,33865,rn2oiwP_TPW-IYbLoTmsmg
3974,SecureScope#4389,1738721774380,3,33886,33736,101660,0.0,0,0,0,1,SUCCESS,33886,hOWgo6NXRRCLlAEgevKHgg
3975,UnboundClass#3328,1744034215105,3,33907,29459,101722,0.6666666666666666,0,2,2,2,SUCCESS,33907,DJEaAgV2TmqHI2wdsCuyAA
3976,PrototypeBreaker#1690,1755267394379,3,33930,18187,101791,4.0,0,12,12,6,SUCCESS,33930,qmRc70hjRsamfWu4AY6uog
3977,M-Sueyoshi,1750746607168,3,33930,33270,101791,0.0,0,0,0,6,SUCCESS,33930,VLVt6jpJSzWSs2kgYrjfhg
3978,PrototypeSwitch#3535,1745773738895,3,33931,32065,101795,0.3333333333333333,0,1,1,2,SUCCESS,33931,_rk4TweGQQW1SApqN1EHpQ
3979,UsableScope#4273,1743670148100,3,33975,33523,101926,0.0,0,0,0,1,SUCCESS,33975,7lD9BJkqSs2C42Ma33UElA
3980,FungibleLoop#6053,1753198767086,3,33976,26464,101929,4.333333333333333,0,13,13,2,SUCCESS,33976,10sUU-uAQzm7_xhh6J6hxg
3981,BooleanUpgrade#7742,1737737954478,3,33996,30724,101988,2.6666666666666665,0,8,8,1,SUCCESS,33996,C1sIfZI7QnqNtDA5zkBDtA
3982,NeedForSpeed-Tina,1746772226640,3,33996,26528,101988,3.3333333333333335,0,10,10,2,SUCCESS,33996,lPpnoxylTm2DhQd18TVTkw
3983,CleanSystem#6682,1743744261381,3,34017,30260,102053,0.6666666666666666,0,2,2,1,SUCCESS,34017,KRrX5p6-SLyM-CHmgq9qcg
3984,LucasGabriel,1746235508376,3,34018,33933,102056,0.0,0,0,0,3,SUCCESS,34018,iHRf5eieQfqA2q-NWzoqag
3985,MechanicalShell#2686,1737377427243,3,34019,28393,102058,4.0,0,12,12,5,SUCCESS,34019,Yr3W3GI_QziWvmJ4DYej8w
3986,ReferenceError#9472,1737327584465,3,34020,30467,102061,0.6666666666666666,0,2,2,1,SUCCESS,34020,uSx7cIhtRLWx3OkEtxftBQ
3987,MechanicalGame#8613,1744993874579,3,34027,30397,102081,0.6666666666666666,0,2,2,1,SUCCESS,34027,uvx1rIEWSyavAS1s9BfZdg
3988,NestedDebugger#8079,1746654358448,3,34039,31601,102117,3.3333333333333335,0,10,10,15,SUCCESS,34039,-QjffkUVQo-31oJh6bhaQQ
3989,HashableBooster#2399,1743928492759,3,34039,26534,102119,3.3333333333333335,0,10,10,1,SUCCESS,34039,sMleWxUhQJ-AKTnQM2nKYA
3990,PythonPointer#6529,1743783375896,3,34043,32191,102130,0.3333333333333333,0,1,1,2,SUCCESS,34043,8TwxqKJESmKrQJjj73Lsog
3991,SIBANG-PARKSUNGJUN,1756810512581,3,34085,33994,102257,0.0,0,0,0,5,SUCCESS,34085,CeL0VuEET2KjI-ETcbsTog
3992,TabletFunction#2354,1750007423221,3,34087,32069,102261,3.3333333333333335,0,10,10,3,SUCCESS,34087,XAbsMPfyQvGuf1XpWaSC0Q
3993,AM730,1737473611483,3,34087,23596,102261,4.0,0,12,12,3,SUCCESS,34087,BVyCq7XIT-ObuDsJfFVtDA
3994,10xOrder#1432,1745931156118,3,34106,15983,102319,3.3333333333333335,0,10,10,4,SUCCESS,34106,BOWet2eJQ5a62KFvAHX7nQ
3995,moew#02,1745307834411,3,34130,33394,102390,0.0,0,0,0,1,SUCCESS,34130,yiZLtTJASE-54xTzBhD2uw
3996,MemoryDeadline#9533,1748156417187,3,34132,29933,102396,0.6666666666666666,0,2,2,1,SUCCESS,34132,U0BwegA4TUKNvEKlJF_XCg
3997,PassingNotation#3049,1746256390363,3,34132,32127,102396,0.3333333333333333,0,1,1,1,SUCCESS,34132,mAOcKg0OTa2Qg8qCp7WViA
3998,JavaUpgrade#3856,1748195043491,3,34140,28196,102421,2.0,0,6,6,1,SUCCESS,34140,9QjquZMARPCGSRHPl4b0XA
3999,ParametricLog#2731,1742791052816,3,34152,32133,102456,0.3333333333333333,0,1,1,1,SUCCESS,34152,KTN-aNC2SVS-ptLwvA6IyA
4000,DigitalClass#3258,1745138273924,3,34152,33872,102458,0.0,0,0,0,1,SUCCESS,34152,inugSHXYSOyj8NJm-MBqoA
4001,Overcrash,1739295994290,3,34153,30864,102459,3.6666666666666665,0,11,11,7,SUCCESS,34153,LnKSJbZPQ4i7jdSMzPSJAQ
4002,BetaObject#7417,1744804809507,3,34153,32260,102460,0.3333333333333333,0,1,1,1,SUCCESS,34153,fKe7r0GUSwem9Mj5MXgXdg
4003,RacingQueens#KarakaVasundhara,1755586399980,3,34174,23926,102524,4.0,0,12,12,2,SUCCESS,34174,K9C-SGKYRO6Gy2Du-G3l_Q
4004,FuturisticHacker#7634,1751333797476,3,34175,25995,102525,2.3333333333333335,0,6,7,2,SUCCESS,34175,yIXkCBg4TXaqkGWCLKEoWQ
4005,satosugi,1742306890468,3,34176,30261,102528,0.6666666666666666,0,2,2,2,SUCCESS,34176,kfVVg3YeSIWlMBoouB5WfQ
4006,ThisWorkaround#6294,1744189526906,3,34242,30603,102728,0.6666666666666666,0,2,2,1,SUCCESS,34242,m1MsMs7xTNCM5Hj1IEiOCw
4007,ASCIIDebugger#6988,1736958424370,3,34245,33729,102736,0.0,0,0,0,1,SUCCESS,34245,C-ID6p_uRVS22tp0YEd8mg
4008,AccessibleAbstraction#1609,1757058320133,3,34264,33867,102792,0.0,0,0,0,1,SUCCESS,34264,_GoUn8V5Q3Gch0lWxawIYg
4009,DEGI-G100,1738268014200,3,34287,18933,102861,3.6666666666666665,0,11,11,2,SUCCESS,34287,jszB1ih9RTCijTvESrxtGw
4010,MechanicalServer#7774,1741761498680,3,34307,29597,102922,0.6666666666666666,0,2,2,1,SUCCESS,34307,Wc12EtdWR92P1qfCcgmYPQ
4011,UpgradedMethod#8159,1737125771422,3,34308,30804,102926,0.6666666666666666,0,2,2,1,SUCCESS,34308,C1jUrVqeQ-6pb7lV2gegrw
4012,ImmutableNode#2090,1740302800744,3,34314,32338,102942,1.3333333333333333,0,4,4,2,SUCCESS,34314,GB2oE1jlQ-eKYUD1mWynEw
4013,MechanicalHacker#9182,1737717504538,3,34330,24866,102992,2.6666666666666665,0,8,8,1,SUCCESS,34330,9_q2olfWRc-6R8DRo6JRzg
4014,NullConsole#9305,1750166882320,3,34354,30474,103063,0.6666666666666666,0,2,2,1,SUCCESS,34354,H1V1ftIUQDyga4XjoCyJwA
4015,PassingSemicolon#8632,1746617020295,3,34355,33743,103065,0.0,0,0,0,1,SUCCESS,34355,dBleu5leT1upHUH7FUYU7A
4016,CodeTech#3472,1741299158098,3,34355,27136,103066,1.0,0,3,3,1,SUCCESS,34355,K5aJYloFS4m-DxRzy8koEw
4017,SubhashGalla,1745190687323,3,34358,24415,103076,3.0,0,9,9,6,SUCCESS,34358,TfwBfr5TTOS3zifV-MVXUg
4018,ProcessingNotation#7778,1749040483166,3,34374,30531,103124,0.6666666666666666,0,2,2,1,SUCCESS,34374,2Eo1K1E6RVGZglqxQhhkcQ
4019,TestableBreaker#5091,1743374043551,3,34376,33864,103128,1.0,0,3,3,1,SUCCESS,34376,CTylYj2GSMCqzQKILqsigg
4020,NestedCommand#1767,1744788368861,3,34394,30474,103184,1.6666666666666667,0,5,5,1,SUCCESS,34394,XDkUiH-uTBaTrooTjhubzQ
4021,CurlyClass#4498,1746487853829,3,34421,24997,103264,3.6666666666666665,0,11,11,1,SUCCESS,34421,dRR5B1hXS1qkSxOM9KnegA
4022,PythonTester#7608,1736535962863,3,34422,34197,103267,4.0,0,12,12,1,SUCCESS,34422,wogscNA9Svq2oFDtRH2iZg
4023,IterativeRequirements#2435,1739328721218,3,34422,30857,103267,0.6666666666666666,0,2,2,1,SUCCESS,34422,qK8nUnJTTgW5yccYOIPK5Q
4024,ComplexArray#2226,1747674554815,3,34442,32599,103326,3.3333333333333335,0,10,10,2,SUCCESS,34442,vzN6GHv2RIudwJhTpr-NkQ
4025,BB0228047,1750056287926,3,34442,28662,103326,1.0,0,3,3,2,SUCCESS,34442,fCcbxggASOSy4d35SS42qA
4026,Team24-Sulaiman,1757300998317,3,34442,30467,103328,0.6666666666666666,0,2,2,1,SUCCESS,34442,6H-V9Kx7SyiiM3F2Qu13cw
4027,MSEDU-007,1747189793049,3,34444,31129,103332,0.6666666666666666,0,2,2,9,SUCCESS,34444,FVAjcJK6RiSWest9sNtAsQ
4028,Caioindiano,1755371394306,3,34464,31868,103393,4.333333333333333,0,13,13,4,SUCCESS,34464,GhGOhyPkTDCv3i2N8TlYDA
4029,GammaLambda#9390,1736383805601,3,34486,32656,103459,0.3333333333333333,0,1,1,2,SUCCESS,34486,yqK2mU2aTWqqUp28yBuLUg
4030,EpamSpeedyGalley-Alex,1747766015670,3,34506,32321,103520,2.3333333333333335,0,7,7,6,SUCCESS,34506,uYA7O4CdT66zb1GomJaG7A
4031,TabletUpgrade#4336,1744743108489,3,34508,31796,103525,0.3333333333333333,0,1,1,1,SUCCESS,34508,e2uWwBTRRbCQKUpSXqm3UA
4032,Zero-dayVariable#0826,1748584196896,3,34534,33925,103603,1.0,0,3,3,1,SUCCESS,34534,bRV7EHAzQQ6_rpk-N_oGYg
4033,AutomatedCallback#2958,1745673102495,3,34565,32559,103695,1.3333333333333333,0,4,4,1,SUCCESS,34565,s_HMoxGKRr2LEi_wvspOng
4034,InteractiveCharacter#2305,1748226245636,3,34575,32659,103725,0.3333333333333333,0,1,1,4,SUCCESS,34575,mxSMUUe7QC-TKfuhjjHQrg
4035,RuanM-IFPI-LABIRAS#19,1746820389644,3,34585,29267,103757,4.0,0,12,12,1,SUCCESS,34585,VOc2PI1_QhSnUP-ZTyMgVQ
4036,solup-sw,1751729805622,3,34598,29602,103796,1.6666666666666667,0,5,5,4,SUCCESS,34598,BAPLjlRyQuG1_HYwgzUBtA
4037,FocusedCoder#5721,1740737024552,3,34620,31391,103861,0.6666666666666666,0,2,2,1,SUCCESS,34620,l4hxyd-7SKy9Aqiz9jQEMA
4038,BetaSpec#2108,1738508615717,3,34620,32598,103861,4.333333333333333,0,13,13,2,SUCCESS,34620,q2ttP4pMRhKMAWBM6Blqhw
4039,TechnicalAttention#3298,1744210814756,3,34620,28932,103862,1.0,0,3,3,2,SUCCESS,34620,ULr0p8cpQXGRiwxWZLmiew
4040,NumericArray#2878,1753556618737,3,34641,30336,103923,1.0,0,3,3,1,SUCCESS,34641,p2suFZqeTNmpfr8LaCmZYg
4041,ComplicatedWorkaround#9913,1749489820108,3,34642,30798,103927,3.6666666666666665,0,11,11,2,SUCCESS,34642,_qusB_uQQDK25TLb96XAfQ
4042,ImportantClass#8117,1758048552118,3,34643,28133,103929,2.3333333333333335,0,5,7,1,SUCCESS,34643,s9sWqysYTHyNS9dOSgktow
4043,Jugo,1747515644507,3,34663,31859,103991,3.6666666666666665,0,11,11,1,SUCCESS,34663,L0sIry-IRJSA8ECfZv-lEw
4044,FiniteDelta#3102,1740163627573,3,34664,34208,103994,0.0,0,0,0,1,SUCCESS,34664,lTuOsec7SEKG-1uZx0HZ9A
4045,Vruti,1739464709014,3,34664,32128,103993,0.6666666666666666,0,2,2,1,SUCCESS,34664,1xjhfz7ASGi-9tlm2LNC3Q
4046,BrainyBreaker#2354,1751510893506,3,34664,33724,103993,0.0,0,0,0,1,SUCCESS,34664,VzLQitMkRvWC8eCyFv30Jg
4047,Dev4Wheels-FenziBR,1758229869451,3,34664,28588,103993,4.0,0,12,12,11,SUCCESS,34664,cuGfYLqmTTmfXNl3XAvamg
4048,VariableNotation#8291,1737827808254,3,34668,23005,104004,4.0,0,12,12,2,SUCCESS,34668,I814zUqzThCXNCZLzBwA0w
4049,BilalAbbasRacer,1744100627341,3,34685,29870,104057,0.6666666666666666,0,2,2,1,SUCCESS,34685,Xie4wydZQKyYCneMv0dTmw
4050,ReferenceClass#4515,1755099788419,3,34687,28264,104062,4.0,0,11,12,8,SUCCESS,34687,UgN5Ujo8RfC4zXuZtaNN_g
4051,ImportantSemicolon#7333,1738680644909,3,34708,26723,104125,4.333333333333333,0,13,13,2,SUCCESS,34708,61HgwGuXSVu7ZAQCESgcOw
4052,UpgradedZone#3937,1745907245800,3,34709,30999,104128,0.6666666666666666,0,2,2,1,SUCCESS,34709,yT5g2jM_RDKszwhvnVRaMQ
4053,AgustinDeLaGuardia,1747084229587,3,34709,34131,104127,4.0,0,12,12,2,SUCCESS,34709,AbCXE8nsSgu1vKXe6ZyV6A
4054,loros,1741270041371,3,34751,33199,104255,1.3333333333333333,0,4,4,8,SUCCESS,34751,avfCPgesTlGCwSnLvhxSFg
4055,ViniciusEscano-Ctrl-Alt-Win,1758227811787,3,34752,28533,104258,3.0,0,9,9,4,SUCCESS,34752,5lH66BR3T_-9v2Lk16odEA
4056,MavericksTeamNo3,1741873147322,3,34775,34260,104325,4.0,0,12,12,1,SUCCESS,34775,LtCvfhcERNqXeARerNPWHw
4057,zailaC,1755007258247,3,34775,32732,104325,4.333333333333333,0,13,13,1,SUCCESS,34775,Mf_5AgfJSXmNg3hw-cRHKA
4058,ProcessingExpert#5185,1747697672860,3,34796,31732,104389,0.6666666666666666,0,2,2,1,SUCCESS,34796,rDYECGsoR-iwWXk3K9F3bw
4059,NTSH#11325,1736395587713,3,34797,20273,104392,3.6666666666666665,0,11,11,2,SUCCESS,34797,9sQeW3rwSuSTGHM3VD5P9A
4060,VirtualPresentation#7395,1751596348690,3,34819,29461,104457,1.0,0,3,3,1,SUCCESS,34819,nQ3vsl-pQaKfa1piBAc8Ig
4061,Mobile486#8530,1747758980828,3,34840,34787,104520,1.0,0,3,3,1,SUCCESS,34840,E_xBTP4ATK2uekuSz0k53A
4062,RobotNumber#9971,1746935801066,3,34841,32998,104523,3.3333333333333335,0,10,10,3,SUCCESS,34841,IcRSMMLGQ6KLVPrlgBfRiw
4063,Congyang#201,1738808552013,3,34843,30199,104530,4.0,0,12,12,1,SUCCESS,34843,aGeaBTLKS4-yv_aq7z7fjA
4064,NitroBoostM,1737638177490,3,34853,30218,104559,4.0,0,12,12,2,SUCCESS,34853,BbeYnzdXRcmOwq351apTXQ
4065,FungibleTester#6477,1759019122512,3,34863,29730,104589,3.6666666666666665,0,10,11,2,SUCCESS,34863,EfPUGSXzSPirQQAO4dQ2ZA
4066,buggyRacer,1738784512926,3,34864,31928,104594,0.3333333333333333,0,1,1,1,SUCCESS,34864,190a4adef8ed4c2a8551cQ
4067,SequentialExpression#4007,1744042327898,3,34864,30532,104594,0.6666666666666666,0,2,2,1,SUCCESS,34864,IFIFejc7TyeQophQnREjSg
4068,TestingCoder#5349,1753674997364,3,34886,34724,104658,1.0,0,3,3,3,SUCCESS,34886,BXWzCKN9TcS9Q8a2a43v6Q
4069,QualifiedFunction#8676,1745964036523,3,34886,32931,104660,4.333333333333333,0,13,13,9,SUCCESS,34886,-aCc0UVyRKCVurv3bUOQ9w
4070,TIF-CTRiskSmartRacer,1746420360203,3,34887,27269,104662,4.333333333333333,0,13,13,2,SUCCESS,34887,fngewpiZSZm11yX7YgwnMA
4071,IterableString#7724,1747896200085,3,34889,30330,104668,3.6666666666666665,0,11,11,11,SUCCESS,34889,tK-e00TCRX2KYsPVxl5Bqw
4072,ProvisionalCoder#1997,1736441656015,3,34911,30932,104734,2.6666666666666665,0,8,8,1,SUCCESS,34911,9BoHhzoMSOSm6tIXAtYZnA
4073,Zero-daySchematic#6539,1738047685595,3,34912,34732,104736,1.0,0,3,3,1,SUCCESS,34912,Y9wb3h4EQ2iYBvyMpEyH8Q
4074,ProcessingBreaker#0979,1736787777972,3,34931,32664,104795,0.3333333333333333,0,1,1,1,SUCCESS,34931,Wao4uLSZQ4-8XkmnWd_bJQ
4075,Student-ASE#12,1743848897252,3,34931,29067,104793,2.0,0,6,6,2,SUCCESS,34931,fF2-1a0-RpmLYFisdfwBEg
4076,TechnicalEvaluation#9293,1740676888822,3,34936,23272,104808,4.0,0,12,12,1,SUCCESS,34936,ra9BAh6ZRKaSpjkWBtpZMA
4077,QualifiedRequirements#5738,1740676959394,3,34952,33000,104858,4.333333333333333,0,13,13,1,SUCCESS,34952,lM1wcckmSG6EDPNH23QNhA
4078,902-HSM-2,1752479481611,3,34973,27398,104920,3.3333333333333335,0,10,10,9,SUCCESS,34973,Xa2mhQyvTuaa0gYvXwrKuQ
4079,ProgrammingSchema#5123,1738701145074,3,34974,33191,104924,4.333333333333333,0,13,13,1,SUCCESS,34974,988QKlJuQ4OksFapfNj24w
4080,ASCIILambda#2466,1738639911832,3,34974,33998,104923,0.0,0,0,0,2,SUCCESS,34974,xmYz-dsURPuJA_hXhA-dvA
4081,GlobalMachine#5985,1744805789814,3,34975,34271,104927,0.0,0,0,0,1,SUCCESS,34975,eIWea_ybRYCTPnURsE-gvw
4082,dnp-nagato-y4-multi-user,1750664727493,3,34976,22935,104930,3.3333333333333335,0,10,10,1,SUCCESS,34976,D0wgDD1sQC-aeJyOp4gUpg
4083,AsynchronousExpression#9295,1737577118313,3,35021,27674,105063,2.3333333333333335,0,7,7,1,SUCCESS,35021,BMQeSNTBQJea2ztksA374w
4084,PythonDescriptor#0454,1755543467604,3,35043,30393,105130,3.0,0,9,9,1,SUCCESS,35043,-ngor95tTWqXDgFrTJNRIg
4085,IterativeBraces#7254,1747219606426,3,35054,31134,105162,0.6666666666666666,0,2,2,1,SUCCESS,35054,NBGnHHtBTyaRjT35k9L4xw
4086,DesktopSwitch#2297,1739557294019,3,35084,31326,105254,0.6666666666666666,0,2,2,1,SUCCESS,35084,VF3gyR15RCyLRXWGrXfj-g
4087,RobotNamespace#4074,1749488998462,3,35086,31601,105260,0.6666666666666666,0,2,2,1,SUCCESS,35086,0JUQYbJ9TYCcPIFiPU--wQ
4088,QuickFunction#1399,1741570942484,3,35088,31136,105266,0.6666666666666666,0,2,2,1,SUCCESS,35088,GbheLSMjQNe0FoqmgQa82w
4089,FastandServerless,1755190848064,3,35090,30535,105272,3.6666666666666665,0,10,11,3,SUCCESS,35090,tKcdW5q4Rju084OSwb43Fg
4090,BhavirisettySriLakshmiVenkataNagaRama,1743991187837,3,35091,27792,105275,1.3333333333333333,0,4,4,3,SUCCESS,35091,WK4BERIIRAaraZqxXIHnpg
4091,AsynchronousWorkaround#9162,1748499798633,3,35106,29790,105319,1.0,0,3,3,1,SUCCESS,35106,oqgV_Z5eRyOdhYkwtNRJLA
4092,Jois-21,1743164954104,3,35108,33337,105325,0.3333333333333333,0,1,1,2,SUCCESS,35108,xR4UjggdTbup0v1SH8EVXg
4093,10xArgument#0926,1745310717459,3,35131,34871,105395,1.0,0,3,3,2,SUCCESS,35131,Uzj-ymYdSruQvMast9bbGw
4094,NumericContext#9174,1745907256115,3,35152,34603,105457,0.0,0,0,0,3,SUCCESS,35152,oAhWuFLYQ0C0wPAjTY1Ijw
4095,Suvalicious98,1744418528159,3,35153,30938,105460,0.6666666666666666,0,2,2,1,SUCCESS,35153,86aeh8LjS0OuWQVuGYdlkg
4096,kodaly802,1744000658047,3,35154,31597,105463,0.6666666666666666,0,2,2,3,SUCCESS,35154,VK-1z8oSQsGhdmNVzEZFwQ
4097,InteractiveScope#7119,1738714483612,3,35175,26606,105527,1.3333333333333333,0,4,4,14,SUCCESS,35175,N0D60jbFR1G6x17Whswj1g
4098,MechanicalLambda#1045,1745636953648,3,35176,31726,105528,0.6666666666666666,0,2,2,1,SUCCESS,35176,euX0mZl9RmGqKnhF28HZLA
4099,AccessibleEngineer#4824,1742772259643,3,35198,34926,105594,1.0,0,3,3,1,SUCCESS,35198,ySy30xdARd2yWvaGIekZOg
4100,TestableUpgrade#4193,1744415663501,3,35218,33260,105654,0.3333333333333333,0,1,1,2,SUCCESS,35218,utYyCNTtTc2-VoSqVpgKqA
4101,MyRacer123456,1743243134403,3,35220,34737,105662,1.0,0,3,3,1,SUCCESS,35220,NvhYkT0US666UausWekCFQ
4102,UsableValue#5309,1757958960677,3,35240,33195,105722,4.333333333333333,0,13,13,7,SUCCESS,35240,ly2oWDSiQ7uKglAo_F-P3Q
4103,AtomicCoder#9112,1749338761278,3,35242,31401,105726,0.6666666666666666,0,2,2,4,SUCCESS,35242,xhrLp84SSUu4fdC9MK1oMQ
4104,MSEDU-S3,1751953943878,3,35264,35194,105794,1.0,0,3,3,8,SUCCESS,35264,610JeP3hRkmjuhaESDa1Dw
4105,PassingModel#6713,1751161365576,3,35265,32535,105795,0.3333333333333333,0,1,1,1,SUCCESS,35265,v4GRtBBkRZmdjVyI-1RAyQ
4106,SquareZone#8562,1740676946789,3,35308,23931,105925,4.0,0,12,12,1,SUCCESS,35308,cJlLMZYAQm-JiqMafpM3Aw
4107,SolvableParameter#5008,1746767847888,3,35353,27404,106061,4.333333333333333,0,13,13,1,SUCCESS,35353,GWvO3okzTTSWTrODFuTpuw
4108,CriticalMetaclass#7272,1740658983854,3,35374,33267,106123,4.333333333333333,0,13,13,2,SUCCESS,35374,cu_rWgrFQKK2hIjzKzau1A
4109,ArthurJoseSary-UNICAMP,1746650312399,3,35376,34399,106128,4.0,0,12,12,2,SUCCESS,35376,gmQcin2PTXGOcYjbLjhV-w
4110,FelipeDili,1747098180118,3,35377,30064,106133,4.0,0,12,12,3,SUCCESS,35377,AoYwYnsyQdG5phf0ICP9gA
4111,ComplexArithmetic#1635,1743840329546,3,35377,31868,106132,4.666666666666667,0,14,14,4,SUCCESS,35377,iFZMpYn-Tr6KsX3o25SpYw
4112,NeuralLanguage#7802,1738855414478,3,35378,27870,106134,3.3333333333333335,0,10,10,1,SUCCESS,35378,qgBZFw8WR5-dgj02gVUNqw
4113,LennerEducator,1743520458852,3,35378,30073,106135,4.0,0,12,12,1,SUCCESS,35378,UNSUQ0ogQlej5LBTWWTcpQ
4114,TIF-Mavericks2,1745764580078,3,35394,27531,106184,3.3333333333333335,0,10,10,2,SUCCESS,35394,mvhmcw-ET5igAaFz3O6kGw
4115,mirai#6,1746416676094,3,35397,30067,106193,1.0,0,3,3,3,SUCCESS,35397,WPtbvyYsSImUAKQeFP4MLg
4116,CNZX-YYY,1745314180208,3,35463,19124,106389,4.0,0,12,12,4,SUCCESS,35463,ztnrJh0iQ0O8-nQVixJXag
4117,AbstractTable#8989,1743705039199,3,35466,35072,106398,1.0,0,3,3,1,SUCCESS,35466,y0V0XVC9RUGkqXx7Wwfx6g
4118,TheSquishiess,1753248625467,3,35485,34796,106455,0.0,0,0,0,1,SUCCESS,35485,7W7JGBykTMmLNp_CxivhuA
4119,satdalal,1743705740490,3,35486,35262,106458,1.0,0,3,3,1,SUCCESS,35486,sshsH1SaTVSmIRLvqJOnQw
4120,DraftMachine#6774,1739730320051,3,35494,34598,106483,0.0,0,0,0,1,SUCCESS,35494,kImStr2MTS-Io-KIXqaXaw
4121,ThisPresentation#0865,1743452007697,3,35506,29925,106519,4.0,0,12,12,1,SUCCESS,35506,EcKbkljTT16UWF9MFSh3vQ
4122,ConnectedCoder#4831,1736616980148,3,35507,33790,106523,1.3333333333333333,0,4,4,2,SUCCESS,35507,UC_ENO8xRiGAMXJ9Wxc18g
4123,Daigo,1736324900300,3,35508,31738,106526,3.6666666666666665,0,11,11,3,SUCCESS,35508,csxD4OFuSE2tBQcmuU6xwg
4124,TIF-Team-Flash,1747234204604,3,35530,31599,106592,4.666666666666667,0,14,14,3,SUCCESS,35530,R9HO5gfOSIuxClBqfwJYpA
4125,RobotAnalyst#9519,1743972686619,3,35530,30191,106592,1.0,0,3,3,6,SUCCESS,35530,K0CFL46iTvuLXtHhp8_AiQ
4126,HelpfulNumber#3848,1755714639752,3,35531,33266,106593,1.3333333333333333,0,4,4,1,SUCCESS,35531,sRTzBQvLSqOHfYd7ihTTIA
4127,CriticalAttention#7282,1754080731902,3,35555,35474,106667,2.0,0,6,6,1,SUCCESS,35555,kSo7vHnEQGuo9x-jzfT-ow
4128,cool-seat#1,1758058725895,3,35574,31250,106722,4.0,0,11,12,4,SUCCESS,35574,Kmxdr55FSxi37Auu7gT6fQ
4129,129,1759547948105,3,35596,33803,106790,0.0,0,0,0,1,SUCCESS,35596,B_20b0NGQr6JEaC_P73YXA
4130,ProvisionalPresentation#6514,1744788586640,3,35619,26665,106857,1.6666666666666667,0,5,5,1,SUCCESS,35619,Fz2tF1XiQ5WkViICY2zOIA
4131,bd0210018,1750401336990,3,35619,32868,106857,4.333333333333333,0,12,13,1,SUCCESS,35619,bwqwrPv6Tzy23pyBSPq4sg
4132,DigitalTester#8457,1755023136432,3,35638,34131,106916,0.3333333333333333,0,1,1,2,SUCCESS,35638,j7Wz8LiwSKi9tcvR8y0A4g
4133,UpdatedLine#0091,1746385109061,3,35640,31464,106922,1.6666666666666667,0,5,5,1,SUCCESS,35640,OS9gMuSGQKunT-oyGLV0Vg
4134,OverconfidentAndUndertrained,1753887950479,3,35642,18199,106928,4.0,0,12,12,10,SUCCESS,35642,jWnhXY_-RWKhrH1DUCoqFg
4135,AgileDataset#2813,1740659755203,3,35643,33533,106931,4.333333333333333,0,13,13,1,SUCCESS,35643,vcmjnE09T0alaruRFWf3sQ
4136,MemorySandbox#1893,1743973768851,3,35663,32253,106991,4.666666666666667,0,14,14,4,SUCCESS,35663,4xaDPAQUQvqwyYbYNAPTWQ
4137,AbstractBreaker#8738,1745081347227,3,35663,30055,106989,1.0,0,3,3,1,SUCCESS,35663,pjMyVQWGS_aG5H3wUGLrEg
4138,ComplicatedDiff#4489,1737569833164,3,35685,34532,107055,0.0,0,0,0,1,SUCCESS,35685,hKW4p5_IRrK5B-FS5OJ5YA
4139,MemoryUpdate#6534,1753899245085,3,35730,25334,107191,1.6666666666666667,0,5,5,1,SUCCESS,35730,ZXQALRvfQzmToDGlXu6zaA
4140,chen#09,1745811893568,3,35730,31865,107190,3.6666666666666665,0,11,11,3,SUCCESS,35730,53psH-6sQre_Zt9yhmid0Q
4141,AbuBasith,1739209319449,3,35754,32930,107262,0.3333333333333333,0,1,1,1,SUCCESS,35754,SXOoAvbwSDqP49msmOf7eA
4142,AccessibleArgument#1849,1747588193550,3,35775,30267,107325,1.0,0,3,3,2,SUCCESS,35775,NM8VXlgvTOCd7-RGv29i2w
4143,GislanyDias-IFPB,1745671287330,3,35775,32268,107327,4.666666666666667,0,14,14,3,SUCCESS,35775,fYqbIZ-WR-ipj3pPD-UBYg
4144,BigNamespace#4747,1753843675961,3,35776,29991,107330,4.0,0,12,12,1,SUCCESS,35776,9THHae2CQYWC382CeNR-Ug
4145,DigitalTester#2904,1739269067643,3,35784,31667,107352,0.6666666666666666,0,2,2,2,SUCCESS,35784,xC8zU1oWQ8OF9DkJPwOXAw
4146,GlobalError#4241,1745814763685,3,35796,32391,107388,3.6666666666666665,0,11,11,8,SUCCESS,35796,khRsdsFYRKWyQ30ScW2Kvw
4147,GlobalModel#0725,1749345843551,3,35799,35538,107398,1.0,0,3,3,1,SUCCESS,35799,tMixgwyPTWKchlA_WjNRGw
4148,Franchiiiii,1738242854595,3,35819,23262,107458,4.333333333333333,0,13,13,2,SUCCESS,35819,Y54ANqkiQKuZLClp7sqpIQ
4149,DKTest#0608,1754912734152,3,35841,35328,107525,0.0,0,0,0,3,SUCCESS,35841,pqjUV3jZT1Oi1Tx-dTJKrw
4150,902-JHN-02,1752742936607,3,35841,29869,107524,4.0,0,12,12,7,SUCCESS,35841,rFDYLV65QJ6o_FHJwO4K5Q
4151,bb0225060,1750062010458,3,35848,27472,107546,3.6666666666666665,0,11,11,1,SUCCESS,35848,oF12kfzWRWG0SEKOL7wgJg
4152,ComplexDescriptor#8875,1747767353636,3,35863,33786,107589,4.333333333333333,0,13,13,7,SUCCESS,35863,1GKbrDaiSCSnx2RzLFnftg
4153,BrainyGame#5061,1743848684875,3,35865,33867,107597,1.3333333333333333,0,4,4,1,SUCCESS,35865,PEvzc8h4REyHYihVQFsldw
4154,DesktopArithmetic#1819,1736483775795,3,35866,30924,107598,4.0,0,12,12,2,SUCCESS,35866,wiIxCamQQ9eBkeOQCGvPKg
4155,UpgradedMethod#1413,1737047501041,3,35885,30132,107657,1.0,0,3,3,1,SUCCESS,35885,CBZChzfjSVK9rfv9FuWtDQ
4156,UpgradedGrid#0425,1744855304891,3,35888,24933,107665,3.0,0,9,9,1,SUCCESS,35888,BeS3f2n8RSKGXBAhqnEbuQ
4157,AgileTester#0761,1743358584804,3,35914,34134,107743,1.3333333333333333,0,4,4,4,SUCCESS,35914,zgKvEuexTIilBm6F0pyCxA
4158,BlockchainShell#3812,1755120405356,3,35930,29204,107790,4.333333333333333,0,13,13,1,SUCCESS,35930,5isDgy7XRVyjGt5mu9Obuw
4159,CreativeBuster#0690,1748202650235,3,35930,35663,107792,1.0,0,3,3,1,SUCCESS,35930,CEOlD6RmTt-_fw0fzJVnFQ
4160,BooleanByte#3594,1743703845383,3,35931,30928,107795,4.0,0,12,12,1,SUCCESS,35931,rfV7IonOSC25EbJCbTl5Rw
4161,DigitalDeadline#8029,1755861460208,3,35974,31066,107922,0.6666666666666666,0,2,2,1,SUCCESS,35974,PgqAJXxERoy6qQ4UHE2WqQ
4162,FusionRacing#1,1758053635037,3,35984,34001,107954,4.333333333333333,0,13,13,1,SUCCESS,35984,AII5Z3goTwiv4aqhVRXDiw
4163,sana-venkata-sudhakar,1747202772884,3,35996,34197,107988,4.333333333333333,0,13,13,1,SUCCESS,35996,C_O9yg3xSbKC5xkG3WKqzQ
4164,Team404,1758059822851,3,35997,29660,107991,0.6666666666666666,0,2,2,1,SUCCESS,35997,amr5KMqeR9-zkUOFFqNcSA
4165,bb0251027,1750055098921,3,36023,35736,108069,2.0,0,6,6,1,SUCCESS,36023,RzECybMuRm-JH_NBtWC0uQ
4166,ContinuousInterface#3691,1744507285010,3,36041,30657,108124,2.0,0,6,6,7,SUCCESS,36041,1pWB2Zd0QHaLX1uZEKhknA
4167,EpamGachiMuchi-Garegin,1747857518032,3,36064,24997,108193,4.0,0,12,12,3,SUCCESS,36064,rQBeaxB4QT2-f0pljO27iQ
4168,GenerativeBraces#8460,1744791437733,3,36089,35327,108267,0.0,0,0,0,1,SUCCESS,36089,d5MET961Qh2lW3dYiY5ARQ
4169,ttt,1747394261047,3,36110,26667,108330,3.6666666666666665,0,11,11,1,SUCCESS,36110,EZIvl0NtTuWs2KxOJVApnA
4170,BlockchainEvaluation#8519,1736442068046,3,36129,34000,108388,3.3333333333333335,0,10,10,1,SUCCESS,36129,2UOvwWWmT2WkY7lsa7q4gw
4171,cc25-092,1757639965899,3,36131,30929,108394,3.0,0,9,9,3,SUCCESS,36131,PX2fS8QJTGeGN4dzMqyjww
4172,AtomicMachine#4251,1745915392903,3,36131,30934,108393,1.0,0,3,3,1,SUCCESS,36131,XMwOgNObQzGhEEpxitmAVQ
4173,MemoryAnalyst#1273,1747241832500,3,36132,32203,108397,3.6666666666666665,0,11,11,4,SUCCESS,36132,25opmUmHRPKqul5ffK1-Og
4174,CarlosBermudez2,1743607531169,3,36152,28870,108457,4.333333333333333,0,13,13,2,SUCCESS,36152,h0OWAmlfSxGoNMb82Pnbag
4175,TIF-Card-Modernizers,1746798665439,3,36197,28603,108593,3.3333333333333335,0,10,10,1,SUCCESS,36197,6U69qHOwR4GliMnFtWP4hA
4176,ultimoruan,1746034662005,3,36197,31929,108591,4.666666666666667,0,14,14,1,SUCCESS,36197,EyBqbdAgRV-fO9y7qr-p0w
4177,FormulaicInterface#9010,1746455679170,3,36225,30666,108675,4.0,0,12,12,1,SUCCESS,36225,N1Glt11fS0eWi_H0UuuAGQ
4178,ThisDiff#6553,1742998285740,3,36295,36003,108885,5.0,0,15,15,12,SUCCESS,36295,Y8B6EsR_RC2Cn9kEAs1h1w
4179,OnebyteCarRacer#1433,1741081201034,3,36308,35797,108925,1.0,0,3,3,1,SUCCESS,36308,GaXoJoEeTzucKpS7BrVeTw
4180,GuilhermetoledoUFCG,1746469357045,3,36309,22804,108929,4.333333333333333,0,13,13,1,SUCCESS,36309,mOpkwWfQSAmyuxv-pZVbdA
4181,ContinuousFunction#1267,1747714855281,3,36331,23588,108994,4.333333333333333,0,13,13,3,SUCCESS,36331,JMW3orkwRxqOn5w9vE1fgg
4182,ParametricNotation#7049,1748339770713,3,36332,26597,108997,4.666666666666667,0,14,14,2,SUCCESS,36332,4Vc_xZG3TSuzoyROVHUXpA
4183,ConnectedConsole#6709,1744309651565,3,36352,32595,109057,0.6666666666666666,0,2,2,2,SUCCESS,36352,L5Z_WpiXS5mA0uP1WwsO0g
4184,CodeGlyph#2992,1746714111915,3,36375,29326,109125,4.333333333333333,0,13,13,2,SUCCESS,36375,rGQGzkHDSz6kINuLBDvOtg
4185,BooleanTester#8825,1741882014218,3,36375,34467,109126,1.3333333333333333,0,4,4,2,SUCCESS,36375,eo9fXwM9Q2ut6-BRyFLZig
4186,ManognaReddyAnugu,1743992972177,3,36394,34609,109182,1.3333333333333333,0,4,4,6,SUCCESS,36394,WFDYH1OwTQS9l-t7D5vVWA
4187,cc25-14,1755152202640,3,36443,32602,109331,3.6666666666666665,0,11,11,3,SUCCESS,36443,5cNflFhWSmGubC6pQmmQ3g
4188,AFicco-2025,1752821400255,3,36485,34587,109456,3.3333333333333335,0,10,10,3,SUCCESS,36485,u8Nh9ZtiS-uRLHBNLaOHPg
4189,PathingPatch#3647,1736251681441,3,36486,36129,109460,0.0,0,0,0,1,SUCCESS,36486,4aiVDxJfQJ6aieQ9W9y4JQ
4190,ParametricBreaker#3456,1736441913963,3,36530,35262,109592,0.0,0,0,0,1,SUCCESS,36530,bbtcFgxHRm-bkusTOF_84Q
4191,QuickSchematic#5599,1743931797855,3,36530,33989,109592,0.6666666666666666,0,2,2,2,SUCCESS,36530,_su4ojFVSgCZVMLUWFKv0A
4192,MarioKartAkshup,1743705866990,3,36530,33936,109592,1.3333333333333333,0,4,4,1,SUCCESS,36530,ZtInYAwIQKOMpAbCudC5FA
4193,UpgradedExpert#5304,1737577324711,3,36532,23393,109597,3.3333333333333335,0,10,10,2,SUCCESS,36532,429Y6jWsSDKZJ-Ty_KQUpQ
4194,YiQin,1756697380747,3,36552,36001,109658,1.0,0,3,3,1,SUCCESS,36552,brHPgZWDRKmPhuF0eKhQ8A
4195,OoriGonnaMakeIt,1747100084363,3,36577,32929,109731,0.6666666666666666,0,2,2,2,SUCCESS,36577,iJ1v-cIoRz-e_n8_L2w4qw
4196,StructuredTable#5750,1746460031938,3,36597,29392,109791,4.333333333333333,0,13,13,3,SUCCESS,36597,EBaHy_9GSKykF2ips7YmaA
4197,10xMetaclass#8295,1739179890137,3,36598,31600,109794,1.0,0,3,3,1,SUCCESS,36598,ZrLcb_s8S9CukjFWwokubg
4198,ArtificialDelta#0894,1738466185738,3,36598,25525,109796,4.333333333333333,0,13,13,1,SUCCESS,36598,bfq53LxeTuejoEXmhE3ALg
4199,DigitalEnvironment#8674,1744385325821,3,36620,34337,109862,1.3333333333333333,0,4,4,1,SUCCESS,36620,maKZ-izJT7CLiV3gQg1ovQ
4200,super-mario#tsutskhv,1752244478546,3,36643,28865,109929,3.6666666666666665,0,11,11,1,SUCCESS,36643,QKOb5QZOTducUiKXlnCt1Q
4201,ThisDebugger#9802,1746618575887,3,36644,27528,109932,4.666666666666667,0,14,14,2,SUCCESS,36644,UNK4C-fuRn6uqROO42Ltzg
4202,Interactive486#5422,1743949866102,3,36662,26331,109986,3.0,0,9,9,26,SUCCESS,36662,r5dR6wq0REm3vbvJ-hTTZQ
4203,EsdrasMoura#7976,1747008162622,3,36663,32856,109991,1.6666666666666667,0,5,5,1,SUCCESS,36663,Mj2GY3jFQiq7Ff6DJ0Rhjg
4204,DeepTech#3935,1737955240804,3,36687,33600,110061,1.6666666666666667,0,5,5,1,SUCCESS,36687,rqxuFLciQrivU4Va8-yVpA
4205,SolvableLambda#3191,1759196372880,3,36687,30867,110062,1.0,0,3,3,2,SUCCESS,36687,90cDn866S1KvawptVx3XRQ
4206,RecursiveLog#5691,1743293371443,3,36687,32802,110061,0.6666666666666666,0,2,2,1,SUCCESS,36687,oWWC0udRR5eg9f8IohisBA
4207,UpdatedDocumentation#9610,1737732454381,3,36700,32700,110100,1.6666666666666667,0,5,5,2,SUCCESS,36700,aWNKYnVCTkG_4qnebI4_QA
4208,ComplicatedObject#5301,1736459040859,3,36708,31398,110126,1.0,0,3,3,2,SUCCESS,36708,awYxH4j5Qu6N-ONq-Bxx_Q
4209,GlobalGlyph#0188,1747562697802,3,36708,30736,110124,1.0,0,3,3,1,SUCCESS,36708,S6M5aYv8SoCIsmWOnoQHBA
4210,CloudWhisperer32,1748984227828,3,36709,34799,110127,0.3333333333333333,0,1,1,2,SUCCESS,36709,y4_ZfIg8RbSuTxsbbrNcrA
4211,AlgoRacer#1,1755105042747,3,36731,30599,110194,4.0,0,12,12,3,SUCCESS,36731,2b9wPb7uTeC6C7GMhYY8Hw
4212,Mad-Old-Man,1757932325082,3,36751,31397,110253,2.0,0,6,6,1,SUCCESS,36751,tjZF6TiSQ-eZqSlONdyVWg
4213,NTI20,1738627400294,3,36758,30657,110275,5.0,0,15,15,3,SUCCESS,36758,1fuUeNo3R5m65_Sw5KTU2w
4214,team11-deepracer#0261,1748236665248,3,36773,30535,110320,1.0,0,3,3,2,SUCCESS,36773,V7EgLPCDRli6yUOl3qq9Mw
4215,MachineFormula#2307,1736360025721,3,36777,32129,110331,2.0,0,6,6,1,SUCCESS,36777,qRJf0sDMTI2vpKnvdMMKRA
4216,DraftNetwork#8617,1742275211313,3,36818,33398,110456,1.6666666666666667,0,5,5,1,SUCCESS,36818,ET0WeY32Ssi2SfHryUkUYg
4217,LoopingLine#5724,1746023590716,3,36819,34736,110459,1.3333333333333333,0,4,4,1,SUCCESS,36819,8K3XnhkdQt6w_7Kzps8mHA
4218,P#5365,1752201960288,3,36820,27801,110461,4.666666666666667,0,14,14,5,SUCCESS,36820,piOWx6QfTUOVH8EKz4Hvyg
4219,ASCIIZone#9801,1746727514053,3,36841,33872,110523,3.3333333333333335,0,10,10,4,SUCCESS,36841,BoSM4MWOSSeotwfQ7Too-g
4220,DigitalBottleneck#8721,1739847911740,3,36841,27668,110525,2.6666666666666665,0,8,8,1,SUCCESS,36841,mOK84uhhRfqw15jBI9XoZg
4221,ParametricTable#1645,1748424988440,3,36842,33068,110528,4.666666666666667,0,14,14,2,SUCCESS,36842,Lh9L8VldReGeiotGEselmA
4222,PrototypeZone#8302,1745865891090,3,36884,36533,110653,4.0,0,12,12,1,SUCCESS,36884,w2W2zLjoSw20Djc7XfR-WQ
4223,CreativeLanguage#5697,1736418336705,3,36885,36522,110657,1.0,0,3,3,1,SUCCESS,36885,z37_SEv-TeKnTKm20pgmAg
4224,HigherDiff#6030,1758612629583,3,36887,36004,110662,0.0,0,0,0,3,SUCCESS,36887,BkgUqcNFTA-q0ylWo-Jv_A
4225,ContinuousDescriptor#8387,1746478466949,3,36891,33602,110674,1.6666666666666667,0,5,5,1,SUCCESS,36891,8AJxWOwLRyePosrpHAmjVA
4226,EUI-G11,1738254881628,3,36907,30601,110723,3.0,0,9,9,1,SUCCESS,36907,REP8P6bwQWyQ2ji6fs_CmA
4227,AllenK,1747763728147,3,36907,25870,110721,4.0,0,12,12,3,SUCCESS,36907,O-JIIG_VQ9ehlD1G2bGpoQ
4228,AWS-Oogway,1752630794211,3,36909,25536,110728,4.0,0,12,12,1,SUCCESS,36909,qFX7W2wOSo2IRHa3WD9kaA
4229,Gtr16,1751578205480,3,36910,33403,110730,3.6666666666666665,0,11,11,2,SUCCESS,36910,-Xtt_hOwSG2eWG1ybM4ggg
4230,BlockchainComment#2229,1748171821361,3,36933,33326,110801,4.666666666666667,0,14,14,16,SUCCESS,36933,ttH6iNinQlSZPKt4iz2Fdg
4231,DumbDog2567,1753287411128,3,36952,36527,110858,0.0,0,0,0,2,SUCCESS,36952,NsVoJOpzRbO1zhVdwZHnpQ
4232,Chiangchialing,1751097834800,3,36957,32407,110873,3.6666666666666665,0,11,11,3,SUCCESS,36957,ju2P3UXrQHqnfwU0GAdxpA
4233,InfiniteUpdate#8666,1752638152184,3,36975,28202,110927,4.666666666666667,0,14,14,7,SUCCESS,36975,4e3k-UGJSgOTCW2sfCp7bA
4234,ALINDB,1758023821851,3,36996,28591,110990,2.6666666666666665,0,8,8,3,SUCCESS,36996,Uz219YxdQCGRlsvEQckcfg
4235,wilson,1754970685574,3,37020,27740,111061,4.666666666666667,0,14,14,8,SUCCESS,37020,YsuaKxTzRKqsweyZRfKLrQ
4236,ThisCommand#7893,1749589976717,3,37021,33131,111063,1.6666666666666667,0,5,5,1,SUCCESS,37021,OdAPOSDyRN-T9lm_CmZwnQ
4237,UrgentNamespace#5356,1749540025526,3,37021,25737,111065,4.0,0,12,12,3,SUCCESS,37021,wOplqqUzQTKuFJYASSjIZA
4238,PrototypeTest#1325,1738752342841,3,37024,32203,111072,3.0,0,9,9,3,SUCCESS,37024,hgvNo76QQbubmddgwvhVGA
4239,BrainyMethod#9479,1745253808586,3,37063,29859,111190,4.666666666666667,0,14,14,19,SUCCESS,37063,lQmPMuluQ623zEnAuej7Bg
4240,ThisHacker#4429,1741439387515,3,37085,25334,111255,3.0,0,9,9,1,SUCCESS,37085,yhyX1ydhSuGMvMxr91xmnA
4241,ASCIIObject#3661,1746831217343,3,37086,33187,111260,3.6666666666666665,0,11,11,8,SUCCESS,37086,Ahm7KTRsTzCot5GSJaaSzQ
4242,AccessibleAttention#5770,1743133133428,3,37088,34603,111265,1.3333333333333333,0,4,4,1,SUCCESS,37088,-nIy2AgiRAumzpHj7qzg7g
4243,MobileSequence#6632,1743704387084,3,37108,35262,111324,1.3333333333333333,0,4,4,1,SUCCESS,37108,d9rJdQxjTPCHmdefQoK9xw
4244,EncryptedLanguage#2487,1740666582950,3,37109,28254,111327,4.666666666666667,0,14,14,1,SUCCESS,37109,bDmCouShSwOrlv6GN-pvvA
4245,AlphaLambda#5139,1744804224052,3,37130,32589,111391,0.6666666666666666,0,2,2,1,SUCCESS,37130,TK9p--tYR8GAzwcz5oljeQ
4246,TestableAnalysis#1272,1745199280590,3,37130,34732,111391,1.3333333333333333,0,4,4,6,SUCCESS,37130,DCUGUxESQvCNcddJ5sMG1Q
4247,ThisCircuit#4740,1744836062547,3,37151,33532,111455,1.6666666666666667,0,5,5,1,SUCCESS,37151,YVEdw-AQQLabnqQF7nG0kw
4248,henrydeg-chwy-2025,1753902037863,3,37154,29801,111462,3.3333333333333335,0,10,10,1,SUCCESS,37154,GxzkxMahTiShRPgmFDvRiw
4249,theoske,1740286200963,3,37174,36856,111523,5.0,0,15,15,12,SUCCESS,37174,LGK2YMaGRbSWLjrHSYlvYA
4250,TrinhTran-TT,1744101715162,3,37219,30602,111657,4.333333333333333,0,13,13,4,SUCCESS,37219,_82d0-lFRoqBrjrCn0Q1YA
4251,MemoryScope#4872,1736395452699,3,37220,31534,111661,1.0,0,3,3,1,SUCCESS,37220,_o4xxvPQRui27w5ea_OIBQ
4252,NTI-G10,1738609667047,3,37241,33202,111724,4.666666666666667,0,14,14,1,SUCCESS,37241,jidnsXp8T7SKYJ3pJHH3ZQ
4253,ComplexAttention#6667,1748747691555,3,37290,37134,111871,1.0,0,3,3,1,SUCCESS,37290,ojw1_AhcQHWqSG-FcuqGRA
4254,VariableClass#7740,1746328677323,3,37305,31848,111916,1.0,0,3,3,1,SUCCESS,37305,i4MJDWhlRjiiLpFlSEibLg
4255,AhmedSedek#2502,1747138174771,3,37307,29739,111921,4.0,0,9,12,1,SUCCESS,37307,NL5ltOomQIWCD5vlgZWmfg
4256,UrgentLine#2231,1741534147900,3,37309,34400,111927,1.3333333333333333,0,4,4,1,SUCCESS,37309,0QINHcRjRsej8Pmg_ZNDog
4257,ArtificialFix#6923,1751624198568,3,37311,33666,111933,4.666666666666667,0,14,14,2,SUCCESS,37311,zSNE6PQDQjixVAI4iGnYJg
4258,slowcheetah,1752086171761,3,37332,28329,111997,4.666666666666667,0,14,14,3,SUCCESS,37332,PpqWcGNwSfqbxLwJYiHFZA
4259,TIF-A2S-Rookies,1747105633440,3,37351,35464,112054,3.6666666666666665,0,11,11,11,SUCCESS,37351,9zv888f5T8WGnzte_yhjyg
4260,AbstractNode#1028,1748422490733,3,37352,35134,112057,1.3333333333333333,0,4,4,3,SUCCESS,37352,-LOVDapRRFOpVHV_Nk6LoA
4261,SF-26Speedsters-SerhiiN,1747917040285,3,37354,24063,112062,4.333333333333333,0,13,13,1,SUCCESS,37354,M-v-fTuRR8GpRuHxGailpA
4262,EncryptedGame#2404,1743786214039,3,37374,27268,112122,3.6666666666666665,0,11,11,2,SUCCESS,37374,Cs1pErIAR6ipFwP9sYEzLA
4263,FocusedGrid#6143,1743780934039,3,37375,36001,112127,0.0,0,0,0,1,SUCCESS,37375,j6S6FG54Q7Gdz2-sSnWgAQ
4264,NestedBrackets#4153,1744281085001,3,37376,30594,112129,1.3333333333333333,0,4,4,2,SUCCESS,37376,WPrgETc_S3OOmoNFuj7ibg
4265,CleanBraces#1246,1758170398982,3,37397,36270,112192,0.0,0,0,0,3,SUCCESS,37397,PE-4S0FmTlGBym6okpC5Xw
4266,BlockchainDocumentation#9638,1751542110436,3,37419,35004,112259,1.3333333333333333,0,4,4,1,SUCCESS,37419,-AFAl7geRN2A2oNIk18MCQ
4267,IterativeCharacter#2496,1751286560388,3,37441,23784,112323,2.3333333333333335,0,7,7,6,SUCCESS,37441,zOKDSHGnRyq-ZGdtoYLPew
4268,TruthfulAuto25,1745421479133,3,37443,31129,112331,1.0,0,3,3,3,SUCCESS,37443,qbE1x8AVRniAxZuQYxH2mg
4269,MSEDU-S6,1743744164022,3,37467,34463,112402,0.6666666666666666,0,2,2,2,SUCCESS,37467,l8qpZuSeTOmmeM2UKo4iSQ
4270,MechanicalBuster#5209,1744842369581,3,37486,36801,112459,1.0,0,3,3,1,SUCCESS,37486,44uGnGoITVuxpYfxGWmeMQ
4271,ComplexPoint#8208,1748595266767,3,37487,28139,112463,4.666666666666667,0,14,14,3,SUCCESS,37487,-NLe0zYXQlGhTotys7HySA
4272,FiniteArray#8475,1745917116519,3,37487,35127,112462,1.3333333333333333,0,4,4,1,SUCCESS,37487,TqE0v58ES7G83rbzO0Pn8g
4273,UpdatedLog#7566,1736245953798,3,37508,35530,112526,1.3333333333333333,0,4,4,1,SUCCESS,37508,Y-9xUENqSwWSUt8mE1gCyw
4274,DaveKafka,1748526649053,3,37509,32458,112528,0.6666666666666666,0,2,2,2,SUCCESS,37509,leI4k1NoRiqsnOiU_XNlSg
4275,Pau#6678,1743591655103,3,37529,28918,112588,1.6666666666666667,0,5,5,4,SUCCESS,37529,Cwqg3t4GQOantGUuqq3LlA
4276,Zero-dayTester#4332,1739304582870,3,37530,35672,112591,1.3333333333333333,0,4,4,1,SUCCESS,37530,RiKC3-JASouDMzgLviigtg
4277,IntelligentFix#5885,1752090957786,3,37531,31202,112595,1.3333333333333333,0,4,4,1,SUCCESS,37531,FLhfi9TPQ_SkjGwKHQGBeA
4278,CrypticBottleneck#7846,1752413153194,3,37553,28066,112659,4.666666666666667,0,14,14,2,SUCCESS,37553,xuvAt3xdTWOvEt_4-o17uQ
4279,QuickPresentation#6595,1746533081623,3,37554,35411,112662,4.333333333333333,0,13,13,1,SUCCESS,37554,Ei4HV2VeQNGRDgQfhAb0CA
4280,IterableCallback#5039,1736246242349,3,37596,37384,112789,1.0,0,3,3,1,SUCCESS,37596,6roQKhWGRjiBxNKe2cP04g
4281,TestingString#9570,1740571057706,3,37596,24465,112789,4.333333333333333,0,13,13,1,SUCCESS,37596,Cg95MXScTxy08dxm6faYag
4282,ForestFlyerTeam6,1741683147856,3,37597,33663,112792,3.6666666666666665,0,11,11,1,SUCCESS,37597,TwhBztgFSQWCObmHjgLaAQ
4283,UrgentTest#5779,1758103849112,3,37617,26005,112852,5.0,0,15,15,4,SUCCESS,37617,SiEMi4mqQVeeg4ehZomCZA
4284,twalewski-chwy-2025,1738355117829,3,37647,30135,112942,4.333333333333333,0,13,13,1,SUCCESS,37647,Uddd0TWgQl6IFxIya17Ydw
4285,NestedGame#9211,1742642551280,3,37663,33395,112990,1.6666666666666667,0,5,5,12,SUCCESS,37663,stIFMCfJSbehC4flmBmdCQ
4286,KU#05,1745912629698,3,37687,33057,113061,0.6666666666666666,0,2,2,1,SUCCESS,37687,DREL9bNkROuzqxmKA9Wqdw
4287,MSEDU-S5,1743744199125,3,37709,36332,113129,0.0,0,0,0,9,SUCCESS,37709,CEtgVKJbSlik_4fouCZWBA
4288,PythonArgument#5288,1757671589036,3,37709,17463,113127,4.666666666666667,0,14,14,3,SUCCESS,37709,tbU5gkBGQFCgYn2KtmuUGw
4289,EsteemedContext#8136,1748337850417,3,37753,30130,113259,2.3333333333333335,0,7,7,4,SUCCESS,37753,nIa1HDlaTaGeTBPpEWrfKQ
4290,TIF-Fusion-Flyers,1747132064611,3,37754,33870,113262,4.666666666666667,0,14,14,5,SUCCESS,37754,CiEQCxxhSvCqDjBMOW_aZg
4291,AsynchronousSemicolon#7459,1757442057623,3,37758,29801,113276,2.0,0,6,6,1,SUCCESS,37758,a3K6pABDSSKXQM4yyVlwLQ
4292,GammaGrid#8287,1751917785039,3,37774,29791,113322,4.333333333333333,0,13,13,1,SUCCESS,37774,aThVb2E9QQGFJhqfJ4C_Tw
4293,NIIIIIIIIIIIIGGA#8,1745205981757,3,37801,36740,113404,0.0,0,0,0,1,SUCCESS,37801,7S18ZN3xTpS0T0bN2PqExw
4294,Dhruv#007,1746551276217,3,37820,24327,113460,4.333333333333333,0,12,13,4,SUCCESS,37820,8jrQK11wQxaHaUY5cD4bYg
4295,ReferenceClass#6200,1736428562503,3,37820,27794,113461,1.6666666666666667,0,5,5,2,SUCCESS,37820,XUal97oKRY-XR7RaOR0Ifw
4296,Sandman#1560,1756921837080,3,37843,29933,113529,2.3333333333333335,0,7,7,2,SUCCESS,37843,XqEm_1IeTcaFaKpqIb4sOQ
4297,CompleteSpec#7776,1757186489756,3,37846,33994,113538,1.6666666666666667,0,5,5,1,SUCCESS,37846,SXK6tYJYRTqsYWJvvdb61Q
4298,DeepNode#4734,1746086543835,3,37864,30863,113594,1.3333333333333333,0,4,4,1,SUCCESS,37864,KFZdquXoSleVcsCK0q0Jbg
4299,VirtualInterface#9352,1752379894130,3,37888,24604,113665,4.333333333333333,0,13,13,4,SUCCESS,37888,Y_08pIF5QPKkPt5GLMoRVQ
4300,Dummy,1738168302548,3,37892,37263,113676,5.0,0,15,15,3,SUCCESS,37892,Ius5lQV2RaGAu_Bw-n0Dhg
4301,CrypticWorkaround#7595,1756307217676,3,37909,34004,113729,4.666666666666667,0,14,14,2,SUCCESS,37909,tAz8F7K0TMWz9VT7Yowuww
4302,EncryptedState#1114,1745537314954,3,37938,37137,113816,1.0,0,3,3,1,SUCCESS,37938,190PHyNCRCaKo3A1hJ7cYQ
4303,TestableSemicolon#5184,1758035193344,3,37952,30867,113856,4.333333333333333,0,13,13,3,SUCCESS,37952,wTN1L8--QKiK4YJ6GtSNHg
4304,Navaneet,1743714213174,3,37956,34005,113869,1.6666666666666667,0,5,5,1,SUCCESS,37956,Tc0ZsmGWTNqwnirmT9k8jg
4305,NTSH#11721,1736394904931,3,37974,35998,113924,2.3333333333333335,0,7,7,1,SUCCESS,37974,CGxLBDXDStmGdRFOxRP7Hw
4306,EsteemedAbstraction#5795,1746359657758,3,38018,31263,114055,4.333333333333333,0,13,13,2,SUCCESS,38018,B_gzZ-pITSylGpfhki5CpA
4307,MachineUpgrade#5688,1744766197841,3,38063,35934,114190,1.3333333333333333,0,4,4,2,SUCCESS,38063,Un5KIduDTkiVNvjlTji1Qg
4308,UnicodeSequence#2215,1744600613375,3,38087,35864,114262,3.3333333333333335,0,10,10,6,SUCCESS,38087,u2M7lv1rQKq2a751mslzoQ
4309,AgilePoint#0854,1745035211529,3,38106,34600,114320,4.666666666666667,0,14,14,3,SUCCESS,38106,YucG98cuSNS0Ry19u4yp-A
4310,MarekKrakowski,1748388616042,3,38107,29797,114322,4.333333333333333,0,13,13,2,SUCCESS,38107,7Szh0MCmTKiM9Qk40Z0How
4311,DraftArchitect#5387,1757962882780,3,38108,32938,114326,4.0,0,12,12,5,SUCCESS,38108,9eRY4rc8S1-oHdp8Iqf0Ew
4312,1n,1747819648117,3,38110,26870,114332,4.0,0,12,12,1,SUCCESS,38110,L9FSdf9IROuxZltamPw9eQ
4313,vnu#ba0213038,1736232402647,3,38129,33793,114389,1.6666666666666667,0,5,5,1,SUCCESS,38129,x3qHbwdySii4f6HEzPw6zg
4314,HashableArray#3930,1746154641264,3,38150,32593,114450,5.0,0,15,15,2,SUCCESS,38150,sqaw3E53TpS-lQ1HaPBxtg
4315,MIKIBOSS,1739530110899,3,38152,35866,114457,0.3333333333333333,0,1,1,4,SUCCESS,38152,JakbU9OyS4WkE1dF-DvbWQ
4316,FunctionalError#4703,1745635117755,3,38155,35594,114465,4.333333333333333,0,13,13,1,SUCCESS,38155,GQ3Neq3TT0izXUnFy4E7OQ
4317,ASI-1-araki,1739260567416,3,38181,32135,114543,4.0,0,12,12,3,SUCCESS,38181,fEb726uXSPimagzsw0E2MA
4318,BD0210014,1750411717915,3,38217,30722,114653,4.333333333333333,0,13,13,3,SUCCESS,38217,3gsz53U3Sd6bn6-18ZPcYw
4319,IterableExpert#8968,1755544391414,3,38218,35992,114656,4.333333333333333,0,13,13,2,SUCCESS,38218,TO9ac190QoeDAs1cm7iimA
4320,NumericGrid#2390,1744972622709,3,38242,36202,114727,1.3333333333333333,0,4,4,1,SUCCESS,38242,_TOY5k8ySrmL2MlxARGdTA
4321,FuturisticMachine#4076,1742953998504,3,38247,36869,114741,5.333333333333333,0,16,16,2,SUCCESS,38247,obzf4aPcTeqmv60RpsyQJw
4322,ASCIIPoint#9992,1749993784170,3,38268,36534,114805,1.3333333333333333,0,4,4,2,SUCCESS,38268,KGGrax7_SSSm8Omins6ERA
4323,FocusedPresentation#3457,1746173159455,3,38272,33264,114818,0.6666666666666666,0,2,2,1,SUCCESS,38272,DbHDMX9-RiW5-cEEFXxBrw
4324,BlockchainNode#4851,1742142615599,3,38287,32993,114861,5.0,0,15,15,4,SUCCESS,38287,_i78rvBWTSqJybL9u-HN1Q
4325,ContinuousHacker#0184,1742528890430,3,38308,36130,114925,1.3333333333333333,0,4,4,1,SUCCESS,38308,w89OIuDPRDW0hsgwZ7ofiw
4326,Funao,1758184241948,3,38331,36403,114995,4.333333333333333,0,13,13,4,SUCCESS,38331,_f0PPPLTRsOtP4ex4kkxIQ
4327,CriticalCircuit#0187,1751940335859,3,38352,32466,115058,5.0,0,15,15,4,SUCCESS,38352,dwMYbgpNTgKvEBB5iZg_mg
4328,team14-deepracer,1748320527573,3,38355,35859,115067,1.3333333333333333,0,4,4,2,SUCCESS,38355,Og2gMCbHQ-Caa3k7F604cQ
4329,TIF-Blaze-Queens,1744685810811,3,38419,34724,115259,4.666666666666667,0,14,14,2,SUCCESS,38419,c1fbc98670324d0d8afdcw
4330,QuickHacker#4349,1750422408432,3,38494,31691,115483,4.333333333333333,0,13,13,1,SUCCESS,38494,LnH4HClyQD-rxR-tZ786wQ
4331,MachineAnalyst#8884,1744788248763,3,38573,34861,115720,3.0,0,9,9,1,SUCCESS,38573,T7Gwpc2hSc2n33Qp9Vt8qQ
4332,LeetTable#9979,1758309353113,3,38596,36335,115788,0.3333333333333333,0,1,1,1,SUCCESS,38596,__YPCdHoTaaagx1aa-PcUQ
4333,LoopingLine#8537,1755185225026,3,38618,35123,115856,4.666666666666667,0,14,14,3,SUCCESS,38618,Iyui2Z7WQrKAuY7LQI3NOQ
4334,NumericComment#9337,1755680458819,3,38620,35535,115861,1.3333333333333333,0,4,4,1,SUCCESS,38620,v-KYT7IVTSmpjIsO8mWGXA
4335,dnp-inagaki-w-multi-user,1750727860210,3,38620,34800,115861,4.666666666666667,0,14,14,1,SUCCESS,38620,Xz48qqikQZ-d_ElD9Uk81A
4336,TIF-Racing-Bots,1747130934311,3,38641,33196,115924,5.0,0,15,15,10,SUCCESS,38641,Iaa4wynzRHu0xnytRKVqCA
4337,Mirae2-2,1747360231284,3,38642,36191,115926,1.3333333333333333,0,4,4,2,SUCCESS,38642,11463W6WRMCyrLUTZy64lg
4338,NumericAnalyst#7919,1749930845154,3,38664,31258,115993,2.0,0,6,6,2,SUCCESS,38664,-e_dXO7mRPeAUm8iP9lOdA
4339,BangerSchumacher#0863,1755110516204,3,38731,36861,116193,4.333333333333333,0,13,13,1,SUCCESS,38731,qUTtbOwQQ82wyG1Wwyijkg
4340,RecurrentRacers-IoannisPapadopoulos,1747844072871,3,38753,26125,116259,4.333333333333333,0,13,13,1,SUCCESS,38753,6RI-Z1SiSKavsRn22jUJzg
4341,MemoryByte#03,1745205736999,3,38777,37072,116331,1.0,0,3,3,1,SUCCESS,38777,v8Dnuk4sRwaRhjbxOb5taw
4342,UpgradedDiff#8242,1736246788641,3,38797,38599,116391,1.0,0,3,3,1,SUCCESS,38797,hHSspw1aQ3OzArq3w_i19w
4343,ConnectedNamespace#5782,1743786660915,3,38838,33264,116515,2.0,0,6,6,1,SUCCESS,38838,AyDada_UTcKq1TGNZl9rgQ
4344,Team26-Irene,1758536471602,3,38842,33723,116528,5.0,0,15,15,1,SUCCESS,38842,adVwdGrGR6KQi91bmWxAhQ
4345,CleanBooster#5467,1745205366363,3,38863,35257,116590,1.6666666666666667,0,5,5,1,SUCCESS,38863,tzLY8AV4TTOYxPYDVRRezQ
4346,dr-teacher-4,1738570045406,3,38863,34928,116589,0.6666666666666666,0,2,2,1,SUCCESS,38863,Ac3sCRP9S4qkem5LJlddWA
4347,NumericSwitch#6038,1744037996800,3,38864,36731,116593,1.3333333333333333,0,4,4,1,SUCCESS,38864,HidlxWW1QEi85I9xfv7I-A
4348,Morteza89,1755709112935,3,38909,38130,116728,1.0,0,3,3,1,SUCCESS,38909,hjqe_DUJSZaldsoTmj0iNQ
4349,AccessibleDescriptor#6828,1746818889794,3,38931,35393,116793,1.6666666666666667,0,5,5,2,SUCCESS,38931,4EHpsvxQQZ-VbZsqh-ZHWg
4350,ComplicatedArray#9973,1753909051626,3,38935,34469,116807,1.3333333333333333,0,4,4,3,SUCCESS,38935,r2IvLWpQQHiGXx0u99YJQw
4351,TestingUpdate#8135,1742788905444,3,38951,35066,116855,0.6666666666666666,0,2,2,3,SUCCESS,38951,5U0H-nTFRrG-gZIv0mWwUw
4352,TIF-Pixel-Pilots,1747811205939,3,38954,31473,116863,5.333333333333333,0,16,16,1,SUCCESS,38954,x3z_O9BuRgaKhrOyrLX6SQ
4353,ComplexSwitch#6552,1745636675889,3,39002,29527,117008,1.6666666666666667,0,5,5,1,SUCCESS,39002,r9dnahH2Q5iuwmVKgdhTsw
4354,NumericTech#4787,1743414595997,3,39064,38660,117192,0.0,0,0,0,1,SUCCESS,39064,tRGyZufERNSVcPjxQn6Irw
4355,bb0252016,1750060741958,3,39086,34802,117259,4.666666666666667,0,14,14,1,SUCCESS,39086,kQMpQSDsQ6CbMtAPtzqu0w
4356,UnicodeGame#4374,1750043448704,3,39087,35528,117261,4.666666666666667,0,14,14,4,SUCCESS,39087,ww6gYzeVRPaY6fMQb1y_EA
4357,dnp-kawsaki-c2-multi-user,1750666720411,3,39111,33536,117334,4.0,0,12,12,2,SUCCESS,39111,-7rphQNAT1W0EjigVtKBGg
4358,eddyf0x#02,1752210534108,3,39130,34930,117392,5.666666666666667,0,17,17,4,SUCCESS,39130,79vpoXFoQp6ZS_6YvPn7Lw
4359,ProgrammingMetaclass#4402,1738340450952,3,39131,36668,117395,4.333333333333333,0,13,13,1,SUCCESS,39131,3UeQ_hVtRSCUK7HOv5uPUw
4360,EncryptedMethod#6133,1753862160395,3,39137,27392,117413,2.0,0,6,6,1,SUCCESS,39137,1CiqxukATmCWGWN4Ptvpcw
4361,AsynchronousTable#5779,1738482014069,3,39174,35131,117524,4.666666666666667,0,14,14,5,SUCCESS,39174,owlamyMLTBu2Up2yKjiShQ
4362,IterativeAttention#1312,1742781261877,3,39175,33530,117526,2.0,0,6,6,1,SUCCESS,39175,CK_s0YcUQ1quE2jWirZ6iw
4363,TIF-Speed-of-Light,1745872706708,3,39195,37211,117587,2.3333333333333335,0,7,7,3,SUCCESS,39195,881406a4a7be4e29b8c9bw
4364,ArunS-RacingTurtle,1749143633914,3,39196,35730,117588,2.6666666666666665,0,8,8,2,SUCCESS,39196,t-XtzHZBStuWEtNvVwJIhA
4365,QualifiedCallback#8197,1752453722795,3,39220,35331,117661,4.666666666666667,0,14,14,4,SUCCESS,39220,laMmTYrRShuHAEyLg4rv1A
4366,PaL-VD,1747755578646,3,39223,28532,117669,1.6666666666666667,0,5,5,1,SUCCESS,39223,DeqUDLpcSX6-yCmpZZgmPw
4367,JoaoPedroDeLimaESilvaIFPB,1746030247163,3,39242,37336,117726,5.333333333333333,0,16,16,5,SUCCESS,39242,OmCq7cnxRayr9qQRvESTQw
4368,UrgentGrid#5477,1738817547070,3,39243,38736,117729,5.0,0,15,15,1,SUCCESS,39243,ekA6U9B-TVWKIRys_3UBJA
4369,CalebDjan,1745346102850,3,39261,20188,117785,4.666666666666667,0,14,14,1,SUCCESS,39261,bahN6MZhSkaDTxUw8Mqbjg
4370,CriticalTech#5105,1741882631884,3,39263,35404,117791,1.6666666666666667,0,5,5,1,SUCCESS,39263,BxUQlKVXQu2U67iLmX0e1g
4371,EncryptedAnalysis#6473,1743703708805,3,39286,35407,117860,3.6666666666666665,0,11,11,1,SUCCESS,39286,MsAC2ArASdO422JU5DNtkw
4372,QualityTech#0655,1749711041328,3,39287,34791,117863,0.6666666666666666,0,2,2,3,SUCCESS,39287,PLNcZWS7QUq92nelpehBBw
4373,DeepBooster#6171,1739453510330,3,39375,29599,118125,4.666666666666667,0,14,14,1,SUCCESS,39375,2GAvhwT6Q6KLiaNaxCxLNQ
4374,ReferenceDescriptor#4040,1747979453463,3,39378,37337,118134,1.3333333333333333,0,4,4,2,SUCCESS,39378,nenQF85kRk-fPqVj90GHtQ
4375,BD0210028,1750401431214,3,39397,30269,118193,4.666666666666667,0,14,14,1,SUCCESS,39397,J-2JvdFHRNOToDjfnxKZFw
4376,MarianC,1743173851329,3,39397,38936,118193,0.0,0,0,0,3,SUCCESS,39397,k5f_-81hRAOmmVNzgH0QZQ
4377,EsteemedCoder#4272,1744969440634,3,39439,31537,118317,1.3333333333333333,0,4,4,1,SUCCESS,39439,V5_yNBWyRqOnyO9gTtRRzQ
4378,VirtualLanguage#5159,1755060503724,3,39441,35471,118324,1.6666666666666667,0,5,5,1,SUCCESS,39441,zGKXuNkQQtm6NcX_NlcR3g
4379,bd0210043,1750405283589,3,39443,33999,118329,4.0,0,12,12,1,SUCCESS,39443,ZjQ1-O0vQoCPBTPLEcDmpg
4380,AggRacer-2,1738841102093,3,39554,30265,118663,4.666666666666667,0,14,14,1,SUCCESS,39554,pQgTtgzQTQqT7SZKbX3-yA
4381,TechnicalTheory#6118,1747591905949,3,39554,37263,118662,5.333333333333333,0,16,16,1,SUCCESS,39554,evY_ngL-Qpiwz_hI_GU1lA
4382,CyberneticPatch#4883,1737753338552,3,39575,33657,118725,2.0,0,6,6,1,SUCCESS,39575,rRk-WwarRyeeaq87tRUnFA
4383,ASCIILine#6004,1747111343943,3,39576,35801,118728,0.6666666666666666,0,2,2,4,SUCCESS,39576,Ig5OfZOUQ_KuOZEQY4CljQ
4384,TheDanger#6073,1751500207946,3,39577,35394,118731,0.6666666666666666,0,2,2,1,SUCCESS,39577,ySDfpPVtSVCRPqMNTgYEmA
4385,ComplexNode#6095,1746080138799,3,39597,29866,118792,1.6666666666666667,0,5,5,2,SUCCESS,39597,bSduKTPISfON3I7TXd0pcA
4386,InteractiveArchitect#7225,1739039421630,3,39599,31468,118799,4.333333333333333,0,13,13,3,SUCCESS,39599,Q-YbOn3qSPKTvrVBpjAazw
4387,SolvableInterface#4637,1753307814014,3,39599,37469,118797,1.3333333333333333,0,4,4,1,SUCCESS,39599,f6xa2YjGQ1WLTdJBsfP4Vg
4388,UrgentOrder#8985,1748666949450,3,39606,31595,118819,4.333333333333333,0,13,13,6,SUCCESS,39606,BIWwslCtTPeUiuS-pH21ig
4389,SylwesterMachnio,1747206232081,3,39664,27997,118992,3.0,0,9,9,2,SUCCESS,39664,Gv7gsQFwTdibfj9WRAmaig
4390,Tutor-H-Shinoda,1758590671192,3,39665,35737,118996,1.3333333333333333,0,4,4,2,SUCCESS,39665,3nY2sUivSE-H5OrJv-o_sg
4391,SachinPithode,1748960117743,3,39708,30333,119125,4.666666666666667,0,14,14,22,SUCCESS,39708,gSgiWoFzTWyRpCa6I7QO3Q
4392,JavaScope#5163,1753835392520,3,39716,38017,119149,1.3333333333333333,0,4,4,1,SUCCESS,39716,Xr1OiN4ES-eYXanz34W37A
4393,BD0210045,1751042846678,3,39730,28605,119190,5.0,0,15,15,1,SUCCESS,39730,si-GnTicSjS6xI-yiQhUmw
4394,Juliarrr,1741204514948,3,39731,35931,119193,1.6666666666666667,0,5,5,1,SUCCESS,39731,n1XHhSwvRbOAyM2ExRmZDQ
4395,FuturisticArgument#0005,1752051755439,3,39733,34127,119199,2.0,0,6,6,1,SUCCESS,39733,jj4dTQKrSKaaduhX_X595Q
4396,QualityFunction#5196,1736442036032,3,39774,24864,119323,2.6666666666666665,0,8,8,1,SUCCESS,39774,zIbxjJDJSd2jdQsHSz9gGg
4397,Team13-Patrick,1757830097823,3,39774,32933,119324,5.333333333333333,0,16,16,6,SUCCESS,39774,wGSZ4MaZSHWl_TGiDlT9Ig
4398,Mothgog,1738045411891,3,39842,34402,119526,5.0,0,15,15,1,SUCCESS,39842,FNYfGZXUSjqqUeT_GJ5VeA
4399,MobileGame#0113,1738866679947,3,39864,35868,119594,1.6666666666666667,0,5,5,1,SUCCESS,39864,hN1aVyMtRAGbOKecXgz8Jg
4400,FormulaicHypothesis#6057,1753798916929,3,39885,36061,119655,1.6666666666666667,0,5,5,2,SUCCESS,39885,TJ2xXYXZTqaZbhFqZlDz_A
4401,WebAnalyst#9273,1741919328696,3,39931,36332,119795,5.666666666666667,0,17,17,4,SUCCESS,39931,dfUsENlPR7mWnIGDYbNZGQ
4402,MiguelRocafull#2631,1743598266931,3,39953,37533,119860,2.6666666666666665,0,8,8,4,SUCCESS,39953,ij1h2_MqQxCdq1w4y08H_w
4403,BrainyTheory#8682,1741859026987,3,39997,36335,119993,4.666666666666667,0,14,14,4,SUCCESS,39997,nOsET_iiQyquDXXqeBwPfg
4404,RobotShell#6193,1740659772624,3,39999,33124,119997,5.333333333333333,0,16,16,1,SUCCESS,39999,5mOObpQZRceqGjPKrs0tFg
4405,FocusedVariable#4677,1740659811029,3,40008,32533,120026,5.333333333333333,0,16,16,1,SUCCESS,40008,DCzIzWw8R26u2LvWndh-1g
4406,ArthurJoseSary-UNlCAMP,1746669526610,3,40063,33127,120191,4.333333333333333,0,13,13,2,SUCCESS,40063,_MVFF-xnQwGJ9nEbZYS7nQ
4407,DraftLoop#2879,1745135601276,3,40065,34603,120195,2.0,0,6,6,1,SUCCESS,40065,hDZ6T3O1TVqG9Eg6IhVmBg
4408,J01001111E,1741904379508,3,40085,20192,120256,3.6666666666666665,0,11,11,1,SUCCESS,40085,Ncw3tYaiQdSLapzsKptbOA
4409,BetaCharacter#8725,1753333089653,3,40108,37000,120325,4.333333333333333,0,13,13,1,SUCCESS,40108,5Db2cpBqSpqLyHdGIo69oA
4410,Asynchronous486#5900,1747582053241,3,40131,38062,120393,2.3333333333333335,0,7,7,4,SUCCESS,40131,1Yso_hf9Q2y4jnL2ncFOfw
4411,Priyanka-Binne,1744575721759,3,40158,30802,120474,5.666666666666667,0,17,17,8,SUCCESS,40158,Gx1yg4ymS0O6UUb89BXQ2g
4412,ImmutableCircuit#2175,1747565429197,3,40175,34467,120526,5.0,0,15,15,5,SUCCESS,40175,rfzoqICwTHGXCSBGY-Y_fg
4413,FormulaicEvaluation#3224,1738869920645,3,40179,33074,120537,4.333333333333333,0,13,13,1,SUCCESS,40179,ghV5JzPxRKqkepoqFRZ_ng
4414,CreativePoint#3453,1754435961509,3,40197,36255,120591,1.6666666666666667,0,5,5,1,SUCCESS,40197,Qy7W3LrjQ0Kv5gohMdkGSA
4415,awshucks,1743710218551,3,40223,37534,120669,1.6666666666666667,0,5,5,3,SUCCESS,40223,---JYWLzSee97qq4Bu0CuA
4416,EncryptedBraces#5131,1742373594651,3,40242,36400,120726,1.6666666666666667,0,5,5,1,SUCCESS,40242,UadALr96Q1ih3Qgdiix3iA
4417,asdflkjhasdf,1752138352970,3,40243,32800,120731,5.333333333333333,0,16,16,5,SUCCESS,40243,1_FQpjbGSXCr_iYoQUNNZA
4418,RocketArray#8577,1744788542838,3,40287,28393,120863,4.0,0,12,12,1,SUCCESS,40287,QiWr9ssOSWOnFFhqbHMnYA
4419,TIF-CT-Speedsters,1744521872610,3,40353,32067,121060,5.333333333333333,0,16,16,19,SUCCESS,40353,zKdKXknwQVCObGdEgutObQ
4420,BooleanShell#5516,1736442106965,3,40376,31272,121130,1.6666666666666667,0,5,5,1,SUCCESS,40376,N6xbLiLZTZy53PPe9B3-eg
4421,ComplexValue#3117,1743706039178,3,40397,36804,121193,1.6666666666666667,0,5,5,1,SUCCESS,40397,4lMkX61LQTaZYv-4ysVkiw
4422,UnicodeValue#6955,1747752231439,3,40397,36866,121191,1.6666666666666667,0,5,5,3,SUCCESS,40397,sGtO7TfMTxW1q9X5Qmp2gQ
4423,vissq,1743704336507,3,40419,40064,121257,2.0,0,6,6,1,SUCCESS,40419,NweJIgCfTEupz8nQNzGJ2Q
4424,SolvableDiff#1226,1743955160901,3,40465,39736,121396,2.0,0,6,6,1,SUCCESS,40465,Xx0-16wbQlyAg4vR3ghQOA
4425,Formula1AIHCC-2425,1741289481726,3,40486,34723,121459,2.0,0,6,6,1,SUCCESS,40486,hGyZiOW2QXSpcp9dC3yx4Q
4426,VariableBooster#3916,1756409869263,3,40510,34193,121532,5.0,0,15,15,2,SUCCESS,40510,LdLV6wEsSOCeoITL04D34Q
4427,JacekBiedrzycki,1747954285208,3,40552,37058,121656,4.666666666666667,0,14,14,4,SUCCESS,40552,zODdabSnTpasehdG9ZQHMw
4428,EsteemedSemicolon#8161,1748969598029,3,40554,38666,121663,1.3333333333333333,0,4,4,1,SUCCESS,40554,i1FLhwaiR-CNKL2lZmLDHg
4429,AsynchronousResource#4536,1749310063862,3,40572,37797,121716,3.3333333333333335,0,10,10,2,SUCCESS,40572,z1ohTSeNSK6vacUYaQrJ0A
4430,HelpfulTech#9532,1749203004104,3,40573,36928,121720,2.6666666666666665,0,8,8,1,SUCCESS,40573,tbgmWgUeQbOqwfgvsCs3_w
4431,EsteemedShell#1118,1755544801555,3,40576,33000,121730,4.333333333333333,0,13,13,4,SUCCESS,40576,FdzXEKoLR3qB_YdxfAHspA
4432,NeuralDigit#2121,1741644746821,3,40596,31466,121788,4.666666666666667,0,14,14,5,SUCCESS,40596,2n5GOzB6ReuvtTcLApJdjQ
4433,BooleanState#4268,1743525692308,3,40597,36598,121793,1.0,0,3,3,1,SUCCESS,40597,c2oF_491SE6DTazTxd0IFA
4434,DanielLeonZawodowiec,1747409425033,3,40600,23601,121800,5.0,0,15,15,1,SUCCESS,40600,1T1WfjaZRxGVIIf--IEJYw
4435,TechnicalSlice#0231,1757930783553,3,40644,40205,121933,2.0,0,6,6,1,SUCCESS,40644,9Ua09jBnTNGozNLW42fpPg
4436,ProgrammingFormula#5170,1744788253937,3,40663,24328,121991,3.0,0,9,9,1,SUCCESS,40663,t-PpoYw7SQyJFpphtbfopQ
4437,Explorers#SrikanthSrigakolapu,1755095738612,3,40685,37004,122057,3.6666666666666665,0,11,11,1,SUCCESS,40685,IzRhC_ChSN6dkL4tEh4aTg
4438,TechnicalExpression#7840,1746849747371,3,40686,38662,122060,2.3333333333333335,0,7,7,4,SUCCESS,40686,kvHm2GjQSGurY7k-g-TMlA
4439,ThisLambda#5841,1740659073465,3,40687,38733,122062,5.333333333333333,0,16,16,2,SUCCESS,40687,zdzcUnWoTHaSiIOSeu6B9g
4440,CodeNumber#2041,1741340654226,3,40730,37332,122192,1.6666666666666667,0,5,5,4,SUCCESS,40730,IzP5T8dDRnW_88I2dPGzLA
4441,Bizarro-NikitaPilnenskiy,1747926316899,3,40731,36262,122193,5.0,0,15,15,1,SUCCESS,40731,uRtz6fJ5RV6K3gp_83NyYw
4442,AbstractModel#3254,1736858081396,3,40731,37060,122193,4.666666666666667,0,14,14,1,SUCCESS,40731,i8gIiyjkT86BCT20hHWCSg
4443,BB0252001,1750055098811,3,40758,38596,122275,5.333333333333333,0,16,16,2,SUCCESS,40758,Be1KhiYKRZGOxWxW4ZdE9Q
4444,lep,1748660690410,3,40779,40469,122339,2.0,0,6,6,1,SUCCESS,40779,O9dljREARj--ccyXLN5Xsg
4445,yren-chewy-2025,1738533692410,3,40802,35543,122407,2.0,0,6,6,1,SUCCESS,40802,KX2PGRzBSQaX9BSzGQbcUw
4446,RocketClass#8780,1750095336850,3,40818,40660,122454,1.0,0,3,3,1,SUCCESS,40818,hQlI5NRaS6iBzzLCLBTfgw
4447,IterableFormula#9006,1746789057535,3,40818,38929,122456,3.3333333333333335,0,10,10,7,SUCCESS,40818,O_EzqvKuRvag3i_ldUdFng
4448,MechanicalTheory#8482,1741574233350,3,40820,31671,122461,1.6666666666666667,0,5,5,1,SUCCESS,40820,6VmUqDzzSN6pVUQqjeyqjw
4449,ContinuousInterface#4678,1736246097614,3,40820,40736,122461,2.0,0,6,6,1,SUCCESS,40820,aiv7ijp2QkyxqwEtNpBcyg
4450,EsteemedArchitect#5102,1743541407985,3,40844,34737,122534,2.0,0,6,6,1,SUCCESS,40844,QJlzJPL0QZGPrS_bmyifWg
4451,EncryptedNetwork#7814,1751919648976,3,40863,35129,122590,5.0,0,15,15,1,SUCCESS,40863,46FmgR_iRQmS70Javfc3IQ
4452,AlphaTheory#3150,1741883300564,3,40866,40734,122600,2.0,0,6,6,1,SUCCESS,40866,eSToUVSSSv2sJA5HybLzsQ
4453,TeamAlpha#1,1757874280318,3,40888,35196,122666,4.0,0,12,12,4,SUCCESS,40888,iu69KVZ3T5qxpCS2s0yQKw
4454,AccessibleBreaker#2995,1758216077199,3,40899,35193,122699,2.0,0,6,6,1,SUCCESS,40899,P6r15JXdS4yxYsuTsDbkVw
4455,NullResource#7104,1754405130237,3,40911,37072,122733,1.6666666666666667,0,5,5,1,SUCCESS,40911,HXVP85LESNyDec27SRquAQ
4456,LucasGuilhermeUFCG,1746206148413,3,40952,29339,122856,5.0,0,15,15,7,SUCCESS,40952,q16B693ISzuhCTOOk8VVVw
4457,ProgrammingArray#5811,1750058387910,3,40953,36731,122861,5.666666666666667,0,17,17,7,SUCCESS,40953,7kYT3ECCT0W4yJgp411d8w
4458,UpdatedShell#5663,1746482909361,3,40974,38797,122923,5.333333333333333,0,16,16,2,SUCCESS,40974,q1zKi0NESh24lgZSi9NKkg
4459,AbstractCoder#4684,1740659805924,3,40974,33796,122923,5.333333333333333,0,16,16,1,SUCCESS,40974,G329y00ASd-U14YTkPEgEA
4460,BrainyNode#0223,1739688475222,3,40975,32931,122925,1.3333333333333333,0,4,4,1,SUCCESS,40975,rPJFLywDR1mkYjBY8uhfig
4461,Marcin-Pawlak,1746772960194,3,41042,35392,123127,5.0,0,15,15,2,SUCCESS,41042,f3dkcTFSRPKpMNbDRAyqPQ
4462,DesktopAbstraction#6822,1758070162320,3,41064,32193,123192,5.666666666666667,0,17,17,5,SUCCESS,41064,KjMOOXeMSjKw7VSuJyIlww
4463,PrimeBottleneck#7739,1746577153954,3,41088,29729,123266,3.0,0,9,9,1,SUCCESS,41088,ThZgW6UyT1ePjm3GKNlItA
4464,BetaDebugger#1163,1757078991625,3,41109,37937,123327,4.666666666666667,0,14,14,2,SUCCESS,41109,PZtytZffST--FxeblAgAOA
4465,NullSchema#0287,1746853738901,3,41130,34268,123390,4.333333333333333,0,13,13,3,SUCCESS,41130,dQPX8btWR8-YXs7jymQtyg
4466,EsteemedSchema#7698,1758139201053,3,41132,32196,123398,5.666666666666667,0,17,17,6,SUCCESS,41132,71_fQ3UgTqaRJgvprLtgYQ
4467,FuturisticMachine#4261,1746838872426,3,41153,32662,123461,5.333333333333333,0,15,16,1,SUCCESS,41153,fKFExQq1TgiSfU3jTxe2fw
4468,BossTeeJ,1751641529047,3,41196,37992,123589,5.666666666666667,0,17,17,1,SUCCESS,41196,z9t3dP1xQ-Oo-c2f59oaeA
4469,ntsh#11009,1736394297297,3,41198,33061,123596,2.3333333333333335,0,7,7,1,SUCCESS,41198,yr0BID6GSp6lcYzCjSbhjQ
4470,UpgradedCircuit#8302,1739427022320,3,41219,37061,123659,5.666666666666667,0,17,17,2,SUCCESS,41219,xUxKXDFxTz-IF-I4MbZbew
4471,NullVariable#3156,1736246853195,3,41219,40997,123659,2.0,0,6,6,1,SUCCESS,41219,vzeIzTQ1RoalOacX1vhEGQ
4472,BooleanSchematic#8714,1752284484992,3,41250,37471,123750,1.6666666666666667,0,5,5,1,SUCCESS,41250,BDbV99vnS_GNXhwhv1wdsA
4473,Kallyl89,1746408277449,3,41260,35267,123781,2.0,0,6,6,3,SUCCESS,41260,jNvBuqwGRrOpDpN3iQY_iQ
4474,ReferenceDebugger#5739,1736961633785,3,41263,40938,123791,2.0,0,6,6,1,SUCCESS,41263,Ee9ZYQlCQZOg_gbmGPu7Kg
4475,CrypticAnalysis#0136,1757604841027,3,41264,37134,123793,5.666666666666667,0,17,17,1,SUCCESS,41264,_cbsLl9tSuKonGrw-2tPNw
4476,EpamGachiMuchi-Alena,1747814961082,3,41290,39132,123870,5.333333333333333,0,16,16,2,SUCCESS,41290,MYcyMbXOTtGtOAAc_KwRKA
4477,RapidRyder,1756802845045,3,41333,34064,124001,2.3333333333333335,0,7,7,2,SUCCESS,41333,43HA0Y6_RUayKQSOTd6c_A
4478,ReferenceDataset#2775,1747715738384,3,41396,38789,124188,4.666666666666667,0,14,14,1,SUCCESS,41396,7oPOdPAETt-surAluvLlew
4479,ITI-G14,1738353052757,3,41419,39333,124259,5.333333333333333,0,16,16,1,SUCCESS,41419,a78x-XCCThCmfdMU02W2Fg
4480,MJ#7724,1739103946069,3,41442,36055,124326,5.0,0,15,15,41,SUCCESS,41442,0YJhy6MFTAOQdVz1sO6gRA
4481,CodeHacker#6432,1743783354310,3,41442,34868,124327,1.0,0,3,3,2,SUCCESS,41442,mLb7eTEnS3CgErYnD6hFGw
4482,NTI-G1-member2,1738615525429,3,41464,37599,124392,5.666666666666667,0,17,17,2,SUCCESS,41464,le5d6rslQqqoWQGB8ma4UA
4483,BotCommander,1755070270596,3,41486,35726,124460,5.0,0,15,15,1,SUCCESS,41486,4PoTaBVAQzyroaSLgs0ObA
4484,SecureLine#6332,1746899562216,3,41511,22604,124533,5.333333333333333,0,16,16,4,SUCCESS,41511,bnw7NCZaRp-Fj3Dgp-g_Dw
4485,PetantangPetenteng,1738728755841,3,41530,32132,124592,2.6666666666666665,0,8,8,1,SUCCESS,41530,9zGi6CHTTfWtIM3W1tcLAA
4486,ba0210019,1750442414757,3,41642,38325,124927,5.666666666666667,0,17,17,3,SUCCESS,41642,VA0xy2ymTFi0fPDuguB6dA
4487,ImportantEngineer#9459,1746134110187,3,41686,41463,125060,2.0,0,6,6,1,SUCCESS,41686,g4FeNGVmRCysDbpXmEaz2Q
4488,GRGO,1758184410164,3,41688,41321,125064,0.0,0,0,0,2,SUCCESS,41688,BTQ6v2dzTVOGb0AcXr8KVw
4489,Driftking,1756975727298,3,41796,41335,125389,4.0,0,12,12,1,SUCCESS,41796,OJxdLR5vRWCW77xuRxQM4g
4490,GenerativeArray#1233,1758011631282,3,41806,29679,125419,5.0,0,15,15,1,SUCCESS,41806,gExhWBgdT6yOQjBwKl-LsA
4491,QualityUpdate#5627,1737131241579,3,41818,37722,125455,1.6666666666666667,0,5,5,2,SUCCESS,41818,I8FEBdxfRuaMBqtLFB9Jqw
4492,TIF-Speed-Surge,1747059679329,3,41866,32271,125600,5.666666666666667,0,17,17,7,SUCCESS,41866,IpXzPXjOQiGGeTcxXr3DcQ
4493,Shruti#1234,1743708071483,3,41884,36075,125653,2.0,0,6,6,2,SUCCESS,41884,VqhTxrmBSuqQ3DPogyOYrg
4494,Sal-Paradise,1739909074992,3,41884,32133,125654,5.666666666666667,0,17,17,1,SUCCESS,41884,2Z00KSS0TvSkjDc22t3OeA
4495,FuturisticError#8349,1749117612140,3,41885,37728,125655,3.0,0,9,9,1,SUCCESS,41885,lsSudL6cR_2QOb-W6k0O-w
4496,TechnicalTable#5431,1739303828609,3,41908,39598,125725,2.3333333333333335,0,7,7,1,SUCCESS,41908,ue0e7FYSSU2_I43PRUfdkQ
4497,501-LYS-01#5464,1751857995462,3,41909,40325,125728,3.3333333333333335,0,10,10,3,SUCCESS,41909,2qsNwzATTnO61dI5lK9Fug
4498,bplate#9583,1743702715644,3,41911,39871,125733,2.3333333333333335,0,7,7,1,SUCCESS,41911,YdnWcdgYQNWE4V29zBt-Qw
4499,mamanyo-BIP,1736932458580,3,42044,35464,126134,4.333333333333333,0,13,13,1,SUCCESS,42044,Uw7Ecs_RT8qV5yWn1M58yA
4500,PythonTable#8897,1747251829090,3,42063,40002,126190,4.333333333333333,0,13,13,1,SUCCESS,42063,RmTAfPNPQjWZHAOLsWPbUA
4501,mohamed-benchohra-atos,1747730951508,3,42083,33719,126249,4.666666666666667,0,14,14,1,SUCCESS,42083,04TlShj6Ruafs-HLIJhmeg
4502,AsynchronousDocumentation#4003,1752061021282,3,42108,41730,126324,2.0,0,6,6,1,SUCCESS,42108,Meiy5IwOQySl6WBCfk2hqg
4503,FocusedSpec#2036,1741772806028,3,42151,40407,126455,2.3333333333333335,0,7,7,1,SUCCESS,42151,VXLtfj_PToa8P3hP9Zqe6A
4504,LeetValue#3545,1746555219095,3,42175,34397,126526,5.333333333333333,0,16,16,2,SUCCESS,42175,fmOPc9ilSrS1KUVY-9Ztag
4505,AccessibleFunction#3700,1742932629696,3,42264,41724,126792,2.0,0,6,6,1,SUCCESS,42264,rldO2_s3SoaSNK2eAOxwFg
4506,TabletState#7226,1747227950986,3,42292,27605,126877,5.666666666666667,0,17,17,5,SUCCESS,42292,FAQNSKTpQWqOPv_1lz14hQ
4507,bb0252013,1750056613045,3,42305,29208,126915,5.333333333333333,0,16,16,1,SUCCESS,42305,eo3TAjnOQI6e_8CQOstiDg
4508,TestableCircuit#0496,1751995959550,3,42309,33993,126928,5.666666666666667,0,17,17,1,SUCCESS,42309,zlb40u7USX-BzSFuvZWCMA
4509,Odragde,1751325493438,3,42354,39932,127062,3.3333333333333335,0,10,10,1,SUCCESS,42354,LPoepSztS-uSEL8fkNRxBw
4510,AutomatedInterface#0795,1747902654289,3,42418,38991,127255,0.6666666666666666,0,2,2,2,SUCCESS,42418,P6UDYhCuQrKrVWAqoor80g
4511,EsteemedLine#0836,1745545731678,3,42448,35134,127346,2.3333333333333335,0,7,7,1,SUCCESS,42448,Dg-CpLrdSGyHxvr6dpHZig
4512,SecureLambda#0550,1743783296752,3,42487,34866,127461,1.3333333333333333,0,4,4,1,SUCCESS,42487,iMbVIHKiSu6YZy_v3Ym_Jw
4513,TIF-JC-Racers,1747357270094,3,42507,32657,127523,6.0,0,18,18,4,SUCCESS,42507,PlB6UYgYSK-JUbiKTqUF8Q
4514,StructuredAttention#1752,1754898971424,3,42508,37136,127525,5.0,0,15,15,8,SUCCESS,42508,ZG7UTcaBSCGKogNY5cZxKg
4515,RecursiveWorkaround#7572,1737242298843,3,42509,33191,127527,1.6666666666666667,0,5,5,1,SUCCESS,42509,DyJIM_9bTROnGG2e8CKbGQ
4516,AWS-Geeth,1739389746606,3,42530,37259,127591,5.0,0,15,15,2,SUCCESS,42530,GSIXowTRTxG1ZRT78c3j3A
4517,RevansiddhaWagdole,1748346867243,3,42530,38801,127591,1.6666666666666667,0,5,5,5,SUCCESS,42530,6vcYalPoSQafouZ5tL3uiw
4518,CreativeServer#6570,1742831553326,3,42530,31468,127592,5.0,0,15,15,3,SUCCESS,42530,NR2OQ60AQR-aBOsDt1QVPg
4519,CreativePatch#0315,1751635120724,3,42535,36797,127605,2.0,0,6,6,2,SUCCESS,42535,b9Xk8046R3qbldgnZCQ53w
4520,TIF-Circuit-Chargers,1744711541970,3,42554,36402,127664,5.0,0,15,15,1,SUCCESS,42554,lu9IPjxGSSmnbtbQ6ic8Hw
4521,MachineVariable#4825,1745122910340,3,42576,42393,127728,2.0,0,6,6,1,SUCCESS,42576,CZnPdf4YSNmSXzgvCA8NUg
4522,HigherCallback#5351,1746715515869,3,42621,35199,127864,2.3333333333333335,0,7,7,1,SUCCESS,42621,gU6xz1sSTcubvq3K905ZAg
4523,QualifiedPresentation#6730,1751116623635,3,42643,38735,127930,5.666666666666667,0,17,17,1,SUCCESS,42643,OW167eR3QAigqH59f_VQpQ
4524,QuickCharacter#4800,1740660094233,3,42652,37060,127956,6.0,0,18,18,1,SUCCESS,42652,pXTnrv7XQnuqx3seZWYdzg
4525,BackloggedLambda#8553,1740677210862,3,42664,38201,127993,5.666666666666667,0,16,17,1,SUCCESS,42664,MY7IBSoMTcG_gl0dBSwGbA
4526,BetaTag#2090,1755109641369,3,42731,40122,128195,3.3333333333333335,0,10,10,3,SUCCESS,42731,HAcBZFjDQIKY8heVtHUkbA
4527,UnicodeUpdate#4070,1740163592962,3,42777,33128,128333,2.6666666666666665,0,8,8,1,SUCCESS,42777,DideKkWdTFmhLUGCrdcvkg
4528,ntsh#10615,1736394340523,3,42796,35195,128390,3.3333333333333335,0,10,10,1,SUCCESS,42796,TeF1GyRJTpm6VZyjgTHk1A
4529,FormulaicLanguage#1530,1747228338651,3,42863,36471,128590,6.0,0,18,18,3,SUCCESS,42863,LxfH9FPASyeFJVkUhL_MQg
4530,IthaloTeodosio-UNIFACISA,1746228310781,3,42886,40802,128659,5.333333333333333,0,16,16,1,SUCCESS,42886,V2eUm1mtRJafU-Q5iWLQLg
4531,10xGlyph#4756,1753141998063,3,42908,38130,128726,2.0,0,6,6,1,SUCCESS,42908,pCdjWxtcQNy7Mh9RjlEyQA
4532,CyberneticNamespace#5711,1744969401477,3,42908,37725,128724,3.0,0,9,9,1,SUCCESS,42908,XoXrFlncR0KIx8HSTrxsag
4533,BD0210009,1750401234358,3,42909,31731,128728,5.0,0,15,15,1,SUCCESS,42909,TP-Ax9KvSGWRhXVW5llKkg
4534,PEDROAUGUSTO-FPB,1746497025436,3,42930,31535,128791,5.0,0,15,15,6,SUCCESS,42930,He0c7rnyRPqOh3MonqvaJg
4535,InteractiveDeadline#9871,1743658027766,3,42952,33535,128858,1.6666666666666667,0,5,5,1,SUCCESS,42952,d96xOnk_SNG7G8WGNaubFw
4536,MachineTech#2470,1757930783483,3,42954,40801,128863,2.3333333333333335,0,7,7,1,SUCCESS,42954,poA6hxxOQdunlm9dtF-Xcg
4537,LuizHenriqueAbrantesFontesUFCG,1746200158809,3,42998,39066,128994,2.6666666666666665,0,8,8,3,SUCCESS,42998,Mcrps-IAQjqtuOgj97l8dg
4538,BigUpdate#1582,1744461868776,3,43003,35934,129011,1.6666666666666667,0,5,5,1,SUCCESS,43003,mwmneJa-QB-2u_hSoVMa4w
4539,HelpfulUpgrade#6332,1741115379561,3,43020,31394,129060,5.0,0,15,15,2,SUCCESS,43020,8A9uylXQSDmIXULbPFDfBQ
4540,Aitana,1740665923680,3,43040,41123,129122,2.3333333333333335,0,7,7,3,SUCCESS,43040,8qWrbdQXTKS4gzyEVUDhng
4541,YnnayronJuan-IFPB,1745509659584,3,43042,36801,129127,5.0,0,15,15,2,SUCCESS,43042,B8xZVHFySl6YWsWRmjadzw
4542,Swathikareddy,1752277259467,3,43064,36994,129193,4.333333333333333,0,13,13,4,SUCCESS,43064,FhRIWwcWQsK7IV9cUzRnyA
4543,106,1759554666618,3,43088,43053,129264,0.0,0,0,0,1,SUCCESS,43088,hGHhBW1lT2ScoEXcw22Fsg
4544,WebCoder#2685,1741340682026,3,43092,39266,129276,2.6666666666666665,0,8,8,23,SUCCESS,43092,WGrMn17FTsmhjYye3mMTIg
4545,CrypticFunction#0634,1741177737801,3,43133,41137,129400,2.3333333333333335,0,7,7,2,SUCCESS,43133,1IhMSN_-RoajSmE-uGGWQQ
4546,mittala-atos,1753178725423,3,43197,31193,129592,5.333333333333333,0,16,16,4,SUCCESS,43197,zViRHbdTTJW83Gadbczi8A
4547,IterableScript#9896,1750487858787,3,43198,37664,129596,4.0,0,12,12,1,SUCCESS,43198,rIptOQsVRc-tzSWc-y2Ieg
4548,PathingArchitect#2745,1744187013774,3,43223,40793,129671,0.3333333333333333,0,1,1,5,SUCCESS,43223,ahr7_JaeQiKo77DVi4ESHg
4549,TIF-Magnites,1747771660606,3,43241,32193,129725,6.0,0,18,18,2,SUCCESS,43241,agIkde1WQJy_lP-RwwHieQ
4550,AsynchronousScope#2907,1746002708490,3,43242,36935,129726,4.0,0,10,12,10,SUCCESS,43242,wDW2lTlMSkaPCtOvB3-vEA
4551,MarathonRunner,1744312833695,3,43264,40729,129792,1.6666666666666667,0,5,5,1,SUCCESS,43264,gclWiVffS_2CoHbs4CKzLQ
4552,SameeraEllanki,1744601310225,3,43265,38393,129795,2.0,0,6,6,7,SUCCESS,43265,teCO4PhXSomk_K3Ya0v_Zg
4553,FocusedLanguage#2404,1747840065613,3,43284,41125,129854,1.3333333333333333,0,4,4,1,SUCCESS,43284,vD1lgIRmR3SlzkVpaoGpVw
4554,Kimgeunbae,1752031920240,3,43289,37335,129869,6.0,0,18,18,1,SUCCESS,43289,V9g_OI3ZQCOubqsft8IB5g
4555,BrainyContext#0492,1745850882309,3,43351,32333,130055,2.0,0,6,6,1,SUCCESS,43351,4tlqXVy1T42OH3C5GxI_HA
4556,AtomicBreaker#3127,1748337900207,3,43379,39471,130137,2.6666666666666665,0,8,8,1,SUCCESS,43379,BHf91qM8QresF3NbwdWrsQ
4557,UpgradedString#7146,1755189044014,3,43396,38994,130190,2.0,0,6,6,1,SUCCESS,43396,bHPLDdWjQ3i_E9URnmWJmw
4558,dnp-shimizu-m43-multi-user,1750742091904,3,43398,41131,130196,4.333333333333333,0,13,13,1,SUCCESS,43398,2Bx-WngPSoKF91Z7if2f9Q
4559,parkhyerin,1756846563317,3,43418,34205,130255,1.6666666666666667,0,5,5,2,SUCCESS,43418,xDHW25WhROKQJcku2pCvFg
4560,ThisMetaclass#9362,1743788967530,3,43464,41335,130393,2.3333333333333335,0,7,7,1,SUCCESS,43464,jzTBS6zPTqWl25DEASwRYg
4561,TestableComment#8708,1752328189907,3,43467,41533,130401,5.666666666666667,0,17,17,3,SUCCESS,43467,kCg1H3n8QsOo0rP5ktFmBQ
4562,DesktopFix#9109,1746473377306,3,43550,39734,130652,4.666666666666667,0,14,14,1,SUCCESS,43550,fHbR5X79QfiV3LO8STqWOA
4563,AlphaFix#0790,1747853567862,3,43554,40189,130662,2.0,0,6,6,1,SUCCESS,43554,JO-hyZx9TI2kxF4dZ_MRZQ
4564,MikolajPiech,1747573220032,3,43574,40934,130724,1.3333333333333333,0,4,4,1,SUCCESS,43574,rvuLZdoRQhWeBStuEwUkbg
4565,TheEvenMoreHandsomeSeagull,1740765926844,3,43575,40003,130727,5.666666666666667,0,17,17,4,SUCCESS,43575,vyDaeK6gQBKpU6w-5d_LMQ
4566,Verstappen#9039,1747015735554,3,43590,37435,130772,4.333333333333333,0,13,13,8,SUCCESS,43590,lhWMdRQOT2O287iSX0t0JA
4567,QualifiedFunction#3421,1750882660682,3,43664,41734,130992,2.3333333333333335,0,7,7,2,SUCCESS,43664,hi2AB0WoSV-dJVWi48pxOg
4568,cc25-02,1755057121375,3,43773,41523,131321,2.3333333333333335,0,7,7,9,SUCCESS,43773,QQGk0J5cSk-4Pm7eCUgwww
4569,ThisConsole#1211,1745220194330,3,43796,32929,131390,6.0,0,18,18,1,SUCCESS,43796,7tiCjU9PReWQ_24fhUAEGQ
4570,10xArray#3575,1736382536458,3,43820,30933,131461,2.3333333333333335,0,7,7,1,SUCCESS,43820,JyFUu0htQaO0QnkQxPyVww
4571,AgileSlice#8963,1744836280843,3,43827,34868,131483,5.666666666666667,0,17,17,3,SUCCESS,43827,sMVB0B9wRf-5umMmeZv6Fg
4572,NullLanguage#7027,1739707314476,3,43842,40520,131526,2.6666666666666665,0,8,8,3,SUCCESS,43842,nrc8urO0RdyPekI9ozj8EQ
4573,BlockchainLog#9056,1736711266055,3,43842,41868,131527,2.3333333333333335,0,7,7,1,SUCCESS,43842,2VXYUf2aQ16IWd5UOnrQBg
4574,ky2504-20,1745890640034,3,43865,29739,131596,2.6666666666666665,0,8,8,1,SUCCESS,43865,E3t4IbOTRceZso8DY4MBMA
4575,gne-deep-racer,1752546057850,3,43886,40403,131659,1.0,0,3,3,2,SUCCESS,43886,vWA4anCeSGGmDAHIxL0cHA
4576,Croissant#1234,1737576304109,3,43929,41798,131787,5.333333333333333,0,16,16,1,SUCCESS,43929,B1XEBvQ9Tk6IzN10ijvidQ
4577,MobileArray#3533,1736612759056,3,43931,40328,131793,2.6666666666666665,0,8,8,1,SUCCESS,43931,Ead_F1cET22tTrFY0Br6Dw
4578,PrzemyslawMisztal,1746793439054,3,43976,39662,131929,5.666666666666667,0,17,17,5,SUCCESS,43976,VClH8tKaQf2tbTq_-Crp6g
4579,AlyssonHyagoPereiradeOliveiraUFCG,1746128495223,3,43977,41866,131931,2.3333333333333335,0,7,7,2,SUCCESS,43977,zKFKBr2kQom0tm7dnC4NJg
4580,ConnectedLog#8319,1743762906253,3,43996,40594,131990,5.666666666666667,0,16,17,1,SUCCESS,43996,bDYbPObdRu2FzxOO2PtqPQ
4581,CodeTech#2755,1742746375610,3,43996,39197,131990,3.0,0,9,9,2,SUCCESS,43996,5TL9XWnJTJyLCj-Sn0Svng
4582,PrimeObject#7210,1755637109708,3,43998,41135,131995,5.333333333333333,0,15,16,3,SUCCESS,43998,AjxHWx24SG-IVJA6vD2Ngg
4583,Achievers#MohammedAsraf,1755176413707,3,44019,41935,132058,1.3333333333333333,0,4,4,3,SUCCESS,44019,ZDIcHNQSSuKBBlKVTqpcSg
4584,TIF-Happy-Feet,1746601606200,3,44021,36668,132064,5.333333333333333,0,16,16,5,SUCCESS,44021,ncejMy4LSwmO7np5LfiZnA
4585,InteractiveError#3528,1749235796259,3,44042,40794,132127,5.666666666666667,0,17,17,1,SUCCESS,44042,5aW6t9PQT1yNhMoMAxhT-w
4586,InteractiveAnalyst#8073,1746622115171,3,44063,33930,132191,5.0,0,15,15,3,SUCCESS,44063,AFfeVTFhTqaZsX1FoqUn1A
4587,GuilhermeFornari-UnB,1746475369589,3,44066,41736,132199,2.3333333333333335,0,7,7,1,SUCCESS,44066,JSfq9eYgS1OZiVzx8tB0oA
4588,JavaResource#7762,1736389132885,3,44109,43800,132328,6.0,0,18,18,1,SUCCESS,44109,L2mEIE-5TvKpsCZKxA0njg
4589,PathingScript#4875,1750056989342,3,44109,38461,132327,6.0,0,18,18,2,SUCCESS,44109,-E-TfnQnRfa-HqHTkm3iaA
4590,Mchu-chwy-2025,1753201979934,3,44110,40326,132331,5.666666666666667,0,17,17,1,SUCCESS,44110,FTZ3L67tSLCdnt4Y_B5C8A
4591,HashableBreaker#4924,1740145699251,3,44132,39395,132398,5.0,0,15,15,6,SUCCESS,44132,7bJDG1quSWityi3rNT_FVQ
4592,ProcessingWorkaround#4700,1748113564751,3,44153,42935,132461,2.0,0,6,6,7,SUCCESS,44153,lFyeW82kT0Kn2Dp8ZMXDMA
4593,ASCIIMetaclass#6045,1757920968565,3,44220,35727,132661,2.6666666666666665,0,8,8,4,SUCCESS,44220,1390FPF_Q4aosmiKOXXs4g
4594,MarioGomez,1743608345230,3,44224,35133,132674,5.666666666666667,0,17,17,1,SUCCESS,44224,KpazErpgRXywCwN5GfJuRg
4595,HaydenDaly,1741204018849,3,44241,34927,132724,2.6666666666666665,0,8,8,1,SUCCESS,44241,zw0SJJu7QN23LwjCQE78rw
4596,SequentialScript#9492,1758268638913,3,44263,36657,132791,6.333333333333333,0,19,19,4,SUCCESS,44263,RNounKkBSWOZB78vxtyZpA
4597,Pau#1724,1743589679980,3,44308,36069,132926,5.333333333333333,0,16,16,4,SUCCESS,44308,UsMC6_EHTCOEpAUc5kFz9A
4598,CrazyD0G#GGEZ,1755006667299,3,44419,42666,133259,5.333333333333333,0,16,16,1,SUCCESS,44419,4hVaZS3cQNyUdTpEmlKFfg
4599,QualityNumber#0614,1758294206750,3,44423,38732,133271,6.0,0,18,18,1,SUCCESS,44423,RXwWFm9oQH6mnPDOa7NkHQ
4600,HigherAnalyst#9245,1744002818810,3,44443,37203,133329,2.3333333333333335,0,7,7,5,SUCCESS,44443,fUSx7foSTL-HI6jZSdbCug
4601,bb0225256,1750062019663,3,44575,35592,133727,5.666666666666667,0,17,17,1,SUCCESS,44575,-LLXMwalT_WKjPyBw4EkCg
4602,IterativeZone#4876,1739304570693,3,44598,37465,133794,5.333333333333333,0,16,16,1,SUCCESS,44598,99eC82kzQdmaZ4IZ9Wj4Ug
4603,KandarpInCanada,1746980719449,3,44617,31525,133853,4.333333333333333,0,13,13,15,SUCCESS,44617,-jT5-_UMQHya5eoQMwfmzg
4604,LoopingSystem#6855,1736418962891,3,44641,44529,133923,6.0,0,18,18,1,SUCCESS,44641,gu2iCPuVQTCinoWHZU3g6A
4605,centurygames-2024-6-666,1746760357670,3,44642,39656,133926,6.0,0,18,18,2,SUCCESS,44642,lxrl4WBqS0ywBvcy4gETnw
4606,DesktopLog#0550,1748029314165,3,44688,42862,134065,2.3333333333333335,0,7,7,3,SUCCESS,44688,4W25sz3xQ6u63Y2u3DI5Kw
4607,RecursiveConsoleJerry#0903,1743704214829,3,44738,41213,134215,2.6666666666666665,0,8,8,1,SUCCESS,44738,CTY80YWrRSqilZP6O4oe-g
4608,StructuredCharacter#0263,1742550496270,3,44753,35998,134261,4.666666666666667,0,14,14,11,SUCCESS,44753,JjSmImC4TlSfXukHzArk_w
4609,434560488412-SG23-melvincwng,1736782205848,3,44840,28925,134520,6.0,0,18,18,1,SUCCESS,44840,TLY5pNpVRCSAD9h9TRM_ZQ
4610,Sid#,1747016810199,3,44868,39872,134606,4.0,0,12,12,4,SUCCESS,44868,erYO2xxYQWGR8NfD2LSOig
4611,CyberneticBottleneck#1352,1739304078727,3,44868,41070,134604,2.6666666666666665,0,8,8,1,SUCCESS,44868,1JIJfm-LQMGaRBhwFS2Z2Q
4612,BB0240128,1750055116930,3,44909,37468,134728,5.333333333333333,0,16,16,1,SUCCESS,44909,e8ycbVGtQ2anVveaNmR6-Q
4613,TDS,1737657847866,3,44953,36401,134861,5.333333333333333,0,16,16,2,SUCCESS,44953,0yucHm4oQP2AlvYQcHg3-w
4614,V8,1755199882606,3,44997,41336,134992,2.6666666666666665,0,8,8,2,SUCCESS,44997,puC-WbZjTQ-Trr4LdRAhOA
4615,ProcessingTheory#5097,1755619885063,3,45018,31922,135056,6.333333333333333,0,19,19,1,SUCCESS,45018,Dl1yLQDeQkuyWS224dETPA
4616,PiotrPszenny,1746548550261,3,45041,37598,135125,4.333333333333333,0,13,13,5,SUCCESS,45041,OMV0s3-aTO2QAoN_7QoItw
4617,ITI-Try,1738606080737,3,45041,37334,135125,6.333333333333333,0,19,19,3,SUCCESS,45041,SUgHs6o1QMGmgsx0YIurLg
4618,BA0250001,1750055099684,3,45092,37409,135278,4.333333333333333,0,13,13,1,SUCCESS,45092,RyXrBXe_Rc6Mo7uxm7XhRA
4619,GIST-DeepRacer14,1756358423898,3,45131,40863,135393,5.666666666666667,0,17,17,2,SUCCESS,45131,OagY2WzhRqGZ2ogA_8FfDQ
4620,DXPF#demo,1737561329929,3,45131,29662,135395,5.666666666666667,0,17,17,2,SUCCESS,45131,QfrZ05t4TAq3i5ugzYirOg
4621,FungibleCircuit#0953,1747092433752,3,45133,41070,135400,2.6666666666666665,0,8,8,1,SUCCESS,45133,E-NKPv-vSrSs5wHnwE3OhQ
4622,PrototypeDigit#9193,1742676801552,3,45154,38336,135463,4.333333333333333,0,13,13,1,SUCCESS,45154,sh9VYIrnSDWBRejKc83q4A
4623,BB0250033,1750061995767,3,45175,30804,135527,5.666666666666667,0,17,17,1,SUCCESS,45175,A_Xf6ddCQyezvCMiE-TDFQ
4624,Lixzard04,1743832550516,3,45176,37942,135528,2.3333333333333335,0,7,7,1,SUCCESS,45176,ZeW3dPQMT6aD3exQqbl45Q
4625,mittal-patoliya,1747803178462,3,45243,42531,135731,4.333333333333333,0,13,13,1,SUCCESS,45243,me1eI50iSGusuehApeRQog
4626,CyberneticAbstraction#0062,1757538588373,3,45262,41266,135787,6.666666666666667,0,20,20,3,SUCCESS,45262,dAYGpvzXQz6DZenIZgL1nA
4627,HigherFix#0265,1749489002431,3,45306,41919,135919,5.666666666666667,0,17,17,1,SUCCESS,45306,27VikcmnQn2ZsR95RE0x7g
4628,AutomatedAnalysis#5935,1749087626348,3,45309,41672,135927,4.666666666666667,0,14,14,1,SUCCESS,45309,OAMY81Z8SXKyLAhp50qZvA
4629,JoamDognon,1749574435493,3,45309,37460,135927,5.333333333333333,0,16,16,8,SUCCESS,45309,WLrAeU0CScy66OZpplbm0A
4630,FuturisticArithmetic#1562,1743197097299,3,45330,42129,135991,4.666666666666667,0,14,14,1,SUCCESS,45330,nrX_lihXTamATMxG0OsXqA
4631,TabletUpgrade#2236,1747989914083,3,45353,37799,136061,6.333333333333333,0,18,19,4,SUCCESS,45353,bmNmb-YiTqGNCc8g3dNpoQ
4632,Born2Race,1757540468280,3,45398,42463,136196,6.333333333333333,0,19,19,1,SUCCESS,45398,6QHPVkn0ShmCqCVPGHjwMg
4633,YavuzPoyrazAgca,1748059527459,3,45398,39396,136195,5.0,0,15,15,1,SUCCESS,45398,Oao3Pp-OQ1ien20wzUDZBA
4634,PandaRacer#9755,1742419545156,3,45418,41864,136254,2.6666666666666665,0,8,8,1,SUCCESS,45418,47h5wlAATEmCNJWpxTzAtQ
4635,ArtificialTable#7670,1737998901160,3,45421,39405,136264,3.0,0,9,9,1,SUCCESS,45421,-VfuBqyEQdy2WUkcvDC7kQ
4636,DasCar#2,1755601687355,3,45507,42258,136523,5.666666666666667,0,17,17,1,SUCCESS,45507,xwMRTbJPQaWhEGdAqaPndQ
4637,TestableTech#8103,1736254448017,3,45509,36321,136529,5.666666666666667,0,17,17,1,SUCCESS,45509,Dyhy1swcT3a0GikD9BgrGA
4638,HashableContext#4777,1737384943373,3,45509,34661,136528,3.0,0,9,9,1,SUCCESS,45509,58Q9w9HPT36dCh2YkmKD-g
4639,AlefAdonisDosSantosCarlos-UFCG,1746253892102,3,45555,36264,136665,6.666666666666667,0,20,20,2,SUCCESS,45555,zxjseLCYTbC_hkJe_OcPYA
4640,Aaron415,1752428438951,3,45574,39803,136723,6.0,0,18,18,1,SUCCESS,45574,qWXyNWmTR6GJZeWvgJvoxw
4641,PrototypeResource#9520,1749891753573,3,45575,41930,136725,2.6666666666666665,0,8,8,2,SUCCESS,45575,8vMnF3UkSniSQ3BpqNXMgA
4642,AgileTheory#9585,1740377470634,3,45578,36598,136735,2.6666666666666665,0,8,8,2,SUCCESS,45578,7Z9WZNx7RoGd3POm_PmhEw
4643,TIF-SVTC-Racers,1746486088987,3,45620,35731,136861,6.666666666666667,0,20,20,2,SUCCESS,45620,PeZD4TUVQRStBR7gAY3GDQ
4644,taniguchi,1759471010047,3,45686,23867,137058,4.333333333333333,0,13,13,2,SUCCESS,45686,tmQ_1X9lTHGgjrbkR-MHWg
4645,UsablePointer#4483,1757930793791,3,45729,42133,137189,2.6666666666666665,0,8,8,1,SUCCESS,45729,ZrfS_MxIRtiFu9Zw3TTFig
4646,CriticalSandbox#4967,1736245953752,3,45731,45468,137194,3.0,0,9,9,1,SUCCESS,45731,L3qoyxEuTCaVVMcX-7bHsg
4647,FunctionalDataset#0602,1758177933748,3,45732,41267,137197,2.6666666666666665,0,8,8,1,SUCCESS,45732,R5tyEl-jQHquUU2shmbbgg
4648,ProvisionalArray#4423,1751993471580,3,45753,27002,137259,6.333333333333333,0,19,19,1,SUCCESS,45753,hkRruA7kRu-Zud7oN0DU_w
4649,AccessibleUpgrade#4728,1749517761596,3,45775,35987,137326,1.6666666666666667,0,5,5,1,SUCCESS,45775,IVB-X402RyOHjR_8GFt1jw
4650,ASCIIConsole#9056,1745008163909,3,45775,36330,137327,5.666666666666667,0,17,17,6,SUCCESS,45775,E0PAK05fQomjp2QCp5xqEg
4651,BlockchainPackage#8700,1743454068538,3,45796,36519,137389,6.666666666666667,0,20,20,3,SUCCESS,45796,kh_layWrRB2i-giAbYx4zg
4652,PrototypeBooster#4447,1738988724682,3,45841,43867,137524,6.333333333333333,0,19,19,2,SUCCESS,45841,RWNS6hboTSab8fNJRc_bgg
4653,RocketArray#7868,1753091449491,3,45841,39059,137525,6.333333333333333,0,19,19,2,SUCCESS,45841,xdlKfT55S6myC6DZCrf6DQ
4654,DigitalFormula#0237,1743195529372,3,45908,41737,137726,6.666666666666667,0,20,20,3,SUCCESS,45908,NutKSF5XRR-3ylxvjQrHfQ
4655,Enzo-Tonon-Morente-USP-3,1746670350404,3,45917,39152,137753,6.333333333333333,0,19,19,1,SUCCESS,45917,0H6hgAiTQH2gMWZheY_xtg
4656,TIF-Achievers,1746848398552,3,45953,33326,137861,6.333333333333333,0,19,19,4,SUCCESS,45953,bKdLY_UJRQmXDOl1I8vbnA
4657,Pratik27,1743705433962,3,45954,37800,137863,2.3333333333333335,0,7,7,1,SUCCESS,45954,HqEiEUpDRpqG482GHhJjyA
4658,ComplicatedSandbox#9508,1746987468434,3,46018,40257,138056,6.0,0,18,18,3,SUCCESS,46018,BKBkf3J6TRGPveCUgpqn6w
4659,CleanMachine#5771,1741114336811,3,46110,40068,138331,3.0,0,9,9,1,SUCCESS,46110,1sk9aC4CRH6Y9W1wM-MnPw
4660,AtomicDiff#6296,1743703638449,3,46155,41202,138465,3.0,0,9,9,1,SUCCESS,46155,fitAiJs2SkmaujWbihaMsw
4661,Kapil,1747380465069,3,46176,39197,138529,2.0,0,6,6,1,SUCCESS,46176,8H1z4taLTyG22bv5puBYIA
4662,MemoryGame#8346,1736439554155,3,46176,43197,138529,1.3333333333333333,0,4,4,3,SUCCESS,46176,CBVPiso-Tn2-sPg4WIOrYw
4663,GRX,1759246235210,3,46178,39065,138534,6.333333333333333,0,19,19,3,SUCCESS,46178,gjYIRouJT_ePiNAHlI1wYQ
4664,skixer2,1751653012093,3,46197,39735,138591,3.0,0,9,9,1,SUCCESS,46197,pWnVEUEeSxa6kKuyPgJrLQ
4665,MechanicalTech#2731,1746331122520,3,46221,40930,138663,6.0,0,18,18,1,SUCCESS,46221,hDu46X1eQDSpUaaCEvZoqw
4666,LoopingScope#5566,1736386773860,3,46241,38857,138723,6.333333333333333,0,19,19,3,SUCCESS,46241,UnVwK4ExTKuZUU4b6hJrvA
4667,BA0210025,1750402220557,3,46308,44329,138925,6.333333333333333,0,19,19,3,SUCCESS,46308,ay6MTVqQTUucBuh8OZ87rg
4668,ababshet-chwy,1737756886475,3,46310,46193,138930,4.0,0,12,12,3,SUCCESS,46310,7SaGlqrBQMec2aTXYzRwKQ
4669,CompleteCoder#7803,1739334417231,3,46397,40935,139191,3.0,0,9,9,2,SUCCESS,46397,MEUMhQsUTHOOdKor-PwHNw
4670,DesktopHypothesis#6401,1757930763572,3,46400,46202,139200,3.0,0,9,9,1,SUCCESS,46400,-ieb5kjZSBqAP-9UzEGVtg
4671,ManikantaKopparapu,1744992703872,3,46444,41332,139334,3.0,0,9,9,1,SUCCESS,46444,z3hx4GKQS5CEwCP9x45zpA
4672,ReferenceEngineer#1136,1746704115570,3,46487,44402,139461,6.333333333333333,0,19,19,1,SUCCESS,46487,lfvttIx5QSC4Ilbx2IyMnQ
4673,dr-teacher-14,1738639072515,3,46488,42739,139464,5.666666666666667,0,17,17,1,SUCCESS,46488,Uio04RgKRJqooZPgf_B6kQ
4674,CARTMAN,1758531536902,3,46510,39396,139532,6.333333333333333,0,19,19,1,SUCCESS,46510,YCRiXWBYQs2TFPfTY_c7Fg
4675,delfines,1741861660633,3,46558,40330,139676,2.0,0,6,6,1,SUCCESS,46558,TDPT12zTQ1i-cJCm7EPATw
4676,Summer2025-AutoshipWin,1753909719597,3,46579,44202,139737,2.6666666666666665,0,8,8,1,SUCCESS,46579,6Uq2CFblQ-GmA_7eyjxIDQ
4677,ProgrammingUpdate#7993,1736379373409,3,46710,39794,140131,2.0,0,6,6,1,SUCCESS,46710,iRgeywtaS2WUZV1H6tZuXw
4678,neverlandFlower,1736795816193,3,46713,44797,140140,2.3333333333333335,0,7,7,1,SUCCESS,46713,U0nQ4fr-Sl6ZJGIq4V44kA
4679,Caballos,1742330596567,3,46737,44338,140211,4.333333333333333,0,13,13,1,SUCCESS,46737,586tK_OETpyyO1MbNvhfJg
4680,AutomatedHacker#6937,1747151296347,3,46775,41391,140326,6.0,0,18,18,3,SUCCESS,46775,vGeaJCZVTs--EKvCDYJH5w
4681,AlphaNumber#0062,1740660073336,3,46797,45009,140393,6.333333333333333,0,19,19,1,SUCCESS,46797,JAez60pIR6m0JkcZsNTIAA
4682,AtomicLoop#2228,1749562370118,3,46886,42601,140660,2.6666666666666665,0,8,8,2,SUCCESS,46886,5WxO4jgrQAmBkZEO9meKhA
4683,ntsh#10434,1736394904849,3,46911,36066,140733,3.0,0,9,9,1,SUCCESS,46911,fJtm3sbeQfu1q9UJVjEtzg
4684,BB0225253,1750062033033,3,46954,38795,140864,6.666666666666667,0,20,20,1,SUCCESS,46954,npm56v-yRRCF1IKPayipbg
4685,TIF-Swift-Machine,1747377116607,3,46998,45135,140996,6.333333333333333,0,19,19,1,SUCCESS,46998,eyM5c5hRSrSBVBnujg6OJA
4686,ComplicatedTheory#0434,1748719612898,3,46998,45728,140994,2.3333333333333335,0,7,7,1,SUCCESS,46998,9Jl0Op7nT-GdZG0sx3oC-A
4687,pn-ci,1737577207176,3,47063,42861,141191,4.666666666666667,0,14,14,1,SUCCESS,47063,HYENB9YRRCK_W11AFympVw
4688,LInFCU#10,1745308464876,3,47086,41002,141258,3.3333333333333335,0,10,10,3,SUCCESS,47086,CuZeTHvrQxusRETa2_1crg
4689,IterableBreaker#0029,1740287224123,3,47133,41802,141401,3.0,0,9,9,1,SUCCESS,47133,PTDYoOlgS1OafPtqcGp0HA
4690,MobileDigit#9822,1751997717254,3,47155,43201,141466,6.666666666666667,0,20,20,26,SUCCESS,47155,2IRJca3FT-Kw-VBw68hBxA
4691,TIF-RoadRunner,1745460506923,3,47226,40605,141680,5.333333333333333,0,16,16,1,SUCCESS,47226,dfd8d6cc9bde40599a66fw
4692,DesertDaredevilsTeam6,1741599887855,3,47309,47202,141927,6.0,0,18,18,2,SUCCESS,47309,2HYzC1yMR1-86Gc9sI4wzA
4693,DreamyUnicorns-AliakseiMarkouski,1747754925459,3,47330,37804,141991,6.666666666666667,0,20,20,2,SUCCESS,47330,e63WgLafTdmTgTNWqOLaOA
4694,EsteemedSlice#4811,1745220769710,3,47352,43998,142057,2.6666666666666665,0,8,8,1,SUCCESS,47352,9y8XNwWMSCG1Pa4m9uvEiA
4695,QualityLog#6613,1752588610577,3,47375,40202,142125,3.3333333333333335,0,10,10,1,SUCCESS,47375,xLO9Vug9QtGTtcPW32rdZA
4696,NTSH#11715,1736395625211,3,47466,47191,142398,3.0,0,9,9,1,SUCCESS,47466,JXLgGubmSG6Jf2Zys2ymYw
4697,Lighting#Mayank#Umar,1755668541983,3,47487,47136,142462,7.0,0,21,21,1,SUCCESS,47487,5GEctVOLTOSspypItwYe_A
4698,VictorSu,1752082115737,3,47508,34531,142525,6.333333333333333,0,19,19,1,SUCCESS,47508,vXqL89S9RYS5bWS2_KXyJQ
4699,ProvisionalFix#2202,1739880692935,3,47574,45468,142722,3.3333333333333335,0,10,10,1,SUCCESS,47574,tTG1z2EbRRWGdxcXrBSfsA
4700,ky2504-7,1745885654458,3,47663,40662,142990,2.3333333333333335,0,7,7,1,SUCCESS,47663,ckGACCVlR9eSjEQoCJLVXw
4701,pulandit080,1742751761598,3,47684,33860,143054,3.3333333333333335,0,10,10,1,SUCCESS,47684,mXtWoElFQZK1n15M3KsUIQ
4702,AlphaArray#9785,1736228698025,3,47687,42403,143062,3.0,0,9,9,1,SUCCESS,47687,-zbB4SYYQbK5f6F_niHtMg
4703,GenerativeTag#2049,1745996611410,3,47708,29402,143124,4.333333333333333,0,13,13,3,SUCCESS,47708,HNLw9aJ8QjObYQ1XV_jJqQ
4704,SecureConsole#5957,1746468792882,3,47709,45859,143128,5.333333333333333,0,16,16,1,SUCCESS,47709,3gyrwIfzRwunUiktg87H1Q
4705,dr-teacher-19,1738555200679,3,47819,40340,143459,5.333333333333333,0,16,16,2,SUCCESS,47819,gvkXP0onSVaJRO3YtcpnhQ
4706,InfiniteSchema#4003,1755544090490,3,47820,45597,143460,6.333333333333333,0,19,19,6,SUCCESS,47820,_5EvR4AtS2qKBHmZyvBaLw
4707,CodeFunction#0164,1746804369566,3,47820,41865,143461,7.0,0,21,21,2,SUCCESS,47820,Lh5rJcYnRIaIBDB8A7XD3g
4708,BetaMachine#9681,1739454491415,3,47886,38598,143658,6.666666666666667,0,20,20,5,SUCCESS,47886,XHc1nehvQM2lOT7mOFzAoA
4709,dr-teacher-16,1738650548911,3,47930,37933,143791,5.666666666666667,0,17,17,2,SUCCESS,47930,tmWBHJ0lRpePH6a89pQHgw
4710,MachineSwitch#5213,1755787522924,3,47973,44202,143920,6.666666666666667,0,20,20,2,SUCCESS,47973,Y1DTB8mKStuCLOYotmzKZw
4711,AbstractAttention#1270,1736944290839,3,48019,47603,144057,6.0,0,18,18,1,SUCCESS,48019,-oR4ox2GQCKJE8AFvZAIPA
4712,HelpfulString#6133,1743121140128,3,48070,41934,144210,7.0,0,21,21,4,SUCCESS,48070,xB1eWjZtSGSlJmyxYTPYIg
4713,FocusedAnalyst#4562,1756449069226,3,48086,45937,144260,5.333333333333333,0,16,16,3,SUCCESS,48086,7KpixEfXQge1bjUCevs5Sg
4714,NestedFormula#9827,1755787355002,3,48108,38268,144324,6.666666666666667,0,20,20,4,SUCCESS,48108,qrSSjlLATRa0FMaoll3VNg
4715,AutomatedArray#5914,1746810584362,3,48152,44401,144457,5.666666666666667,0,17,17,7,SUCCESS,48152,yNRqtiQiS2WsB4lVu6no-A
4716,FungibleTech#6344,1739303990773,3,48175,47726,144525,3.0,0,9,9,1,SUCCESS,48175,cqDE5bEJTmWlEOX8vVZO6g
4717,MSEDU-S12,1752641660679,3,48192,40532,144577,1.6666666666666667,0,5,5,2,SUCCESS,48192,qvJMDIpNQVqyFlDVwNYPjw
4718,GenerativeSlice#2850,1736966783056,3,48215,37600,144645,7.0,0,21,21,8,SUCCESS,48215,Ta1cnT1_Q6-FnwfGyxQHZw
4719,gphill-chwy-2025,1738099294097,3,48216,46133,144650,6.666666666666667,0,19,20,1,SUCCESS,48216,KRkvplFrRQuJaO3vP6x_dg
4720,CreativeBottleneck#5186,1746298787574,3,48309,40863,144929,3.3333333333333335,0,10,10,1,SUCCESS,48309,bXQvjzvMSL6EzsjHfidNjw
4721,TIF-Flying-Eagle,1746005065634,3,48313,46742,144941,3.3333333333333335,0,10,10,4,SUCCESS,48313,063944b6e81f46398c757Q
4722,BDT-racer,1743703990743,3,48380,46350,145141,3.3333333333333335,0,10,10,1,SUCCESS,48380,T1G7wP2_SVym4v8LShblIw
4723,MechanicalTest#5470,1746555365246,3,48420,36811,145262,2.0,0,6,6,2,SUCCESS,48420,Go8l_namSMy6qi4uDHxstQ
4724,BkDee,1749489182577,3,48465,41128,145395,6.333333333333333,0,19,19,4,SUCCESS,48465,J7-U0La1R3y1C4q3qt0B6A
4725,SF-26Speedsters-Oleksandr,1747919521823,3,48465,33466,145396,6.666666666666667,0,20,20,1,SUCCESS,48465,dC8ZLOxWQ--GCDnadNnArA
4726,MatheusBortoleto,1746226815507,3,48486,39266,145458,6.666666666666667,0,20,20,1,SUCCESS,48486,KqPER2YFQFGDnwGNOLwhHg
4727,tinandr,1743705517206,3,48510,42874,145530,3.0,0,9,9,1,SUCCESS,48510,YBMMGDWTTHi-G3eKVCrH9A
4728,FungibleNetwork#3070,1736355469450,3,48574,47058,145724,1.3333333333333333,0,4,4,2,SUCCESS,48574,OrwO27qWQiSiOi6x-WHLZA
4729,SquareArithmetic#8689,1746689398943,3,48575,35064,145727,6.333333333333333,0,19,19,10,SUCCESS,48575,2hGu3UFIQ56EMfeJBC_UBw
4730,ComplicatedClass#1312,1746228310661,3,48642,46533,145928,6.333333333333333,0,19,19,1,SUCCESS,48642,9n9w9LNQQo-KhObc1xkkbw
4731,MencyCP,1747016305757,3,48664,40930,145994,5.333333333333333,0,16,16,3,SUCCESS,48664,bQjwZDTLQRS0Arp0prR_mA
4732,InteractiveConsole#9307,1738017091490,3,48733,43328,146199,4.0,0,12,12,1,SUCCESS,48733,PzIVkoH6Sf6TgUZTgupksg
4733,TabletLambda#9458,1742031778072,3,48776,43271,146329,0.0,0,0,0,1,SUCCESS,48776,IaBhJTe0TuWSJ1fspQ4fbQ
4734,SequentialDescriptor#4029,1737437615604,3,48797,37999,146391,6.0,0,18,18,2,SUCCESS,48797,UBU_HtS1RNS2E4ozqxDEAA
4735,TsRacer1,1755190577430,3,48861,42270,146585,7.0,0,20,21,1,SUCCESS,48861,8F03Q0IZSJeHDJ6-q0hZlw
4736,Lukasz-Nikodem,1749468121173,3,48864,37329,146594,6.333333333333333,0,18,19,3,SUCCESS,48864,rvlCyB8nSFua58pePNmruw
4737,ntsh#10709,1736397963169,3,48885,48590,146657,3.0,0,9,9,1,SUCCESS,48885,LtDolb4sTNKkzsMkFxH9hw
4738,AlphaOrder#4445,1752219451351,3,48889,42269,146667,7.0,0,20,21,2,SUCCESS,48889,q4BI6OkNSHWD7dcykFQpTw
4739,GIST-DeepRacer17,1754379015786,3,48953,37340,146860,7.0,0,21,21,1,SUCCESS,48953,bZXHeUDuQvqdf_9wbLP7Cw
4740,TIF-CloudRacers,1745308237752,3,49041,39195,147124,1.6666666666666667,0,5,5,1,SUCCESS,49041,LPqSQTz6T22eT_XnK6kkJw
4741,VariableCallback#4842,1746938313593,3,49130,38330,147390,6.666666666666667,0,19,20,1,SUCCESS,49130,saxx9RcwS2qqE1tpJdjCgw
4742,HashableWorkaround#0395,1744220502558,3,49130,31661,147392,3.0,0,9,9,1,SUCCESS,49130,uW5Bdfm2QCae_fbVfDDUYw
4743,CleanAnalysis#6491,1757009200279,3,49130,45987,147390,3.6666666666666665,0,11,11,1,SUCCESS,49130,Rl0wKv9GR5qSvhj7gZmKpA
4744,FPMC-ERIC-#3936,1755004866482,3,49152,43533,147457,7.0,0,21,21,1,SUCCESS,49152,1yH-dcdyQSairX8XhQLwGA
4745,InfiniteBrackets#8769,1741764522273,3,49176,39339,147528,3.6666666666666665,0,11,11,1,SUCCESS,49176,otfz_hkvQHa0mjn5Ct-bWQ
4746,ConnectedDeadline#7010,1745478050257,3,49176,48807,147530,4.0,0,12,12,1,SUCCESS,49176,u3Crn8S4S5-_CZX8TShaaQ
4747,ContinuousDescriptor#5722,1751319016229,3,49197,40262,147592,3.6666666666666665,0,11,11,1,SUCCESS,49197,83eEDGl3TE-_z7S_QpiOSA
4748,RafaelSaBenignoUFCG,1746195853344,3,49243,45399,147730,6.666666666666667,0,20,20,2,SUCCESS,49243,VWrDrx9kR26FYyAf14FsYw
4749,DraftLanguage#6497,1741883840859,3,49288,46998,147866,3.3333333333333335,0,10,10,1,SUCCESS,49288,Nw9gi_KcSjWxuOkInIHBMQ
4750,NeverMind,1740505523139,3,49352,38324,148056,5.0,0,15,15,1,SUCCESS,49352,GMOsdMTRTSW_ZvE48_t-bg
4751,BD0210030,1750401183808,3,49354,45538,148063,6.666666666666667,0,20,20,2,SUCCESS,49354,BDNDyRzmTOK9icm0hkYrFQ
4752,Shrek-Coljaan,1738737800994,3,49401,42197,148203,7.333333333333333,0,22,22,2,SUCCESS,49401,grw3c5f2T1yC_aXQkO1vVQ
4753,SlappedAllMyAIRacersTillTheyHeardMe,1746751527010,3,49508,42133,148524,3.3333333333333335,0,10,10,4,SUCCESS,49508,LQMVQY3ATjKzDXTrmlhiVQ
4754,yuki,1742122073132,3,49664,42996,148994,6.333333333333333,0,19,19,5,SUCCESS,49664,du-jAuNOScmdUYBvWQL5Nw
4755,TulioRafaeldeAguiarTavaresUFCG,1746072312541,3,49666,36067,149000,6.333333333333333,0,19,19,4,SUCCESS,49666,zEf3I64dTA63jXaz0lKT_Q
4756,NeuralBreaker#8734,1744855495032,3,49686,45730,149059,6.666666666666667,0,20,20,1,SUCCESS,49686,LmbqSlsaS6CjfatTvhpw6A
4757,team07-deepreacer,1748494706289,3,49729,45928,149189,3.6666666666666665,0,11,11,3,SUCCESS,49729,FOTgHIJATaGqMBnJCb3WmQ
4758,SolvableTest#7775,1754023188978,3,49797,44199,149392,7.0,0,21,21,8,SUCCESS,49797,ddfSUKKgRIKc4Fu6vnNu3Q
4759,FormulaicAbstraction#7283,1755545027322,3,49798,44066,149395,6.0,0,18,18,3,SUCCESS,49798,wO2OuZ-OQrWWvyk5agHokA
4760,PrototypeSchematic#7597,1737922771219,3,49818,41193,149456,5.666666666666667,0,17,17,1,SUCCESS,49818,5ZgkFprdS1KPpWqfEYT1iQ
4761,ProcessingSchematic#5415,1743705403437,3,49820,41799,149461,3.3333333333333335,0,10,10,1,SUCCESS,49820,6zoSLHi9R96-6cgp1rpujA
4762,SquareDebugger#4874,1736380275040,3,49864,44589,149593,7.0,0,21,21,1,SUCCESS,49864,NM4plAQmS6uWG4go_bAwmQ
4763,AndrewD,1737645192791,3,49931,40926,149795,6.666666666666667,0,20,20,1,SUCCESS,49931,hyBODeEXTIeVuja7jrzB8Q
4764,EsteemedPresentation#5899,1745013747328,3,49931,42861,149793,6.333333333333333,0,19,19,5,SUCCESS,49931,Xnk2j9rXRPaecH_E2AWzNA
4765,Gamma486#7142,1743592802971,3,49954,47605,149862,7.333333333333333,0,22,22,1,SUCCESS,49954,caHXczsZRsih41tpB6UIVQ
4766,TabletArgument#4655,1748331989307,3,49976,40728,149929,3.6666666666666665,0,11,11,1,SUCCESS,49976,gL2womqvRMuOFl3Q4PEiyQ
4767,RouesDeFeu#2789,1739041104255,3,49995,39329,149987,6.0,0,18,18,1,SUCCESS,49995,5EPqNyHARUqJ7d3aHfpRMQ
4768,FinitePresentation#7575,1738595121318,3,50000,42538,150000,3.6666666666666665,0,11,11,2,SUCCESS,50000,3TaE1XAuRemqBAPn9-w3MA
4769,genai-grp-3,1737436226830,3,50136,43007,150408,6.333333333333333,0,19,19,1,SUCCESS,50136,qsAjLr0yTxanOmLAJZ1s4w
4770,eun,1748660735257,3,50184,43951,150554,7.0,0,20,21,1,SUCCESS,50184,DlMtgbkjSTKlVipKnIXG_Q
4771,RobertoMartinRomo,1736521618187,3,50220,44203,150660,3.0,0,9,9,1,SUCCESS,50220,Nnhy3_bkQiSpUMN6eRr6YA
4772,ComplexDescriptor#4763,1736283997748,3,50266,45130,150800,7.0,0,21,21,2,SUCCESS,50266,JpjwZuFfQDqj3v573qSqMw
4773,DraftDocumentation#6729,1736350654332,3,50276,44958,150828,4.0,0,12,12,1,SUCCESS,50276,HMXokYMCSg2sCnmRL3Pwwg
4774,ParametricArithmetic#5247,1758080809997,3,50286,36930,150858,7.333333333333333,0,22,22,4,SUCCESS,50286,IZuVuoyFSVOR53X5xvWwaQ
4775,VroomVroom#2,1757942604929,3,50307,44666,150922,7.0,0,21,21,2,SUCCESS,50307,op4-jO9AQMSjKVaGRQJlpQ
4776,StructuredTest#1221,1739815660308,3,50311,45932,150933,3.6666666666666665,0,11,11,1,SUCCESS,50311,Zcho4uYnSTyZQn9xOskccQ
4777,CompletePresentation#5345,1741629619426,3,50354,48199,151063,3.3333333333333335,0,10,10,1,SUCCESS,50354,jfMtON-_R-OAH9kHq55pBg
4778,TurboLocustMama,1750404260052,3,50443,40669,151329,6.666666666666667,0,20,20,2,SUCCESS,50443,v_2ixMbnRveycMWMqnrI-w
4779,StructuredTest#1140,1739918653871,3,50487,48603,151462,3.3333333333333335,0,10,10,2,SUCCESS,50487,ccBwpuj-TPWQ3Eds5nTJRg
4780,CyberneticLine#3147,1745515155590,3,50490,46867,151470,3.6666666666666665,0,11,11,5,SUCCESS,50490,l0GN726_QFWmmfay4jUvVA
4781,DFW-Deepracer-07,1757664910059,3,50508,38806,151525,7.0,0,21,21,3,SUCCESS,50508,v3rjYXzdRfCO1o7-kP69XA
4782,Bube,1757634093038,3,50574,45127,151724,7.0,0,21,21,1,SUCCESS,50574,VzpsAJyGQBWB7eoBFsmAVA
4783,seinao-Bryan,1756674935951,3,50599,45797,151798,7.0,0,20,21,1,SUCCESS,50599,G3qQ56CdSRyaP0fwhg6wVg
4784,DFW-Deepracer-03,1745980093654,3,50617,41343,151851,5.666666666666667,0,17,17,1,SUCCESS,50617,JnPpPfPvSZyFbmipPbt0yA
4785,FiniteParameter#3755,1741310955044,3,50664,41659,151994,3.6666666666666665,0,11,11,3,SUCCESS,50664,7yFhqzdTT7G_cVHkNcEmMQ
4786,cc25-04,1755152346559,3,50665,41265,151997,4.666666666666667,0,14,14,4,SUCCESS,50665,rdmlT9F2RAi6htz7Bdzkgw
4787,MSEDU-S8,1743744140644,3,50821,39668,152464,6.0,0,18,18,5,SUCCESS,50821,XBCt2kNaSzSz5MegDelbNg
4788,ProvisionalLambda#0323,1740677505452,3,50842,43330,152528,7.333333333333333,0,22,22,1,SUCCESS,50842,LrftCXg8Qy-ZzsSTz_WCEg
4789,PassingSpec#1916,1758003602741,3,50863,43533,152589,3.3333333333333335,0,10,10,1,SUCCESS,50863,MFSljcg7QN-cH9_Bd4UzkA
4790,EncryptedExpert#3627,1747769284852,3,50930,47458,152791,6.666666666666667,0,20,20,9,SUCCESS,50930,m0o1p3jaSUqaNljs0qT9DA
4791,EsteemedTech#7777,1746495036003,3,50952,38728,152858,7.333333333333333,0,22,22,2,SUCCESS,50952,LEcPDTcNQcCijJm3n-PSCw
4792,EmmaW,1748434858054,3,50973,45130,152920,7.0,0,21,21,1,SUCCESS,50973,cGeXoMZaQT24njpRoZbN_Q
4793,ArtificialNetwork#5729,1740570804682,3,50975,43590,152925,7.333333333333333,0,22,22,1,SUCCESS,50975,4C20VJtbQTCtEgP4kX5u5w
4794,NowSomeDonkeyCar,1738720362409,3,51020,29597,153061,7.0,0,21,21,2,SUCCESS,51020,d7Pg_Ma0QlmH09hFeOkSUg
4795,KleysonFilgueirasParenteUFCG,1746241553614,3,51020,43998,153060,6.333333333333333,0,19,19,1,SUCCESS,51020,gYQ6SO6BSaubw9N4eamSbg
4796,ProcessingError#8549,1743581901290,3,51041,47733,153125,3.6666666666666665,0,11,11,1,SUCCESS,51041,deXxIVaNRby068-qE6erWQ
4797,EsteemedDiff#0230,1748194918799,3,51042,44927,153128,4.0,0,12,12,1,SUCCESS,51042,mF1KERHjTXif6eW50o_JNQ
4798,LambdaRacers-KristianYe,1747770523386,3,51063,36119,153191,4.666666666666667,0,14,14,2,SUCCESS,51063,HByYjpAfTxCbMJtKtNAsJg
4799,bb0227015,1750061990529,3,51131,28733,153395,7.0,0,21,21,1,SUCCESS,51131,8PPZGIhmTtWyg7XAy4AfpA
4800,cosmintudora,1737966860687,3,51153,41403,153459,3.0,0,9,9,1,SUCCESS,51153,a1z-pWz_SLe4Bpg-QDx5Bg
4801,Minionics#JahnaviManchiraju,1755529464291,3,51176,45198,153528,7.0,0,21,21,1,SUCCESS,51176,BwSXDylyRluuajPB3c5IfA
4802,PathingObject#9392,1753886119434,3,51242,40992,153726,4.0,0,12,12,2,SUCCESS,51242,4ENpYRR-TNOFwiK7inLs5Q
4803,TIF-Tech-T1tans-Bournemouth,1746007896837,3,51257,44794,153772,7.0,0,21,21,2,SUCCESS,51257,eCmvKyWkSxSnGIKozvg20Q
4804,singpn#2025,1743705938089,3,51308,47668,153926,3.6666666666666665,0,11,11,1,SUCCESS,51308,y72jhv2DR6S2HkJlDfh76g
4805,TIF-kartcoders,1746279502014,3,51330,49465,153992,7.333333333333333,0,22,22,2,SUCCESS,51330,DZAYqyd-Tp6eE15IopWCgQ
4806,TestingBreaker#5089,1742235803833,3,51352,47396,154057,7.666666666666667,0,23,23,3,SUCCESS,51352,ZKz8GpLVR-OTvi095pwVSw
4807,Nonotor,1739382496491,3,51358,47532,154074,7.666666666666667,0,23,23,2,SUCCESS,51358,vrdmo3e7RRmIdXlafvhtog
4808,BD0210042,1750402437140,3,51421,43136,154263,7.333333333333333,0,22,22,2,SUCCESS,51421,fzIhZvuxSGGuZdNj2-o2ew
4809,InfiniteHypothesis#4627,1746820851694,3,51463,38332,154391,3.3333333333333335,0,10,10,2,SUCCESS,51463,pczKN3HTTlmsXTBFXbrF2g
4810,ATOS-RagupathiB,1746785709022,3,51509,42004,154527,6.666666666666667,0,20,20,2,SUCCESS,51509,51TEOAQ5QM6rJTR6i_5QkA
4811,UnboundMetaclass#2951,1741330786217,3,51575,46000,154726,4.0,0,12,12,2,SUCCESS,51575,8E9WujB-QoKKnQHOFlyfQA
4812,VNU#BB0210026,1736503034533,3,51642,42533,154927,6.666666666666667,0,20,20,1,SUCCESS,51642,u0vM1OdOTLqb_sshaRUCog
4813,Piotr-Luczak,1749134907011,3,51663,45660,154989,7.0,0,21,21,1,SUCCESS,51663,zDgnK2V1QnSqZWQoTF98Dw
4814,Justin#12,1744705465783,3,51686,47525,155059,3.6666666666666665,0,11,11,1,SUCCESS,51686,hTDQY9x7TeiRgXzvIoL4AA
4815,BlockchainEngineer#2927,1746468625136,3,51707,36589,155121,6.666666666666667,0,20,20,1,SUCCESS,51707,JvYFXgD6T_S0P_VHvUUpsQ
4816,WebSandbox#0450,1740677760782,3,51708,49464,155126,7.333333333333333,0,22,22,1,SUCCESS,51708,215gG1fgSR-SMaZZb_wc5Q
4817,TestingSwitch#9645,1746488978374,3,51731,40791,155195,6.0,0,18,18,3,SUCCESS,51731,AB6tM1GXTxq9C8AiujuNlA
4818,shensh,1755006649648,3,51734,39794,155202,4.0,0,12,12,1,SUCCESS,51734,nJUUZe4iRYCQc_nn8qe98A
4819,UpdatedPoint#0514,1742350613560,3,51796,51731,155390,4.0,0,12,12,1,SUCCESS,51796,szcRFx6ESWySgIe3Id8Q5A
4820,DEGI-G7,1738157743153,3,51821,46533,155464,6.0,0,18,18,2,SUCCESS,51821,Mv_K9QSCQ321SoeVlCpQpw
4821,BallBall,1754436159984,3,51863,38595,155591,7.333333333333333,0,22,22,7,SUCCESS,51863,7f1xClkpSZC-tt0BXQF90w
4822,DragonFly,1750433039624,3,51909,49807,155728,7.333333333333333,0,22,22,1,SUCCESS,51909,QFQi5sJuS7W-a31TZ4L9kA
4823,MobileNode#4341,1744804503287,3,51912,46471,155737,4.0,0,12,12,1,SUCCESS,51912,JMKw9WWPS8GgWWTWZfs-mw
4824,ASCIIDescriptor#5669,1743866196348,3,51997,47866,155993,4.666666666666667,0,14,14,1,SUCCESS,51997,PjLQjSeyS2aIEZSH5g2oNQ
4825,ParametricAnalyst#2504,1746475718967,3,51998,46534,155994,6.0,0,18,18,1,SUCCESS,51998,0JCyMSnVRfSr5L4dnzZ-tA
4826,InfiniteOrder#1047,1758139484739,3,52000,48803,156000,7.666666666666667,0,23,23,6,SUCCESS,52000,LCdsCQfnT3mLcTJ3TUEbjA
4827,WojtekRoman,1748963568654,3,52020,36799,156060,6.666666666666667,0,20,20,2,SUCCESS,52020,4uYK1k2AT_itjQodzqdwfA
4828,ArtificialTheory#9641,1746462504682,3,52040,42460,156122,7.666666666666667,0,23,23,4,SUCCESS,52040,aofWAiRzRMKJI7fSL9HNdA
4829,AutomatedFix#1863,1759257274946,3,52041,45602,156125,7.333333333333333,0,21,22,1,SUCCESS,52041,qWMhXI5dRGa-q9MtuLh7AQ
4830,BetaScope#2076,1758388259718,3,52084,36856,156254,6.666666666666667,0,20,20,6,SUCCESS,52084,04pJUyxYQQmFr3vj7cBnHA
4831,PassingConsole#4141,1744878759427,3,52108,49332,156326,5.666666666666667,0,17,17,3,SUCCESS,52108,tUB2qFKoRXm0KEd-VoadVw
4832,CodeSchematic#1981,1751918750592,3,52217,41870,156653,3.6666666666666665,0,11,11,2,SUCCESS,52217,MGykmsFFQUO60xQqBrBw3Q
4833,NishantSahay,1748882906409,3,52226,48397,156678,6.666666666666667,0,20,20,1,SUCCESS,52226,DzZJSw5pSV2IUspZ0w7CXQ
4834,BD0210036,1750401180060,3,52263,45391,156791,7.333333333333333,0,22,22,1,SUCCESS,52263,potsgwZjT0e6ysK4sBirfw
4835,PrimeTable#1989,1745206443980,3,52286,38462,156858,6.666666666666667,0,19,20,2,SUCCESS,52286,RpYVgv-dRnWsHgCh2nXn3Q
4836,HashableTheory#3846,1746374645362,3,52309,37202,156928,7.666666666666667,0,23,23,2,SUCCESS,52309,2xrUTmFHTp--OQNLNbo6vQ
4837,SquareNumber#5635,1740660098969,3,52419,50339,157257,7.333333333333333,0,22,22,1,SUCCESS,52419,7ur0K3HSQz6RYSnSkpBNwg
4838,Eigen,1759156293828,3,52487,37865,157461,3.6666666666666665,0,11,11,1,SUCCESS,52487,hm1AXuk1RYG3YZjZ5NkuMQ
4839,NestedArithmetic#1491,1736382583151,3,52529,44400,157587,7.333333333333333,0,22,22,1,SUCCESS,52529,iRuAhL8bRv2MxkND1vnQbQ
4840,DigitalSandbox#5243,1738628934456,3,52620,52129,157862,4.0,0,12,12,2,SUCCESS,52620,6Inr8ny8R_u_VvbINWmV4w
4841,FiniteLoop#7605,1751375754296,3,52885,47200,158655,8.0,0,24,24,2,SUCCESS,52885,1uV2ppIiRz6Vbj8ckuBHEA
4842,LeetTester#9016,1747509224337,3,52934,42803,158802,7.0,0,21,21,2,SUCCESS,52934,8akOJlo3QLi5M-a3gQg3tg
4843,SquareSemicolon#9892,1739303782080,3,52952,51000,158857,4.333333333333333,0,13,13,1,SUCCESS,52952,lmXlY1wRQvyNpBFFYJ3ocw
4844,ProcessingAttention#1568,1755115233338,3,52975,45923,158926,7.333333333333333,0,22,22,1,SUCCESS,52975,m4PQ2KfSSAmMCEpWpypwDQ
4845,10xSpec#5390,1750212410244,3,53175,49863,159526,3.6666666666666665,0,11,11,1,SUCCESS,53175,y8VLTZFRQ0Ohxiidp2z4Uw
4846,BlockchainZone#1668,1758622957886,3,53265,52997,159797,4.0,0,12,12,2,SUCCESS,53265,SiOgg8D1Q8G1KY8C8q5RVw
4847,TIF-Racing-Royalty,1746722525316,3,53330,36861,159991,8.0,0,24,24,1,SUCCESS,53330,63f32b9701d74a04a2890w
4848,ConnectedNotation#0516,1754112907094,3,53331,26803,159993,7.666666666666667,0,22,23,1,SUCCESS,53331,ruo6me-OQQmk7v6MvSNGIg
4849,AsynchronousFix#5954,1756883708168,3,53354,44264,160064,7.666666666666667,0,23,23,1,SUCCESS,53354,mvYUnrJIQ1iaCZUrV1VpBQ
4850,bb0213028,1750055101393,3,53423,42599,160269,7.0,0,21,21,1,SUCCESS,53423,KvC0LJhxS3GlfCSlCL4vgA
4851,UpdatedBreaker#0388,1746468635576,3,53449,49465,160347,6.666666666666667,0,20,20,1,SUCCESS,53449,T_SXcDM3RySdTny1WsQgxg
4852,AleksanderB,1747724791936,3,53530,37465,160590,6.666666666666667,0,20,20,4,SUCCESS,53530,8ut4E3fgSNKnBG5i3U4FPQ
4853,AbstractBooster#6250,1748076015789,3,53575,45528,160725,3.3333333333333335,0,10,10,2,SUCCESS,53575,tsRDlYA6QgGaIqbFW42LUA
4854,Team2Randy#2025,1745891216870,3,53575,44520,160726,7.666666666666667,0,23,23,1,SUCCESS,53575,Q0fDchYYTom_G2GDDM_8UQ
4855,TIF-AWSome-Racers,1747141980090,3,53617,49532,160853,7.666666666666667,0,23,23,2,SUCCESS,53617,v7tPdEpcSY6jtk-hz5UQnA
4856,HashableCircuit#3902,1743068203448,3,53665,36397,160995,8.0,0,24,24,1,SUCCESS,53665,1A-ucfO-S76rk2pUYGIKZg
4857,CriticalLambda#2412,1736245664943,3,53709,51738,161128,4.333333333333333,0,13,13,1,SUCCESS,53709,z1UYMvxHTTCJqcjLFoHnYA
4858,ntsh#10606,1736397116259,3,53710,49870,161131,6.666666666666667,0,20,20,2,SUCCESS,53710,qNOybKikQ_Wdb8AFfpb2Zg
4859,BooleanSemicolon#0628,1742833840070,3,53774,51857,161324,4.333333333333333,0,13,13,1,SUCCESS,53774,BFWVo5hhSJyYdwXfbuWDpg
4860,franelracer#0694,1736439816490,3,53953,32600,161861,5.666666666666667,0,17,17,2,SUCCESS,53953,JbFHsYK2SJ6iqOncVRlxRg
4861,NTI-G14-EK,1738502148101,3,53957,48197,161871,8.0,0,24,24,1,SUCCESS,53957,Kg0IYAGtRHeVh__TsVpD6g
4862,BC0225054,1750062007710,3,54017,42404,162052,7.0,0,21,21,1,SUCCESS,54017,CSrF6ed8Rs-qo3UDQRI8jg
4863,QualifiedDebugger#9779,1758139012770,3,54042,48199,162126,8.0,0,24,24,1,SUCCESS,54042,QtbfhbheSLm53-KeOULqjA
4864,BooleanOrder#0867,1746808695054,3,54084,52052,162252,4.333333333333333,0,13,13,1,SUCCESS,54084,k7L9BuZXSQGTO_doC0MAiw
4865,NullSystem#3263,1743382495394,3,54085,48259,162257,7.0,0,20,21,2,SUCCESS,54085,XIdiOGTkRc-CfTT60qbJwQ
4866,IterableSequence#1882,1743936256278,3,54086,41460,162259,7.333333333333333,0,22,22,1,SUCCESS,54086,1mua-9VPQ4COgdWdXLgAiQ
4867,CaramujoQuadrupede#0001,1746415310071,3,54152,49863,162457,7.666666666666667,0,23,23,3,SUCCESS,54152,BE3Un5RyRfaOy1Fahp_BxQ
4868,FungibleSwitch#6786,1736538311563,3,54196,52539,162588,7.333333333333333,0,22,22,1,SUCCESS,54196,E-Z6xBs1TjWNMdvRuQO8hw
4869,NTSH#310364,1736394447210,3,54198,53865,162596,4.0,0,12,12,1,SUCCESS,54198,G3S-VswrSkil4LEF2UhTwQ
4870,EsteemedNode#3299,1747106511055,3,54333,47062,162999,4.333333333333333,0,13,13,1,SUCCESS,54333,55GNn-fgSQK9L6eaOweidw
4871,CarlosOliveira-Ctrl-Alt-Win,1758204469777,3,54352,42199,163057,7.333333333333333,0,22,22,5,SUCCESS,54352,5sa8IpfxTwmJ55vFsLK2sQ
4872,InfiniteConsole#3924,1743705830880,3,54354,42605,163063,4.0,0,12,12,1,SUCCESS,54354,YNIJK-iDRfS8v4aIjP5HsA
4873,UpgradedValue#1507,1755541005131,3,54445,34007,163337,7.666666666666667,0,23,23,2,SUCCESS,54445,nKh_PsvsTCGxFDZbMGoBUw
4874,Team17-Suffian,1758457957584,3,54462,47134,163388,7.333333333333333,0,22,22,1,SUCCESS,54462,PhvtgzJ0QACjMFEuiIp6aw
4875,BB0211004,1750061995674,3,54510,45794,163530,7.666666666666667,0,23,23,1,SUCCESS,54510,PPx7E9zDTu2yAy1qtj4MEQ
4876,bb0225241,1750055099386,3,54775,50931,164326,7.666666666666667,0,23,23,1,SUCCESS,54775,nAONP_IZTqycGdcns15YxA
4877,AtomicSwitch#3713,1746761427759,3,54840,32055,164522,8.0,0,24,24,1,SUCCESS,54840,hTeBc9X5SjqtK9KZ1DD-hw
4878,TIF-Fast-Fabulous-#-Fearless,1746787026278,3,54930,46868,164792,8.333333333333334,0,25,25,1,SUCCESS,54930,0uxnkRP0Riql0xxcQA1rBA
4879,LoopingEngineer#1147,1746036684285,3,54931,46065,164793,4.666666666666667,0,14,14,1,SUCCESS,54931,rXtM58qmQxq1n8IZmiwq0A
4880,IterativeValue#6748,1738507298810,3,54974,53067,164924,8.333333333333334,0,25,25,1,SUCCESS,54974,4SnNsNSHSaeiZ4GQfd-N3g
4881,BigUpgrade#6699,1747529434925,3,55109,44268,165328,3.6666666666666665,0,11,11,1,SUCCESS,55109,Fu9lZXolSaeXeE8X3Fl-4Q
4882,DraftNamespace#1909,1747006899387,3,55262,41861,165788,5.666666666666667,0,17,17,2,SUCCESS,55262,NA8wBXrhSlSR3bvglDnBcw
4883,HashableError#8214,1752556298708,3,55265,52932,165796,8.333333333333334,0,25,25,1,SUCCESS,55265,aJ7f0b-MSridMUR9I1PM2Q
4884,ALDM,1758032696037,3,55353,46926,166060,6.333333333333333,0,19,19,1,SUCCESS,55353,jDoJpEd6RfmqD4LlrMMlEg
4885,ReferenceParameter#4288,1746834336466,3,55376,47530,166129,7.333333333333333,0,22,22,5,SUCCESS,55376,CgQJrBfkRDSpAUn1JM_nsA
4886,TIF-Blade-Runner,1744622110348,3,55395,45799,166186,4.666666666666667,0,14,14,2,SUCCESS,55395,QedF-l1BS26aefeSN12Ekg
4887,BD0210012,1750401193754,3,55597,42864,166792,8.333333333333334,0,25,25,1,SUCCESS,55597,IFmfZEeARNmy-DDwMtQ7Eg
4888,AsynchronousZone#8669,1753308974516,3,55643,48337,166929,6.333333333333333,0,19,19,1,SUCCESS,55643,yp-jGIubSCmpfBCha48F4Q
4889,MSEDU-S14,1757048129574,3,55687,34401,167062,7.333333333333333,0,22,22,3,SUCCESS,55687,X1lzkxwNSASyP2zgGtqZqg
4890,IntelligentZone#9541,1747412524206,3,55732,53528,167198,4.333333333333333,0,13,13,1,SUCCESS,55732,5HMxWJbiRPWYQi1b3cH2Pg
4891,UrgentDeadline#0577,1758143073323,3,55929,53863,167788,8.333333333333334,0,25,25,7,SUCCESS,55929,8s3dpIT4RNiSSvqF5je8cA
4892,CreativeVariable#3544,1753488041253,3,56020,48666,168061,4.333333333333333,0,13,13,1,SUCCESS,56020,M-6il9zyQLu_FgN9o2EQDQ
4893,BB0213066,1750055099028,3,56041,50524,168125,8.0,0,24,24,1,SUCCESS,56041,FXS1RkeLRTih4DGsWQXDNw
4894,TestingLoop#2513,1737027295195,3,56111,53399,168335,3.6666666666666665,0,11,11,1,SUCCESS,56111,SPLjdXNeToWSky40pY_38w
4895,AlpeshK-Atos,1747399653887,3,56152,41658,168456,7.666666666666667,0,23,23,2,SUCCESS,56152,zgkzK7vnTc6JhArsePIQaQ
4896,MemoryFormula#1484,1747646313869,3,56198,50668,168594,8.0,0,24,24,1,SUCCESS,56198,pES1WMsHS9qiL8rz5zZ25A
4897,EncryptedBreaker#3192,1745967248157,3,56286,45983,168860,6.0,0,18,18,1,SUCCESS,56286,QAed5PDIQ4irbV9bGfD-5w
4898,AdamRozewicki,1747688887943,3,56396,46393,169189,7.666666666666667,0,23,23,1,SUCCESS,56396,UBqJNc66QO2KPnRDwlbk5w
4899,NullCircuit#3893,1757343271496,3,56488,52472,169466,4.666666666666667,0,14,14,1,SUCCESS,56488,sbSqtcbJQTOT-ml4Ceg_kA
4900,UsableLog#3916,1740660050724,3,56777,49008,170331,8.333333333333334,0,25,25,1,SUCCESS,56777,3DksIAp4TR2FtzcieSPZ-A
4901,VegetaBlue-Andreas,1747811861365,3,56930,53740,170792,6.666666666666667,0,20,20,3,SUCCESS,56930,mwpXJbZ0Ria2uiDJaeOSKw
4902,VNU#BB0210032,1736315905912,3,56972,42329,170918,7.666666666666667,0,23,23,3,SUCCESS,56972,atx9mqJIRmGWiCl9Vm1ILw
4903,Falgun,1747016265578,3,56975,51397,170925,7.0,0,21,21,1,SUCCESS,56975,XPm-78g1TkShYlGEOqeHjQ
4904,FungibleUpgrade#0413,1738479320665,3,57001,50339,171003,8.333333333333334,0,25,25,1,SUCCESS,57001,d5zPSB56RDmzpTNo5UMFjA
4905,QualifiedClass#9567,1746224750542,3,57043,53596,171131,8.666666666666666,0,26,26,1,SUCCESS,57043,d76mtO8UQ6-zkw-WJaJyMg
4906,LeetSpec#0228,1753798416598,3,57153,50934,171461,7.666666666666667,0,23,23,1,SUCCESS,57153,moL_9SbZSgWa6mZY3tzbNw
4907,ComplexClass#2547,1736939790611,3,57154,53330,171464,4.666666666666667,0,14,14,2,SUCCESS,57154,Qp12Tzr-QlmUVOouRTH9GQ
4908,Maverick05,1743703886320,3,57220,52932,171662,4.666666666666667,0,14,14,1,SUCCESS,57220,om9gezJHSrKnvrd-jrhnmw
4909,LeetSchema#9180,1741721201685,3,57287,45065,171861,5.333333333333333,0,16,16,1,SUCCESS,57287,uSlfJB_0TOS7_lM8jgKmxA
4910,Veda2020InfiniteSchema#7060,1738685256246,3,57465,48798,172396,4.666666666666667,0,14,14,3,SUCCESS,57465,y0P9Y9pxSoeY5JCIdHYfog
4911,GenerativeSpec#5154,1757503754803,3,57530,45398,172591,7.666666666666667,0,23,23,1,SUCCESS,57530,MT9Iu3sQRCyXi1DbwxptrA
4912,AbstractPointer#4387,1750869405000,3,57643,52195,172929,5.0,0,15,15,1,SUCCESS,57643,D_n2oI7uRce6xYWo3Utc0g
4913,Livia-IFPI-LABIRAS,1746571843038,3,57709,50931,173128,8.333333333333334,0,24,25,1,SUCCESS,57709,QKk5GnwqRuevHrULiWihyg
4914,BB0225245,1750055115114,3,57731,52265,173194,8.0,0,24,24,1,SUCCESS,57731,DHzDSoVwQHGyW9iYM_JdQg
4915,BrainySchematic#5254,1746468670684,3,57734,36669,173204,8.0,0,24,24,1,SUCCESS,57734,kkl-BI8RQv-mWhk9trocZw
4916,MemoryFunction#3992,1759383979698,3,57863,52256,173591,5.0,0,15,15,1,SUCCESS,57863,1oXlhg9tTkqEYT0SpSEvxA
4917,Kirtan-Vaja,1747005861857,3,57887,38126,173662,7.666666666666667,0,23,23,5,SUCCESS,57887,boUskWXcQsubZkNi7076zg
4918,FocusedShell#4535,1742982877815,3,57929,52064,173788,8.0,0,24,24,1,SUCCESS,57929,CWSqS2gqQyyZHjIZqvvuAg
4919,BrainyBraces#8196,1746044357344,3,58063,48073,174191,8.666666666666666,0,26,26,1,SUCCESS,58063,TqfJlGvxTP2Up7IVFcoVkQ
4920,IterativePackage#6281,1745300201504,3,58182,46875,174546,5.0,0,15,15,1,SUCCESS,58182,B0t7qwGyTVSZqcuQuZgxhg
4921,ProcessingGrid#1271,1741196286381,3,58241,50671,174723,8.333333333333334,0,25,25,1,SUCCESS,58241,1ei6g0mNTV-iDts9DRBkHw
4922,EsteemedTech#2529,1746587445336,3,58264,48729,174792,8.666666666666666,0,26,26,2,SUCCESS,58264,rX1r-B9cT9yajafCJQT2nA
4923,SquareBottleneck#3706,1740676899313,3,58444,55125,175334,8.666666666666666,0,26,26,1,SUCCESS,58444,IHi19vEoSuaT_DSKJ7OFzg
4924,BC0225137,1750061994525,3,58507,49065,175521,8.666666666666666,0,26,26,2,SUCCESS,58507,sI7s7RD3Sri5LL0V2CcoMA
4925,ImmutableDebugger#1966,1749837316355,3,58600,45674,175801,8.333333333333334,0,25,25,3,SUCCESS,58600,32AUvwzXRrC21YepSiubaA
4926,FiniteUpgrade#9196,1744370188559,3,58619,43735,175859,8.666666666666666,0,26,26,2,SUCCESS,58619,a05_m_uzTfyiYQCREuyqmQ
4927,MechanicalDescriptor#1921,1741882686886,3,58709,53194,176128,5.0,0,15,15,1,SUCCESS,58709,oqj5pTmDRKSa3fUiC5VHRQ
4928,SequentialCallback#0009,1738307986646,3,58729,55130,176188,8.666666666666666,0,26,26,1,SUCCESS,58729,JAJ1KxXNR_-AXEpV56ySBQ
4929,Joepcy,1745216958855,3,58732,54267,176196,7.666666666666667,0,23,23,1,SUCCESS,58732,4MbIsBizSqWbN4JZ_YMgvg
4930,PythonFormula#7405,1736851729865,3,58754,53335,176262,5.0,0,15,15,1,SUCCESS,58754,GyC2LI8ASIyRDzYVav7sag
4931,FormulaicNamespace#4653,1749970352989,3,58864,46331,176594,7.333333333333333,0,22,22,2,SUCCESS,58864,HFv4mj38Q4KAy0sq3sIijw
4932,CloudPilots-Ankush,1747919975676,3,58886,48666,176660,8.666666666666666,0,25,26,1,SUCCESS,58886,IyulG3NVRqe55-8lnR4Arg
4933,BC0225108,1750062001031,3,58907,58591,176723,9.0,0,27,27,1,SUCCESS,58907,KZ6kuEyfRn-fdHDAfaWUJQ
4934,RocketSandbox#6254,1738987751499,3,59173,51792,177520,5.333333333333333,0,16,16,1,SUCCESS,59173,ZK-Ena0AR_mPRDjlBK9SAA
4935,CrypticParameter#9595,1747843699835,3,59222,53802,177667,5.333333333333333,0,16,16,1,SUCCESS,59222,ixJURoRETByRThI1dSgqIw
4936,ZoD,1739831582564,3,59421,40330,178263,8.333333333333334,0,25,25,1,SUCCESS,59421,TFtvCas4TRWchrBPMyGh0A
4937,InteractivePointer#5399,1739781963793,3,59421,48800,178265,7.0,0,21,21,1,SUCCESS,59421,7174OM5STi-tKOu29BszBg
4938,CriticalArray#1376,1740018272797,3,59442,57666,178326,5.333333333333333,0,16,16,2,SUCCESS,59442,8WWEsTWGQCe_WqU3QE6qbw
4939,ImmutableConsole#4677,1746979630101,3,59509,57136,178529,5.333333333333333,0,16,16,1,SUCCESS,59509,KFtr1Si1Qa-5H56i-7NE7w
4940,AsynchronousPackage#1816,1740416100424,3,59621,51730,178864,5.333333333333333,0,16,16,1,SUCCESS,59621,MrxQVsRyTImlBv2yVhyTqg
4941,TurboDrive#31,1756824390618,3,59731,48997,179194,8.0,0,24,24,1,SUCCESS,59731,VVoZiYG_RHioLpfo8Xeuhw
4942,heaven2112,1748660685162,3,59751,43389,179254,9.0,0,27,27,1,SUCCESS,59751,_tijy_E0Qzi_Ch0uiq8EFg
4943,AccessibleResource#0170,1755546597617,3,59753,44058,179261,9.0,0,27,27,3,SUCCESS,59753,7juZ0nBbT9m5ddQ5_IEFsQ
4944,TabletString#0736,1747431175416,3,59777,55662,179331,8.666666666666666,0,26,26,11,SUCCESS,59777,4YkcqyUkR_mjf_6AWpxOKQ
4945,FaizanAbid,1747001251389,3,59815,45448,179446,6.0,0,18,18,1,SUCCESS,59815,KS8X0BedSHGAPPuV9uBkSA
4946,lappptoppp,1752248102571,3,59819,48263,179458,9.0,0,27,27,1,SUCCESS,59819,_lsaXlsgSoeg90xHnYB8QQ
4947,ConnectedLog#3954,1758014331382,3,59842,55667,179528,8.666666666666666,0,26,26,1,SUCCESS,59842,lg_Y-r_aSEOVtGErD419BQ
4948,DeepPointer#6485,1747014666585,3,59975,57060,179925,5.333333333333333,0,16,16,1,SUCCESS,59975,ObQLhfl9Q0eY-T3k7ovZ-w
4949,Team24-Nikki,1756699323106,3,60041,52866,180125,8.666666666666666,0,26,26,1,SUCCESS,60041,IRo8v3acTmmG1OhkvPA28w
4950,ImmutableMetaclass#1120,1740660114346,3,60061,54196,180184,9.0,0,27,27,1,SUCCESS,60061,MBZ6fyJbTae9gqf551-SPA
4951,HelenaToompalu,1747661028641,3,60088,53133,180265,5.333333333333333,0,16,16,2,SUCCESS,60088,DIbE6Ho6RXu3PehNttrmxw
4952,FunctionalUpdate#5386,1746804433907,3,60153,45802,180461,7.666666666666667,0,23,23,2,SUCCESS,60153,yjYA39RER9SFERw_62xAuA
4953,BB0225026,1750055105923,3,60153,53594,180461,8.333333333333334,0,25,25,1,SUCCESS,60153,yfClwRqXSuKwNKF64E1_TA
4954,silly,1748660730998,3,60287,52801,180863,9.333333333333334,0,28,28,1,SUCCESS,60287,kqAeMzVYREO3IxuOL2l0Kg
4955,UpgradedClass#9602,1757930778337,3,60311,58465,180933,5.333333333333333,0,16,16,1,SUCCESS,60311,7aGE3XZfTSSS6EI7o_jF3A
4956,technopro#inus,1747674453286,3,60509,53729,181529,5.333333333333333,0,16,16,3,SUCCESS,60509,BjITNG7mS6SXkHQa1ojaeA
4957,dnp-kanno-s8-multi-user,1750653726128,3,60620,57258,181861,5.666666666666667,0,17,17,1,SUCCESS,60620,U6ZCqsMVRBmeNbUIcps5Hg
4958,ntsh#310087,1736394345656,3,60665,51329,181995,7.666666666666667,0,23,23,1,SUCCESS,60665,H5-Dr8jDRhym2yMmTia4sA
4959,cc25-090,1758224498745,3,60686,54995,182060,9.0,0,27,27,1,SUCCESS,60686,5RJR2letQJisnt_TJd0wGQ
4960,LemieleBall#0988,1758763072385,3,60751,53929,182254,5.0,0,15,15,1,SUCCESS,60751,tfHmiJFvQNm664aT1Rna4A
4961,PrimeNetwork#1880,1745220452261,3,60774,55070,182322,5.0,0,15,15,1,SUCCESS,60774,rJ2qYCg8RNepu96nm3l6Ig
4962,RocketObject#9633,1747727821414,3,60828,56595,182485,8.666666666666666,0,26,26,2,SUCCESS,60828,dfRuOuhLQNaaB5g02xwdow
4963,ComplicatedSemicolon#3931,1736441580048,3,60841,53328,182525,5.333333333333333,0,16,16,1,SUCCESS,60841,1IwO12akRvu9XVBrRQVP_g
4964,NumericTag#5771,1757101140412,3,60865,58801,182597,9.333333333333334,0,28,28,1,SUCCESS,60865,RfzkRBn7RyGpDTOJ2YMQag
4965,AbstractTest#3419,1749097442371,3,60888,48268,182666,8.333333333333334,0,25,25,1,SUCCESS,60888,SIMCm1mFT-eTl4I6jF2c3A
4966,ParametricSlice#2037,1740592774770,3,61042,54735,183127,5.333333333333333,0,16,16,1,SUCCESS,61042,xH7QvUGMQ2O0Nu1Na_Xc-A
4967,GlobalString#1653,1746626923473,3,61403,45733,184209,7.666666666666667,0,23,23,3,SUCCESS,61403,j9xDqnmfRp-i5-8HWTGz0g
4968,InfiniteCallback#1425,1747724949227,3,61486,52132,184458,8.666666666666666,0,26,26,2,SUCCESS,61486,i6Su0LaDS3Cx_U_W0edTGw
4969,FuturisticCallback#4572,1737166605233,3,61753,57862,185259,5.666666666666667,0,17,17,2,SUCCESS,61753,7r91e15hQ7y8aojrdcFA7g
4970,LNDeepRacer,1743704826702,3,61820,54462,185460,5.333333333333333,0,16,16,1,SUCCESS,61820,KCAOVjpcTp2tHCqX1gUIxg
4971,lukas,1756800660802,3,61997,54254,185991,7.666666666666667,0,23,23,1,SUCCESS,61997,yHKayOnUQvGOEcm8i1aAUQ
4972,UpdatedByte#1913,1739456007635,3,62018,58322,186055,5.666666666666667,0,17,17,1,SUCCESS,62018,RPil9p_PQq-CmwPScgf7-g
4973,QualityTester#9272,1736301673952,3,62041,53994,186124,9.333333333333334,0,28,28,1,SUCCESS,62041,GYIICtPFRF-4eql0wi5aNA
4974,SquareFix#9190,1746453558181,3,62198,54066,186595,9.333333333333334,0,28,28,2,SUCCESS,62198,XKsNLr3WThq3pi1cwCY1fg
4975,dnp-kitajima-n2-multi-user,1750657915149,3,62262,58399,186788,9.666666666666666,0,29,29,2,SUCCESS,62262,H7221ZjnQMa-Sm2uy6pnHg
4976,Zero-dayAbstraction#5861,1744208240639,3,62329,60257,186988,5.333333333333333,0,16,16,1,SUCCESS,62329,GG5MqqmYRjuAy-IAT2ea3Q
4977,SequentialDeadline#4139,1754918582144,3,62332,58331,186998,5.666666666666667,0,17,17,1,SUCCESS,62332,kM6Cjve8S9aMl4unVVZDNw
4978,ImportantCoder#5430,1746804980530,3,62376,47403,187129,5.666666666666667,0,17,17,1,SUCCESS,62376,Cp_J69c1Te2hN0b9TEVtSA
4979,StructuredToken#7009,1736247163612,3,62377,58332,187132,5.666666666666667,0,17,17,1,SUCCESS,62377,DFFvHLwKSaGXZz-A3QBk4Q
4980,AgileEngineer#8209,1741330569851,3,62420,59394,187260,5.666666666666667,0,17,17,1,SUCCESS,62420,IcUiO8GhQO2udFiuFw03fw
4981,HelpfulTester#7331,1758137445378,3,62445,53068,187335,5.666666666666667,0,17,17,3,SUCCESS,62445,YkLJnt8rQDuikzSEE15TPw
4982,CleanBooster#0714,1749751423371,3,62997,57795,188991,6.0,0,18,18,1,SUCCESS,62997,ggFR2inBSBqHsRAlv_9oVg
4983,FuturisticMetaclass#6754,1746918117052,3,63065,54265,189196,8.666666666666666,0,26,26,12,SUCCESS,63065,PFSQbanlSiixpOS1i5PagQ
4984,VirtualPackage#7684,1744396909255,3,63155,46927,189467,9.0,0,27,27,4,SUCCESS,63155,FyDAcw9nQrW4UvWc8Ezo3w
4985,InteractiveOrder#1876,1738326965549,3,63241,58268,189723,6.0,0,18,18,1,SUCCESS,63241,15Mha9XvQseJlR9_Pa3ZRw
4986,SolvableDiff#9500,1746573275755,3,63241,51671,189725,9.0,0,27,27,1,SUCCESS,63241,LXBc2-qVS_ahLS92QiNz_Q
4987,dr-teacher-10,1738573367319,3,63373,54868,190120,7.666666666666667,0,23,23,1,SUCCESS,63373,9h8jPsY9QFWt4GvAN589uw
4988,NullAttention#1882,1738696065770,3,63377,48537,190133,9.666666666666666,0,29,29,1,SUCCESS,63377,Q0m_88UvQeSgTtEsEqYQwg
4989,FunctionalAnalyst#6551,1746126920677,3,63421,59796,190264,5.666666666666667,0,17,17,1,SUCCESS,63421,7CMpAdQ6TNi0WNSlZIYw4Q
4990,Jayesh-Sonawane,1747834799831,3,63489,52399,190467,9.0,0,27,27,1,SUCCESS,63489,20DkLggeSG-y_UCvU7xdJw
4991,InteractiveVariable#1325,1752705033783,3,63576,56400,190728,9.333333333333334,0,28,28,4,SUCCESS,63576,hwgsM0P9RSOdmcBcMFJVTQ
4992,FuturisticEngineer#7890,1746452164073,3,63819,53330,191459,9.666666666666666,0,29,29,1,SUCCESS,63819,7l-dvzERSgi0YG9-Fp5cwA
4993,NumericObject#9457,1742684321657,3,64043,60199,192130,6.666666666666667,0,20,20,13,SUCCESS,64043,K-cGr6rLQ8KVCUHy9MtJuA
4994,PythonDebugger#7597,1758328827168,3,64064,53127,192192,2.0,0,6,6,1,SUCCESS,64064,t144F7cLSOO-FWxFFdC8Kw
4995,AnonymousUser#bb8626,1746802335900,3,64064,58534,192194,6.0,0,18,18,3,SUCCESS,64064,V6T44fh-QJmLmWxe8LuGJg
4996,UsableError#8718,1736378102592,3,64065,63731,192195,6.0,0,18,18,1,SUCCESS,64065,IxlEB3RARc6duXYuZSMLJw
4997,TestableBraces#3048,1746468650073,3,64068,46671,192204,9.0,0,27,27,1,SUCCESS,64068,eWPw0kxSSUyf-W7o3X2OaA
4998,TheOptimizers#JanardhanReddy,1755687358863,3,64085,54466,192257,5.666666666666667,0,17,17,2,SUCCESS,64085,bV9CM9KCRAqh1F5WVSyoyA
4999,FunctionalVariable#1556,1746544028263,3,64161,54735,192483,7.666666666666667,0,23,23,1,SUCCESS,64161,e1C_yD3iQN-xYqXfp3uLnA
5000,beatrizdantas-IFPB,1746468675967,3,64221,51391,192664,8.333333333333334,0,25,25,1,SUCCESS,64221,1N86hYR-Rca8XHoUMFcwSA
5001,LoopingUpdate#3033,1759488910759,3,64470,42203,193412,10.0,0,30,30,1,SUCCESS,64470,cyYYPkCzRFCU90c4dciNHA
5002,TIF-NitroKnights,1747156210842,3,64561,61084,193683,9.666666666666666,0,29,29,1,SUCCESS,64561,Eh_9cNbsTReAXGzLNizDVA
5003,BC0225125,1750065056195,3,64709,57865,194128,6.0,0,18,18,1,SUCCESS,64709,Cq7NBNNuTm6Eu3X02iiA3w
5004,CleanRequirements#8247,1746723582628,3,64774,55466,194323,9.666666666666666,0,29,29,6,SUCCESS,64774,5ir1oKaPTq-nd8PIbpnS2w
5005,Cometomo#02,1744864123011,3,64798,51726,194394,9.333333333333334,0,28,28,1,SUCCESS,64798,5IzG7uqlRsyORo0XOFSOFg
5006,dr-teacher-15,1738653834164,3,64865,45994,194596,7.333333333333333,0,22,22,1,SUCCESS,64865,oVV-sPJPT9CcCpv_OhKBkA
5007,BB0210068,1750401179691,3,65018,53590,195054,10.0,0,30,30,1,SUCCESS,65018,gCg7qM0BQH-SkQ_A0FtdUw
5008,FiniteDataset#6905,1738731999390,3,65303,54663,195910,9.0,0,27,27,1,SUCCESS,65303,cusI9Xo6RKi2rl5reP8kCg
5009,mbross,1738733524518,3,65351,42790,196055,8.0,0,24,24,1,SUCCESS,65351,S_1QXhpMTE2nf2hRyKWZWw
5010,IntelligentServer#4541,1751501884728,3,65352,55195,196058,10.0,0,30,30,2,SUCCESS,65352,V3uOrqMARqyBQw_8xKMT6g
5011,FunctionalCommand#8975,1748328852868,3,65398,57862,196194,6.333333333333333,0,19,19,1,SUCCESS,65398,yvXnv4r-T4uboXWBL6tOpw
5012,NTI-G20-AYA,1738271385671,3,65448,56207,196346,9.666666666666666,0,29,29,2,SUCCESS,65448,XykZCeWhT-qU3994Xxo8uA
5013,GIST-DeepRacer13,1752901327696,3,65597,54668,196793,8.0,0,24,24,1,SUCCESS,65597,-GnUV5m1Ruyx23ZAIXovZw
5014,InteractiveHacker#8596,1746888057595,3,65618,65264,196855,10.0,0,30,30,6,SUCCESS,65618,dYYA9aScQmCPTN4Uf-jGgg
5015,TIF-Swift-Speedsters,1745776746927,3,65620,58394,196860,9.333333333333334,0,28,28,1,SUCCESS,65620,Qy5DJErCSomhubuJc_1UNg
5016,AccessiblePatch#4068,1747469043160,3,65642,63532,196928,9.333333333333334,0,28,28,5,SUCCESS,65642,3LmD_-MhRzW5xeNyVgfyhA
5017,EncryptedScope#5739,1738846088344,3,65664,65269,196993,10.0,0,30,30,1,SUCCESS,65664,ISITyawVQg-LRn2ffSgKFQ
5018,AgileLine#3024,1746468630436,3,65755,60395,197265,9.0,0,27,27,1,SUCCESS,65755,NSAtkovEQ5CIyGfxSGpEkQ
5019,BB0250040,1750061999812,3,65774,61855,197322,9.666666666666666,0,29,29,1,SUCCESS,65774,XX2GkQ8RSLmMw6-MN3W6dg
5020,ComplexGrid#3291,1744789610776,3,65775,61670,197325,4.0,0,12,12,1,SUCCESS,65775,z1SnAkR2RnuLUepm80iixQ
5021,alastas,1749154059934,3,65886,60196,197659,9.0,0,27,27,1,SUCCESS,65886,WP04tmF9RCWqwQfM0QGRhg
5022,PrimeArgument#7602,1740672029003,3,66315,64269,198945,7.333333333333333,0,22,22,1,SUCCESS,66315,pnwxQQeLT_6GBe7dGfaKjQ
5023,JavaGrid#1405,1752549183985,3,66398,64665,199194,6.333333333333333,0,19,19,1,SUCCESS,66398,kQlj_6-9T-qJUV25lUZrzQ
5024,dnp-kawano-i2-multi-user,1750660898978,3,66420,59332,199261,6.333333333333333,0,19,19,2,SUCCESS,66420,lE9n-BQaSdu9_OC4W_sKPw
5025,AWS-PrabhakarChandrasekaran,1739389896742,3,66509,41198,199528,9.666666666666666,0,29,29,1,SUCCESS,66509,ep_PT2fASc2SM81jqneN0Q
5026,AtomicSpec#0866,1744175055706,3,66529,58663,199588,10.333333333333334,0,31,31,3,SUCCESS,66529,f2b5vjMvQfSaD1u1UXRzZQ
5027,SebastianP,1746530936095,3,66530,61331,199591,10.0,0,30,30,3,SUCCESS,66530,5xo0uf1QSVmYyi9w-vrZOA
5028,AtomicAnalyst#0918,1749427653149,3,66710,59663,200132,9.333333333333334,0,28,28,1,SUCCESS,66710,ATyC8g4LSUWGhe6plA8KVQ
5029,VirtualSequence#2291,1744228211131,3,66928,61461,200786,5.0,0,15,15,1,SUCCESS,66928,8rRJsnLkRv-yU1vRRtYYtg
5030,YermanTuring#IABDPros,1736981046312,3,66930,57792,200791,9.666666666666666,0,29,29,1,SUCCESS,66930,--3XrolBSymWC7pnevxCGw
5031,UsableEnvironment#1613,1745398905748,3,66932,57730,200798,8.666666666666666,0,26,26,1,SUCCESS,66932,0ssGhmbhRQaK7fs34zsclQ
5032,JustinoHenriquedeABezerraUFCG,1746142472761,3,67062,58259,201188,6.666666666666667,0,20,20,1,SUCCESS,67062,5FKh2EANQRi_xNO1yULHIQ
5033,Darkf,1748660792440,3,67246,51070,201738,10.0,0,30,30,1,SUCCESS,67246,vjjeClmzQIKD8hOi2TYb3w
5034,bb0240049,1750055122107,3,67263,58867,201791,10.333333333333334,0,30,31,1,SUCCESS,67263,9zipapkSSo-baRqM3lj9BQ
5035,Geokdeniz#1,1756278950386,3,67285,63656,201857,6.666666666666667,0,20,20,2,SUCCESS,67285,-Otc_ZEkTNaKeuB1_WCqIw
5036,GIST-DeepRacer15,1756360861012,3,67311,64935,201933,10.333333333333334,0,30,31,2,SUCCESS,67311,Fh0CXWCDR9el2fJ3iQ1Mhg
5037,AbstractArchitect#1919,1746127261141,3,67379,67266,202139,10.0,0,30,30,1,SUCCESS,67379,Kq3fTzKGQnCCPI0aKfJ-iA
5038,AI0232230,1750056362965,3,67465,59733,202395,9.333333333333334,0,28,28,1,SUCCESS,67465,niuPcHe-RF6nnL5MbhvVtA
5039,PassingAttention#9855,1739728914314,3,67556,52871,202668,6.666666666666667,0,20,20,1,SUCCESS,67556,oPPNBmYDSdmHOb2g3wk99w
5040,SquareTest#9160,1758663881084,3,67598,63991,202795,6.666666666666667,0,20,20,1,SUCCESS,67598,Foyw-R29TS-T76Tj17tb-w
5041,Reference486#8819,1736496077913,3,67598,54992,202795,10.333333333333334,0,31,31,1,SUCCESS,67598,MSrlwEm3TjWhqPX5fNnkaQ
5042,DraftDelta#7882,1743080048187,3,68175,57331,204526,10.0,0,30,30,10,SUCCESS,68175,I5sp5chzQb6v8e4wvRzpBg
5043,InfiniteModel#7294,1741184396945,3,68308,64803,204925,6.666666666666667,0,20,20,1,SUCCESS,68308,iKbs6SleRkGeMgfrqPJlQg
5044,BB0228107,1750055118919,3,68398,60334,205195,10.333333333333334,0,31,31,2,SUCCESS,68398,RANWCx3cQzCVRdktqB0n2Q
5045,MobileArray#7704,1739489276397,3,68507,62739,205522,6.0,0,18,18,1,SUCCESS,68507,cGyxxZW4RGOBCHcIdJgDHQ
5046,QuickNode#2856,1739781909285,3,68573,40001,205720,10.333333333333334,0,30,31,1,SUCCESS,68573,XlhEpjN4TCGydWUiLWL32g
5047,NINJAedit#1,1755022165733,3,68730,61659,206191,10.333333333333334,0,31,31,1,SUCCESS,68730,C4m2sbZgRzagO1k1v0XEeA
5048,InteractiveGame#6214,1743771204417,3,68930,53591,206791,6.666666666666667,0,20,20,1,SUCCESS,68930,yMmU3TalRQq7FfAoTL4vGA
5049,TabletSchema#8016,1739781914533,3,69040,54525,207122,9.666666666666666,0,29,29,1,SUCCESS,69040,NS8wE1tDQtWLJP_kDrC2IQ
5050,RobertDrygala,1746534233207,3,69464,58072,208393,7.0,0,21,21,1,SUCCESS,69464,loSieSTHQKm4bKcNJrY4-w
5051,NeuralSystem#6268,1744238439298,3,69529,65068,208589,5.666666666666667,0,17,17,2,SUCCESS,69529,N54aFszHR3irIaWrMrXpDA
5052,ntsh#10603,1736392596660,3,69713,58002,209141,8.0,0,24,24,1,SUCCESS,69713,PAkSJc7pRwGxfd_fmxXRpw
5053,ThisParameter#3531,1741193920848,3,69863,54329,209591,6.666666666666667,0,20,20,1,SUCCESS,69863,O9jach7XS7G-WlnVMdTtbw
5054,PythonLine#7661,1755618703909,3,69909,64135,209727,10.0,0,30,30,2,SUCCESS,69909,GwfRxt6lSq-HsaA47zCOtw
5055,EsteemedAttention#2181,1743581568126,3,69952,69602,209858,7.0,0,21,21,1,SUCCESS,69952,tiwQUJ6rTc-x6DzKrne2YQ
5056,BD0210015,1750401188580,3,70086,58798,210260,11.0,0,33,33,1,SUCCESS,70086,Vi29FTB3TCGvedQWeqgbWQ
5057,FocusedSpec#9307,1746468670348,3,70196,40995,210589,9.333333333333334,0,28,28,1,SUCCESS,70196,uV62EFjXRPuE5IyiuWAUUA
5058,ThisSchema#0444,1740676329921,3,70442,64734,211326,11.0,0,33,33,1,SUCCESS,70442,2fmAFhCCQjCZ4_wOwcusJA
5059,ArtificialPackage#8835,1739304043753,3,70487,62596,211463,7.666666666666667,0,23,23,1,SUCCESS,70487,gNSVnFjfSbW4xG4Z2VhdsA
5060,PrototypeShell#5463,1746452204178,3,70550,66055,211651,11.0,0,33,33,1,SUCCESS,70550,0TJPjZaGQ4GIund-4uX7Uw
5061,FuturisticNumber#3683,1736939908658,3,70554,65737,211662,9.0,0,27,27,1,SUCCESS,70554,0U8yF32FS6SzaDE5rEx0Tw
5062,BB0251045,1750055101450,3,70754,68857,212263,7.0,0,21,21,1,SUCCESS,70754,rWCQQ5V2Rp6VnTLyz1Q02w
5063,CleanRequirements#0706,1743705304665,3,70773,59250,212319,7.0,0,21,21,1,SUCCESS,70773,d-yhQdNxT4mTy676iEVAmA
5064,bb0223032,1750055326169,3,70820,64870,212462,7.0,0,21,21,1,SUCCESS,70820,A0g9nwUCSfaJfG9xe62YYA
5065,BB0210104,1750061999960,3,70932,52666,212796,10.333333333333334,0,31,31,1,SUCCESS,70932,viSBQ0k4TUSl9R139AprOg
5066,LuizEmanuelLeiteSimoesUFCG,1746147031769,3,71004,65004,213014,11.0,0,33,33,2,SUCCESS,71004,Les3UysjS3qwhik3k-WsFg
5067,PrimeScript#2088,1746486956500,3,71021,70599,213063,11.0,0,33,33,2,SUCCESS,71021,nk5msCtyTIu3MpRpGL6WZw
5068,RiverRunnersTeam5,1741847566012,3,71153,56399,213461,10.666666666666666,0,32,32,4,SUCCESS,71153,MQgxMnwjRJ-Pc1WwgJyB-g
5069,QualityInterface#8957,1745107039701,3,71220,62794,213660,10.333333333333334,0,31,31,2,SUCCESS,71220,SdUeoqdiSHSNI_V5foHBOQ
5070,Echo1911,1736762964864,3,71511,67466,214535,10.666666666666666,0,32,32,1,SUCCESS,71511,4WgpazINRpS1KD3yKMjkrA
5071,MechanicalShell#5852,1743704345085,3,71531,67270,214594,7.666666666666667,0,23,23,1,SUCCESS,71531,hybdXnfOSVCcTmrZCIlJNQ
5072,MemoryUpgrade#0723,1741340714963,3,71686,69403,215059,7.333333333333333,0,22,22,4,SUCCESS,71686,Lzpu8DbNSJmI5TDIB4wIAg
5073,FormulaicArray#4241,1746000059606,3,71732,64797,215198,7.333333333333333,0,22,22,1,SUCCESS,71732,JWExm_7LSO2UigB1ondZvQ
5074,BD0210013,1750401179785,3,71886,58468,215659,11.333333333333334,0,34,34,1,SUCCESS,71886,0oWBCVeIRMmuEbMdXVWZLw
5075,StarkUFCG,1746231495320,3,71930,66202,215790,11.0,0,33,33,3,SUCCESS,71930,Mlv2zzm7TPuXqXCi5kdUJg
5076,PrevRacingTeam-JoseAdrianodaRocha,1757977727633,3,71974,70070,215924,11.333333333333334,0,34,34,15,SUCCESS,71974,ZMxnIrXbScqdvSXF50v_kg
5077,ConnectedSpec#6653,1736908630004,3,72063,53131,216191,11.333333333333334,0,34,34,1,SUCCESS,72063,gEr6kqzsT3eMNAvRiT7P2g
5078,HashableScope#0682,1742517861418,3,72174,70199,216522,10.333333333333334,0,31,31,1,SUCCESS,72174,oShh-44jR3O1ljQ641vWHw
5079,TestingFormula#5685,1736286956462,3,72218,66796,216655,8.0,0,24,24,1,SUCCESS,72218,bHj8z-guS_2aHjoE7h0mng
5080,jodiaz,1739625374057,3,72395,48389,217186,10.333333333333334,0,31,31,1,SUCCESS,72395,WwJasprRS_KtjGyIFcgxEw
5081,EsteemedMethod#4211,1737927360070,3,72422,57866,217267,7.333333333333333,0,22,22,2,SUCCESS,72422,ZafRE-Q_QLyKy1LH4YEhiA
5082,TabletOrder#6977,1744970466891,3,72487,61465,217463,7.0,0,21,21,1,SUCCESS,72487,MsyKNbTFTwaY4TUNQ9Zk5A
5083,BMK,1751530250716,3,72687,65007,218061,11.333333333333334,0,34,34,4,SUCCESS,72687,282VVjgVTKig30LEiG4S8g
5084,Tutor-S-Miyahara,1757411071914,3,73220,69537,219660,7.666666666666667,0,23,23,1,SUCCESS,73220,DsrNlDWERZS-qas-XSKD1Q
5085,UpdatedExpert#9334,1736987282168,3,73246,64678,219738,7.666666666666667,0,23,23,2,SUCCESS,73246,B8Z7bFtSRyO9JASKo_AF_w
5086,CrypticAttention#0944,1746407676310,3,73510,71602,220531,11.333333333333334,0,34,34,1,SUCCESS,73510,kGSk2xfiTP69MZaNMcPmYQ
5087,TestingDelta#0790,1743703424937,3,73543,69725,220629,7.666666666666667,0,23,23,1,SUCCESS,73543,HjyUUgDBSTGEgKR9CByYNg
5088,ba1210050,1750062014447,3,73642,64723,220928,10.666666666666666,0,32,32,1,SUCCESS,73642,zaV1jRbsQZmUiB_KLtx22w
5089,dsc250820-3-HATTY2,1755688134266,3,73776,69865,221328,11.666666666666666,0,35,35,5,SUCCESS,73776,9KyfFHmxT6aC5QfoyIC3_Q
5090,BetaArray#3538,1736592464408,3,73841,72060,221523,9.333333333333334,0,28,28,1,SUCCESS,73841,8ZOiwe1aT3CSPLlDckgopA
5091,PathingTable#2487,1746230631126,3,73932,70069,221796,7.666666666666667,0,23,23,1,SUCCESS,73932,v5JXEbfhQlyVh_UmDV-MqQ
5092,NumericLoop#2777,1746981113268,3,73953,70067,221861,7.666666666666667,0,23,23,1,SUCCESS,73953,2eIMPOM3TZqeU7DT41GOgg
5093,ntsh#11003,1736394826796,3,74047,68065,222143,10.0,0,30,30,1,SUCCESS,74047,RzljuPf4RVG40kKcJENYoA
5094,NeuralPatch#6874,1736433805213,3,74200,66400,222600,11.333333333333334,0,34,34,1,SUCCESS,74200,c9iR5qdoRJyE9bIT-k7bpw
5095,DraftEnvironment#5316,1741168057217,3,74554,60404,223662,7.666666666666667,0,23,23,1,SUCCESS,74554,ih3lw65sTp6O8qjZFGf4Cg
5096,jy952466#Dal,1746724932840,3,74660,69395,223981,11.0,0,33,33,4,SUCCESS,74660,JpOjMJv1QDmHoJ7-vxbPqQ
5097,Dracer3-CLT1-2025,1752788657740,3,74821,63528,224463,8.0,0,24,24,1,SUCCESS,74821,1LuZ_IBhSOu256z7fguw5Q
5098,UsableCharacter#8383,1756145327646,3,74973,70994,224920,7.666666666666667,0,23,23,1,SUCCESS,74973,CjFJ4E9OTwaTiFZi9xWqFg
5099,HigherArchitect#9962,1755542635980,3,74998,74865,224995,8.0,0,24,24,2,SUCCESS,74998,LsVa-2UATeGd9O8vU2W95w
5100,AccessibleResource#9138,1747232443860,3,75178,74867,225534,8.0,0,24,24,1,SUCCESS,75178,qAELGoV9T8WtC4NGiJJ4iA
5101,ProcessingDelta#6215,1747680835653,3,75221,69402,225663,12.0,0,36,36,2,SUCCESS,75221,SQ5MOJ4OQIybHqiMYWY2TQ
5102,ProgrammingExpert#8610,1746468649929,3,75243,68870,225729,10.0,0,26,30,1,SUCCESS,75243,t5ZLR1iJQ2CI7LTvh8fm2A
5103,MachineValue#0875,1748513818779,3,75266,53132,225798,10.0,0,30,30,1,SUCCESS,75266,mjPVoC5XRXmG4vOAxOZM1A
5104,PrototypeScope#8352,1746452209466,3,75419,63932,226257,12.0,0,36,36,1,SUCCESS,75419,RMFJYCDmRDajI7rX2M99Ng
5105,ruixing#0403,1743705877288,3,75464,74861,226393,8.0,0,24,24,1,SUCCESS,75464,OSnujC0ZT9GNaa7hzDtWag
5106,ComplicatedNode#1669,1757247472388,3,75621,68727,226864,11.333333333333334,0,34,34,1,SUCCESS,75621,be-FSCJ9RK2JbOfFG-4_TQ
5107,ImportantFormula#2367,1736318934330,3,75842,70926,227528,10.333333333333334,0,31,31,2,SUCCESS,75842,K0C5FvOJQ9-0ygWoud-dLg
5108,myungjuho,1748660690334,3,75864,64658,227592,11.0,0,33,33,1,SUCCESS,75864,6h8IbUodRO6-uj1p95dMHA
5109,GenerativeSpec#3248,1736939294937,3,75907,66058,227721,10.0,0,30,30,1,SUCCESS,75907,QT9wTCbZR3aAPSxY6i7z0g
5110,BlockchainConsole#1327,1746233755732,3,75932,72131,227796,8.666666666666666,0,26,26,2,SUCCESS,75932,TuRkHLpDRnG8_sgCAvIemQ
5111,JoaoGustavoBarbosa-IFPB,1746468630293,3,75954,57526,227862,11.333333333333334,0,34,34,1,SUCCESS,75954,LmOt0gUwTCCUiDrYCAR4Lw
5112,ArtificialLog#0678,1744015808094,3,75998,70523,227994,8.0,0,24,24,1,SUCCESS,75998,1gLtuT92TKSFwvR-ru-F6Q
5113,FiniteAbstraction#7389,1746218968527,3,76396,68933,229189,11.333333333333334,0,34,34,2,SUCCESS,76396,M-lpxgqvRXq19d3401CFzw
5114,BD0210029,1750404031080,3,76397,71058,229192,11.0,0,33,33,3,SUCCESS,76397,H5N77c-QTUODayDyjDwVIg
5115,BB0225012,1750061453069,3,76775,67204,230327,11.666666666666666,0,35,35,1,SUCCESS,76775,-VcqQfa5S52B_2jHoovOHA
5116,racer714,1743704307094,3,76933,71393,230801,8.0,0,24,24,1,SUCCESS,76933,-dR9SP8JRcSfb846unb2sQ
5117,trainocate,1745763565018,3,77020,75199,231060,0.3333333333333333,0,1,1,1,SUCCESS,77020,4c63768806074b7e8c5f3Q
5118,PrimeCharacter#7172,1743704761176,3,77065,58393,231195,11.333333333333334,0,34,34,1,SUCCESS,77065,c0f63e0xTXuB4inu0PcxTA
5119,CrypticMetaclass#3111,1755128807796,3,77156,64539,231470,8.333333333333334,0,25,25,1,SUCCESS,77156,ScCu2IR-Q4KlOjHXHP67Lg
5120,FocusedSemicolon#6647,1742677643661,3,77175,70131,231525,8.333333333333334,0,25,25,1,SUCCESS,77175,K8JQ3ihTRZW1PPMUSeBJUA
5121,jamesvocdl,1750762820249,3,77243,73333,231729,11.666666666666666,0,35,35,1,SUCCESS,77243,Hhp8KgBmTmum8hpMwQai7g
5122,TheQueen,1743704079871,3,77313,75736,231939,8.333333333333334,0,25,25,1,SUCCESS,77313,MD-GLnvNQFipt0PZGCWecA
5123,RecursivePointer#2872,1748992359778,3,77574,75390,232722,9.333333333333334,0,28,28,1,SUCCESS,77574,MUT43f0fQByB-8uGkh3k0w
5124,DoudouTheRacer,1740792052872,3,77598,68589,232795,11.666666666666666,0,35,35,1,SUCCESS,77598,Ehk7YHkYQ8C7OFk2QDO9Eg
5125,DoultabadSaiKrishna,1744315176155,3,77600,73671,232801,8.666666666666666,0,26,26,3,SUCCESS,77600,Gjzqc-3OT_69CnJozA75-g
5126,IntelligentBooster#7075,1746475717627,3,77752,74055,233258,10.666666666666666,0,32,32,1,SUCCESS,77752,VKGsqZ2CQgWAPrZTHdTNYA
5127,EsteemedHacker#3694,1748088074162,3,78040,74599,234122,8.666666666666666,0,26,26,1,SUCCESS,78040,v4BZiTN3SpqVGngq3tdXdg
5128,Zero-daySchema#6624,1746560650253,3,78196,76460,234590,8.333333333333334,0,25,25,1,SUCCESS,78196,PtFGqcANRvaWDrufyQjFXw
5129,AutomatedExpression#0092,1739256855675,3,78197,76267,234593,12.333333333333334,0,37,37,1,SUCCESS,78197,QGc6AvfGQnKEZF_TLAmgMw
5130,CompleteHypothesis#8340,1746468651037,3,78220,61733,234660,12.0,0,36,36,1,SUCCESS,78220,icbA2tq1Q_CY7F-DI9Ex1g
5131,AutomatedCallback#2030,1758825318216,3,78220,72856,234660,12.0,0,36,36,1,SUCCESS,78220,ul3EzqgCRUuEY4lI1yRh8w
5132,CyberneticTester#2927,1746468640950,3,78330,65332,234991,12.333333333333334,0,37,37,1,SUCCESS,78330,X6_jTQPmSJ26sbveLIHgnw
5133,PrototypeUpgrade#6014,1746857692705,3,78351,63924,235053,11.666666666666666,0,35,35,7,SUCCESS,78351,MjLt-tdRQUWiqSdZ0P5MyA
5134,BackloggedSwitch#0750,1748509764097,3,78353,65066,235059,12.333333333333334,0,37,37,2,SUCCESS,78353,6lyk74ZTSlOxH3WfsbuSDQ
5135,FocusedObject#5006,1746228282119,3,78374,76664,235122,11.333333333333334,0,34,34,1,SUCCESS,78374,JtA_m1paSda_FsIK3ByMIg
5136,PathingLambda#8560,1745198536284,3,78398,73528,235196,7.666666666666667,0,23,23,7,SUCCESS,78398,_BB_KZ6-R5-laBYm3l4lGg
5137,BigPatch#1023,1746033152267,3,78412,74670,235237,10.666666666666666,0,32,32,1,SUCCESS,78412,mPBvsTFPRcWMC9kVULM2Kg
5138,TestingWorkaround#6516,1753860535412,3,78587,75231,235763,8.666666666666666,0,26,26,1,SUCCESS,78587,lpKr24yfQIykJB1aqWZV8A
5139,BD0210010,1750401179521,3,78843,68396,236531,12.0,0,36,36,1,SUCCESS,78843,xqb6ioANQku6UNqA8t9-Ug
5140,WolfstatsRacing#2,1757751828966,3,79154,75792,237462,12.666666666666666,0,38,38,2,SUCCESS,79154,k5TtExCOQG63Y8cjvluW_Q
5141,WebAttention#7054,1737076939796,3,79330,75859,237991,11.666666666666666,0,35,35,1,SUCCESS,79330,IUyidsJURaOlN7JbgpbmMA
5142,edmarinho,1748368883094,3,79420,72463,238260,12.333333333333334,0,37,37,1,SUCCESS,79420,_4tzswtmQQ66E7eCDFgmpQ
5143,ASCIIDocumentation#8331,1746058821463,3,79445,77466,238337,12.333333333333334,0,37,37,1,SUCCESS,79445,Uz_HjpiSQBGwpqfhcPnWzA
5144,RobotAttention#8063,1758265569912,3,79464,66534,238394,12.333333333333334,0,37,37,1,SUCCESS,79464,wRqKo1NwT0Gw-ZFlzrstmg
5145,10xFormula#2657,1748328778348,3,79562,77530,238687,8.333333333333334,0,25,25,2,SUCCESS,79562,rLcl6-grQCGUx46oyciKrw
5146,VirtualSchematic#3055,1750974693966,3,79709,61203,239127,10.0,0,30,30,2,SUCCESS,79709,6LeMl_tgRmOnmJI7QpcDDg
5147,FocusedComment#1355,1747831448369,3,79730,77674,239192,12.333333333333334,0,37,37,3,SUCCESS,79730,qdHlzimnSbaFiW1pdNVqNw
5148,ArtificialPresentation#1697,1736247925630,3,79752,75927,239256,8.666666666666666,0,26,26,1,SUCCESS,79752,vTgNm340Q2-d_mLx2A9hyg
5149,AlphaLoop#2191,1747827547926,3,79908,75464,239726,9.0,0,27,27,2,SUCCESS,79908,5xeRVxleTB2CN8vi-lc3HA
5150,Gavin-Team9,1756698204865,3,79951,72657,239853,12.333333333333334,0,37,37,1,SUCCESS,79951,wK6wwQ6uQpGH6DiHZB9HgQ
5151,susususuperFCU#11,1745311945409,3,79952,77934,239856,9.333333333333334,0,28,28,1,SUCCESS,79952,NTEMgcb3Q7ODG07n4IzSAg
5152,LeticiaLucenaUFCG,1746146305090,3,80312,68995,240936,12.0,0,36,36,2,SUCCESS,80312,lExuELE6RC6_Ov8ffYSK3Q
5153,UsableAnalyst#5143,1746452137699,3,80466,71865,241399,12.666666666666666,0,38,38,1,SUCCESS,80466,7Dc_JpcCTYqjwY2NMvNm-Q
5154,BB0232419,1750055101579,3,80597,65203,241793,12.666666666666666,0,38,38,1,SUCCESS,80597,mrtWoTHhTu-mKypsMMWXuQ
5155,turnbackdark,1759073265200,3,80841,69398,242525,9.0,0,27,27,1,SUCCESS,80841,DCpZNzcITGOWZw6VQBoAQg
5156,Leo9238,1756799621894,3,80973,80538,242920,13.0,0,39,39,1,SUCCESS,80973,W5lNfHfITjqovQc9_ALUXw
5157,AgileDelta#7708,1746452137361,3,81020,70062,243061,13.0,0,39,39,1,SUCCESS,81020,2Zc-_QH8SVa-zKbFhIwN4Q
5158,FocusedLoop#1404,1740617315281,3,81044,80738,243132,9.0,0,27,27,2,SUCCESS,81044,lksz9E-8QxWCzJEOIM8bew
5159,ParametricEnvironment#2603,1744126456480,3,81264,79330,243794,11.333333333333334,0,34,34,1,SUCCESS,81264,HkK5CcsQSkaJc-A2XiU5IQ
5160,FelipeBrazdaSilvaIFPB,1743860937883,3,81329,66602,243987,12.666666666666666,0,38,38,2,SUCCESS,81329,DzZw38NgQuOCGBmyurC6rQ
5161,ImportantFormula#5920,1747083263798,3,81351,78121,244054,12.666666666666666,0,38,38,1,SUCCESS,81351,bk7cZHCbRZGAB05ssBMBiw
5162,Daniel-The-DareDevil,1756471052111,3,81442,72136,244328,11.666666666666666,0,35,35,1,SUCCESS,81442,BFgImqMyRXOaJswJ0_9SdA
5163,BC0225126,1750062548242,3,81443,75397,244331,13.0,0,39,39,1,SUCCESS,81443,Q0j4u_OsQxSODcrxgX4DQg
5164,devvfCruises#2,1754990486683,3,81487,74066,244462,11.333333333333334,0,34,34,1,SUCCESS,81487,RzQKyQu7TQOTUv2mAzDBww
5165,UrgentLoop#8016,1750178918345,3,81662,79535,244988,12.333333333333334,0,37,37,1,SUCCESS,81662,5aF0YZ2yTq2WSbm9JhT4Kw
5166,AlphaNode#3315,1736237607786,3,81686,76463,245059,9.0,0,27,27,1,SUCCESS,81686,vshRPA5jT96ZM987FgqIHA
5167,TabletPatch#8628,1746228266585,3,81710,69205,245131,12.333333333333334,0,37,37,1,SUCCESS,81710,aQI4jMlzS7K2OUXMu_KyhA
5168,BB0209020,1750059046536,3,81907,60729,245723,9.0,0,27,27,1,SUCCESS,81907,mtpZTIcFRBa9deCRBJyWBw
5169,10xTest#4870,1744968593545,3,82020,69068,246060,12.333333333333334,0,37,37,1,SUCCESS,82020,cZR5zdiFTCSxWZ0jmQYtuw
5170,ShirishaChakka#Speedster,1755420935759,3,82020,74801,246060,12.333333333333334,0,37,37,1,SUCCESS,82020,-T7_0wCxTAqolZogFpwZAA
5171,LeetString#5105,1744968066118,3,82020,74458,246060,9.333333333333334,0,28,28,1,SUCCESS,82020,bTXrmvaNTcSB8w6KeZWwYA
5172,RecursiveArchitect#5238,1747525962629,3,82062,75124,246187,12.333333333333334,0,37,37,1,SUCCESS,82062,6CgXPBmwTUOohTr-FTh0DQ
5173,TechnicalPoint#7421,1739447635759,3,82174,72935,246523,12.666666666666666,0,38,38,1,SUCCESS,82174,9GU7YmQ5QVS-5zeRfQy-jw
5174,AgileNumber#9317,1736212497204,3,82287,73062,246861,12.666666666666666,0,38,38,1,SUCCESS,82287,1w0cSi0VRMmxO4ScE6h8wQ
5175,NestedAnalyst#9520,1743538055300,3,82887,53063,248661,12.333333333333334,0,37,37,1,SUCCESS,82887,V9mp8nSETpuUwGrSw99hXg
5176,Team32-Sara,1756715811168,3,83200,81075,249602,13.333333333333334,0,40,40,3,SUCCESS,83200,HOaRkdEATFqys2AfR5fIyw
5177,AccessibleNotation#7374,1752284474768,3,83375,77670,250127,13.0,0,39,39,1,SUCCESS,83375,K9DrkAgaQMitcW4V_MYN4w
5178,UnboundArray#0912,1751463053261,3,83732,74806,251198,12.666666666666666,0,38,38,1,SUCCESS,83732,C3TzzUUoTei6fyPhksEYHg
5179,Team15-JunKai,1756699299868,3,83818,74726,251456,12.666666666666666,0,38,38,1,SUCCESS,83818,p71wkjtbRmS88dVbjVGYLA
5180,IfCrashDont-MichalisGiagkou,1747896525329,3,83867,80406,251603,12.666666666666666,0,38,38,3,SUCCESS,83867,IkwHW1DLQEO7uthlteNDiQ
5181,HigherNetwork#8528,1746452180502,3,83910,52326,251731,13.0,0,39,39,1,SUCCESS,83910,I4Gjn9p5Sle-uM0Y6kKl3w
5182,ContinuousState#8899,1738326563807,3,84108,74996,252326,12.666666666666666,0,38,38,1,SUCCESS,84108,Xr6SFqfLRBeM9MljgsDfFA
5183,AsynchronousDigit#2394,1749187044391,3,84154,73867,252462,8.0,0,24,24,1,SUCCESS,84154,JqCngkSeRDCKb3yaQurLAA
5184,HMMMM#05,1745305317049,3,84331,68065,252993,13.0,0,39,39,2,SUCCESS,84331,sw5mI1_QTHWu-feOQIGoSQ
5185,BA0250061,1750055099268,3,84643,79065,253930,11.0,0,33,33,1,SUCCESS,84643,lCp-NoiDQBCYM0etX6OdFw
5186,BlockchainByte#5676,1758006054496,3,84709,82733,254127,9.333333333333334,0,28,28,1,SUCCESS,84709,Rc6SoO2HShiunOL76LDthA
5187,CurlyResource#6257,1746468640697,3,84755,73400,254266,12.0,0,33,36,1,SUCCESS,84755,N6JFlG_HSDyFcq-ULuBRSA
5188,GAtrack-GabrielNascimento,1757096155183,3,84824,75402,254474,13.666666666666666,0,41,41,1,SUCCESS,84824,NWnLlz4VT56cl3WCT7_s9A
5189,AlexHo2718,1743384379606,3,84929,77134,254789,13.333333333333334,0,40,40,2,SUCCESS,84929,2QkhYuY8SUSdjqHgqbZPQA
5190,DeepShell#8265,1757441999382,3,85017,77854,255053,13.333333333333334,0,40,40,1,SUCCESS,85017,Azy3SEywQnunhvBDafOQtw
5191,UnboundObject#8877,1744802682652,3,85110,66335,255330,13.333333333333334,0,40,40,1,SUCCESS,85110,Tk-vE33qST-YBNiLZQabvQ
5192,UpgradedEnvironment#9686,1754682146236,3,85531,79801,256595,13.0,0,39,39,1,SUCCESS,85531,VoUbo4XoTEKWi5-uLcWKBA
5193,GammaBooster#4353,1747886800165,3,85776,78132,257330,13.333333333333334,0,40,40,1,SUCCESS,85776,2bY0kOXTTc-QS5NByIjvjQ
5194,SolvableSystem#1724,1756015181540,3,85907,78597,257723,13.333333333333334,0,40,40,1,SUCCESS,85907,EGbGyz_ZSReWfK_hyuKT6w
5195,Racer02,1750685045305,3,85976,79322,257928,10.333333333333334,0,31,31,1,SUCCESS,85976,3uAQ3MUYQV-gaOHFfH8w4g
5196,IvanDaSilvaFilhoUFCG,1746147113904,3,86021,75060,258063,13.0,0,39,39,1,SUCCESS,86021,1K2MwxDOR9OtPCGVsM8b0g
5197,Formula0#1,1757601860202,3,86242,80593,258726,10.0,0,30,30,1,SUCCESS,86242,R_OQ1n_sRhy6sCuN-aUGEQ
5198,MachineArray#3798,1746825726597,3,86243,84264,258729,13.333333333333334,0,40,40,1,SUCCESS,86243,HC8BUHqDQBOyZZo74_nqGQ
5199,BB0209108,1750055099496,3,86286,71541,258860,13.666666666666666,0,41,41,1,SUCCESS,86286,GFzzxxg2RCqwMhZEaP9oFw
5200,VirtualContext#2010,1744803392547,3,86573,80995,259721,8.666666666666666,0,26,26,1,SUCCESS,86573,zYKiyHOETuGGhzlJQ5POGA
5201,CurlyBottleneck#6664,1755193857915,3,86575,81527,259725,10.0,0,30,30,1,SUCCESS,86575,R-SgnJkqSbi6IIfTxx5TlA
5202,NeuralServer#9114,1746452148346,3,86729,75993,260189,14.0,0,42,42,1,SUCCESS,86729,VkPfOfOpQEK-DN1K_v8HIw
5203,AbstractComment#1716,1745877104953,3,86797,86530,260392,14.0,0,42,42,1,SUCCESS,86797,_q8-EIL2RSSldaOtCjn8iQ
5204,AccessibleUpgrade#9259,1746452123307,3,86821,75276,260464,14.0,0,42,42,1,SUCCESS,86821,S59XO6tFQh-0qwcgoGmzxg
5205,CompleteZone#3745,1746125541580,3,86908,83066,260726,13.666666666666666,0,41,41,1,SUCCESS,86908,xqEm8Oi8TumRwOn9gPA1TA
5206,Vaidas,1756799532963,3,87020,79734,261060,12.333333333333334,0,37,37,1,SUCCESS,87020,MTlwdaSnQNqPrDkF7vU8Ow
5207,MoSalahs,1737908148204,3,87091,79739,261275,12.333333333333334,0,37,37,1,SUCCESS,87091,m-0u3d2VRQWhKqgOq9fvdQ
5208,ProvisionalSandbox#7009,1746475733801,3,87108,83269,261324,12.666666666666666,0,38,38,1,SUCCESS,87108,RgWeWKfeSVC_UA522shcQw
5209,QuickPointer#7776,1738265240024,3,87420,81986,262261,14.0,0,42,42,1,SUCCESS,87420,3ElkkN_BSku1mAI_ZvNVbg
5210,MobileArgument#2643,1749945548085,3,87440,85263,262321,10.333333333333334,0,31,31,1,SUCCESS,87440,zvDAuDYOQeGhawDXXhVofg
5211,DeepDrift2025,1738547473159,3,87487,77863,262461,13.666666666666666,0,41,41,2,SUCCESS,87487,_S7Xl3abTSuTKv1zxRVhIA
5212,PassingScript#6909,1739256727118,3,87574,80130,262724,13.333333333333334,0,40,40,1,SUCCESS,87574,mB4d6kEtSh6CFw-2eD7Q-A
5213,ThisSlice#1779,1753267172274,3,87753,78533,263261,13.666666666666666,0,41,41,1,SUCCESS,87753,tSPKD24DT0mKhxaT_83DXA
5214,QuickGame#7308,1746475762134,3,87974,82464,263924,13.333333333333334,0,40,40,1,SUCCESS,87974,wo1WrrE7T6-nn5kEMmZtWg
5215,AtomicMethod#3443,1739747975391,3,88000,80736,264001,10.333333333333334,0,31,31,2,SUCCESS,88000,fsjRJDLHTTa9hAssV6YhBA
5216,Team29-MengW,1756699291029,3,88152,80789,264457,12.333333333333334,0,37,37,1,SUCCESS,88152,6GqXFIJMSb-TewJRoSXk4w
5217,SudeepTheodoreNelaballi,1743376866520,3,88220,75800,264662,10.333333333333334,0,31,31,1,SUCCESS,88220,kKRsURnESUOLOBzyOWl6Cg
5218,Sat-Verstappen#1279,1746982486528,3,88375,81664,265126,12.333333333333334,0,37,37,1,SUCCESS,88375,Bl7Yl7ZDTVm3VMddkS8LuA
5219,InteractivePoint#5184,1740675192714,3,88375,86267,265125,14.333333333333334,0,43,43,1,SUCCESS,88375,ETRESPLcTwWdc1zgFcsJWA
5220,AtomicEngineer#4945,1752284757905,3,88441,77788,265324,14.0,0,42,42,1,SUCCESS,88441,7GwF9SLLSuiE-NQ1ZQJi8g
5221,RobotBrackets#4486,1738086058263,3,88483,84668,265451,12.666666666666666,0,38,38,2,SUCCESS,88483,tZzlSA6YSXaH06GKfqGraQ
5222,ParametricShell#6455,1745878005937,3,88687,83464,266061,14.0,0,42,42,1,SUCCESS,88687,XdjfK6vVQMmu8byoCsIuJg
5223,UpgradedArchitect#8666,1742497481249,3,88709,77794,266127,14.0,0,42,42,1,SUCCESS,88709,nmJVV5X1QY6rKghNrnDoCA
5224,ComplexSystem#0500,1746475727998,3,88757,83072,266273,13.0,0,39,39,1,SUCCESS,88757,CS-xAcELQ2W1fxu_E4Dvbg
5225,AutomatedNumber#3819,1748331308109,3,88818,82190,266454,10.333333333333334,0,31,31,1,SUCCESS,88818,IlApRlH9Skin3do9T-cJug
5226,CompleteAttention#2772,1752186714961,3,88818,79922,266454,13.666666666666666,0,41,41,1,SUCCESS,88818,7MpqZKjlRwK_kx1G19h4Dw
5227,GlobalPresentation#9930,1746487581590,3,89291,85393,267873,13.666666666666666,0,41,41,2,SUCCESS,89291,lHTwTMbBR-aHoYXXcYBH1g
5228,ArtificialDescriptor#4869,1759520453247,3,89309,85594,267927,10.666666666666666,0,32,32,1,SUCCESS,89309,OEZu7FyIRoC7UTErStasQw
5229,5GVisionaries#AkhilaAthinarapu,1755004677135,3,89353,88668,268059,14.0,0,42,42,4,SUCCESS,89353,2F8truSNT7GcHg1T9AqGsw
5230,AutomatedArgument#0091,1758200029011,3,89555,85930,268666,10.666666666666666,0,32,32,1,SUCCESS,89555,WdDHuE3oTdOaKMNHWAwBRQ
5231,FormulaicNumber#5414,1755003872017,3,89583,85883,268750,10.666666666666666,0,32,32,1,SUCCESS,89583,EuPifMM3TQ6jara5S2KNdA
5232,dnp-tanabe-m7-multi-user,1750648757751,3,89597,73593,268791,12.0,0,36,36,1,SUCCESS,89597,CqbMTyPDTUy_BAkcPsPPMQ
5233,JavaBottleneck#8374,1741329557160,3,89885,81460,269655,10.666666666666666,0,32,32,2,SUCCESS,89885,3wQD2Is0QJmKOlK_Ejk-7g
5234,BigObject#1602,1741329513661,3,89914,75403,269744,10.666666666666666,0,32,32,1,SUCCESS,89914,b9eBxIvkR8u9Q2K_fkVFHw
5235,IkeIkeDonDon,1741847601604,3,89932,83727,269796,12.0,0,36,36,1,SUCCESS,89932,DTwfGY59TG6z3qzlmytD5w
5236,TooHotToStop,1743706039150,3,89975,86066,269927,12.0,0,36,36,1,SUCCESS,89975,p7pxDp7wTredy8J4iGADXA
5237,UpdatedModel#7847,1758266837155,3,90115,86204,270346,10.666666666666666,0,32,32,1,SUCCESS,90115,aZLquIMURwa2SSFSQCjOlw
5238,ArthurDeQueirozTBMesquitaUFCG,1746223820681,3,90128,61318,270384,13.333333333333334,0,40,40,1,SUCCESS,90128,9Y2CpBY6R2CHzWdK4gOTww
5239,JavaPatch#1268,1747285286354,3,90176,86127,270529,10.666666666666666,0,32,32,1,SUCCESS,90176,To2WIM0hQ0S2SLTnTaxVXg
5240,dsc250820-3-HATTY,1755683997827,3,90644,83205,271932,14.333333333333334,0,43,43,3,SUCCESS,90644,ahDre8O3QHyfib0gIzYhqQ
5241,MemoryArithmetic#2354,1746475738940,3,90750,83736,272250,13.333333333333334,0,40,40,1,SUCCESS,90750,Se5NAwSqRGi322tWysjZYg
5242,Team21-Gabriel,1758556405771,3,90888,85200,272666,14.0,0,42,42,2,SUCCESS,90888,Z3__WX1zSXWeKDqjSVTlIA
5243,FunctionalSlice#0943,1756825317643,3,90995,75996,272986,13.666666666666666,0,41,41,1,SUCCESS,90995,xsPkUc-5SKSFoS9TU0aNOg
5244,DraftSpec#9834,1746469049931,3,91044,80337,273132,11.0,0,33,33,1,SUCCESS,91044,-26Dlzo8Rv2kd-ropYvE0g
5245,AutomatedPointer#6089,1744969552792,3,91221,85596,273663,11.0,0,33,33,1,SUCCESS,91221,12G426hyQP-Q9CfnNu8Y7A
5246,MetodoVortex-Daniela-Santander,1757705542504,3,91264,80399,273792,11.0,0,33,33,1,SUCCESS,91264,GH9Juv_fTTyOHB9MvzmjtA
5247,YaraManuelaSantosSilveiraUFCG,1746208752310,3,91265,79933,273797,11.0,0,33,33,2,SUCCESS,91265,9w--wlq0S4u0FzqAoWJLRg
5248,IterativeCircuit#4070,1758864996130,3,91353,81124,274061,11.0,0,33,33,1,SUCCESS,91353,ZJZzS_YBTZubCPmbX9ajNw
5249,VariableSwitch#2260,1746487151224,3,91355,86001,274066,11.0,0,33,33,1,SUCCESS,91355,3Lc_I5lYQzyBr5lrXep_xQ
5250,TejaswiReddySiddareddy,1742783779369,3,91397,85800,274193,11.0,0,33,33,1,SUCCESS,91397,ZnWGr-bXTUKn_lw3esVb9Q
5251,LarissaMariaNunesCavalcanteUFCG,1746240909294,3,91399,80734,274198,11.0,0,33,33,2,SUCCESS,91399,noNHdo3-Rjys3ENOLU6r2w
5252,GlobalState#8029,1742207891225,3,91447,86270,274342,11.0,0,33,33,2,SUCCESS,91447,A4pnTcW-TUSdU-JWpukB7w
5253,PathingBrackets#0097,1740349349035,3,91643,86867,274930,11.0,0,33,33,1,SUCCESS,91643,2pjtu96XQBm5vx7pU-PFCg
5254,BetaPatch#0362,1739269659642,3,91690,83132,275071,11.666666666666666,0,35,35,2,SUCCESS,91690,-PZo01fFThep72gkSmyjUg
5255,PythonFix#3440,1747238071184,3,91707,79065,275123,11.333333333333334,0,34,34,1,SUCCESS,91707,ueTBlHqmQvS9MZ6k4Y9wcQ
5256,ParametricSpec#4865,1746870974361,3,91975,82397,275925,14.666666666666666,0,44,44,1,SUCCESS,91975,MJ1x6YGPQnuWKzoU59WqHg
5257,SolvableTester#4565,1745332776175,3,92044,89806,276133,13.333333333333334,0,40,40,1,SUCCESS,92044,iyH6eBCtT3ah57-mgF9qXw
5258,Curly486#1328,1748004527060,3,92088,73331,276265,14.333333333333334,0,43,43,1,SUCCESS,92088,VGXfZ-QKStWEIhMiDOTcaw
5259,AccessibleServer#7530,1736235390416,3,92242,86201,276728,11.0,0,33,33,2,SUCCESS,92242,vARH1bRpTDCxzrTU16W_og
5260,RecursiveMethod#6447,1746475430291,3,92530,88989,277592,13.666666666666666,0,41,41,1,SUCCESS,92530,lW6zEfqwQu6UUttFWme5PQ
5261,UpdatedShell#7325,1738504463961,3,92553,81465,277660,14.0,0,42,42,1,SUCCESS,92553,RMyhSkUhRAOXK2o7oVhEfw
5262,BooleanLog#8073,1743726776903,3,92643,91126,277930,11.333333333333334,0,34,34,1,SUCCESS,92643,yQJPjUY3QyyXkWEFzlKhyA
5263,NathanFerreiraFernandesUFCG,1746231571573,3,92907,90991,278723,11.333333333333334,0,34,34,5,SUCCESS,92907,ulVY5HGPQKKmSwDouzbNxQ
5264,Team25-SeowGimHong,1756699403591,3,93050,80734,279150,11.333333333333334,0,34,34,1,SUCCESS,93050,yXMbldl1TZ-rVCpPAY3MRQ
5265,MSEDU-S4,1746691494907,3,93112,75662,279336,11.333333333333334,0,34,34,1,SUCCESS,93112,IJFlMlnyRKCQz3VTPM0BrA
5266,LoopingLanguage#7410,1739626547492,3,93135,80935,279405,11.333333333333334,0,34,34,1,SUCCESS,93135,BfvQ15GsQHqwTLcQ8V-cjA
5267,FungibleInterface#6676,1752624204125,3,93153,75193,279461,11.333333333333334,0,34,34,1,SUCCESS,93153,w73CRwU3R-eeS6cH7NZqSg
5268,GlobalTest#1075,1736211159221,3,93197,86133,279593,11.333333333333334,0,34,34,1,SUCCESS,93197,T6bMeeoKQUqIb641inbgow
5269,Looping486#8345,1743371812763,3,93197,91064,279592,11.333333333333334,0,34,34,2,SUCCESS,93197,OkYSGu57Q6OcqOrJyKem0A
5270,CyberneticValue#7924,1758806087426,3,93241,86266,279723,11.333333333333334,0,34,34,1,SUCCESS,93241,VEc7JfF4RoGGphHYjARfNQ
5271,IagoMiguelAraujoTorresUFCG,1746232789475,3,93242,91331,279728,11.333333333333334,0,34,34,2,SUCCESS,93242,jf_nu5NESMOMfyQXkXDH9A
5272,ThisAbstraction#0701,1755789780682,3,93288,75943,279864,11.333333333333334,0,34,34,1,SUCCESS,93288,y7br6186RZOJS1RdGW88Ig
5273,GlobalArgument#1217,1750086850651,3,93353,86534,280059,11.333333333333334,0,34,34,2,SUCCESS,93353,rywMOEKkSpePG9QaY_FZdw
5274,IntelligentLambda#0324,1747006190026,3,93353,77665,280060,14.0,0,42,42,2,SUCCESS,93353,ERPtVIB0QlWW86-lDwMe-A
5275,2024coss-final-7,1739681840501,3,93374,81132,280123,11.333333333333334,0,34,34,1,SUCCESS,93374,LFcer_3TSE6Da-OwujMbqg
5276,RAIA,1757314495570,3,93397,77998,280193,11.666666666666666,0,35,35,2,SUCCESS,93397,ZVBFHGoLQC6J9CJJA6F0Tg
5277,ParametricHacker#4757,1746454896093,3,93398,90261,280194,13.666666666666666,0,41,41,2,SUCCESS,93398,_BHiqECDRZCsMtRvlZRQrA
5278,ConnectedHypothesis#7183,1737095798945,3,93932,89997,281797,11.666666666666666,0,35,35,1,SUCCESS,93932,h3pRI1jOR42h74-gTcWrNw
5279,VariableSystem#5593,1746475703560,3,94374,90276,283122,13.666666666666666,0,41,41,1,SUCCESS,94374,94xuzOlzR0CVCpOop5Ju_Q
5280,Quality486#5807,1745233758094,3,94396,85540,283189,11.666666666666666,0,35,35,1,SUCCESS,94396,XbloVVYnR7qitVtyQVVXVQ
5281,FocusedInterface#3618,1751908811013,3,94399,87067,283197,11.333333333333334,0,34,34,1,SUCCESS,94399,3VzrzKxNSAyYcExNX1XwoA
5282,MSEDU-5115,1746690950887,3,94441,80802,283323,11.666666666666666,0,35,35,1,SUCCESS,94441,NcVnLHIETiWKeSwKQ37KBA
5283,trandai#6502,1743702987715,3,94750,81132,284252,11.666666666666666,0,35,35,1,SUCCESS,94750,BniCZYWwTNee1jRsvNWI0A
5284,Joon,1742903304383,3,94753,85668,284259,11.666666666666666,0,35,35,1,SUCCESS,94753,wuEi7TVtTvW7Hq4BgWFj9g
5285,CriticalArithmetic#5787,1739401202901,3,94774,85731,284322,11.666666666666666,0,35,35,1,SUCCESS,94774,MuOZvbXaRKWtxdIX4_-81A
5286,asdzxc123T#7988,1751530167226,3,94841,91603,284524,11.666666666666666,0,35,35,1,SUCCESS,94841,VNks7OpRRHWLOnc5xBTrVA
5287,GammaGame#1485,1743821788960,3,94864,91134,284594,11.666666666666666,0,35,35,2,SUCCESS,94864,8C7uzeDSTUep0I9aJrrYXg
5288,QualityContext#0449,1736545843774,3,94907,91190,284723,11.666666666666666,0,35,35,1,SUCCESS,94907,B9qTJPn2TxG3B1iDTlH2zA
5289,UnboundNode#8350,1755100400262,3,94936,85199,284809,11.666666666666666,0,35,35,1,SUCCESS,94936,FR8jDvtXRdO7DsQ-ejNaBg
5290,ba0213004,1750062277554,3,94952,85799,284857,14.666666666666666,0,44,44,1,SUCCESS,94952,9rDSl7LqRDemRe9Iwk58HA
5291,MechanicalParameter#8487,1739304335047,3,94953,91735,284861,11.666666666666666,0,35,35,1,SUCCESS,94953,_AKlWOcnRL6zySAEszbZoA
5292,DeepEvaluation#9510,1742431919815,3,94974,86067,284923,11.666666666666666,0,35,35,1,SUCCESS,94974,2fnWhGbqQmyCMchnsw80Ag
5293,ThisDocumentation#0617,1736329803389,3,94976,85723,284929,11.666666666666666,0,35,35,1,SUCCESS,94976,_fpkOBNBR9unAMJARlT3ig
5294,CriticalGlyph#8955,1756472839601,3,94998,86725,284994,11.666666666666666,0,35,35,1,SUCCESS,94998,F7-sVRq7TryPjT6RuSxBcg
5295,Grupo5-Benjamin-Keisy,1757782814834,3,94999,86263,284998,11.666666666666666,0,35,35,2,SUCCESS,94999,F9GXcM2cRwqPbtkKs4rNpA
5296,NeuralTag#8451,1744802612381,3,95018,91134,285054,11.666666666666666,0,35,35,1,SUCCESS,95018,3v4ZkDp2Q4afCT1DmBbbLw
5297,DigitalAnalyst#2159,1744319790292,3,95019,85538,285059,11.666666666666666,0,35,35,1,SUCCESS,95019,4TtyvV9MTNypEmBZWtnQmg
5298,UnicodeNotation#9690,1750433184449,3,95044,91664,285132,11.666666666666666,0,35,35,1,SUCCESS,95044,rVWfph3STbeqh93FhDNz-A
5299,DaviBritodeAraujoUFCG,1746160375208,3,95046,90801,285140,11.666666666666666,0,35,35,1,SUCCESS,95046,bompZEqTR_KZkhCaJ407qg
5300,NullState#5380,1746228474258,3,95062,80925,285187,11.666666666666666,0,35,35,1,SUCCESS,95062,_gQN__bUQICSXTijYkdB0Q
5301,FunctionalDelta#0209,1757874732038,3,95063,91458,285191,11.666666666666666,0,35,35,1,SUCCESS,95063,Dn80i2pwTheN3u4entd10w
5302,CurlyToken#3243,1746245256512,3,95107,80986,285322,11.666666666666666,0,35,35,1,SUCCESS,95107,LMK86Rp5RTCxIzXmpvNC6g
5303,ReferenceTag#6768,1751915911893,3,95134,92001,285403,11.666666666666666,0,35,35,1,SUCCESS,95134,KDv9H3m-ToOVQV_B9WmLQg
5304,NadhiaRodriguesdaSilvaUFCG,1746235036826,3,95152,91656,285457,11.666666666666666,0,35,35,3,SUCCESS,95152,XgxGbXYqSjmjCq82vBSBbQ
5305,TestingShell#5685,1746475425144,3,95154,95127,285462,14.0,0,42,42,1,SUCCESS,95154,pH4ILl7jT7COAwlR17mAUg
5306,HigherFunction#3856,1743375466746,3,95175,86529,285527,11.666666666666666,0,35,35,1,SUCCESS,95175,itwvmBjESoa494ugnIfCZw
5307,SuperLossCar,1737637929681,3,95197,85934,285593,11.666666666666666,0,35,35,1,SUCCESS,95197,ryECwJH4QDy5V-_DgZbIzQ
5308,CrypticModel#9278,1743999840439,3,95241,91530,285724,11.666666666666666,0,35,35,2,SUCCESS,95241,9BPpqbELSzqltaCPQYj7iw
5309,PrimeToken#0941,1743713990337,3,95408,91999,286225,11.666666666666666,0,35,35,1,SUCCESS,95408,FdjunMPYSyOq0-1_DVRarg
5310,CriticalPoint#8120,1746453493248,3,95663,82659,286989,15.333333333333334,0,46,46,2,SUCCESS,95663,XLRUjEpcRs2OAJDihFjTVg
5311,MachineArithmetic#0196,1746475795208,3,95730,95596,287192,15.0,0,45,45,1,SUCCESS,95730,DDOIsfdWStinGeyXYR0nZQ
5312,ThisTest#8660,1746475425158,3,95932,93132,287797,14.333333333333334,0,43,43,1,SUCCESS,95932,D4HxE_zyTf6dG5Q0x6Vr3Q
5313,SequentialLine#6173,1753572724812,3,96021,92927,288063,11.666666666666666,0,35,35,2,SUCCESS,96021,k5FQlJQLQPCyUHwo_4WeAQ
5314,ProgrammingSlice#1576,1746164724197,3,96108,88665,288326,15.333333333333334,0,46,46,1,SUCCESS,96108,lIDWrZ60TaGWKqEGevmMjQ
5315,ParametricError#5372,1752168873476,3,96198,94400,288594,15.333333333333334,0,46,46,2,SUCCESS,96198,a93xuFw9SFuFnTj08selPQ
5316,SolvableMachine#6685,1746475537689,3,96288,88940,288864,14.333333333333334,0,43,43,1,SUCCESS,96288,jWT7TifOSGaLYKCqbXIRUQ
5317,UsableArchitect#7762,1752222004148,3,96331,91334,288994,12.0,0,36,36,1,SUCCESS,96331,9LKyxaqtQl-KL0qoJSmcIg
5318,ReferenceNamespace#6032,1754735627682,3,96421,76935,289263,14.666666666666666,0,44,44,1,SUCCESS,96421,4Ot5W6INSrqdsLm8OAkUAg
5319,InfiniteSystem#6586,1740845866099,3,96553,91199,289660,12.0,0,36,36,1,SUCCESS,96553,3s9LjmGcQCWVLcqgV7PP4A
5320,Packer12,1741203993267,3,96553,96127,289660,12.0,0,36,36,1,SUCCESS,96553,Zu_mMvPBQbuS_92fJK1H9Q
5321,FernandoDaSilva,1756801901000,3,96574,96401,289723,12.0,0,36,36,1,SUCCESS,96574,vFChE1lMSRq0BnbA7epGmA
5322,BooleanCoder#1556,1739238625883,3,96576,75196,289729,12.0,0,36,36,1,SUCCESS,96576,N2EbeHDRS6O662LLJoNCMA
5323,NeuralNetwork#8607,1744034604417,3,96597,80271,289791,12.0,0,36,36,1,SUCCESS,96597,0NpOG7dxR_-oZVj4P-Mz3w
5324,DeepTable#8289,1737411139955,3,96731,85993,290194,12.0,0,36,36,1,SUCCESS,96731,nATPNyvkSpme84w5BLgvdQ
5325,Smiley#1,1758051618453,3,96752,85124,290257,12.0,0,36,36,1,SUCCESS,96752,LVy6BJ2yTxeWouV1S2YM1Q
5326,10xEnvironment#8024,1743204100020,3,96775,85797,290326,12.0,0,36,36,2,SUCCESS,96775,SXWmFhdgT6y8afdyfhGZEg
5327,UrgentAbstraction#4228,1743787381050,3,96796,91793,290388,12.0,0,36,36,1,SUCCESS,96796,2p2a8R2yQXWS2XVxUzKpSA
5328,Sawiris#1,1756598999086,3,96796,86591,290390,12.0,0,36,36,1,SUCCESS,96796,TvND62oET8mRvzrI7Ft_lw
5329,TestingAttention#4662,1747036154811,3,96865,91727,290597,12.0,0,36,36,1,SUCCESS,96865,7p6cQyHbTvCRErlHmXhErQ
5330,IterablePatch#9242,1759258553485,3,96908,86537,290726,12.0,0,36,36,1,SUCCESS,96908,Ijy8KcOASr6UfdUUF1XjYA
5331,Zero-dayPoint#1876,1752771415864,3,96994,86666,290984,12.0,0,36,36,1,SUCCESS,96994,kGh2fCmwQXaZViTaM9ThNg
5332,JavaError#2312,1740686649720,3,96996,80721,290988,12.0,0,36,36,1,SUCCESS,96996,Zt50CuBVQtqFhv3HOkKRNg
5333,Team25-SiewWoon,1756700510646,3,96997,91868,290993,12.0,0,36,36,1,SUCCESS,96997,CWHkLNLSTKa1Ft4V5WvstQ
5334,BackloggedTheory#5691,1747140446746,3,96998,86133,290994,12.0,0,36,36,6,SUCCESS,96998,2ikj_QUGReS71CctwG7acQ
5335,BetaParameter#7773,1752605140246,3,97018,86454,291054,12.0,0,36,36,1,SUCCESS,97018,kgj7UyeJRNGXFXywDBSobQ
5336,Allam-Pavan,1742537164155,3,97108,91793,291325,12.0,0,36,36,1,SUCCESS,97108,6Vz7riv7ReKTvIgx2qFtVA
5337,DesktopPresentation#9816,1753284160576,3,97600,93862,292800,15.666666666666666,0,47,47,1,SUCCESS,97600,b817KYppRsqg8Z_F0A5PgA
5338,BetaLog#6370,1742694670529,3,97860,86853,293580,14.0,0,42,42,1,SUCCESS,97860,VS7bbU_WTE21yXHOWIJFvA
5339,Sammy-Prod,1738875087644,3,98110,96068,294331,12.333333333333334,0,37,37,1,SUCCESS,98110,2g_s8ltER9KakaS2TH19wQ
5340,BooleanAttention#0640,1752224268933,3,98196,94257,294590,15.666666666666666,0,47,47,5,SUCCESS,98196,9K3oEr8nRLGREJlz4__PwA
5341,DigitalTable#3080,1749703959998,3,98288,91001,294865,12.333333333333334,0,37,37,1,SUCCESS,98288,cxtGwcrqTjqDDQj6KYh02Q
5342,sparnai,1756810089954,3,98353,91601,295060,12.333333333333334,0,37,37,1,SUCCESS,98353,hmSP3Yy7SBGY439Mgh8I7Q
5343,CrypticBrackets#5265,1757771541050,3,98418,91465,295256,12.333333333333334,0,37,37,1,SUCCESS,98418,q-dr5YCBQiW_yH_htH4ViQ
5344,ThisHypothesis#2364,1743702306164,3,98507,96666,295523,12.333333333333334,0,37,37,1,SUCCESS,98507,2SL3n_qgS3yuiBrAEMIAlw
5345,UnicodeUpdate#0386,1743175362355,3,98510,91876,295531,12.333333333333334,0,37,37,1,SUCCESS,98510,OFrwqsbZTA6SMVuojRnmeQ
5346,NestedDigit#3758,1755873518674,3,98530,91398,295592,12.333333333333334,0,37,37,1,SUCCESS,98530,HiUjveJZRp6VjZjC8Xuq-g
5347,SequentialVariable#1500,1743320030767,3,98576,86195,295728,12.333333333333334,0,37,37,1,SUCCESS,98576,ZTybnk8SQ2WFZ-ADbzLVhQ
5348,lian#9999,1755003362804,3,98618,96852,295855,12.333333333333334,0,37,37,1,SUCCESS,98618,C1RvbXzrT2ysyRF-XaRH6w
5349,ChaitanyaPabboju,1742541057265,3,98619,91672,295858,12.333333333333334,0,37,37,1,SUCCESS,98619,mPY7ael4TWOGUMoiJ0hw3g
5350,Huiliang-Lui-SGCC,1741596339705,3,98776,92061,296328,12.333333333333334,0,37,37,1,SUCCESS,98776,4zhoyKc-S9yNFn3JONx_4A
5351,BB0225235,1750055099563,3,98859,87840,296577,16.0,0,48,48,1,SUCCESS,98859,qm9q-LaTT6CKKWJSPkNtRA
5352,DigitalDiff#6534,1747787449530,3,98998,86855,296994,12.333333333333334,0,37,37,2,SUCCESS,98998,yc4pSQ82TTyvpebaN7rm5w
5353,RobotInterface#8768,1746410020510,3,99020,92930,297061,16.0,0,48,48,1,SUCCESS,99020,ka8IXPB_QCCtjB272-vlHg
5354,PrototypeGlyph#5656,1757930777824,3,99774,95940,299324,12.666666666666666,0,38,38,1,SUCCESS,99774,rseDhFsIQF-gaeEA5BlGaA
5355,FungibleArithmetic#92,1757080854248,3,99843,86138,299531,12.666666666666666,0,38,38,2,SUCCESS,99843,FOHLr9nwTAW_NjP0wwThIA
5356,Hennesracer#1,1756977178353,3,99955,96258,299866,12.666666666666666,0,38,38,2,SUCCESS,99955,dCaqEqOYRGWIoFlhV92Z9Q
5357,bb0225237,1750055104918,3,100041,96325,300124,15.666666666666666,0,46,47,1,SUCCESS,100041,KSlyh_MYSiiIj53CejlOdQ
5358,BackloggedMetaclass#9558,1741081771789,3,100064,96067,300192,12.666666666666666,0,38,38,1,SUCCESS,100064,EwxHueIORwChFIVnrZAooQ
5359,DigitalTester#3287,1743368429431,3,100086,85530,300259,12.666666666666666,0,38,38,1,SUCCESS,100086,4sf6y9x2QPu8z0EM8ppxsQ
5360,HariPriyaNamala,1742927806733,3,100220,91002,300660,12.666666666666666,0,38,38,1,SUCCESS,100220,A5lNPcU9Qnu59XTN-pbSdg
5361,Team-22-JDT4,1756699279104,3,100243,98273,300731,13.333333333333334,0,40,40,1,SUCCESS,100243,ayI0Y28wT066UP8_loxtZA
5362,PedroFernandezLab2,1743586912937,3,100265,96534,300795,12.666666666666666,0,38,38,3,SUCCESS,100265,8eDni9W7QJG4dT7y-OhQeQ
5363,PythonEngineer#6714,1753261370881,3,100375,91195,301127,12.666666666666666,0,38,38,1,SUCCESS,100375,1AwZYI5xQdiDb09cv_LBIw
5364,PathingPatch#0341,1742452352963,3,100441,96735,301324,12.666666666666666,0,38,38,1,SUCCESS,100441,7rOP2pFPRRiXANJNTc8VWw
5365,MachineArithmetic#7413,1756523280340,3,100462,96722,301386,12.666666666666666,0,38,38,1,SUCCESS,100462,oLWZrMcZTHqhi8mjNYzwkQ
5366,IterativeDeadline#9950,1739318113931,3,100466,91869,301399,12.666666666666666,0,38,38,1,SUCCESS,100466,31AHtVKoR_GhsIGTpkYxow
5367,PassingHypothesis#2694,1746452209335,3,100507,93256,301521,16.333333333333332,0,49,49,1,SUCCESS,100507,Ua1PjTq6RuuPXSoAOBAn1w
5368,RobotLambda#0276,1755512197156,3,100531,91865,301594,12.666666666666666,0,38,38,1,SUCCESS,100531,_yJ5ti2bQ9Sh2ZcERQIYCg
5369,UnboundResource#2629,1740561949217,3,100552,92000,301656,12.666666666666666,0,38,38,1,SUCCESS,100552,_Zx1erIbRQGgiizWJVjiyA
5370,ProvisionalAbstraction#1757,1747421171973,3,100618,90932,301855,12.666666666666666,0,38,38,1,SUCCESS,100618,j-Kx1FHhSx-vep3utSXHxg
5371,PrimeContext#2650,1746452148226,3,100641,96868,301923,12.666666666666666,0,38,38,1,SUCCESS,100641,mk0LT4SGR1SF5Mvhjp8JHw
5372,FormulaicTable#3531,1744967595638,3,100643,91594,301930,12.666666666666666,0,38,38,1,SUCCESS,100643,c28oeXOrSYa20geBfYnWAQ
5373,DesktopDataset#9882,1747297490975,3,100661,96861,301984,12.666666666666666,0,38,38,1,SUCCESS,100661,JMMSr-QwT1eb1W3il-Mpwg
5374,DigitalResource#7504,1736912195764,3,100730,80793,302190,12.666666666666666,0,38,38,1,SUCCESS,100730,osSMCVqBTyaiE80sO7Qz5w
5375,FunctionalFix#0123,1743703635267,3,100864,86328,302592,15.666666666666666,0,47,47,1,SUCCESS,100864,anLzoe43Rgu0IjhqrBCn7w
5376,DeepSchematic#2014,1746452123077,3,101596,98734,304789,16.333333333333332,0,49,49,1,SUCCESS,101596,-dlEDQX_QAO91sM31glDfg
5377,DigitalValue#2689,1746321353787,3,101796,95533,305390,13.0,0,39,39,1,SUCCESS,101796,sqUXUJ36QBuSdqu3kh73Rg
5378,UpdatedHypothesis#2431,1745227203141,3,101863,101729,305590,13.0,0,39,39,1,SUCCESS,101863,uNwM3rUaSUGUwVn97zXyRg
5379,AutomatedPointer#3049,1744901453438,3,102096,97128,306289,13.0,0,39,39,1,SUCCESS,102096,hsFs0MeoQZiLbCJ2WBtEqw
5380,TIF-MachineMavericks,1746103720102,3,102130,96720,306392,13.0,0,39,39,1,SUCCESS,102130,_W5Y-ICNSuGKBn7bvv8qzw
5381,PrimeDocumentation#2926,1744966989896,3,102176,96798,306528,13.0,0,39,39,1,SUCCESS,102176,9_mnu4NERbC_JV9SSggO9w
5382,GenerativeScope#2036,1758854702003,3,102196,91520,306589,13.0,0,39,39,1,SUCCESS,102196,piY8SfALQ9GXzpigBiU2og
5383,UsableDebugger#7157,1738722395204,3,102222,101862,306666,13.0,0,39,39,1,SUCCESS,102222,XrxhLfUKTXWeIycrTsMhOA
5384,SquareAbstraction#3276,1741034454511,3,102396,96920,307188,13.0,0,39,39,1,SUCCESS,102396,OEGr0ZXZRkqJb6xNBV1s5Q
5385,Important486#3643,1741314193243,3,102421,91274,307265,13.0,0,39,39,1,SUCCESS,102421,bjOrWmshT4y6L_dw1SnoZw
5386,BD0210025,1750402983631,3,102530,102461,307592,16.0,0,48,48,1,SUCCESS,102530,Ka3IpcM8S4Sv1VHaXXaXqQ
5387,GenerativeAbstraction#4918,1746475717641,3,102730,95394,308190,15.333333333333334,0,46,46,1,SUCCESS,102730,x_QGkrB4TqSYTpcC9lpN1w
5388,Sandeep-Reddy-Doma-Atos,1749114605300,3,102997,97741,308991,16.0,0,48,48,1,SUCCESS,102997,-fkXpF9cTJiP3_UFLf4emw
5389,PRAVE,1757874796666,3,103086,92054,309260,13.0,0,39,39,1,SUCCESS,103086,9mZz7VBySHa35wCpMcWkFg
5390,LoopingServer#0349,1743256985039,3,103286,95461,309859,16.333333333333332,0,49,49,1,SUCCESS,103286,mh0PDfhtT0STvqh1Ucc5gg
5391,BlockchainGlyph#2484,1748137418119,3,103354,103262,310063,13.0,0,39,39,1,SUCCESS,103354,NtQNsZKqRhmKYXI5EENn0Q
5392,AccessibleBraces#8319,1741408564829,3,103422,80133,310266,13.333333333333334,0,40,40,1,SUCCESS,103422,YuhoHmrlQq-vEJaAPRx4Vw
5393,ReferenceParameter#7354,1751395523018,3,103553,96466,310659,13.333333333333334,0,40,40,1,SUCCESS,103553,Tt8BmkqyQEuLRRXENvs_dg
5394,BhavanaBayyapu,1742752341276,3,103553,96660,310660,13.333333333333334,0,40,40,1,SUCCESS,103553,VmdUxbZLTU-yd9uqrJ4pNA
5395,Funiclem,1738934031540,3,103573,98516,310721,13.0,0,39,39,2,SUCCESS,103573,gxdZ7r2oS4-k1Ec1ZZvCnA
5396,UrgentConsole#9187,1736939264930,3,103664,96066,310992,13.333333333333334,0,40,40,1,SUCCESS,103664,HuzrEovlQ8y_W6WYpUFcCg
5397,CriticalTest#1801,1750643308809,3,103685,101800,311056,13.333333333333334,0,40,40,1,SUCCESS,103685,8pb5MuPARrekFrwhb0y-6w
5398,dnp-suzuki-s116-multi-user,1750648018886,3,103827,90933,311481,13.333333333333334,0,40,40,1,SUCCESS,103827,7G8PhzrFQnmPjR50qV8r0Q
5399,CurlyPoint#2204,1740632755984,3,104043,96524,312130,13.333333333333334,0,40,40,1,SUCCESS,104043,FfUhr_MiRFuxUUAviQhiuA
5400,Team6-Nazaren,1757389361353,3,104043,96930,312129,13.333333333333334,0,40,40,1,SUCCESS,104043,i8l7rfhbRjuOyV44HT3-UA
5401,IterativeTable#5989,1751976450912,3,104531,82004,313595,17.0,0,51,51,3,SUCCESS,104531,DhgDkcuKRVS5wg2HhoHULg
5402,GAtrack-AdrianoOliveira,1757371044221,3,105176,83594,315528,17.0,0,51,51,1,SUCCESS,105176,Wj6p1DM1QKWP6Zx6L2kfKw
5403,ComplicatedCommand#5593,1747146304971,3,105185,103332,315555,16.333333333333332,0,49,49,1,SUCCESS,105185,2Pj64XnsTzyJ8c-lv6deeA
5404,FunctionalArray#0179,1739489115133,3,105751,96325,317255,13.666666666666666,0,41,41,2,SUCCESS,105751,9_gJHzeeSSKukpYt-9lFlw
5405,VirtualArithmetic#4700,1746767830019,3,105775,102136,317327,13.666666666666666,0,41,41,1,SUCCESS,105775,Ly9-vM83RpCILB7F4Oy5hQ
5406,FranciscoCristovaoUFCG,1746145655436,3,105821,97003,317463,13.666666666666666,0,41,41,1,SUCCESS,105821,LBP1jCFeRJ-uZ07xZyPDAw
5407,ContinuousModel#3433,1742889649174,3,105885,91661,317655,13.666666666666666,0,41,41,1,SUCCESS,105885,xoBrHxOJTJGOBxuXQ5G7_g
5408,Andres-dot-NZ,1738545447233,3,105928,90935,317784,16.666666666666668,0,50,50,1,SUCCESS,105928,udQBR4tpSe2TBS3V_Z_YqA
5409,dnp-nishida-n3-multi-user,1750648170521,3,106087,89329,318263,15.333333333333334,0,46,46,1,SUCCESS,106087,wEfobTuuSf2YHbb_KN1lgg
5410,ImmutableNetwork#8473,1757835060939,3,106264,96937,318792,13.666666666666666,0,41,41,1,SUCCESS,106264,EVq7MWOHT-qQOXIjQQpD7A
5411,StructuredDiff#6654,1743151946182,3,106649,102872,319948,13.666666666666666,0,41,41,1,SUCCESS,106649,lK1VcuR_QT-kiAXJlzFyaw
5412,FormulaicSpec#9247,1746813969746,3,107463,97737,322390,17.666666666666668,0,53,53,1,SUCCESS,107463,uT3n9XlSQuugHMabWMHgWQ
5413,ReferenceTheory#9875,1740975848558,3,107885,98394,323657,17.666666666666668,0,53,53,1,SUCCESS,107885,ooYbe0WDQaymHbeIW2LoUg
5414,Mirae2-3,1749704473195,3,109086,100401,327260,12.333333333333334,0,37,37,1,SUCCESS,109086,axwz9fORTY6Ew1QM-3sAgw
5415,FunctionalObject#4961,1746475733691,3,109089,99934,327268,16.666666666666668,0,50,50,1,SUCCESS,109089,_0f9Rp4ISjOMY9DXZnOrsg
5416,EmillyCristinedeAraujoSilvaUFCG,1746219236325,3,109151,101873,327453,14.333333333333334,0,43,43,1,SUCCESS,109151,trYefz8TTpSmPBv5CdDu9g
5417,ArtificialDescriptor#6145,1736813283904,3,109374,100325,328123,17.666666666666668,0,53,53,1,SUCCESS,109374,57dVo9hkSMKFDC6sbeFKug
5418,DraftExpression#9222,1746452164058,3,109446,98071,328338,13.0,0,39,39,1,SUCCESS,109446,9WkF-wwCRwet0qBiRNH48w
5419,JayOaks,1752798959912,3,109672,98800,329017,18.0,0,54,54,1,SUCCESS,109672,v4vCENubRyi2p5PGxA6CeQ
5420,EncryptedByte#7055,1746452174217,3,109818,103937,329454,18.0,0,54,54,1,SUCCESS,109818,YBfv1PVuQgGvfa18TFn3Kw
5421,EmmanuelMessiasRodriguesDeLiraUFCG,1746227505319,3,109928,102065,329785,14.333333333333334,0,43,43,1,SUCCESS,109928,Ia3UFt6RS0KquiyAesQYPQ
5422,QualityMachine#1519,1748228152024,3,110144,108204,330432,14.333333333333334,0,43,43,1,SUCCESS,110144,231dzwQpRk6BBNq4hWMl2Q
5423,UnicodeCircuit#2675,1738579033181,3,110908,92456,332724,18.333333333333332,0,55,55,1,SUCCESS,110908,bbVsVeg-Qwag2UOntdv1yw
5424,Team25-LiangYuan,1756711112873,3,111197,104533,333593,13.0,0,39,39,2,SUCCESS,111197,a_AblLXUQ8O6idhLzD5tjA
5425,TIF-Supersonic-Queens,1746456220920,3,111753,100664,335259,12.0,0,36,36,1,SUCCESS,111753,-tV_CPPDRjydYKmXGOaeBw
5426,ProvisionalGlyph#0254,1741189946566,3,111998,108994,335996,13.666666666666666,0,41,41,1,SUCCESS,111998,-91rXNwlQiuHUPaqAqX_aA
5427,BackloggedContext#9632,1747018413332,3,112064,105791,336193,16.666666666666668,0,50,50,2,SUCCESS,112064,vpI9bv08S0iZ-S09ar5ENA
5428,UnboundByte#2744,1759258648448,3,112442,94527,337327,18.333333333333332,0,55,55,1,SUCCESS,112442,8uap08IrQJukEMQo5TOTGA
5429,UrgentDescriptor#7911,1746475437836,3,112776,105197,338328,17.333333333333332,0,52,52,1,SUCCESS,112776,_iH-y_jYRniitig4z7exhw
5430,AutomatedEvaluation#7246,1740163664178,3,113649,73348,340947,16.0,0,48,48,1,SUCCESS,113649,mThWFf2PT_C5pSH-ylsSpg
5431,GenerativeZone#1674,1746067099415,3,113775,104670,341327,15.666666666666666,0,47,47,2,SUCCESS,113775,6-6Y1WJ5Q-W-73vynFliYQ
5432,Alexander-Z,1749084641489,3,114687,107129,344063,18.333333333333332,0,55,55,1,SUCCESS,114687,yJ1RnDDzTJqBF1rm4LaO0A
5433,SequentialVariable#4631,1742791052948,3,116398,114328,349195,15.333333333333334,0,46,46,1,SUCCESS,116398,6a-GTh4qTvShd4Kyk9i0-Q
5434,UnboundExpression#6929,1746452137813,3,117314,110408,351944,19.333333333333332,0,58,58,1,SUCCESS,117314,P3NiWw5GSWSnr2xHGMH0JQ
5435,anjimin,1756858459573,3,118109,107926,354327,16.333333333333332,0,49,49,1,SUCCESS,118109,SrcjvZZuTiekjhkprH2VvA
5436,JoaoSoares-Unifacisa,1746452113381,3,118951,106598,356853,19.333333333333332,0,58,58,1,SUCCESS,118951,wg2zJH6cRVKiLZqfZA_iuw
5437,CSR,1757487130194,3,118968,105332,356906,16.666666666666668,0,50,50,1,SUCCESS,118968,qKcYuUN8S76CcjPPOdMJtw
5438,Pandemonium--,1741084894038,3,119152,98263,357457,19.666666666666668,0,59,59,1,SUCCESS,119152,__IVAsG2QEC7Q1hEIHGjhg
5439,IntelligentArithmetic#8776,1746475728101,3,119975,116327,359925,18.666666666666668,0,56,56,1,SUCCESS,119975,PMikzpfZQVWRZr0nVQ0YXg
5440,CodeSchematic#8972,1746452460147,3,120462,104457,361386,20.0,0,60,60,1,SUCCESS,120462,aVB_fwowRfGrmkP5cAxkgg
5441,CodeArithmetic#0610,1737049018831,3,120563,105822,361690,19.666666666666668,0,59,59,1,SUCCESS,120563,T1gaqRqdQ2iSvAHp0h5zlQ
5442,FunctionalTech#7529,1747067883698,3,121152,118201,363458,16.666666666666668,0,50,50,2,SUCCESS,121152,FV-s4BK1Rt-q5u2u_Wmfrg
5443,Team27-Joyce,1756699893173,3,123110,120197,369332,16.333333333333332,0,49,49,1,SUCCESS,123110,XnJbeCktSCOWmqnrKqUQ8Q
5444,ContinuousContext#9340,1750287851169,3,123886,116926,371660,20.333333333333332,0,61,61,1,SUCCESS,123886,Ix-AES1uSoWzgtQnKscb2A
5445,PassingFormula#7928,1738649406059,3,124019,100123,372058,17.333333333333332,0,52,52,1,SUCCESS,124019,6VGBpLN0QOWFEsD85oKWjw
5446,AWS-Sukant,1739999806681,3,125463,107525,376391,20.333333333333332,0,61,61,1,SUCCESS,125463,xb3lfLbFSb2GcTBWImyzaw
5447,FastNimbus-FelipeGoulart,1758847399009,3,125952,111138,377856,20.666666666666668,0,62,62,1,SUCCESS,125952,hjr0gBgoRd6i4kXXXxVO7g
5448,ASCIISpec#2082,1740263677891,3,126373,118998,379121,20.333333333333332,0,61,61,1,SUCCESS,126373,wMwxtR7bQK6NVyGQi5UKoQ
5449,NeuralValue#2548,1742971091209,3,128043,123870,384131,20.666666666666668,0,62,62,2,SUCCESS,128043,5rvPjZUySzqGsH3iCO97NQ
5450,Subnetangel,1747932002098,3,128554,120398,385663,21.333333333333332,0,64,64,1,SUCCESS,128554,dadbb019effb46b597f28Q
5451,FocusedBreaker#5900,1744766695206,3,129642,127667,388928,20.333333333333332,0,61,61,1,SUCCESS,129642,3T1FqrcVQu2hDVMFZaLD3A
5452,EncryptedConsole#0262,1740158946222,3,129773,119460,389319,21.0,0,63,63,4,SUCCESS,129773,Sj0I2sDTRiq5VoTkm-F1Cw
5453,CurlyVariable#1913,1758427937327,3,131264,129202,393794,18.333333333333332,0,55,55,1,SUCCESS,131264,fUxFYQNoSVWg9mdruxUAEw
5454,BolinhoFofo,1758981784635,3,132198,125264,396596,19.333333333333332,0,58,58,1,SUCCESS,132198,-6JHz0KfTKumeLysGya-5Q
5455,TimurAltunbasEviden,1747649915341,3,132374,112791,397124,20.666666666666668,0,62,62,1,SUCCESS,132374,Xqp8Pb3NRC-o4bUyCFEcBQ
5456,EsteemedState#8878,1746468645877,3,132889,120275,398669,21.333333333333332,0,63,64,1,SUCCESS,132889,e04VX7eWQq2-UWzSuhX6Jg
5457,NullSemicolon#0795,1750254810833,3,133046,129669,399138,21.666666666666668,0,65,65,1,SUCCESS,133046,rYM5SLR5TB2_wj76unsvtQ
5458,FuturisticTest#9563,1746468671474,3,133177,127333,399532,22.0,0,66,66,1,SUCCESS,133177,wZKgP_CdQWuwh3sFaxmVUQ
5459,UpgradedError#2514,1746475709004,3,133819,128788,401457,21.0,0,63,63,1,SUCCESS,133819,QR62oNhMTu2sgjJx99INtg
5460,GlobalEngineer#6855,1746475738345,3,135218,132938,405656,21.333333333333332,0,64,64,1,SUCCESS,135218,GHnx_gE4SE2BUcLctKWBCA
5461,10xDebugger#7032,1743111192369,3,139599,132803,418799,20.333333333333332,0,61,61,1,SUCCESS,139599,ai7SAKSQQ4Oeq2wdGdJkUg
5462,Bri-Blue-Sea,1752269825994,3,140331,122137,420995,23.333333333333332,0,70,70,1,SUCCESS,140331,RLAzM0XfSWqSTVmelSv-rg
5463,arracheur2bitume,1738947404559,3,142174,133071,426523,23.666666666666668,0,71,71,1,SUCCESS,142174,XZC53n4JRd2xyQZuZQMcnw
5464,Sakthisharan29,1746914037759,3,144267,111600,432801,23.0,0,69,69,3,SUCCESS,144267,hDLk9wEISe2AGxNBMinsZA
5465,GXR-DEBORA,1757452521022,3,147353,140269,442059,21.333333333333332,0,64,64,1,SUCCESS,147353,cu1HYwqQR9e9bGQ6soR3_w
5466,IntelligentFix#4944,1747820662560,3,150863,126665,452591,20.666666666666668,0,62,62,1,SUCCESS,150863,Xu_h_vTPTNWvNtkPQHrhvw
5467,bb0227001,1750062005305,3,157620,148335,472860,26.666666666666668,0,80,80,1,SUCCESS,157620,po3mzNcVSDWW4vto1WgcSw
5468,porche91109,1751576091638,3,168441,164463,505325,28.666666666666668,0,86,86,2,SUCCESS,168441,pAlWMi_hQc6bATO_Artk4Q
5469,CriticalAnalysis#3613,1746452158805,3,169109,137259,507329,28.666666666666668,0,86,86,1,SUCCESS,169109,fP3vjaUgQOOQe7hoSQkOuQ
5470,Team5-Sihan,1756699933738,3,172552,160051,517656,29.333333333333332,0,88,88,1,SUCCESS,172552,fWzzwecLTUyhImmntvEDbw
5471,UsableFix#0447,1746452117708,3,174463,164797,523391,29.666666666666668,0,89,89,1,SUCCESS,174463,FINbm6bPSEm2AurxEvCRzw
5472,BrainyPackage#2180,1746452111216,3,177019,160261,531059,30.0,0,90,90,1,SUCCESS,177019,GoWSJgzwRhaFIakDSRKJlA
5473,Team3-CKChin,1756699281971,3,190760,176003,572282,32.666666666666664,0,98,98,1,SUCCESS,190760,GvNc9K0sQqOLr7akl7evMA
5474,10xLine#6708,1746475748559,3,193579,190337,580739,31.666666666666668,0,95,95,1,SUCCESS,193579,hh92B1nzQoqiOu88nEWaiQ
5475,DesktopString#4535,1749314370185,3,194197,189128,582591,31.0,0,93,93,1,SUCCESS,194197,oGDG-9h9Rou2wZ8c-IWvgw
5476,ASCIITag#3719,1746452169189,3,194315,176209,582945,33.333333333333336,0,100,100,1,SUCCESS,194315,dmhgGbKnQxmFRBA1xJWLwg
5477,Zero-dayUpgrade#7405,1746452127945,3,201672,184745,605016,34.333333333333336,0,103,103,1,SUCCESS,201672,-1YazEGNTIiCpS95klEGhA
5478,PythonCharacter#5729,1740658163449,3,209712,190667,629138,14.666666666666666,0,44,44,1,SUCCESS,209712,W6G8Qc6tQ6SRpYxao5H5oA
5479,LeetSpec#2837,1738177160498,3,212996,186802,638990,36.666666666666664,0,110,110,1,SUCCESS,212996,N19QBTeVT1Cn6QFhknyDJw
5480,CrypticSchematic#7900,1752284474619,3,216909,211263,650729,37.0,0,111,111,1,SUCCESS,216909,Q089IesVTq-sdYus6JDPfg
5481,RobotDeadline#1125,1752558857020,3,228975,226802,686927,39.333333333333336,0,118,118,1,SUCCESS,228975,AZQeNBrASCyZMu4SiGQFPA
5482,CompleteTag#7989,1739816404323,3,229174,226662,687522,36.333333333333336,0,109,109,2,SUCCESS,229174,MiZW8sDHQYGz6I3L4fc3vg
5483,MSEDU-016,1738741040321,3,266794,254652,800384,44.333333333333336,0,133,133,1,SUCCESS,266794,T9uPXxfKQc6yLypIvwIA8A
