Alias,SubmissionTime,LapCount,AvgLapTime,BestLapTime,TotalLapTime,AvgResets,CollisionCount,OffTrackCount,ResetCount,SubmissionCount,Rank,LeaderboardSubmissionStatusType,RankingScore,RacingDivision,UserId
MUDR-MODEL,1631219959869,3,21822,20465,65468,0.0,0,0,0,22,1,SUCCESS,65468,OPEN,Gx2StgEoSza3Gxxo4Oghug
Bandwidth-RnD,1630468960230,3,23375,21125,70127,0.6666666666666666,0,2,2,6,2,SUCCESS,70127,OPEN,77V1kp1kRJCO5D4zgSrqxA
CGS-BigBoson,1630481616506,3,24955,24611,74866,0.0,0,0,0,163,3,SUCCESS,74866,OPEN,U1DMLV72SSmIjLE-fPGbuw
JPMC-HYD-Crusaders,1630497555436,3,26444,25136,79333,0.3333333333333333,0,1,1,43,4,SUCCESS,79333,OPEN,V0qPcq3FQhyn3gy0ysuUHw
HelpfulParameter#4412,1630520819136,3,28102,28068,84307,2.0,0,6,6,4,5,SUCCESS,84307,OPEN,eKbtti16Ria56C2pHUoIYQ
Michael-Ip,1630954020396,3,28244,28143,84734,0.0,0,0,0,64,6,SUCCESS,84734,OPEN,jX6MOpKUQ3i2sRBCHWcAbw
Robomon,1630775723317,3,28324,27386,84973,0.6666666666666666,0,2,2,48,7,SUCCESS,84973,OPEN,9-gHhYn6T_KJjCTZQ0kLFQ
Wingism,1631084588993,3,29198,28068,87594,1.3333333333333333,0,4,4,9,8,SUCCESS,87594,OPEN,Spey2yUETeKA1doS2t-McQ
Jossaq,1631024561694,3,31016,30532,93050,0.0,0,0,0,4,9,SUCCESS,93050,OPEN,xLN1X9gWTT6FcDYYcsZxCw
MechanicalLoop#0533,1630585254413,3,31158,26195,93476,2.3333333333333335,0,7,7,1,10,SUCCESS,93476,OPEN,vMwjzN7WSQiibPfeVlxozw
VirtualDiff#9808,1630534147424,3,31177,29859,93531,0.3333333333333333,0,1,1,2,11,SUCCESS,93531,OPEN,f6ebtflWTo2a89eoPE2yRw
Hernito,1630784159925,3,31520,30569,94560,1.3333333333333333,0,4,4,72,12,SUCCESS,94560,OPEN,gCJhu_w5R8OqqMjY-MMqOQ
RobotCharacter#2969,1630859428755,3,31586,31472,94758,0.0,0,0,0,2,13,SUCCESS,94758,OPEN,mOYnTeKUQy24M7R1ds5uBA
SideWinder-Jarvan,1631219086644,3,31909,28865,95727,2.6666666666666665,0,8,8,2,14,SUCCESS,95727,OPEN,1Ajjs0XJQSufG62MdUqziA
EBM-UniRacer,1630495556700,3,32336,30724,97008,0.6666666666666666,0,2,2,1,15,SUCCESS,97008,OPEN,MzirWvcjQpW_B88SD-776Q
ConnectedSpec#3247,1630618445825,3,32440,30994,97321,1.3333333333333333,0,4,4,4,16,SUCCESS,97321,OPEN,nBQyqM_eQiiHLhqTgp7tsg
DeepRacer02,1630475168313,3,32558,30125,97676,0.6666666666666666,0,2,2,8,17,SUCCESS,97676,OPEN,YYT8Cpu9TSOuIFRHbfxvtw
LazyBoy,1631152536254,3,32690,32132,98071,0.0,0,0,0,79,18,SUCCESS,98071,OPEN,xttCfgMHR7izTG_sLwV-5w
Pokemon,1631255236616,3,32718,30346,98155,2.6666666666666665,0,8,8,36,19,SUCCESS,98155,OPEN,DeTroEB_SruDr_-obvTVjw
xin,1630936399207,3,33050,31604,99150,0.3333333333333333,0,1,1,21,20,SUCCESS,99150,OPEN,5PX3NTRUQaqk8fFjVMg4fg
JPMC-PANDAS-Mumbai,1631241228469,3,33268,27813,99806,4.333333333333333,0,13,13,21,21,SUCCESS,99806,OPEN,ZCj8B6bLQXe3PHdAV99vKw
Hyd-06,1630479075219,3,33459,29132,100377,3.0,0,9,9,8,22,SUCCESS,100377,OPEN,u5StnMv9QNmxDwE06MKSbA
Sesame,1630539791566,3,34243,24863,102731,5.0,0,15,15,29,23,SUCCESS,102731,OPEN,FfDk6O3eSJqhbIAiznZqTA
Hyd-07,1631192721735,3,34487,29780,103462,2.3333333333333335,0,7,7,55,24,SUCCESS,103462,OPEN,6jJ_fiuUQb2PZXOGkr3V7g
lmc,1630943483565,3,34541,34141,103624,1.0,0,3,3,9,25,SUCCESS,103624,OPEN,YYUwhAvNSX6AAJl1QlstAQ
CGS-1st-percentile,1630455210413,3,34646,30731,103938,1.0,0,3,3,1,26,SUCCESS,103938,OPEN,bO07gKagTNOeBrl6ttqy0Q
CleanNetwork#6240,1630938696443,3,34646,34528,103938,3.0,0,9,9,20,27,SUCCESS,103938,OPEN,VShcQp7uR8i3Jpl0CREH6g
IlseRacer,1631120049554,3,34925,30528,104777,1.3333333333333333,0,4,4,3,28,SUCCESS,104777,OPEN,BVtTuHTdSnu8D2T2fAr4gw
JPMC-London-06,1630778321771,3,34933,33201,104801,1.3333333333333333,0,4,4,17,29,SUCCESS,104801,OPEN,iYLTZyzKQ--9KmFjlHv2Bw
LeoVim,1630476340722,3,34971,30582,104913,2.3333333333333335,0,7,7,3,30,SUCCESS,104913,OPEN,-vr0ppK9Sei4dXrz_iibXw
Aniket10,1630466424332,3,35134,34743,105404,0.0,0,0,0,1,31,SUCCESS,105404,OPEN,DDrXrwRtTCqOws9Ozvqq3A
GenerativeExpression#6118,1631240426151,3,35404,34129,106214,4.333333333333333,0,13,13,1,32,SUCCESS,106214,OPEN,yjyUAwG5RcCYg4EROD9BVQ
AutomatedHypothesis#3418,1631228522076,3,35511,34656,106534,0.0,0,0,0,6,33,SUCCESS,106534,OPEN,4i6G_hahR9uaUIlKlGIfMA
RacerBobo,1631288421788,3,35877,34020,107633,1.3333333333333333,0,4,4,1,34,SUCCESS,107633,OPEN,4OitWFa_RsyOWHLrii1Rtg
HongKong-2-HK4,1630499863428,3,35976,26795,107928,6.333333333333333,0,19,19,11,35,SUCCESS,107928,OPEN,wQl2h07uTuOPY9Uvk9DIEw
PrototypeLog#9684,1631281693526,3,36160,35145,108480,1.0,0,3,3,1,36,SUCCESS,108480,OPEN,d09lRtT8ROykBfHC7TkKaw
StructuredNetwork#9355,1630486285834,3,36406,35800,109220,0.0,0,0,0,1,37,SUCCESS,109220,OPEN,wJn9Z5yNRKa8xRMPz2KjKg
Boombag,1631224498027,3,36435,33278,109307,3.6666666666666665,0,11,11,4,38,SUCCESS,109307,OPEN,aidqz3RcQvmeWyzjSYRZpQ
YYYuki1122,1631081015750,3,36573,36463,109719,4.0,0,12,12,7,39,SUCCESS,109719,OPEN,BfP_bMMERcOGZYMw5GkKRA
AtomicDelta#8505,1630925866434,3,36726,29717,110179,2.0,0,6,6,2,40,SUCCESS,110179,OPEN,E94VmYZRS0-WZIQvYAGgAQ
BetaLog#8457,1631090907863,3,36935,34680,110805,3.6666666666666665,0,11,11,4,41,SUCCESS,110805,OPEN,b5BtUNAdTNGYYgZvfhUTHw
Mike211,1630456010828,3,37329,36004,111987,3.3333333333333335,0,10,10,11,42,SUCCESS,111987,OPEN,rgZhd0J7TBGwBO4GPYC3yg
PathingBreaker#8749,1630774182037,3,37343,33871,112031,4.0,0,12,12,6,43,SUCCESS,112031,OPEN,mVHZuh39SVuCDCvjc2lqtw
UpgradedNumber#6962,1630468948880,3,37364,35530,112092,1.3333333333333333,0,4,4,1,44,SUCCESS,112092,OPEN,JFK92XXwTbe71bcr7bl9gA
NguyenTrungThanh,1631109663807,3,37919,31465,113757,2.0,0,6,6,19,45,SUCCESS,113757,OPEN,kaVGgECET--R_b6c8bHhpQ
ragrama007,1630478524411,3,38137,36199,114412,1.6666666666666667,0,5,5,1,46,SUCCESS,114412,OPEN,M9lU4elYRqSC_il2XwZ9mg
AndhyMao,1630459755954,3,38423,38405,115271,4.0,0,12,12,1,47,SUCCESS,115271,OPEN,3EPgVWiPTHS3dlwOt5hEbQ
NoahRaygoza,1630517472716,3,38556,38459,115670,3.0,0,9,9,5,48,SUCCESS,115670,OPEN,pZ2levzqTfW1ySgsAHT4uA
MathiasNastos,1630607141889,3,38867,33520,116601,4.333333333333333,0,13,13,2,49,SUCCESS,116601,OPEN,3Jg7-KefRja3sX-FPTXWBQ
RMIT-CODE-BADGER,1630469919015,3,38961,37272,116884,0.6666666666666666,0,2,2,2,50,SUCCESS,116884,OPEN,Rtccp4dtQI2Kb45_A_moaQ
Arigatou,1630482567841,3,39379,36937,118139,2.0,0,6,6,1,51,SUCCESS,118139,OPEN,Z4T-uNG8QJyA-cWj3wkFMQ
UpgradedFunction#5310,1630655983751,3,39445,39336,118335,5.0,0,15,15,10,52,SUCCESS,118335,OPEN,iUs9Sw_GS5iF7s5jgrOqZg
DraftString#4655,1630822249536,3,39664,35862,118993,1.0,0,3,3,9,53,SUCCESS,118993,OPEN,P8iirInxQSKKl0_wAEg1yw
wiz,1631069675535,3,39733,32461,119200,4.0,0,12,12,4,54,SUCCESS,119200,OPEN,faL1252ORfOu8g2YbeGXOw
Yon,1631106961760,3,40066,34803,120200,3.6666666666666665,0,11,11,6,55,SUCCESS,120200,OPEN,wrECe3i6Q6OxakOPNsximQ
CodeJedisPodracer,1630990850289,3,40246,36598,120739,6.0,0,18,18,8,56,SUCCESS,120739,OPEN,BQR33SZ5SGiWgbE9kaGYqw
ERKE-rarebird,1631162244525,3,40473,38064,121421,4.333333333333333,0,13,13,6,57,SUCCESS,121421,OPEN,zEHXrqOiT3iU_4HAN6ALGw
HoD-Robotics,1630504182220,3,40706,34665,122119,2.6666666666666665,0,8,8,2,58,SUCCESS,122119,OPEN,w_U1qiixRlCzIUI0N6B7aA
FuturisticClass#4756,1630946438142,3,40781,35015,122345,7.333333333333333,0,22,22,4,59,SUCCESS,122345,OPEN,s68ONqbaRb-6ScJncnrmOQ
UsableCoder#2045,1631221072287,3,40800,37403,122400,4.333333333333333,0,13,13,12,60,SUCCESS,122400,OPEN,l1HKIVw5SKigMXLHh7XubA
HongKong-1-HK5,1630465570045,3,40918,37759,122754,5.0,0,15,15,12,61,SUCCESS,122754,OPEN,VpvceE1oSh6YMrECcvArOQ
AccessibleExpression#2373,1630638017478,3,41366,34727,124099,3.0,0,9,9,2,62,SUCCESS,124099,OPEN,FvLKwfqAS5y2fYJxC3f_Sw
Vroom2,1630890533028,3,41372,33187,124116,5.333333333333333,0,16,16,3,63,SUCCESS,124116,OPEN,6d4e1104456b4baf8e422w
AtomicSwitch#4225,1631158332430,3,41535,39279,124607,4.666666666666667,0,14,14,9,64,SUCCESS,124607,OPEN,Nnych5XDTnWT7vEuw4pRnw
theBenForce-dr,1630494598173,3,41667,41616,125003,0.0,0,0,0,3,65,SUCCESS,125003,OPEN,uzdXf58nQUuL0vm_nYyciw
Dug,1630465507671,3,41780,39279,125341,5.333333333333333,0,16,16,2,66,SUCCESS,125341,OPEN,ebaac7d1eb7b4d3f9ae5cQ
QualifiedPresentation#3103,1631168974651,3,42403,36470,127210,2.3333333333333335,0,7,7,1,67,SUCCESS,127210,OPEN,srD5Y37qRhqImL3U3dvfGw
InfiniteAnalyst#9873,1630501679508,3,42489,37863,127469,6.333333333333333,0,19,19,9,68,SUCCESS,127469,OPEN,Ub0c_7GPTjOfQ_iJyNhuQw
rameshadand,1630606279829,3,42605,39866,127815,7.666666666666667,0,23,23,1,69,SUCCESS,127815,OPEN,_PZXI4ZRRKCaidKCvBuMUg
ThisPresentation#4107,1630660029454,3,42686,40194,128060,0.3333333333333333,0,1,1,3,70,SUCCESS,128060,OPEN,ntayOBVbRpGbK_E5zCuZ5g
TabletArray#0927,1631239040991,3,43062,40330,129186,7.666666666666667,0,23,23,7,71,SUCCESS,129186,OPEN,76nNoQ0nSDm0H1YlUhHLXw
Mafia,1630469535763,3,43070,39270,129212,3.3333333333333335,0,10,10,1,72,SUCCESS,129212,OPEN,vMBkxqxlRT2Zvl9TH9v-5w
AsynchronousTech#0993,1630575500258,3,43418,40343,130255,1.6666666666666667,0,5,5,1,73,SUCCESS,130255,OPEN,t8OFNtxQTu2d4t1nKof9SA
Jorja12RSC,1631164995780,3,43443,39866,130330,5.0,0,15,15,2,74,SUCCESS,130330,OPEN,45URf1ThTFyMVvMh29sedw
EclipticMeteor,1631130092125,3,43478,38127,130434,3.3333333333333335,0,10,10,5,75,SUCCESS,130434,OPEN,tZZ4M5zFRHmeBmbl09yLjg
qnet1,1630508731949,3,43732,37257,131198,7.666666666666667,0,23,23,10,76,SUCCESS,131198,OPEN,ndHmswy4RUa6R8LcyvrxOA
bluemountainracer,1631013731963,3,43822,40991,131466,0.3333333333333333,0,1,1,8,77,SUCCESS,131466,OPEN,0mW4TDiNTkGtbsu8MWutxA
JiaxuanTW,1631006373596,3,43943,29221,131829,8.333333333333334,0,25,25,6,78,SUCCESS,131829,OPEN,R2fKLJClSIyIZKqNmDKkTA
binjay,1631229088594,3,44380,43868,133140,0.0,0,0,0,7,79,SUCCESS,133140,OPEN,7eNYa4tGQ3iViUhPQxbEuw
CGS-Obama,1630531619222,3,44456,40523,133370,5.0,0,15,15,3,80,SUCCESS,133370,OPEN,EmCpxdBbRUKd-DDN7oLumw
Mostafa-Ebrahim,1630831604535,3,44537,35545,133613,8.0,0,24,24,4,81,SUCCESS,133613,OPEN,ZCe8BmI1SruBwMn-mvw-jQ
Reference486#5750,1631257554568,3,44619,41047,133857,1.0,0,3,3,22,82,SUCCESS,133857,OPEN,VI3hnIwlRUul0-NtJugszg
RunningMan,1630488314321,3,45021,42268,135064,5.666666666666667,0,17,17,2,83,SUCCESS,135064,OPEN,e1A0P5pyQmaKTr7RU_d9ag
Rocksors,1631168418726,3,45214,41837,135643,7.0,0,21,21,10,84,SUCCESS,135643,OPEN,94AJnMjyQyuBgETEYiDPDw
JPMC-Bmth-04,1631120083833,3,45595,42793,136787,6.333333333333333,0,19,19,12,85,SUCCESS,136787,OPEN,862178ae6d6947ff88c95Q
pfuracer,1631100003663,3,45823,43799,137469,6.0,0,16,18,4,86,SUCCESS,137469,OPEN,VkbbtgPkR-OKGWGa18tBfA
CompleteDebugger#2449,1631033312699,3,46959,40280,140878,4.333333333333333,0,13,13,13,87,SUCCESS,140878,OPEN,2VdO3sHHTwiphNEIlEK65Q
AccessibleZone#9496,1631277225643,3,47182,43676,141547,1.0,0,3,3,2,88,SUCCESS,141547,OPEN,36yrP85oRcyW3Q3KfUcjpA
Dfwdeepracer3,1630513669152,3,47280,44910,141842,7.666666666666667,0,23,23,2,89,SUCCESS,141842,OPEN,JnPpPfPvSZyFbmipPbt0yA
CompleteZone#6547,1631298710458,3,47583,41821,142750,4.666666666666667,0,14,14,3,90,SUCCESS,142750,OPEN,2o-R1smrTOWnrvqWSN795A
Dfwdeepracer2,1631043946213,3,47712,43673,143136,6.0,0,18,18,5,91,SUCCESS,143136,OPEN,0bHKxSFCR2aL2CUrGAZRVQ
UsableDigit#4857,1631021414702,3,47955,42123,143866,6.666666666666667,0,20,20,14,92,SUCCESS,143866,OPEN,3SFCGKvFS-edSHzOdzC5Mw
Allys-Comet,1631289971856,3,47966,42203,143900,7.666666666666667,0,23,23,3,93,SUCCESS,143900,OPEN,4q4lKQvGQQuRidmOEjB-Jg
424958-kmizuno7,1631097731425,3,47976,42916,143929,0.6666666666666666,0,2,2,1,94,SUCCESS,143929,OPEN,xz30N1bEQ0ySTmxbCvCCIA
HolmenkollenCar,1630648081784,3,48129,46928,144387,1.3333333333333333,0,4,4,4,95,SUCCESS,144387,OPEN,Ys283jNPTOOpZc007Cw_-g
HugoUdacity,1630691069450,3,48200,41865,144601,7.0,0,21,21,2,96,SUCCESS,144601,OPEN,3q9AWZFERwmWTdP86w5ayA
BetaDataset#5312,1631158120082,3,48468,42666,145406,3.6666666666666665,0,11,11,4,97,SUCCESS,145406,OPEN,XpuNhtNGQNKvdnqXXQaTIg
YoussofRabie,1630854791170,3,48535,47196,145607,7.333333333333333,0,22,22,5,98,SUCCESS,145607,OPEN,omfgemsSQR--inFflyo3yg
Abraham,1630470003564,3,48601,47202,145804,6.333333333333333,0,19,19,2,99,SUCCESS,145804,OPEN,Jj-YeMdiRd-dLEPfJ-aDGA
AsynchronousValue#6162,1630466380442,3,48998,41070,146995,2.0,0,6,6,3,100,SUCCESS,146995,OPEN,SzDzNdKWSDCl76geP9nSCQ
MCE-Mark,1630512015967,3,49190,42791,147572,4.0,0,12,12,4,101,SUCCESS,147572,OPEN,pAEnFmXLSEaJYViuLkVnRA
BladeRunner,1630519845681,3,49298,49265,147895,7.333333333333333,0,22,22,2,102,SUCCESS,147895,OPEN,oti9DOzPTyShwx0qsNpU3Q
Jesse,1630673379052,3,49404,45104,148214,3.3333333333333335,0,10,10,9,103,SUCCESS,148214,OPEN,PWDYMXHeQrSoq8gCvuSEXA
doomsday,1630896729432,3,49643,45850,148929,7.333333333333333,0,22,22,4,104,SUCCESS,148929,OPEN,o0TGCDklT-uKTfnmgItsjw
dababycar,1630516248141,3,50000,43865,150000,9.666666666666666,0,29,29,2,105,SUCCESS,150000,OPEN,FZKY7uMITL-iS9K0ltWByA
TU-Go,1630685770584,3,50525,44338,151576,6.666666666666667,0,20,20,1,106,SUCCESS,151576,OPEN,h8JFyjHkTqOa_E1cAWGRIw
udacitymllearning,1630943351299,3,50658,50351,151975,0.0,0,0,0,2,107,SUCCESS,151975,OPEN,pTViLKylT5OmaYvVOLaVbQ
ReferenceShell#1422,1631205575370,3,50753,49248,152260,1.6666666666666667,0,5,5,2,108,SUCCESS,152260,OPEN,7Y5_pbs-S0yNw2juT2MiOQ
Invotra,1630665896795,3,50976,46706,152928,5.0,0,15,15,1,109,SUCCESS,152928,OPEN,w1sTNQKaTs-JAjb7dFn_QQ
RDrift-US,1631161268761,3,50986,46945,152960,3.6666666666666665,0,11,11,9,110,SUCCESS,152960,OPEN,LHmnch7nR76PVsxm9dVaVA
HelpfulError#3162,1631255968627,3,51130,50059,153391,7.333333333333333,0,22,22,1,111,SUCCESS,153391,OPEN,LVlFh13-Q8KGMBruC9z60Q
AlphaPoint#3170,1631191817021,3,51197,50590,153593,0.0,0,0,0,1,112,SUCCESS,153593,OPEN,vFPy6YqDQ6OCSsAeUrp9ZA
reInFORCE-To-Be-Reckoned-With,1630619069173,3,51287,37321,153863,8.0,0,24,24,1,113,SUCCESS,153863,OPEN,_kUq5DETQaq6hZWQX5D2xw
CrypticString#4201,1631298491194,3,51424,50251,154272,0.6666666666666666,0,2,2,3,114,SUCCESS,154272,OPEN,02nE9A_bSCKUlDCH9Tqifw
FormulaicGrid#6173,1631228342919,3,51555,49811,154667,0.3333333333333333,0,1,1,1,115,SUCCESS,154667,OPEN,mdxJOhJBSOq3jy10P8FDpQ
DesktopArgument#4242,1631157538063,3,51673,47671,155021,10.666666666666666,0,32,32,4,116,SUCCESS,155021,OPEN,TyFSjWk8Qmm2uFKSha8DVQ
AutomatedFunction#2069,1631185587904,3,51774,51474,155323,0.0,0,0,0,2,117,SUCCESS,155323,OPEN,BEUMdlYtSnmDoygWwpV3-w
SquareUpdate#2445,1630562512080,3,51951,41851,155853,5.666666666666667,0,17,17,1,118,SUCCESS,155853,OPEN,OGFR5Oo1QFyjii3ClWF2TQ
VariableLoop#2282,1631282353471,3,52201,51995,156604,0.0,0,0,0,1,119,SUCCESS,156604,OPEN,2LF1tCnFQPO1iafQ1Us-gQ
PrimeCircuit#6489,1630610885994,3,52219,51396,156659,0.0,0,0,0,5,120,SUCCESS,156659,OPEN,kpiKvNsQS-yfsQEqciFGJA
Shadow-Tiger,1630464569640,3,52454,51614,157364,3.6666666666666665,0,11,11,1,121,SUCCESS,157364,OPEN,X5MfP5-SRcWtiUN1YwpHEw
Hey,1630607722767,3,52550,51053,157650,4.0,0,12,12,2,122,SUCCESS,157650,OPEN,Rm7zWz0jQTmWIykx3E9g1A
BooleanLine#5269,1631004986111,3,52648,51873,157946,5.0,0,15,15,4,123,SUCCESS,157946,OPEN,6KKDe6EdTCO4VzLDlzLUXQ
IterativePackage#5115,1630698703626,3,52704,52521,158114,0.0,0,0,0,2,124,SUCCESS,158114,OPEN,bxmKp6kCT-GV65P8vWuIYQ
AbstractCircuit#7533,1630739241457,3,52819,52530,158458,0.0,0,0,0,1,125,SUCCESS,158458,OPEN,cEfkxzs-SeKvatZJz0HKkQ
QM167,1631083271207,3,52956,48843,158870,3.3333333333333335,0,10,10,1,126,SUCCESS,158870,OPEN,PKkFUEm9Q1WYhvY-f-A3QQ
AS-0905,1630551538334,3,52970,45984,158911,9.0,0,27,27,5,127,SUCCESS,158911,OPEN,ccMzj_R6RrO6u5opwYhX8g
luwe,1630841530071,3,53020,52655,159062,0.0,0,0,0,17,128,SUCCESS,159062,OPEN,VEKGhstPQSi-cD3WqwVCeg
tomroy1,1631246851192,3,53140,48407,159421,8.333333333333334,0,25,25,9,129,SUCCESS,159421,OPEN,8CwswwMISfOCu4CF4xJcbw
Zero-dayDiff#1375,1631111244328,3,53219,52464,159659,0.0,0,0,0,3,130,SUCCESS,159659,OPEN,AsiopfUKRlixntAZaBJA0g
bkty,1630691970350,3,53228,51558,159685,0.3333333333333333,0,1,1,15,131,SUCCESS,159685,OPEN,FHZBrPQ5SYehL-1PDy8K3g
DraftDataset#5856,1630824987936,3,53364,48766,160094,3.3333333333333335,0,10,10,2,132,SUCCESS,160094,OPEN,RjGZ17LATKePesWDrmzvvg
AccessibleParameter#8242,1630516726079,3,53447,52394,160343,0.0,0,0,0,2,133,SUCCESS,160343,OPEN,DVqIYL8bSPKzolPscagUiA
ArtificialUpgrade#2964,1630598302644,3,53454,53334,160362,0.0,0,0,0,2,134,SUCCESS,160362,OPEN,3mqOVDvrTyCKXlaui5jtgQ
EncryptedParameter#9969,1630927955773,3,53540,53452,160621,0.0,0,0,0,1,135,SUCCESS,160621,OPEN,OD_Cz0WdS6-TMdAv14EK9A
SecureTech#3667,1630688552553,3,53782,51947,161347,0.6666666666666666,0,2,2,2,136,SUCCESS,161347,OPEN,ikXU_6TQTuSabLI2sznlfQ
Abhijith,1630882347096,3,53866,53334,161598,0.0,0,0,0,3,137,SUCCESS,161598,OPEN,4bu0a8lYTb2Y9Z_FJQ4wRw
HashableRequirements#7462,1631060388380,3,53895,52144,161685,0.3333333333333333,0,1,1,1,138,SUCCESS,161685,OPEN,YrrzD7q4SduIC72EASVo9A
Yeetus,1630594697278,3,54032,48126,162097,2.3333333333333335,0,7,7,3,139,SUCCESS,162097,OPEN,ZVWLHiSyQCOuHqUv2Pzb1g
AbstractRequirements#9962,1631228769962,3,54065,52727,162196,0.0,0,0,0,2,140,SUCCESS,162196,OPEN,btUe3BuuQUGWxkHxfNJMng
plazing,1630468119873,3,54112,47136,162338,4.0,0,12,12,3,141,SUCCESS,162338,OPEN,dzn_9sbzSAaXo70UaOMs-w
NeedForSpeed,1630872043342,3,54155,53852,162467,0.0,0,0,0,1,142,SUCCESS,162467,OPEN,b112c4aa55b24f07a9887w
VirtualMethod#1515,1630606346697,3,54162,53242,162486,0.0,0,0,0,2,143,SUCCESS,162486,OPEN,w689_AkeStut5DYrmS2Uzg
MachineTag#3924,1630683354884,3,54179,52067,162537,0.3333333333333333,0,1,1,1,144,SUCCESS,162537,OPEN,5uml3ys0Qb-UfpgJjHsybA
HigherError#8106,1631255302196,3,54427,54151,163281,9.0,0,27,27,7,145,SUCCESS,163281,OPEN,ZxAkS3voTwOEji3LLyMulA
HelpfulMetaclass#1060,1630904628905,3,54466,53391,163398,0.0,0,0,0,1,146,SUCCESS,163398,OPEN,klVLibdyTLygPbtkGWP6TA
ArtificialLanguage#2909,1630480689585,3,54466,54210,163398,0.0,0,0,0,1,147,SUCCESS,163398,OPEN,0AmA63k8QZ2SWSiIPcyMoQ
EsteemedNetwork#8413,1630925528205,3,54538,52530,163615,0.3333333333333333,0,1,1,2,148,SUCCESS,163615,OPEN,Yx-fGRZTSgGHcyBqtbLPug
NeuralWorkaround#5703,1630738414357,3,54596,54396,163788,0.0,0,0,0,2,149,SUCCESS,163788,OPEN,yqNRn0tnQHGOcSYnA6RqKA
AndrewGrantham,1631206618798,3,54660,52931,163982,8.333333333333334,0,25,25,3,150,SUCCESS,163982,OPEN,2nlpBgQ3TxKKwlsoi10ndg
DeepDeadline#5998,1630859424188,3,54662,51662,163987,0.6666666666666666,0,2,2,1,151,SUCCESS,163987,OPEN,ogjRyl83RfWxoV217o6AHA
JohnAl,1631132265817,3,54732,53259,164196,0.3333333333333333,0,1,1,8,152,SUCCESS,164196,OPEN,bMz6AToVSGyXfgK_YZ0ssQ
VariableString#6022,1630532924349,3,54756,53205,164268,0.3333333333333333,0,1,1,1,153,SUCCESS,164268,OPEN,rnkc-vUDSTqjVASnOhQNCA
WebFix#8424,1630858477915,3,54834,53795,164503,0.0,0,0,0,1,154,SUCCESS,164503,OPEN,PdMNR4rXR2uvPwf4H0Z7Iw
Zero-dayEnvironment#2563,1630496636992,3,54866,53479,164599,1.3333333333333333,0,4,4,1,155,SUCCESS,164599,OPEN,pc6jtbdEQueKcbcE92Ozdw
MechanicalAnalysis#5247,1631066684840,3,54953,53475,164860,0.3333333333333333,0,1,1,4,156,SUCCESS,164860,OPEN,xgeLKgDYT8un5BD-oROgcQ
CompleteClass#6253,1630748959525,3,54973,54327,164919,0.0,0,0,0,5,157,SUCCESS,164919,OPEN,NlYYzQ8KTjSt5kmT1ZKXQg
miaumiau,1630981733074,3,55033,52673,165099,4.333333333333333,0,13,13,8,158,SUCCESS,165099,OPEN,HR5Rj8KxTA-AIbjW5eHiWw
UpdatedSystem#1815,1631212550884,3,55060,54225,165182,0.0,0,0,0,3,159,SUCCESS,165182,OPEN,g-nBrdvYTyyB_z_CMMMd7Q
GenerativePackage#3542,1630634366433,3,55086,52327,165258,0.6666666666666666,0,2,2,3,160,SUCCESS,165258,OPEN,lOr0l6F8RD2Xj8JPYZxwcA
YelloLeo,1631245672442,3,55108,54604,165325,0.0,0,0,0,3,161,SUCCESS,165325,OPEN,FMm6Ggn-RA633KeG4dslGg
AbstractCommand#6186,1630748375683,3,55295,54208,165886,0.3333333333333333,0,1,1,2,162,SUCCESS,165886,OPEN,TDYm8yncSV62up3tMQoWqQ
UnboundArithmetic#8097,1631127203937,3,55328,53528,165984,0.3333333333333333,0,1,1,6,163,SUCCESS,165984,OPEN,bsacwPx-RFSEN0KblppHGQ
tanvirewu,1630701571869,3,55357,54997,166073,0.0,0,0,0,1,164,SUCCESS,166073,OPEN,kENXLYCjTNO9YjVQDykcVw
Jannabee,1630845641790,3,55372,54641,166116,0.0,0,0,0,1,165,SUCCESS,166116,OPEN,lBGBx6s0QQu--JRoZlQW7Q
JavaDigit#0880,1630478576983,3,55438,55004,166316,0.0,0,0,0,2,166,SUCCESS,166316,OPEN,V_Zyzv3KQUa4EmofzhhIeQ
davids-stroud,1630548062349,3,55641,54784,166925,0.0,0,0,0,1,167,SUCCESS,166925,OPEN,df66f9972b5f4ea285bfcw
ContinuousPresentation#3786,1631146803033,3,56015,55520,168045,0.0,0,0,0,1,168,SUCCESS,168045,OPEN,JefpjDKxQEm6K1VReXI2uA
Dfwdeepracer5,1630939976554,3,56021,46192,168065,11.333333333333334,0,34,34,1,169,SUCCESS,168065,OPEN,1jpe2hQ1TziH_tdBwajgXA
EsteemedGrid#8334,1631235870463,3,56041,55532,168124,0.0,0,0,0,1,170,SUCCESS,168124,OPEN,XC7qrx2nSU-Vy_1bO-J-9w
MaxPangs,1630642251673,3,56073,51404,168221,7.333333333333333,0,22,22,1,171,SUCCESS,168221,OPEN,YiyTMmQPTpWb3zYONIUJrQ
SquareState#8644,1631133277476,3,56180,51929,168540,1.6666666666666667,0,5,5,6,172,SUCCESS,168540,OPEN,T0FuCfQzTD2hgy0L4f5Z2A
FocusedFix#0057,1630492443556,3,56195,55862,168587,0.0,0,0,0,1,173,SUCCESS,168587,OPEN,zDfB9UtIS3q121f1wi9qOg
goodsimpson,1631251655105,3,56205,51815,168617,6.666666666666667,0,20,20,6,174,SUCCESS,168617,OPEN,s_J8DGUhROqhdUa7z62CRA
ricer-rise,1630565854197,3,56208,54478,168624,6.333333333333333,0,19,19,12,175,SUCCESS,168624,OPEN,8bRThAKeQmWL77nrnanWJw
CurlyNotation#8110,1631284577134,3,56272,55481,168816,0.0,0,0,0,3,176,SUCCESS,168816,OPEN,1WkBSjEJRK62IHwFy_lWMA
Phillieh15RSC,1630677979224,3,56469,43064,169407,5.666666666666667,0,16,17,3,177,SUCCESS,169407,OPEN,w9KZHsDgSvekPt4bHW7KwA
KMary-UdacityLeague,1630510023071,3,56528,55484,169584,0.0,0,0,0,2,178,SUCCESS,169584,OPEN,idu0s2oGRL69dibj1dc1fg
FormulaicEnvironment#1893,1630872526659,3,56534,55321,169602,1.0,0,3,3,1,179,SUCCESS,169602,OPEN,e52kPRFYTN6CIaI2BlsCsg
Louis-C7,1630588996853,3,56536,56140,169609,0.0,0,0,0,3,180,SUCCESS,169609,OPEN,SjY-NDCeSLGVDad0ul-ggQ
GlobalCommand#0465,1630586046558,3,56677,56203,170031,0.0,0,0,0,1,181,SUCCESS,170031,OPEN,YwoOpirtQO6d0xBNUP9hJQ
Terra,1630503061213,3,56807,56406,170423,0.0,0,0,0,1,182,SUCCESS,170423,OPEN,HCMZNdndR3C5ObM2_qLimA
Zero-dayAbstraction#8889,1631292761810,3,56810,56160,170430,0.0,0,0,0,1,183,SUCCESS,170430,OPEN,5VD04-AzQ-CmY5CfEgB4iQ
Gmuhammed,1630577747359,3,56906,56339,170718,0.0,0,0,0,1,184,SUCCESS,170718,OPEN,WX0sF1QTRkCkS8o50EhV9w
ReferenceTag#3072,1630577726009,3,56910,56068,170731,0.0,0,0,0,1,185,SUCCESS,170731,OPEN,LhT_JoHxTyCHOiksA8g_Cw
CleanDiff#7905,1631177844048,3,56913,56666,170739,0.0,0,0,0,2,186,SUCCESS,170739,OPEN,b62P0SZhTLSOixeYurabMg
ProgrammingSchema#1499,1630849990534,3,56920,54272,170761,0.6666666666666666,0,2,2,2,187,SUCCESS,170761,OPEN,LDF-Q4mzR2KZr2yWRjo1sw
Prem,1630571273529,3,56972,55463,170916,0.0,0,0,0,2,188,SUCCESS,170916,OPEN,i3T_-WxuQb2t0yluizT1dw
CleanGrid#7894,1630947281674,3,57046,55668,171138,0.3333333333333333,0,1,1,3,189,SUCCESS,171138,OPEN,8hwmCZrzR_mirE-7-gLkog
Jojo,1630600877664,3,57058,55599,171176,0.3333333333333333,0,1,1,2,190,SUCCESS,171176,OPEN,6VjdMBnrR8STQXmRTXoL5g
AD3,1630888296273,3,57149,55975,171447,9.333333333333334,0,28,28,11,191,SUCCESS,171447,OPEN,XJb0eYUKSl-k8-4LrDgDkA
TestingBuster#5245,1630738808300,3,57154,54464,171464,1.0,0,3,3,2,192,SUCCESS,171464,OPEN,u9Y0yFT2T3upfO5Es3XB3Q
CriticalFix#6807,1630661303725,3,57157,53259,171473,0.6666666666666666,0,2,2,2,193,SUCCESS,171473,OPEN,GnUDExiJTz2_SvHabjrQGA
EncryptedSystem#9635,1630505178519,3,57347,52867,172042,1.0,0,3,3,1,194,SUCCESS,172042,OPEN,yiNavr2wRc-4j50_tCbNaA
AccessibleBraces#4595,1630923355015,3,57389,57036,172169,1.0,0,3,3,2,195,SUCCESS,172169,OPEN,GN8QQvbrSo-ded4vWQp4NQ
BackloggedHypothesis#6687,1630640191390,3,57422,56854,172267,0.0,0,0,0,2,196,SUCCESS,172267,OPEN,NTOqnoOFS9uDfZpqSrmy4g
UsableSpec#2517,1630686972808,3,57561,57471,172685,0.0,0,0,0,1,197,SUCCESS,172685,OPEN,UrLG_T-NQPKUNl4ra8_Wrw
Lawal,1631040032502,3,57579,56341,172737,0.3333333333333333,0,1,1,1,198,SUCCESS,172737,OPEN,GsVwYcCIR-u6t_aBPy_0Ug
LoopingPresentation#0948,1630857152154,3,57774,54802,173324,0.6666666666666666,0,2,2,1,199,SUCCESS,173324,OPEN,MPvfhkkcRJmtUo8ED6ZvwQ
RaceKing,1630564243267,3,57803,40204,173411,6.333333333333333,0,19,19,1,200,SUCCESS,173411,OPEN,4ce85652b4474230ab747w
Ben2RC,1630637475383,3,57981,57329,173943,0.0,0,0,0,3,201,SUCCESS,173943,OPEN,4-JgWDHQSLyA141yPLPOUA
Churchill,1630871332865,3,58040,52197,174122,10.666666666666666,0,32,32,2,202,SUCCESS,174122,OPEN,_tpyJRECR9Scp-7KyPAmSA
2019,1630520770182,3,58046,57318,174138,0.0,0,0,0,2,203,SUCCESS,174138,OPEN,4TlDNJcpSDW7fkWGXITwpA
NestedSemicolon#3591,1630899462460,3,58219,54876,174659,2.6666666666666665,0,8,8,1,204,SUCCESS,174659,OPEN,AkARnD5wQsO4wMoviFoNTw
FungibleCoder#7630,1630598747213,3,58222,57217,174668,0.0,0,0,0,4,205,SUCCESS,174668,OPEN,jgzMMoVxSpabOUNlN8lfow
hankbs,1631024473534,3,58259,52854,174778,1.3333333333333333,0,4,4,3,206,SUCCESS,174778,OPEN,EuDNHP8iSFeuj7E0oEGpxg
abideen305,1630668083061,3,58270,55933,174812,1.6666666666666667,0,5,5,1,207,SUCCESS,174812,OPEN,rlvBNjRaRq-NEmWmqJZvxA
ProcessingTest#4160,1630748302462,3,58279,54345,174838,3.0,0,9,9,4,208,SUCCESS,174838,OPEN,V7GVyaoTQAGcnR3klw5-8A
BlockchainArgument#4339,1631197158097,3,58284,56797,174853,0.6666666666666666,0,2,2,2,209,SUCCESS,174853,OPEN,Eiw-gjwdRHSGS6zDmSPXiA
CyberneticArray#9661,1631289238011,3,58309,58136,174928,1.0,0,3,3,2,210,SUCCESS,174928,OPEN,Yl2jV1QLRjCSVrEfvtmZ1Q
BetaModel#7573,1630483898449,3,58430,56151,175290,1.3333333333333333,0,4,4,1,211,SUCCESS,175290,OPEN,DdOQFgt_Q-SvENOpGmNBdw
ComplicatedContext#3703,1630870387572,3,58439,57848,175318,0.0,0,0,0,1,212,SUCCESS,175318,OPEN,VOQm-6YxQhS4ZVEC2EVFHw
UsableArgument#7124,1631221957576,3,58643,54129,175929,2.3333333333333335,0,7,7,4,213,SUCCESS,175929,OPEN,DJf7Ufb-TJ6tsQxR5vYy6g
AccessibleWorkaround#5934,1631130630619,3,58681,53544,176043,1.0,0,3,3,1,214,SUCCESS,176043,OPEN,Cb2w4sTOTFeYV4IFrneaAg
Emack,1631290917356,3,58822,56073,176467,1.6666666666666667,0,5,5,1,215,SUCCESS,176467,OPEN,H8zNFFGMQgO_fh1MC-itlQ
NeuralUpdate#5474,1631256100542,3,59107,54111,177323,3.0,0,9,9,1,216,SUCCESS,177323,OPEN,h_SCemByRiCn1lsTu8tdng
PassingLanguage#7458,1630466220315,3,59249,55272,177748,1.0,0,3,3,2,217,SUCCESS,177748,OPEN,FpqK22jIR3eS98o1G2Fgdw
GammaParameter#0512,1630579303509,3,59326,53585,177980,1.3333333333333333,0,4,4,1,218,SUCCESS,177980,OPEN,0AIaoBykTequlipzlQnAAA
ParitoOptimal,1630789054171,3,59338,56340,178016,0.3333333333333333,0,1,1,3,219,SUCCESS,178016,OPEN,uAMYBhKxTlOqgjc2mxJAsA
Randybotwin23-YT,1630512070432,3,59387,55666,178162,10.0,0,30,30,1,220,SUCCESS,178162,OPEN,nnHOU7JgSemB-Rs1QSCS1A
HighwayStar14,1630559163654,3,59417,57593,178253,0.3333333333333333,0,1,1,1,221,SUCCESS,178253,OPEN,_-QA6PxfTe2tQi0u9OQhFQ
First1,1630819545901,3,59425,55787,178277,0.6666666666666666,0,2,2,1,222,SUCCESS,178277,OPEN,m8vVfOPhRmGWRDOhLswkPA
ReferenceAnalyst#0544,1631145920366,3,59650,54129,178952,12.666666666666666,0,38,38,1,223,SUCCESS,178952,OPEN,NvFpFcL9RL2zLJkzabT2Ig
FiniteBreaker#7562,1631276885646,3,59670,56856,179010,0.3333333333333333,0,1,1,1,224,SUCCESS,179010,OPEN,vvhnboc7RsGIt-JcvD4wyQ
MarlysseGarcia-Period7,1630537537467,3,59688,58062,179065,0.6666666666666666,0,2,2,2,225,SUCCESS,179065,OPEN,pGB9OhjFTrGIZVRDEVApyg
IterableArchitect#1066,1630926685440,3,59830,58197,179492,0.3333333333333333,0,1,1,5,226,SUCCESS,179492,OPEN,EhCL3QmVRqWUaFTluahHOA
ethanb,1630618732916,3,59942,57008,179827,0.6666666666666666,0,2,2,3,227,SUCCESS,179827,OPEN,_OoNboUERd-G1St1LO8gbQ
ImmutableFix#8109,1630563387567,3,59954,56591,179864,0.6666666666666666,0,2,2,2,228,SUCCESS,179864,OPEN,SFIfsQqvQj6ad6k_vU6HeQ
CyberneticMachine#2222,1630739091743,3,60070,59403,180211,0.3333333333333333,0,1,1,1,229,SUCCESS,180211,OPEN,DPb927TzTv-b9ueTJVXSyw
RecursiveNamespace#7157,1630689748357,3,60224,57345,180672,0.6666666666666666,0,2,2,14,230,SUCCESS,180672,OPEN,cRAMCTlVT9GSxlH5n2HJpA
CleanResource#2578,1630754987478,3,60251,55993,180753,1.3333333333333333,0,4,4,2,231,SUCCESS,180753,OPEN,4WBcXu15TpCvGSNGX6_i0A
DesktopAbstraction#2086,1630765717614,3,60305,56796,180915,1.0,0,3,3,5,232,SUCCESS,180915,OPEN,XayYnskLT0WuVGXCoSABxQ
BmeMahmoud1,1630829422713,3,60418,57547,181256,1.6666666666666667,0,5,5,17,233,SUCCESS,181256,OPEN,B4TXqKGeThi0tdtjQsYuDw
braintheos,1630831531704,3,60529,58329,181589,1.6666666666666667,0,5,5,1,234,SUCCESS,181589,OPEN,6bBmyg_vQMWurNRkZEkwRg
ImportantDebugger#0440,1631157533992,3,60665,57062,181996,2.3333333333333335,0,7,7,4,235,SUCCESS,181996,OPEN,VE8gQebsQPmTk1Ew9-v4pQ
Clash,1630838511529,3,60730,58266,182190,1.6666666666666667,0,5,5,1,236,SUCCESS,182190,OPEN,-T66gGQzTxmLAP_U2H6wsA
rits-racer,1631210287915,3,60732,55790,182196,1.3333333333333333,0,4,4,5,237,SUCCESS,182196,OPEN,4636cb5da223408897ca6w
SPDSTR-Aiden,1630928197141,3,60897,51885,182691,5.333333333333333,0,16,16,3,238,SUCCESS,182691,OPEN,6rVVb7HXQzigAsVTVyLg0Q
ZattuRacer,1631096435429,3,61071,59276,183215,1.3333333333333333,0,4,4,2,239,SUCCESS,183215,OPEN,oeemP68lTKGlVwFCGiJRIw
masters-Glasgow,1630531818340,3,61136,57141,183409,6.666666666666667,0,20,20,2,240,SUCCESS,183409,OPEN,330e844f248042eaa479eQ
DraftBooster#8996,1630765652215,3,61263,61196,183789,1.0,0,3,3,1,241,SUCCESS,183789,OPEN,qRGz_kUISeGQch7Hw6Gk0Q
FocusedTag#5548,1631157681420,3,61291,55733,183874,10.0,0,30,30,5,242,SUCCESS,183874,OPEN,_UQ5bSjRRR6pL1FMzUMFpw
NullEnvironment#3029,1631079152467,3,61508,54999,184526,2.3333333333333335,0,7,7,1,243,SUCCESS,184526,OPEN,NnLJ_i07RV6RoI4NbjToDw
UnboundMetaclass#5792,1630537791495,3,61562,56864,184688,1.6666666666666667,0,5,5,1,244,SUCCESS,184688,OPEN,MLEr106xTUWUAI0JdOa8Nw
GenerativeSystem#4648,1630889426749,3,61646,59734,184940,1.3333333333333333,0,4,4,2,245,SUCCESS,184940,OPEN,pjz__PRJSsSGYlvNPRmz4A
RocketAnalysis#2192,1631088513463,3,61733,60397,185201,1.3333333333333333,0,4,4,1,246,SUCCESS,185201,OPEN,x1zFo1UnQnmM8cK-ex2FOg
10xSwitch#4106,1630678250942,3,61749,57796,185247,1.0,0,3,3,2,247,SUCCESS,185247,OPEN,SKKkJaG6SoqOBy-0U6i6ng
DesktopInterface#7482,1630597848187,3,61952,61461,185858,0.0,0,0,0,1,248,SUCCESS,185858,OPEN,mUrzhEfrRjqaf1YGDle6aw
dababy-car,1630603493566,3,61970,51865,185912,4.0,0,12,12,5,249,SUCCESS,185912,OPEN,-4MZLBnSTI2C4Zren30f4g
joel-zeal,1630623809044,3,61974,58993,185922,0.6666666666666666,0,2,2,1,250,SUCCESS,185922,OPEN,vhtUOQGeTtaWVAQ4dwJ3Cg
FiniteSlice#6860,1630571254603,3,62336,58212,187010,2.0,0,6,6,2,251,SUCCESS,187010,OPEN,hgGB1n8xQNq1vwJOrnK8cA
Kracer,1630862817582,3,62696,56135,188088,9.666666666666666,0,29,29,4,252,SUCCESS,188088,OPEN,EgVFNiAfQeyFls3WLMSOgA
EncryptedSlice#9564,1631277042082,3,62732,58269,188196,6.333333333333333,0,19,19,1,253,SUCCESS,188196,OPEN,GefpXYdiTM-wEmTSbT8SjA
TestingArchitect#4910,1630904931712,3,62765,48681,188295,5.666666666666667,0,17,17,1,254,SUCCESS,188295,OPEN,-lcCMLqESiu1b4Ue2icpOg
IntelligentState#7952,1631029316107,3,62834,51734,188504,13.666666666666666,0,41,41,3,255,SUCCESS,188504,OPEN,yG_zgQPlTCi5A4OWU2FDEw
AtomicParameter#0595,1630935079697,3,62892,60472,188678,1.0,0,3,3,1,256,SUCCESS,188678,OPEN,GX-yeTk9QGi2XnQ9qNKZzw
InteractiveSemicolon#8374,1630913750476,3,62903,60542,188711,6.666666666666667,0,20,20,7,257,SUCCESS,188711,OPEN,G22h4AIBQD-0uEHQpNj_-w
Cryptic486#7527,1631253783510,3,63052,62437,189157,3.0,0,9,9,1,258,SUCCESS,189157,OPEN,H19z0jEhShONVMp2fzX0oA
Tristan30RSC,1631182889512,3,63118,58068,189356,5.0,0,15,15,1,259,SUCCESS,189356,OPEN,8tmsEhu1RiS4r-vVi5T0Rg
MachineParameter#4483,1630567956235,3,63158,55595,189476,2.3333333333333335,0,7,7,1,260,SUCCESS,189476,OPEN,1Rd86DEXQgWSvSO2zZBWPA
Veronica,1630595977459,3,63334,61794,190004,2.3333333333333335,0,7,7,2,261,SUCCESS,190004,OPEN,wD2EAXVVSD2Kkn6teghFGQ
UrgentPointer#4544,1631284359565,3,63541,55809,190624,2.0,0,6,6,3,262,SUCCESS,190624,OPEN,DpMziSSJSiOLN5b8D4KG-A
Jabberwocky,1631088593873,3,63663,59943,190991,13.333333333333334,0,40,40,1,263,SUCCESS,190991,OPEN,WLSbKTuaSc-eRYjl6qR4aA
SequentialConsole#0471,1630514491871,3,63696,57749,191089,1.6666666666666667,0,5,5,1,264,SUCCESS,191089,OPEN,TQZwPujkQ2yy72J63wsooA
TroyMcClure,1630621732642,3,63714,60403,191143,0.6666666666666666,0,2,2,3,265,SUCCESS,191143,OPEN,EShpM9kKRq-3syO7cyl6qw
InteractiveTech#8033,1631095440817,3,63716,63282,191149,2.0,0,6,6,1,266,SUCCESS,191149,OPEN,hp1KnhxfQmeNlWYzWKdLmQ
UnicodeCoder#8433,1631079142092,3,63733,57661,191201,3.6666666666666665,0,11,11,4,267,SUCCESS,191201,OPEN,Ean0QdMyTDOnPnNdy4LwBQ
Car-God-of-Two-Dragon-Lake,1630672790171,3,63797,60281,191393,11.666666666666666,0,35,35,1,268,SUCCESS,191393,OPEN,uQm3jzduRF-zoi5l1cmBbg
PrototypeExpression#4330,1630949214520,3,64485,59438,193456,1.3333333333333333,0,4,4,3,269,SUCCESS,193456,OPEN,FdHnva0xRXKtW1ihA-xcmw
EncryptedEvaluation#9795,1631252181083,3,64802,61539,194407,1.6666666666666667,0,5,5,2,270,SUCCESS,194407,OPEN,9VkDSNNKRlqnSMQ96KJmPQ
Giselle,1631298029299,3,65036,62920,195108,1.3333333333333333,0,4,4,1,271,SUCCESS,195108,OPEN,zny8pi6KQ6imvpInV43uJQ
cristina,1631201429646,3,65044,62474,195132,1.6666666666666667,0,5,5,1,272,SUCCESS,195132,OPEN,ghSAE0-dS7m7Wu9IBwy1Eg
ProcessingConsole#1386,1631199711772,3,65200,61468,195601,8.666666666666666,0,26,26,10,273,SUCCESS,195601,OPEN,sbVpfMopT0Gl8XIEUwTstA
AravindaDP,1630674321974,3,65216,59599,195649,1.3333333333333333,0,4,4,1,274,SUCCESS,195649,OPEN,QkKKmXsXSfGP-bXztf2RQg
yuri,1630672364399,3,65335,57606,196007,9.0,0,27,27,1,275,SUCCESS,196007,OPEN,SBNdc2I1Ta6UVVGfm3BzeA
SystemHack,1631221468215,3,65417,60590,196251,1.0,0,3,3,1,276,SUCCESS,196251,OPEN,223TZx_iTrirWcbbISceWw
BooleanDelta#8785,1630499456185,3,65465,59730,196396,7.666666666666667,0,23,23,2,277,SUCCESS,196396,OPEN,ZiraR11vRrO63ZkMEEIlCA
Racer-JW,1631238045316,3,65662,61278,196987,2.3333333333333335,0,7,7,5,278,SUCCESS,196987,OPEN,LHexiRgzTxq1tMoMGiNrIA
JavaAnalyst#7023,1631269293279,3,65754,64659,197264,2.6666666666666665,0,8,8,3,279,SUCCESS,197264,OPEN,GXKQAdSMQmyT-LC1DXEPeA
BetaDiff#1752,1631079211620,3,65831,64077,197493,0.3333333333333333,0,1,1,3,280,SUCCESS,197493,OPEN,3bdsWca_Q7KuWsABQG7TxQ
cypher,1630669983073,3,65862,53334,197587,13.666666666666666,0,41,41,1,281,SUCCESS,197587,OPEN,MzvcxXUwRdassOMYcs9KYg
AbstractResource#0442,1631156618194,3,65928,61535,197785,7.333333333333333,0,22,22,3,282,SUCCESS,197785,OPEN,KeWtOCuLTq-26C5yPYxoIQ
ArtificialCommand#6546,1631114457669,3,65935,63012,197805,0.3333333333333333,0,1,1,1,283,SUCCESS,197805,OPEN,lmlUZhZ7TC6uayXoV7lNZg
Annabelle13RSC,1631248057222,3,66034,63219,198103,2.6666666666666665,0,8,8,1,284,SUCCESS,198103,OPEN,GMnsb8BeRsq-E2xR_zhmoA
ProvisionalResource#4160,1631259325148,3,66079,61634,198237,7.333333333333333,0,22,22,4,285,SUCCESS,198237,OPEN,0vA8gu4UTWKKmPOmG9zcew
RobotExpression#2493,1630757151126,3,66267,59393,198803,4.0,0,12,12,3,286,SUCCESS,198803,OPEN,7fLmRJ1eQfqlkYkPMch0pg
Technical486#1003,1630981938703,3,66328,66254,198985,2.0,0,6,6,2,287,SUCCESS,198985,OPEN,xBFTifPKT9SLcxrsl635wA
FormulaicSpec#0042,1631158318348,3,66581,60540,199743,13.333333333333334,0,40,40,4,288,SUCCESS,199743,OPEN,jys-BTaPRuCmmf7v5UkuRA
FiniteEvaluation#1272,1631095992279,3,66722,62336,200167,3.0,0,9,9,1,289,SUCCESS,200167,OPEN,Oabyz_M7Sp2E8ZNAXe5_uA
Baibhab7,1630993733485,3,66739,64279,200217,7.666666666666667,0,23,23,1,290,SUCCESS,200217,OPEN,-d4nSL3PRIumazTTxJ1DIg
manojk9111,1630681584053,3,66853,61608,200560,10.666666666666666,0,32,32,1,291,SUCCESS,200560,OPEN,nkEiWNFoSWSsIafuUh1qYg
Israel-1-Belle,1631292896452,3,66869,62740,200608,9.333333333333334,0,28,28,7,292,SUCCESS,200608,OPEN,IzcBKCIKQROlKZA-A7gcHw
StructuredArchitect#1574,1631096317961,3,66869,62658,200608,2.0,0,6,6,2,293,SUCCESS,200608,OPEN,WqoajIqRS566ck1RjKtiKQ
CyberneticClass#4479,1630506488955,3,67023,61793,201070,2.3333333333333335,0,7,7,1,294,SUCCESS,201070,OPEN,Giox3Sh8SNG6JxaJPpNmTA
AccessibleGame#4610,1630860183700,3,67033,57151,201101,2.0,0,6,6,3,295,SUCCESS,201101,OPEN,1yAgOWb_TMuMVxn-zAI9FA
StayAwayISay,1630867096398,3,67181,63937,201545,3.6666666666666665,0,11,11,1,296,SUCCESS,201545,OPEN,K6ZolKkeRf6KFKBpsY0f_w
hiii,1631070224341,3,67532,64456,202598,0.3333333333333333,0,1,1,1,297,SUCCESS,202598,OPEN,cKt4HkPwTbmDNAvvpM8FSw
DeepFlyer,1630988221079,3,67586,60815,202759,11.333333333333334,0,34,34,4,298,SUCCESS,202759,OPEN,9b2bdcba6ff847b29f863Q
FormulaicNamespace#9846,1630487564447,3,67660,60851,202981,7.0,0,21,21,3,299,SUCCESS,202981,OPEN,CGU9YhUbQau2bU5AA2AmQw
Julia26RSC,1631161617506,3,67730,65212,203190,3.6666666666666665,0,11,11,1,300,SUCCESS,203190,OPEN,2zIziwuET4OdxBKm3ad58Q
SequentialBottleneck#9732,1630944425039,3,68049,67601,204148,0.0,0,0,0,2,301,SUCCESS,204148,OPEN,MFzt_NwfRiin-GgO2O5Iww
ParametricSystem#4541,1630569863726,3,68097,66329,204292,3.6666666666666665,0,11,11,1,302,SUCCESS,204292,OPEN,M4FPsN3WSNyPHGGkmEP7_g
SG400,1631052144483,3,68184,67738,204554,3.0,0,9,9,1,303,SUCCESS,204554,OPEN,6zz6z_kaQ1mL-iTcpz_f8A
LeetLambda#4979,1630490955810,3,68285,64076,204856,3.3333333333333335,0,10,10,2,304,SUCCESS,204856,OPEN,NTBneX19R3OCXlAvuiKExQ
PrimeEngineer#3655,1630985339816,3,68452,67333,205356,0.0,0,0,0,1,305,SUCCESS,205356,OPEN,_FcSYdnGTNCPlBXxPyVxJw
Bailey26Rsc,1631249176896,3,68548,66448,205646,1.6666666666666667,0,5,5,1,306,SUCCESS,205646,OPEN,7zwuNa11Tj26Rjk51drptg
alokkr016,1630780955843,3,68775,63673,206327,1.0,0,3,3,1,307,SUCCESS,206327,OPEN,F6KYhRBBRGq4DNF_tw0I_Q
PrototypeBottleneck#1187,1630486628707,3,68804,65214,206414,3.0,0,9,9,2,308,SUCCESS,206414,OPEN,CYUTVLh3SD6vvKCHQzFFQQ
FunctionalArray#7546,1630994930591,3,68852,67483,206557,2.3333333333333335,0,7,7,2,309,SUCCESS,206557,OPEN,7K9IgAe4QdCHl6htarVQXQ
ArtificialUpgrade#6036,1630891768658,3,69317,65818,207951,2.6666666666666665,0,8,8,5,310,SUCCESS,207951,OPEN,79nXMQv9S360Wg_sJgG58A
DouglasWayne,1630928542367,3,69317,68354,207952,2.0,0,6,6,2,311,SUCCESS,207952,OPEN,SlOKHULBRL-OsV0SWoB5Ng
FlyingFei,1630917453168,3,69437,62066,208311,9.0,0,27,27,2,312,SUCCESS,208311,OPEN,1MPGpd8IQr2WoiFRkydUDg
CompleteToken#6243,1631234319185,3,69467,68320,208403,3.3333333333333335,0,10,10,2,313,SUCCESS,208403,OPEN,damiFjVjQwWS4C_TfG4oaA
MK-M,1631251977785,3,69605,58397,208816,13.0,0,39,39,6,314,SUCCESS,208816,OPEN,wUXwDfK7Qfy1EUC7z9-WGg
new1234,1631246195713,3,69666,60328,208998,10.666666666666666,0,32,32,3,315,SUCCESS,208998,OPEN,tWcXCQFVRtm3KpKupfetCw
Reward,1631071998683,3,69939,68416,209817,0.0,0,0,0,1,316,SUCCESS,209817,OPEN,VWWzPviuSQiaQr-wzbcUTA
TrashyCrashy,1630518693921,3,69955,68124,209866,4.666666666666667,0,14,14,1,317,SUCCESS,209866,OPEN,8fjmirDvSl-y3_vGN97Tlw
RecursiveAttention#2300,1630664991846,3,70024,67530,210074,2.6666666666666665,0,8,8,2,318,SUCCESS,210074,OPEN,wtIj2tomTCOhqjrqRcE6JA
Sangila,1631036172371,3,70057,65073,210171,2.0,0,6,6,1,319,SUCCESS,210171,OPEN,lrpfGIGASJa9qqDWm71MYw
ComplicatedAbstraction#1588,1631120781446,3,70182,66666,210546,5.0,0,15,15,2,320,SUCCESS,210546,OPEN,0WxAJhmfSCihLlqEjrSofg
AgileDataset#6065,1630795548072,3,70201,61065,210604,4.333333333333333,0,13,13,1,321,SUCCESS,210604,OPEN,88CLWVL0Rx-mVkHZjnpQTQ
prothamRacer,1630648391557,3,70597,68187,211792,3.6666666666666665,0,11,11,1,322,SUCCESS,211792,OPEN,lPV74FpDTRKGa8J7PLfMnQ
HigherLine#7878,1631254705394,3,70808,67083,212424,1.6666666666666667,0,5,5,6,323,SUCCESS,212424,OPEN,Uqk_pCfiSsiTJTAmSB8Qug
FocusedFunction#3476,1631005185475,3,70998,68996,212995,4.666666666666667,0,14,14,1,324,SUCCESS,212995,OPEN,wDHwQRVpQBKtlcaD71VUrg
Jackson26RSC,1630647703932,3,71068,69800,213206,4.333333333333333,0,13,13,2,325,SUCCESS,213206,OPEN,huziE6GuS0aPVPT_uaSxUQ
TestableGrid#4925,1630696461667,3,71150,68468,213451,2.6666666666666665,0,8,8,1,326,SUCCESS,213451,OPEN,gTK8X8-oTZuHfkPo5OBV9g
ReferenceTech#9903,1631024717163,3,71250,70201,213751,2.3333333333333335,0,7,7,1,327,SUCCESS,213751,OPEN,c2_hcuqFQkykDnfyMb7xtg
etonV42,1630678989182,3,71258,67263,213776,6.0,0,18,18,1,328,SUCCESS,213776,OPEN,6la2XXX-RoydN-fnE31jnw
HigherOrder#5230,1630646299257,3,71285,69804,213855,5.666666666666667,0,17,17,2,329,SUCCESS,213855,OPEN,Guk-zjT5TgaYdEjRkhSDfA
ProvisionalBrackets#0274,1630928342648,3,71293,68129,213879,12.0,0,36,36,1,330,SUCCESS,213879,OPEN,gxhgzkr9QKqAd_ofwNYUZg
HashableDelta#2478,1630931144390,3,71318,64947,213955,10.666666666666666,0,32,32,4,331,SUCCESS,213955,OPEN,8prC2Go9T02XjIS0AR6qCQ
IterativeSpec#3911,1630462341791,3,71374,67184,214123,3.3333333333333335,0,10,10,1,332,SUCCESS,214123,OPEN,oj5YtvUuRby9EfVTaaC2fw
spartan,1631037185042,3,71880,70853,215642,0.0,0,0,0,2,333,SUCCESS,215642,OPEN,6Wy_Yi6FSPaC5IRH0jMSIA
AutomatedGrid#9962,1631188409084,3,72199,70339,216599,4.666666666666667,0,14,14,2,334,SUCCESS,216599,OPEN,qeu4yzhnQKGOCX9kbBqcNw
NeuralSystem#1391,1631235514141,3,72286,63400,216860,3.3333333333333335,0,10,10,1,335,SUCCESS,216860,OPEN,QJ_K7AVuS4mzv4ZM_EAl1w
jaeyeon,1630851817879,3,72564,70532,217692,6.333333333333333,0,19,19,1,336,SUCCESS,217692,OPEN,kPpD9oMXStWYQRaIFdrhiw
Rhylee23RSC,1631161600670,3,72595,70125,217785,4.666666666666667,0,14,14,1,337,SUCCESS,217785,OPEN,ltbp-EiPTeiMKSiHVhyyXQ
ImportantPointer#2155,1630947805001,3,72629,66336,217887,3.3333333333333335,0,10,10,1,338,SUCCESS,217887,OPEN,lT9VsB-4RnWOkuex1zRgcA
TechnicalGrid#0065,1630551417378,3,72693,69600,218079,4.666666666666667,0,14,14,2,339,SUCCESS,218079,OPEN,bFFOKaSlSeirBBn9bk7xNQ
ParametricMetaclass#6858,1631057821977,3,72824,64800,218473,6.0,0,18,18,1,340,SUCCESS,218473,OPEN,5Gg3K6pCRhaCpoguG9o-2A
FormulaicPoint#0626,1630809367940,3,72887,68934,218663,5.0,0,15,15,1,341,SUCCESS,218663,OPEN,1dp-FfwFSPOMA3Mc9zm2NA
Interactive486#8013,1631120024145,3,72955,72677,218865,5.0,0,15,15,1,342,SUCCESS,218865,OPEN,fWkvv5cpScW6EV2ujZjrHw
QualifiedShell#5173,1630512938048,3,73054,71739,219164,5.0,0,15,15,1,343,SUCCESS,219164,OPEN,N6Is_dH1R12Nm1G5142aOA
callum11rsc,1630752295730,3,73073,68527,219221,3.3333333333333335,0,10,10,1,344,SUCCESS,219221,OPEN,3PqsVGPDQ_S-k1HQHPATmw
Bmth-2-LightnngMQ,1630580054235,3,73110,66921,219332,1.6666666666666667,0,5,5,5,345,SUCCESS,219332,OPEN,A4724nyYRPSlfEM4-dPp9Q
Jb-the-destroyer,1631287050892,3,73150,70263,219452,14.666666666666666,0,44,44,1,346,SUCCESS,219452,OPEN,LFZM0gA8Tbut5Uf2l4aDHA
BooleanDigit#3240,1630863777880,3,73366,72945,220100,4.0,0,12,12,1,347,SUCCESS,220100,OPEN,hPDI8PFPRmC6ZC9Z2SV4mA
SquareFix#9453,1631092974313,3,73757,70118,221271,2.0,0,6,6,1,348,SUCCESS,221271,OPEN,rr71mgNPRAe2U_0lfm7Qsw
CompleteAnalyst#2563,1630671287898,3,74006,72883,222020,5.0,0,15,15,3,349,SUCCESS,222020,OPEN,VX7PiywZTmqT_qS2SpQYsw
ComplicatedGrid#1866,1630985667798,3,74450,71327,223351,4.666666666666667,0,14,14,4,350,SUCCESS,223351,OPEN,ZAEZSAGoTC-UbGREm06CcQ
NumericDescriptor#1708,1630464161253,3,74490,65864,223472,3.0,0,9,9,1,351,SUCCESS,223472,OPEN,YWrLSo6KQEGp5M1DRbkPFw
OC-Racer-Berlin,1630576484633,3,74577,72209,223733,5.666666666666667,0,17,17,1,352,SUCCESS,223733,OPEN,HPDQM-P6RMecIC70R_RUBQ
WebCharacter#5176,1631010878185,3,74958,70948,224876,6.333333333333333,0,19,19,1,353,SUCCESS,224876,OPEN,y8rRI8-BTAm1_DU4cnUZtg
CreativeMetaclass#8495,1630589304241,3,75110,68145,225332,3.6666666666666665,0,11,11,2,354,SUCCESS,225332,OPEN,QXTj2ZKWSDK4huMA8xqCYA
PrimeArray#3750,1630636413670,3,75462,71717,226387,4.0,0,12,12,1,355,SUCCESS,226387,OPEN,80cLQm9sS9Wg_FaYy9HQfg
froggster901,1631231128654,3,75620,74136,226860,4.333333333333333,0,13,13,2,356,SUCCESS,226860,OPEN,0d0a41926d3d4200ac4bew
ProvisionalArgument#4435,1631218069718,3,75665,68073,226995,1.6666666666666667,0,5,5,2,357,SUCCESS,226995,OPEN,bq3omtDKSte1guWIkiYLCg
Tampa-1-RB,1631190167204,3,76111,69607,228333,2.0,0,6,6,4,358,SUCCESS,228333,OPEN,x3z_O9BuRgaKhrOyrLX6SQ
UnboundBraces#5578,1631030619352,3,76589,75268,229769,4.333333333333333,0,13,13,1,359,SUCCESS,229769,OPEN,Hi5wyrZzQLyDKMvuC10MKw
RocketAnalyst#5986,1631200632370,3,76655,71396,229967,4.333333333333333,0,13,13,1,360,SUCCESS,229967,OPEN,oU1NaKthTRqLnpB9cfNumA
FocusedFormula#6070,1631172926656,3,77025,72660,231075,11.0,0,33,33,7,361,SUCCESS,231075,OPEN,l5aPAJQeQiuuOyrkUrCxow
FungibleDescriptor#6582,1631256103980,3,77106,73531,231320,4.0,0,12,12,2,362,SUCCESS,231320,OPEN,KsEn6_9uTfe58AgfE24FIg
AdjustedDart19,1631287269752,3,77159,77067,231479,6.0,0,18,18,1,363,SUCCESS,231479,OPEN,flMGI2U4RKKKB86gmRNbZg
MobileBottleneck#3724,1631095028463,3,77236,63797,231708,9.0,0,27,27,2,364,SUCCESS,231708,OPEN,s9XVWjPbQC6V5Ev1CzidXQ
CrypticNumber#5365,1631284979498,3,77595,73874,232786,6.0,0,18,18,2,365,SUCCESS,232786,OPEN,v5-8PjBxRuGMX8qu7x6t5A
ContinuousGlyph#4063,1630892787422,3,78784,77535,236352,16.333333333333332,0,49,49,8,366,SUCCESS,236352,OPEN,-LM9k73iQzyXYMXoxD3G6A
bigpurrr,1630603491060,3,78822,77457,236468,16.333333333333332,0,49,49,2,367,SUCCESS,236468,OPEN,VVCqeiQUTX66uiE0Fj5uYg
TechnicalBreaker#7891,1630509991663,3,79280,72236,237840,8.0,0,24,24,1,368,SUCCESS,237840,OPEN,JI6HQkcNSp-8zJRoFLb5Ow
UniKitty,1630486906932,3,79427,73937,238282,1.0,0,3,3,1,369,SUCCESS,238282,OPEN,RV1ZogZ2R8ikaFwrSDg9bQ
sugonoda,1630913458702,3,79599,76980,238799,1.0,0,3,3,1,370,SUCCESS,238799,OPEN,qFJQIOKBQ4Ss1vbPHc9C_A
Suharu,1631205100724,3,79647,69522,238941,13.666666666666666,0,41,41,1,371,SUCCESS,238941,OPEN,dAlw7qnqTd2LNB4hVJF57w
StructuredTag#1030,1631184960980,3,80128,74390,240384,7.666666666666667,0,23,23,3,372,SUCCESS,240384,OPEN,ucSHi4a2QsChDTBmuFZlNQ
PrimeCircuit#0198,1631131401881,3,81024,74397,243072,7.0,0,21,21,2,373,SUCCESS,243072,OPEN,gKdNOLViR62iUoITD6lYXg
SolvablePatch#2144,1630749112867,3,81202,75134,243608,7.666666666666667,0,23,23,1,374,SUCCESS,243608,OPEN,gDxgVFmoTD6-68l1fzRsLQ
BooleanDigit#9098,1630714776445,3,81691,80907,245074,8.0,0,24,24,1,375,SUCCESS,245074,OPEN,rugnATfwQDKjypbkWWZxrw
ProvisionalMetaclass#0838,1630703174936,3,81696,75783,245088,8.666666666666666,0,26,26,1,376,SUCCESS,245088,OPEN,ACPR6FtbRG2SzN4j90gdnA
WebSandbox#3402,1631020154623,3,81712,80563,245137,17.333333333333332,0,52,52,3,377,SUCCESS,245137,OPEN,c0p__CqNQfGV959bUJXzHg
BigBreaker#0577,1631099377575,3,82855,78299,248567,7.666666666666667,0,23,23,2,378,SUCCESS,248567,OPEN,gkyyYsqaTcyWWKcX_qE1Pg
Daniel9RSC,1631160621355,3,83888,79809,251664,8.0,0,24,24,1,379,SUCCESS,251664,OPEN,GIeKlV6pTRu2iuJ8ojBuIA
GammaNumber#6454,1631133879962,3,84722,78409,254167,9.0,0,27,27,1,380,SUCCESS,254167,OPEN,ZdvRjTkJRVGmuRPmLiCtcg
BrainyMethod#7371,1631125224156,3,86144,82880,258434,19.0,0,57,57,1,381,SUCCESS,258434,OPEN,3SNDUeHrQQ-8GX5TUyN8WQ
SequentialNotation#8814,1630596879640,3,86239,83521,258718,7.666666666666667,0,23,23,2,382,SUCCESS,258718,OPEN,1mNejFakSEejk1ktURKSJw
UnboundServer#2380,1631094445118,3,86257,85945,258773,8.0,0,24,24,1,383,SUCCESS,258773,OPEN,jjwUs_W-SReK1QsEQ-BlbQ
omgjenfd,1631220220253,3,86952,84873,260857,4.666666666666667,0,14,14,1,384,SUCCESS,260857,OPEN,YUwak4ljRuSVLczGPBpL2A
HeisenbergPian,1630641762660,3,88621,80928,265864,5.333333333333333,0,16,16,2,385,SUCCESS,265864,OPEN,kxRtJhmkSDSnByqgj3qaKA
MintSilverTea,1630516786566,3,89892,87600,269678,18.666666666666668,0,56,56,2,386,SUCCESS,269678,OPEN,mJRu22JLTqGIa6JQ8fTsQQ
MobileTag#1120,1630975643373,3,90246,81403,270740,7.0,0,21,21,2,387,SUCCESS,270740,OPEN,0GoOKleUQjm3TNyPnPzivQ
masoudmghd,1631046017182,3,90284,87671,270852,11.0,0,33,33,1,388,SUCCESS,270852,OPEN,5_vgrGJNR8m4mgmQsfJhCg
Zane2006RowvilleRSC,1631160042985,3,93045,87531,279136,10.333333333333334,0,31,31,2,389,SUCCESS,279136,OPEN,V8BDVnU1TA67MzUQuzD7Ew
Sainaa30RSC,1630645091026,3,94480,90871,283440,11.0,0,33,33,1,390,SUCCESS,283440,OPEN,JLh15qd3SlqUjpvb1uriug
RecursiveTech#8316,1630599446537,3,94851,84803,284553,12.0,0,36,36,1,391,SUCCESS,284553,OPEN,vV03pwY2SZ6_GN2qqcVLYw
Nadaska,1630931168984,3,95028,90080,285084,21.666666666666668,0,65,65,1,392,SUCCESS,285084,OPEN,80SZA-bpQF-n--7LePYyMA
VikTesla-DBS,1630757755716,3,95696,84476,287088,8.0,0,24,24,1,393,SUCCESS,287088,OPEN,ECH01xisRCumJhmPeLQZbQ
TestableAttention#1267,1630479594412,3,96497,96403,289493,11.0,0,33,33,2,394,SUCCESS,289493,OPEN,8sS8H7fCRUablGbisFmiuw
JPMC-HYD-CircuitBreakers,1630564749656,3,98096,95475,294290,17.666666666666668,0,53,53,4,395,SUCCESS,294290,OPEN,vA_gK0vxTNWI-MTWEWLAxw
FuturisticArchitect#4409,1630924486465,3,98735,89931,296207,19.666666666666668,0,59,59,1,396,SUCCESS,296207,OPEN,8oyJEFrkSxOwlQVDnxxKGg
Cameron06RCS,1631277058887,3,99354,91926,298064,1.3333333333333333,0,4,4,1,397,SUCCESS,298064,OPEN,dd1eZOmCTeSd6vRd2U0LPw
FungibleSchema#5842,1630672679385,3,100964,97348,302892,19.0,0,57,57,1,398,SUCCESS,302892,OPEN,fkfGYmiFQmysgledOTee-A
KennyGao,1631270160964,3,105733,101786,317200,14.0,0,42,42,1,399,SUCCESS,317200,OPEN,YUMDme8MTfuMLixgFuZVng
FocusedEvaluation#9611,1631289245079,3,107433,102544,322299,14.0,0,42,42,2,400,SUCCESS,322299,OPEN,srFcYrXGSYabys7Y4Sqw8Q
VirtualBreaker#4339,1630621126184,3,107899,103161,323698,18.0,0,54,54,2,401,SUCCESS,323698,OPEN,tHhGz-AAQ-WaeLYxQJx0Ug
CreativeCommand#4837,1631094448914,3,109325,108486,327976,15.0,0,45,45,1,402,SUCCESS,327976,OPEN,B4Hzo7JJRdWsGhCkcPfrCQ
CriticalNamespace#8805,1630568000306,3,109468,109341,328406,15.0,0,45,45,1,403,SUCCESS,328406,OPEN,-nW1B219QWy8kswQhRdZcQ
PassingDebugger#0037,1630723010014,3,112519,108821,337557,16.333333333333332,0,49,49,1,404,SUCCESS,337557,OPEN,1lIZSrdXQTOkiZQjUjc3YQ
PrimeResource#3392,1631185318332,3,113116,106404,339350,16.333333333333332,0,49,49,1,405,SUCCESS,339350,OPEN,A9_hDwS5Q12AdXX9virdfw
ASCIILine#0799,1631064957232,3,114918,113405,344755,25.333333333333332,0,76,76,1,406,SUCCESS,344755,OPEN,twf2S_3rQg2BsfQgbHSpaQ
NullNetwork#3933,1630654890043,3,116733,113011,350201,16.333333333333332,0,49,49,1,407,SUCCESS,350201,OPEN,cBZ0RaK8SYW0WUdIK74XnQ
JavaLoop#4263,1630562109468,3,116741,111681,350225,17.666666666666668,0,53,53,1,408,SUCCESS,350225,OPEN,oiMJiuqOTzOEZihqMi3tfA
LoopingPoint#8938,1631285565957,3,116822,112202,350468,17.333333333333332,0,52,52,1,409,SUCCESS,350468,OPEN,VM_mkAx7RAukDtd_jBfasA
SequentialModel#3022,1630931983120,3,117119,105481,351357,17.333333333333332,0,52,52,1,410,SUCCESS,351357,OPEN,3PTkajvXTNK766RFh_bLsA
PathingCoder#5531,1630595493043,3,117994,111819,353983,17.666666666666668,0,53,53,1,411,SUCCESS,353983,OPEN,8Iy03kYORemz4eszDezA2w
FiniteDiff#2378,1630495008241,3,119139,115658,357419,18.0,0,54,54,1,412,SUCCESS,357419,OPEN,VRqz02-LQW2YCP1dCy2lJw
FocusedSlice#5900,1630457493757,3,119236,103468,357710,15.333333333333334,0,46,46,1,413,SUCCESS,357710,OPEN,0Kxh1S8XQ36SyWv701Kmuw
MemoryScope#3476,1631208301661,3,119303,116074,357911,18.0,0,54,54,1,414,SUCCESS,357911,OPEN,raqG8X03Sy2hY-G76EC8dw
FuturisticOrder#0299,1631037379675,3,119659,116525,358979,18.333333333333332,0,55,55,1,415,SUCCESS,358979,OPEN,OLsa-W1YSQCye-sA3F_h3g
LG-DeepRacerOne,1630768878295,3,121220,116377,363662,20.666666666666668,0,62,62,3,416,SUCCESS,363662,OPEN,2M6n7u40StyydMXQP28N2A
HelpfulArithmetic#5813,1631234152478,3,122066,105410,366199,4.333333333333333,0,13,13,1,417,SUCCESS,366199,OPEN,R53avUv3QkazFAUA1YRWsQ
ProgrammingNamespace#5295,1630595425037,3,123384,114944,370152,19.333333333333332,0,58,58,1,418,SUCCESS,370152,OPEN,cE9OXGazTMqaaviIG56r2g
RecursiveServer#5885,1631231526538,3,123387,121610,370162,19.333333333333332,0,58,58,1,419,SUCCESS,370162,OPEN,FlsONabuQ_WcG2U0qcYKyw
FuturisticClass#4968,1631124004420,3,124434,123116,373302,19.666666666666668,0,59,59,1,420,SUCCESS,373302,OPEN,clV6Jb4ZRKeFr_ZQRvzqSA
AtomicTable#2856,1631008082460,3,124648,118641,373946,19.666666666666668,0,59,59,1,421,SUCCESS,373946,OPEN,Xl_GWLCSRpahWGuFhaeDXA
MariusTestingMultiMode,1630661365157,3,124797,121797,374392,19.666666666666668,0,59,59,1,422,SUCCESS,374392,OPEN,xiqbz5pdSYmjBnj-Qxhblg
AbstractPatch#1303,1631153106036,3,125004,116532,375013,20.0,0,60,60,1,423,SUCCESS,375013,OPEN,zJbCYqFQTBu6p1OKaycF8Q
CreativeFormula#4597,1630640357500,3,125162,119084,375486,19.666666666666668,0,59,59,1,424,SUCCESS,375486,OPEN,HSxsiHqcT0eAEERd03IKgQ
Stanford,1631203197729,3,130465,125264,391395,29.666666666666668,0,89,89,8,425,SUCCESS,391395,OPEN,_4LEI2LSTAONDOcXo4P6Ug
TestingTheory#3675,1630611604098,3,130708,124870,392125,20.0,0,60,60,3,426,SUCCESS,392125,OPEN,hlsfB_lwQ_yQV6maB-5t1g
ceasar,1630519734934,3,139356,136264,418069,27.0,0,81,81,1,427,SUCCESS,418069,OPEN,j67JAfXPQ7uAkK6guuhB-A
foo,1631196308784,3,157994,149803,473983,6.0,0,18,18,1,428,SUCCESS,473983,OPEN,a263a2b0ce234481adc6cw
ProgrammingParameter#1773,1631110105866,3,167471,164934,502413,36.0,0,108,108,1,429,SUCCESS,502413,OPEN,DbWYt5q0RjuZj0vGIpd_9Q
JavaPresentation#7151,1630634632451,3,172779,148558,518337,35.0,0,105,105,2,430,SUCCESS,518337,OPEN,WTufh2sURzSPpAK4xcj2eA
MariusRace1,1630592480463,3,174913,171654,524739,35.333333333333336,0,106,106,1,431,SUCCESS,524739,OPEN,UAJR4HLxTDOeXZCf-wBlfQ
imodel,1630607734630,3,198144,193684,594432,49.333333333333336,0,148,148,1,432,SUCCESS,594432,OPEN,EnrTK3x5Qca6EuN4utUVUA
BetaValue#7968,1631027607128,3,210371,202617,631114,39.333333333333336,0,118,118,1,433,SUCCESS,631114,OPEN,GSYaoUMoQXG8_Lut96fp0w
